0
0
0
0
0
0
0
0
0
0
0
0
0
0
0
0
0
0
0
0
0
0
0
0
0
0
0
0
0
0
0
0
0
0
0
0
0
0
0
-2.0909e-26
2.41983e-24
-1.30691e-22
4.35622e-21
-9.97278e-20
1.6472e-18
-1.9975e-17
1.75708e-16
-1.05042e-15
3.24088e-15
7.10965e-15
-1.29115e-13
5.22995e-13
3.29342e-13
-1.12445e-11
3.17185e-11
8.80231e-11
-6.68276e-10
1.59218e-10
7.90018e-09
-1.21803e-08
-6.95804e-08
1.70191e-07
5.29097e-07
-1.56218e-06
-3.87591e-06
1.07144e-05
2.81841e-05
-5.32403e-05
-0.000189236
0.000142689
0.0010354
0.000369615
-0.00387576
-0.00608081
0.00565798
0.0277208
0.0251453
-0.035362
-0.123547
-0.14102
-0.00580244
0.263743
0.563868
0.795236
0.925652
0.979863
0.996168
0.999542
0.999974
1
1
1
1
1
1
1
1
1
1
1
1
1
1
1
1
1
1
1
1
1
1
1
1
1
1
1
1
1
1
1
1
1
1
1
1
1
1
1
1
1
1
1
1
1
1
1
1
1
1
1
1
1
1
1
1
1
1
1
1
1
1
1
1
1
1
1
1
1
1
1
1
1
1
1
1
1
1
1
1
1
1
1
1
1
1
1
1
1
1
1
1
1
1
1
1
1
1
1
1
1
0.999999
1
1
0.999989
0.999972
1.00005
1.00019
0.999857
0.998965
0.99963
1.00388
1.00608
0.994342
0.972279
0.974855
1.03536
1.12355
1.14102
1.0058
0.736257
0.436132
0.204764
0.0743484
0.0201367
0.00383214
0.000457509
2.5802e-05
0
0
0
0
0
0
0
0
0
0
0
0
0
0
0
0
0
0
0
0
0
0
0
0
0
0
0
0
0
0
0
0
0
0
0
0
0
0
0
