1
1
1
1
1
1
1
1
1
1
1
1
1
1
1
1
1
1
1
1
1
1
1
1
1
1
1
1
1
1
1
1
1
1
1
1
1
1
1
1
1
1
1
1
1
1
1
1
1
1
1
1
1
1
1
1
1
1
1
1
1
1
1
1
1
1
1
1
1
1
1
1
1
1
1
1
1
1
1
1
1
1
1
1
1
1
1
1
1
1
1
1
1
1
1
1
1
1
1
1
1
1
1
1
1
1
1
1
1
1
1
1
1
1
1
1
1
1
1
1
1
1
1
1
1
1
1
1
1
1
1
1
1
1
1
1
1
1
1
1
1
1
1
1
1
1
1
1
1
1
1
1
1
1
1
1
1
1
1
1
1
1
1
1
1
1
1
1
1
1
1
1
1
1
1
1
1
1
1
1
1
1
1
1
1
0.999999
0.999998
0.999998
1
1.00001
1.00001
1
0.999989
0.999972
0.999969
1
1.00007
1.00013
1.0001
0.999946
0.999689
0.999506
0.999646
1.00025
1.00116
1.00178
1.00136
0.999457
0.996543
0.994166
0.994461
0.998935
1.0071
1.01579
1.01991
1.01456
0.997993
0.97362
0.950117
0.938884
0.949703
0.986265
1.0435
1.10793
1.16109
1.1847
1.16575
1.0998
0.991575
0.85301
0.699738
0.547319
0.408278
0.290546
0.197313
0.127909
0.0791657
0.0467863
0.0264032
0.0142272
0.00731858
0.00359303
0.00168288
0.000751609
0.0003199
0.000129661
5.00057e-05
1.83326e-05
6.38186e-06
2.10694e-06
6.5877e-07
1.94763e-07
5.43503e-08
1.42876e-08
3.53026e-09
8.17806e-10
1.77113e-10
3.57439e-11
6.69727e-12
1.16009e-12
1.84864e-13
2.6945e-14
3.56798e-15
4.2575e-16
4.53294e-17
4.25376e-18
3.46384e-19
2.39796e-20
1.37231e-21
6.23329e-23
2.10699e-24
4.71184e-26
5.22892e-28
-6.05208e-66
3.01692e-65
8.78882e-65
-1.66516e-64
-9.62018e-64
3.49164e-64
8.75366e-63
7.13576e-63
-6.67987e-62
-1.39064e-61
4.03005e-61
1.64878e-60
-1.42126e-60
-1.54359e-59
-6.71555e-60
1.19059e-58
1.98903e-58
-7.27648e-58
-2.49688e-57
2.79488e-57
2.34039e-56
6.69991e-57
-1.76607e-55
-2.72686e-55
1.03755e-54
3.41979e-54
-3.68786e-54
-3.0891e-53
-1.1196e-53
2.19668e-52
3.66005e-52
-1.17228e-51
-4.23714e-51
3.16478e-51
3.52458e-50
2.29982e-50
-2.255e-49
-4.6303e-49
1.00305e-48
4.62896e-48
-9.26645e-49
-3.37872e-47
-3.89e-47
1.8215e-46
5.14783e-46
-5.49768e-46
-4.2556e-45
-2.09837e-45
2.57384e-44
4.94654e-44
-1.02508e-43
-4.68409e-43
1.99195e-44
3.07729e-42
4.18262e-42
-1.38932e-41
-4.62956e-41
2.25809e-41
3.23696e-40
3.19839e-40
-1.55494e-39
-4.20451e-39
3.48815e-39
3.06475e-38
2.32652e-38
-1.50397e-37
-3.57995e-37
3.6839e-37
2.64791e-36
1.73994e-36
-1.28101e-35
-2.89888e-35
3.03398e-35
2.10026e-34
1.4225e-34
-9.64739e-34
-2.24111e-33
1.95784e-33
1.52607e-32
1.24524e-32
-6.36601e-32
-1.63919e-31
8.90282e-32
1.00444e-30
1.07587e-30
-3.58327e-30
-1.11117e-29
1.20243e-30
5.85827e-29
8.52108e-29
-1.61407e-28
-6.78191e-28
-2.66141e-28
2.91452e-27
5.90243e-27
-4.76118e-27
-3.59178e-26
-3.44927e-26
1.14843e-25
3.45717e-25
1.99343e-26
-1.56538e-24
-2.6163e-24
2.88873e-24
1.64878e-23
1.38672e-23
-5.06116e-23
-1.43743e-22
-1.42736e-23
5.994e-22
1.04767e-21
-8.26543e-22
-5.7951e-21
-6.14105e-21
1.38849e-20
4.84377e-20
2.41195e-20
-1.55919e-19
-3.58444e-19
1.83827e-20
1.44639e-18
2.37129e-18
-1.5976e-18
-1.18317e-17
-1.40342e-17
2.07796e-17
8.80588e-17
7.36914e-17
-1.97347e-16
-6.08017e-16
-3.35731e-16
1.59499e-15
3.95205e-15
1.25874e-15
-1.15568e-14
-2.44826e-14
-3.33111e-15
7.69199e-14
1.46111e-13
1.91889e-15
-4.76258e-13
-8.47243e-13
3.34498e-14
2.75886e-12
4.79729e-12
-7.1187e-14
-1.49541e-11
-2.65248e-11
-2.25985e-12
7.54111e-11
1.42399e-10
3.55598e-11
-3.49025e-10
-7.34039e-10
-3.40457e-10
1.4432e-09
3.57503e-09
2.56005e-09
-5.03183e-09
-1.61004e-08
-1.62011e-08
1.2469e-08
6.50473e-08
8.81837e-08
-1.70003e-09
-2.24133e-07
-4.12369e-07
-2.19645e-07
5.86751e-07
1.62143e-06
1.65421e-06
-6.70394e-07
-5.06467e-06
-8.02331e-06
-3.79998e-06
1.05608e-05
2.83213e-05
3.10463e-05
-1.12397e-06
-6.72801e-05
-0.000126268
-0.000104478
5.37261e-05
0.000310756
0.000493665
0.000353557
-0.000254965
-0.00115733
-0.00177802
-0.00135583
0.000542711
0.00345712
0.00583355
0.0055387
0.00106502
-0.00710016
-0.015795
-0.019907
-0.014565
0.00200669
0.0263801
0.0498832
0.0611159
0.0502969
0.0137347
-0.0434978
-0.107931
-0.161093
-0.1847
-0.165747
-0.0997987
0.00842477
0.14699
0.300262
0.452681
0.591722
0.709454
0.802687
0.872091
0.920834
0.953214
0.973597
0.985773
0.992681
0.996407
0.998317
0.999248
0.99968
0.99987
0.99995
0.999982
0.999994
0.999998
0.999999
1
1
1
1
1
