0.990198
0.969411
0.95849
0.97476
1.02474
1.09438
1.15065
1.15547
1.08432
0.938328
0.743043
0.535987
0.351081
0.208252
0.11154
0.0537565
0.023212
0.00893131
0.00304127
0.000908524
0.000235443
5.21605e-05
9.68689e-06
1.4675e-06
1.74245e-07
1.52139e-08
8.68913e-10
2.43621e-11
-3.79661e-137
-9.02572e-137
3.83328e-135
-1.93892e-134
-1.76458e-133
2.69724e-132
-3.76447e-132
-1.80591e-130
1.38389e-129
4.90468e-129
-1.27287e-127
3.75842e-127
6.68168e-126
-6.12173e-125
-1.22536e-124
4.60641e-123
-1.50495e-122
-2.1618e-121
1.94755e-120
4.13694e-120
-1.34457e-118
3.45481e-118
6.26049e-117
-4.55235e-116
-1.63806e-115
3.135e-114
-3.24589e-114
-1.53665e-112
7.30227e-112
5.26869e-111
-5.50749e-110
-7.50693e-110
2.93562e-108
-5.81636e-108
-1.20679e-106
6.38558e-106
3.63989e-105
-3.93608e-104
-5.11417e-104
1.86475e-102
-2.76704e-102
-7.21056e-101
2.98118e-100
2.24341e-99
-1.74915e-98
-4.9238e-98
8.02376e-97
1.52895e-97
-3.11221e-95
5.88369e-95
1.04212e-93
-4.20452e-93
-2.97887e-92
2.05264e-91
6.82712e-91
-8.32024e-90
-9.40851e-90
2.96649e-88
-1.545e-88
-9.52144e-87
1.90884e-86
2.77452e-85
-9.85997e-85
-7.32654e-84
3.97369e-83
1.72771e-82
-1.39565e-81
-3.49017e-81
4.45245e-80
5.27974e-80
-1.31697e-78
-1.82245e-79
3.65508e-77
-2.80324e-77
-9.59235e-76
1.53528e-75
2.39352e-74
-5.76324e-74
-5.70219e-73
1.83737e-72
1.30145e-71
-5.29751e-71
-2.85458e-70
1.42018e-69
6.03561e-69
-3.59377e-68
-1.23437e-67
8.66379e-67
2.45175e-66
-2.00215e-65
-4.75334e-65
4.45455e-64
9.05178e-64
-9.57165e-63
-1.70573e-62
1.99078e-61
3.20643e-61
-4.01406e-60
-6.05726e-60
7.85388e-59
1.15568e-58
-1.49176e-57
-2.22935e-57
2.75024e-56
4.33449e-56
-4.91826e-55
-8.43995e-55
8.52094e-54
1.63287e-53
-1.42753e-52
-3.1143e-52
2.30649e-51
5.81541e-51
-3.58093e-50
-1.05722e-49
5.31481e-49
1.86276e-48
-7.48482e-48
-3.16926e-47
9.88626e-47
5.19012e-46
-1.20051e-45
-8.1563e-45
1.28742e-44
1.22606e-43
-1.09575e-43
-1.75636e-42
4.13675e-43
2.38645e-41
1.01004e-41
-3.05586e-40
-3.41812e-40
3.65293e-39
6.9639e-39
-4.01429e-38
-1.1606e-37
3.94225e-37
1.70043e-36
-3.2449e-36
-2.24591e-35
1.79668e-35
2.69442e-34
3.93134e-35
-2.92693e-33
-3.12733e-33
2.83717e-32
6.01106e-32
-2.36771e-31
-8.50737e-31
1.54152e-30
1.00599e-29
-4.74747e-30
-1.02558e-28
-6.39649e-29
8.97509e-28
1.5785e-27
-6.46487e-27
-2.15289e-26
3.2943e-26
2.2678e-25
-1.9237e-26
-1.95272e-24
-2.17861e-24
1.34872e-23
3.42624e-23
-6.55907e-23
-3.52614e-22
6.29113e-23
2.77879e-21
3.12149e-21
-1.65295e-20
-4.46106e-20
5.92997e-20
3.95281e-19
1.24482e-19
-2.53549e-18
-4.34763e-18
1.07262e-17
4.34403e-17
-6.99322e-18
-2.83709e-16
-3.66763e-16
1.19278e-15
3.94719e-15
-1.16721e-15
-2.45459e-14
-3.03057e-14
9.08732e-14
3.04699e-13
-1.94535e-14
-1.63763e-12
-2.45651e-12
4.45707e-12
1.93039e-11
8.99558e-12
-7.81074e-11
-1.68563e-10
8.55384e-11
9.0124e-10
1.10779e-09
-2.06628e-09
-8.15135e-09
-5.11929e-09
2.44742e-08
6.20087e-08
1.09788e-08
-2.16912e-07
-4.16705e-07
6.14522e-08
1.58616e-06
2.58475e-06
-7.77702e-07
-9.91441e-06
-1.5289e-05
3.50378e-06
5.30852e-05
8.646e-05
4.85664e-06
-0.00023484
-0.000449219
-0.000212452
0.000764696
0.00197788
0.00188871
-0.00107567
-0.00639989
-0.00997318
-0.00560929
0.00980194
0.0305893
0.0415104
0.0252405
-0.0247391
-0.0943828
-0.150652
-0.155469
-0.0843218
0.0616724
0.256957
0.464013
0.648919
0.791748
0.88846
0.946243
0.976788
0.991069
0.996959
0.999091
0.999765
0.999948
0.99999
0.999999
1
1
1
1
1
1
1
1
1
1
1
1
1
1
1
1
1
1
1
1
1
1
1
1
1
1
1
1
1
1
1
1
1
1
1
1
1
1
1
1
1
1
1
1
1
1
1
1
1
1
1
1
1
1
1
1
1
1
1
1
1
1
1
1
1
1
1
1
1
1
1
1
1
1
1
1
1
1
1
1
1
1
1
1
1
1
1
1
1
1
1
1
1
1
1
1
1
1
1
1
1
1
1
1
1
1
1
1
1
1
1
1
1
1
1
1
1
1
1
1
1
1
1
1
1
1
1
1
1
1
1
1
1
1
1
1
1
1
1
1
1
1
1
1
1
1
1
1
1
1
1
1
1
1
1
1
1
1
1
1
1
1
1
1
1
1
1
1
1
1
1
1
1
1
1
1
1
1
1
1
1
1
1
1
1
1
1
1
1
1
1
1
1
1
1
1
1
1
1
1
1
1
1
1
1
1
1
1
1
1
1
1
1
0.999998
0.999997
1
1.00001
1.00002
0.999996
0.999947
0.999914
0.999995
1.00023
1.00045
1.00021
0.999235
0.998022
0.998111
1.00108
1.0064
1.00997
1.00561
