0.149245
0.0731716
0.0318478
0.0122246
0.00410324
0.00119123
0.000294832
6.10157e-05
1.02765e-05
1.35361e-06
1.30847e-07
8.25796e-09
2.55401e-10
-1.32778e-149
7.56842e-149
1.00903e-147
-2.92092e-146
2.96976e-145
5.13938e-146
-4.51897e-143
6.21239e-142
-1.9963e-141
-5.82914e-140
9.84181e-139
-4.36636e-138
-7.07621e-137
1.30825e-135
-5.84386e-135
-8.67445e-134
1.50953e-132
-5.39275e-132
-1.05915e-130
1.50548e-129
-2.81168e-129
-1.20353e-127
1.25484e-126
9.45286e-127
-1.18932e-124
8.11064e-124
4.17682e-123
-9.67011e-122
3.25028e-121
5.48875e-120
-6.06172e-119
-3.51157e-119
4.70307e-117
-2.52883e-116
-1.88322e-115
2.80891e-114
-2.42851e-114
-1.74466e-112
1.05288e-111
5.92712e-111
-9.47966e-110
8.13129e-110
5.3511e-108
-2.86152e-107
-1.87204e-106
2.41847e-105
5.94497e-106
-1.35224e-103
4.90083e-103
5.32266e-102
-4.49128e-101
-1.12701e-100
2.64293e-99
-3.2933e-99
-1.17379e-97
5.28046e-97
3.87382e-96
-3.58653e-95
-7.13684e-95
1.79684e-93
-1.78648e-93
-7.25979e-92
2.62508e-91
2.36776e-90
-1.64925e-89
-5.66981e-89
7.8341e-88
4.83381e-88
-3.11335e-86
4.62517e-86
1.0661e-84
-3.76607e-84
-3.13827e-83
1.9083e-82
7.62252e-82
-7.86698e-81
-1.29512e-80
2.83293e-79
-6.53909e-81
-9.17081e-78
1.32177e-77
2.70329e-76
-7.64642e-76
-7.28472e-75
3.18294e-74
1.78784e-73
-1.12871e-72
-3.93719e-72
3.60209e-71
7.48281e-71
-1.06143e-69
-1.08875e-69
2.93056e-68
5.22174e-69
-7.65377e-67
4.15733e-67
1.904e-65
-2.24811e-65
-4.53628e-64
7.97428e-64
1.03989e-62
-2.37743e-62
-2.30327e-61
6.37715e-61
4.94844e-60
-1.58425e-59
-1.03506e-58
3.70031e-58
2.11514e-57
-8.19715e-57
-4.2359e-56
1.7314e-55
8.33469e-55
-3.49793e-54
-1.61414e-53
6.77012e-53
3.07927e-52
-1.25571e-51
-5.7849e-51
2.22992e-50
1.06887e-49
-3.78264e-49
-1.93817e-48
6.10417e-48
3.4392e-47
-9.30785e-47
-5.95236e-46
1.32602e-45
1.00122e-44
-1.72924e-44
-1.63054e-43
1.97803e-43
2.56066e-42
-1.76283e-42
-3.86095e-41
5.78837e-42
5.56157e-40
2.29339e-40
-7.60724e-39
-7.74107e-39
9.80182e-38
1.66647e-37
-1.17597e-36
-2.96894e-36
1.28907e-35
4.67587e-35
-1.24517e-34
-6.66977e-34
9.69074e-34
8.69132e-33
-4.08486e-33
-1.03448e-31
-4.37409e-32
1.1158e-30
1.49391e-30
-1.06992e-29
-2.60403e-29
8.73093e-29
3.54965e-28
-5.34852e-28
-4.10304e-27
1.04123e-27
4.09748e-26
3.37747e-26
-3.49281e-25
-6.97591e-25
2.40683e-24
8.99084e-24
-1.09215e-23
-9.08677e-23
-1.40017e-23
7.47425e-22
1.02235e-21
-4.82457e-21
-1.41777e-20
2.0104e-20
1.35237e-19
2.14132e-20
-9.82505e-19
-1.45174e-18
5.15511e-18
1.72309e-17
-1.24573e-17
-1.34977e-16
-1.03715e-16
7.44825e-16
1.72607e-15
-2.267e-15
-1.40378e-14
-6.56387e-15
7.4654e-14
1.4933e-13
-2.07939e-13
-1.15943e-12
-6.09065e-13
5.37516e-12
1.15599e-11
-1.00569e-11
-7.49444e-11
-6.83089e-11
2.58502e-10
7.43536e-10
-9.12074e-12
-3.4298e-09
-5.59827e-09
5.78599e-09
3.36673e-08
3.22994e-08
-8.31649e-08
-2.70677e-07
-1.39822e-07
7.88178e-07
1.8881e-06
4.53124e-07
-5.85229e-06
-1.1924e-05
-1.72524e-06
3.56372e-05
6.98164e-05
1.74838e-05
-0.000176244
-0.000375015
-0.000199414
0.000650045
0.00174571
0.0016327
-0.00121906
-0.0062387
-0.00918447
-0.00384971
0.0123024
0.0321702
0.0389596
0.0154721
-0.0414431
-0.111683
-0.156713
-0.137623
-0.03556
0.138453
0.34973
0.556851
0.728343
0.850755
0.926828
0.968152
0.987775
0.995897
0.998809
0.999705
0.999939
0.99999
0.999999
1
1
1
1
1
1
1
1
1
1
1
1
1
1
1
1
1
1
1
1
1
1
1
1
1
1
1
1
1
1
1
1
1
1
1
1
1
1
1
1
1
1
1
1
1
1
1
1
1
1
1
1
1
1
1
1
1
1
1
1
1
1
1
1
1
1
1
1
1
1
1
1
1
1
1
1
1
1
1
1
1
1
1
1
1
1
1
1
1
1
1
1
1
1
1
1
1
1
1
1
1
1
1
1
1
1
1
1
1
1
1
1
1
1
1
1
1
1
1
1
1
1
1
1
1
1
1
1
1
1
1
1
1
1
1
1
1
1
1
1
1
1
1
1
1
1
1
1
1
1
1
1
1
1
1
1
1
1
1
1
1
1
1
1
1
1
1
1
1
1
1
1
1
1
1
1
1
1
1
1
1
1
1
1
1
1
1
1
1
1
1
1
1
1
1
1
1
1
1
1
1
1
1
1
1
1
1
1
1
1
1
1
1
1
0.999999
0.999998
1
1.00001
1.00001
1
0.999964
0.99993
0.999983
1.00018
1.00038
1.0002
0.99935
0.998254
0.998367
1.00122
1.00624
1.00918
1.00385
0.987698
0.96783
0.96104
0.984528
1.04144
1.11168
1.15671
1.13762
1.03556
0.861547
0.65027
0.443149
0.271657
