1
1
1
1
1
1
1
1
1
1
1
1
1
1
1
1
1
1
1
1
1
1
1
0.999999
0.999995
0.999994
1
1.00002
1.00002
0.999999
0.999946
0.999914
0.99997
1.00013
1.00028
1.00022
0.999812
0.999255
0.999068
0.999781
1.00135
1.0028
1.00255
0.999614
0.994846
0.991289
0.992757
1.00112
1.0139
1.02415
1.02341
1.00678
0.977166
0.946075
0.929712
0.941839
0.986739
1.05572
1.12895
1.1817
1.19248
1.14948
1.05337
0.915803
0.755006
0.590423
0.438266
0.30905
0.207201
0.132177
0.0802789
0.046448
0.0256116
0.0134631
0.00674808
0.00322536
0.00147005
0.000638838
0.00026464
0.000104469
3.92829e-05
1.40629e-05
4.78987e-06
1.55107e-06
4.77118e-07
1.39278e-07
3.85404e-08
1.00969e-08
2.50082e-09
5.84675e-10
1.28799e-10
2.66819e-11
5.18622e-12
9.43457e-13
1.60174e-13
2.52961e-14
3.70258e-15
5.00152e-16
6.20211e-17
6.99353e-18
8.05634e-19
2.93369e-19
-1.89447e-19
-1.18739e-18
-1.54461e-19
5.10035e-18
5.2513e-18
-1.71481e-17
-3.83233e-17
3.5667e-17
1.93584e-16
4.40844e-17
-7.40374e-16
-9.29255e-16
1.96786e-15
5.69534e-15
-1.52459e-15
-2.33567e-14
-1.98942e-14
6.46957e-14
1.46083e-13
-6.74443e-14
-6.01352e-13
-4.68033e-13
1.5428e-12
3.47267e-12
-1.01536e-12
-1.29237e-11
-1.27762e-11
2.61787e-11
7.47624e-11
1.30951e-11
-2.18338e-10
-3.29062e-10
2.30508e-10
1.30684e-09
1.09189e-09
-2.34857e-09
-6.43787e-09
-2.29639e-09
1.4962e-08
2.77992e-08
-1.07407e-09
-7.70298e-08
-1.10277e-07
3.99313e-08
3.46727e-07
4.20204e-07
-2.38425e-07
-1.41338e-06
-1.59794e-06
9.3507e-07
5.28326e-06
6.16015e-06
-2.42417e-06
-1.79639e-05
-2.36273e-05
1.27604e-06
5.36687e-05
8.6071e-05
2.98537e-05
-0.00012928
-0.000279792
-0.000215098
0.000187671
0.000744775
0.000932415
0.000219268
-0.00135257
-0.00279919
-0.00255235
0.000386196
0.00515402
0.00871114
0.00724347
-0.00111932
-0.0139024
-0.0241488
-0.0234139
-0.0067817
0.0228338
0.0539246
0.0702877
0.0581609
0.0132614
-0.0557243
-0.128946
-0.181699
-0.192476
-0.149482
-0.0533719
0.0841966
0.244994
0.409577
0.561734
0.69095
0.792799
0.867823
0.919721
0.953552
0.974388
0.986537
0.993252
0.996775
0.99853
0.999361
0.999735
0.999896
0.999961
0.999986
0.999995
0.999998
1
1
1
1
1
1
1
1
1
1
1
1
1
1
1
1
1
1
1
1
1
1
1
1
1
1
1
1
1
1
1
1
1
1
1
1
1
1
1
1
1
1
1
1
