0.999957
0.999972
1.00006
1.00016
1.00012
0.999841
0.999471
0.999462
1.00021
1.00148
1.0021
1.00069
0.997124
0.993612
0.994007
1.00091
1.01235
1.02096
1.01751
0.997469
0.966589
0.940815
0.93934
0.9739
1.04038
1.11776
1.17539
1.18481
1.1304
1.0141
0.853028
0.67226
0.496461
0.343773
0.22336
0.136261
0.0780899
0.0420557
0.0212878
0.0101273
0.00452698
0.00190056
0.000748905
0.000276737
9.5792e-05
3.10194e-05
9.38187e-06
2.64535e-06
6.9385e-07
1.68861e-07
3.80183e-08
7.89149e-09
1.50415e-09
2.62026e-10
4.14876e-11
5.93125e-12
7.59584e-13
8.62953e-14
8.59257e-15
7.38369e-16
5.36546e-17
3.20633e-18
1.51307e-19
5.2874e-21
1.21242e-22
1.21755e-24
2.78037e-24
1.36225e-24
-1.84132e-23
-1.18416e-23
1.1711e-22
1.01647e-22
-7.10408e-22
-8.33171e-22
4.06706e-21
6.42479e-21
-2.16134e-20
-4.6288e-20
1.03607e-19
3.10089e-19
-4.21748e-19
-1.92066e-18
1.2083e-18
1.09041e-17
3.38951e-19
-5.59211e-17
-3.8871e-17
2.52209e-16
3.71774e-16
-9.43685e-16
-2.49482e-15
2.44365e-15
1.35074e-14
2.85093e-16
-6.01129e-14
-5.47919e-14
2.10074e-13
4.30321e-13
-4.66984e-13
-2.23366e-12
-3.52531e-13
8.55252e-12
1.03667e-11
-2.19174e-11
-6.33496e-11
1.1261e-11
2.45557e-10
2.43358e-10
-5.85885e-10
-1.55178e-09
1.2206e-10
5.38937e-09
6.37248e-09
-9.43649e-09
-3.26555e-08
-1.32459e-08
8.33556e-08
1.53067e-07
-3.88769e-08
-5.02911e-07
-5.96424e-07
5.7126e-07
2.48113e-06
2.07119e-06
-3.57255e-06
-1.07875e-05
-7.13524e-06
1.63392e-05
4.30022e-05
2.7591e-05
-5.89125e-05
-0.000158756
-0.000121433
0.000158641
0.000529091
0.000538476
-0.000213804
-0.00147868
-0.0020999
-0.000693269
0.00287618
0.00638784
0.00599259
-0.000909078
-0.0123492
-0.0209638
-0.0175078
0.00253058
0.0334114
0.0591849
0.0606598
0.0261001
-0.0403758
-0.117758
-0.175387
-0.184811
-0.130404
-0.0140993
0.146972
0.32774
0.503539
0.656227
0.77664
0.863739
0.92191
0.957944
0.978712
0.989873
0.995473
0.998099
0.999251
0.999723
0.999904
0.999969
0.999991
0.999997
0.999999
1
1
1
1
1
1
1
1
1
1
1
1
1
1
1
1
1
1
1
1
1
1
1
1
1
1
1
1
1
1
1
1
1
1
1
1
1
1
1
1
1
1
1
1
1
1
1
1
1
1
1
1
1
1
1
1
1
1
1
1
1
1
1
1
1
1
1
1
1
1
1
1
0.999999
0.999998
0.999998
1
1.00001
1.00001
0.999984
