-0.183841
-0.178339
-0.128292
-0.0356616
0.0903245
0.235967
0.386463
0.528855
0.653904
0.756707
0.836279
0.894499
0.934885
0.961502
0.978194
0.988168
0.99385
0.996939
0.998541
0.999334
0.99971
0.999879
0.999952
0.999982
0.999993
0.999998
0.999999
1
1
1
1
1
1
1
1
1
1
1
1
1
1
1
1
1
1
1
1
1
1
1
1
1
1
1
1
1
1
1
1
1
1
1
1
1
1
1
1
1
1
1
1
1
1
1
1
1
1
1
1
1
1
1
1
1
1
1
1
1
1
1
1
1
1
1
1
1
1
1
1
1
1
1
1
1
1
1
1
1
1
1
1
1
1
1
1
1
1
1
1
1
1
1
1
1
1
1
1
1
1
1
1
1
1
1
1
1
1
1
1
1
1
1
1
1
1
1
1
1
1
1
1
1
1
1
1
1
1
1
1
1
1
1
1
1
1
1
1
1
1
1
1
1
1
1
1
1
1
1
1
1
1
1
1
1
1
1
1
1
1
1
1
1
1
1
1
1
1
1
1
1
1
1
1
1
1
1
1
1
1
1
1
1
1
1
1
1
0.999998
0.999998
0.999999
1
1.00001
1.00001
0.999998
0.999977
0.99996
0.999972
1.00003
1.00011
1.00016
1.00008
0.999852
0.999561
0.99943
0.999716
1.0005
1.00149
1.002
1.00128
0.999017
0.99587
0.993552
0.994201
0.999173
1.00777
1.01673
1.02099
1.01583
0.999489
0.975118
0.95082
0.937437
0.944651
0.976871
1.03058
1.0943
1.15125
1.18384
1.17834
1.12829
1.03566
0.909675
0.764033
0.613537
0.471145
0.346096
0.243293
0.163721
0.105501
0.0651147
0.0384984
0.021806
0.0118323
0.0061501
0.00306146
0.00145911
0.000665591
0.00029046
0.000121197
4.83225e-05
1.83967e-05
6.68193e-06
2.31327e-06
7.62526e-07
2.3904e-07
7.11709e-08
2.00959e-08
5.37249e-09
1.3574e-09
3.23457e-10
7.25284e-11
1.52639e-11
3.00628e-12
5.52298e-13
9.42923e-14
1.48962e-14
2.16679e-15
2.88532e-16
3.49334e-17
3.81431e-18
3.7189e-19
3.19813e-20
2.38824e-21
1.51724e-22
7.97343e-24
3.32788e-25
1.03429e-26
2.12794e-28
2.17383e-30
-9.89909e-62
-2.1423e-60
-1.88294e-60
1.44323e-59
3.27462e-59
-7.06351e-59
-3.41437e-58
1.08572e-58
2.73937e-57
2.67421e-57
-1.72113e-56
-4.21662e-56
7.37889e-56
4.07917e-55
-1.31803e-56
-3.00461e-54
-3.83806e-54
1.67118e-53
4.96667e-53
-5.39025e-53
-4.2504e-52
-1.84903e-52
2.74296e-51
4.97289e-51
-1.23802e-50
-5.10989e-50
1.58468e-50
3.7069e-49
3.97989e-49
-1.95852e-48
-5.36061e-48
5.68593e-48
4.34171e-47
2.26924e-47
-2.53034e-46
-5.00844e-46
9.37899e-46
4.54078e-45
3.92617e-46
-2.83246e-44
-4.26113e-44
1.17404e-43
4.3343e-43
-1.0897e-43
-2.82967e-42
-3.40166e-42
1.23319e-41
3.8435e-41
-1.843e-41
-2.56622e-40
-2.64992e-40
1.12733e-39
3.20928e-39
-1.84859e-39
-2.13194e-38
-2.09155e-38
9.08848e-38
2.54124e-37
-1.33847e-37
-1.62581e-36
-1.69387e-36
6.45303e-36
1.90539e-35
-6.43798e-36
-1.13205e-34
-1.37456e-34
3.96854e-34
1.33826e-33
-4.63692e-35
-7.09809e-33
-1.06955e-32
2.0247e-32
8.63886e-32
3.06728e-32
-3.90701e-31
-7.64328e-31
7.60005e-31
4.99166e-30
4.09627e-30
-1.80149e-29
-4.8405e-29
1.04158e-29
2.48876e-28
3.46459e-28
-6.24953e-28
-2.62717e-27
-1.29624e-27
1.00836e-26
2.21999e-26
-1.01833e-26
-1.17061e-25
-1.4406e-25
2.88424e-25
1.10835e-24
5.41418e-25
-3.95251e-24
-8.83024e-24
2.47798e-24
4.17691e-23
5.84921e-23
-7.87318e-23
-3.74567e-22
-2.96935e-22
1.04335e-21
2.95217e-21
7.22846e-22
-1.06279e-20
-2.07397e-20
7.01802e-21
9.3059e-20
1.30159e-19
-1.3791e-19
-7.31703e-19
-7.22859e-19
1.51763e-18
5.28941e-18
3.44939e-18
-1.34731e-17
-3.57162e-17
-1.29873e-17
1.0524e-16
2.28159e-16
2.58786e-17
-7.49786e-16
-1.39483e-15
1.33057e-16
4.96504e-15
8.24905e-15
-2.07109e-15
-3.08897e-14
-4.76459e-14
1.60855e-14
1.81595e-13
2.70605e-13
-9.24722e-14
-1.01042e-12
-1.51474e-12
3.94249e-13
5.30796e-12
8.32949e-12
-8.59513e-13
-2.61333e-11
-4.46053e-11
-4.93541e-12
1.18895e-10
2.29577e-10
8.30797e-11
-4.87135e-10
-1.11684e-09
-7.13132e-10
1.70588e-09
5.03018e-09
4.73593e-09
-4.42462e-09
-2.03964e-08
-2.63583e-08
2.8135e-09
7.11523e-08
1.25173e-07
5.87839e-08
-1.93293e-07
-5.01549e-07
-4.81026e-07
2.71271e-07
1.62106e-06
2.42924e-06
9.17495e-07
-3.68766e-06
-8.99631e-06
-9.01268e-06
2.24933e-06
2.34308e-05
3.9914e-05
2.76069e-05
-2.89124e-05
-0.000111174
-0.000155675
-8.03766e-05
0.000147761
0.000439358
0.00056988
0.000283542
-0.000499563
-0.00148692
-0.00200223
-0.00128127
0.000983115
0.00412961
0.00644808
0.0057988
0.000827272
-0.00777259
-0.0167292
-0.0209899
-0.0158282
0.000510828
0.0248824
0.0491805
0.0625631
0.055349
0.0231287
-0.0305834
-0.0943029
-0.151254
