0.159621
0.309959
0.458443
0.593651
0.708396
0.79979
0.868443
0.917245
0.950157
0.971254
0.984124
0.991604
0.99575
0.99794
0.999045
0.999577
0.999821
0.999927
0.999972
0.99999
0.999996
0.999999
1
1
1
1
1
1
1
1
1
1
1
1
1
1
1
1
1
1
1
1
1
1
1
1
1
1
1
1
1
1
1
1
1
1
1
1
1
1
1
1
1
1
1
1
1
1
1
1
1
1
1
1
1
1
1
1
1
1
1
1
1
1
1
1
1
1
1
1
1
1
1
1
1
1
1
1
1
1
1
1
1
1
1
1
1
1
1
1
1
1
1
1
1
1
1
1
1
1
1
1
1
1
1
1
1
1
1
1
1
1
1
1
1
1
1
1
1
1
1
1
1
1
1
1
1
1
1
1
1
1
1
1
1
1
1
1
1
1
1
1
1
1
1
1
1
1
1
1
1
1
1
1
1
1
1
1
1
1
1
1
1
1
1
1
1
1
1
1
1
1
1
1
1
1
1
1
1
1
1
1
1
1
1
1
1
1
1
1
1
0.999999
0.999998
0.999998
1
1.00001
1.00001
1.00001
0.999991
0.99997
0.999961
0.999989
1.00006
1.00013
1.00014
1.00001
0.999742
0.999485
0.999492
0.999975
1.00089
1.00177
1.00187
1.00052
0.997775
0.994742
0.993422
0.995797
1.0025
1.01174
1.01931
1.01996
1.00992
0.989396
0.96386
0.943071
0.937961
0.956373
0.999355
1.05956
1.1225
1.17025
1.18632
1.15998
1.0887
0.978198
0.840379
0.690041
0.541557
0.406349
0.291604
0.20021
0.131557
0.0827548
0.0498428
0.0287465
0.0158761
0.00839561
0.00425045
0.00205961
0.000954889
0.000423402
0.000179456
7.26608e-05
2.80846e-05
1.0354e-05
3.6376e-06
1.21656e-06
3.86863e-07
1.16819e-07
3.34478e-08
9.06586e-09
2.32191e-09
5.60781e-10
1.27426e-10
2.71725e-11
5.42184e-12
1.009e-12
1.74476e-13
2.79144e-14
4.11162e-15
5.54349e-16
6.79482e-17
7.51029e-18
7.41163e-19
6.4508e-20
4.87496e-21
3.13391e-22
1.66639e-23
7.03658e-25
2.21239e-26
4.60438e-28
4.75768e-30
1.63997e-61
-4.34706e-62
-1.36642e-60
-1.33934e-60
9.16053e-60
2.19353e-59
-4.43467e-59
-2.26365e-58
5.86002e-59
1.81683e-57
1.85448e-57
-1.14712e-56
-2.86898e-56
4.95591e-56
2.78491e-55
-9.08988e-57
-2.07233e-54
-2.62939e-54
1.17244e-53
3.44866e-53
-3.9416e-53
-2.99934e-52
-1.15561e-52
1.97755e-51
3.45394e-51
-9.26513e-51
-3.6557e-50
1.50423e-50
2.72572e-49
2.66624e-49
-1.49555e-48
-3.84972e-48
4.80101e-48
3.23829e-47
1.2704e-47
-1.96703e-46
-3.56623e-46
7.89301e-46
3.42004e-45
-3.04427e-46
-2.23815e-44
-2.96227e-44
1.00007e-43
3.2859e-43
-1.58606e-43
-2.27161e-42
-2.27211e-42
1.06997e-41
2.92943e-41
-2.26189e-41
-2.09485e-40
-1.6892e-40
1.00145e-39
2.46387e-39
-2.27634e-39
-1.77435e-38
-1.29511e-38
8.31926e-38
1.97601e-37
-1.79794e-37
-1.3859e-36
-1.06228e-36
6.14435e-36
1.51315e-35
-1.10365e-35
-9.95048e-35
-9.08545e-35
3.99269e-34
1.09596e-33
-4.52526e-34
-6.49375e-33
-7.59795e-33
2.21997e-32
7.36826e-32
-2.35486e-34
-3.77208e-31
-5.8587e-31
9.88471e-31
4.48075e-30
2.11024e-30
-1.88127e-29
-3.9999e-29
2.84112e-29
2.38393e-28
2.42125e-28
-7.50823e-28
-2.34365e-27
-2.21288e-28
1.0575e-26
1.80193e-26
-1.95725e-26
-1.13807e-25
-9.55723e-26
3.56479e-25
1.00605e-24
6.13531e-26
-4.32089e-24
-7.34285e-24
6.65073e-24
4.24795e-23
4.16879e-23
-1.10782e-22
-3.58426e-22
-1.33616e-22
1.25861e-21
2.64613e-21
-6.97139e-22
-1.18436e-20
-1.70863e-20
1.82857e-20
9.81147e-20
9.4303e-20
-2.20528e-19
-7.36528e-19
-4.11637e-19
2.08269e-18
5.09877e-18
9.81835e-19
-1.711e-17
-3.29842e-17
5.21365e-18
1.27494e-16
2.01836e-16
-1.00532e-16
-8.80969e-16
-1.18353e-15
9.66859e-16
5.72265e-15
6.74811e-15
-7.32608e-15
-3.52594e-14
-3.79879e-14
4.78484e-14
2.07176e-13
2.13887e-13
-2.76791e-13
-1.16331e-12
-1.21181e-12
1.41908e-12
6.23321e-12
6.88201e-12
-6.28923e-12
-3.16947e-11
-3.86702e-11
2.2213e-11
1.51347e-10
2.11074e-10
-4.31011e-11
-6.66965e-10
-1.09666e-09
-1.80845e-10
2.63323e-09
5.30998e-09
2.78247e-09
-8.78277e-09
-2.33939e-08
-2.06967e-08
2.09917e-08
9.07733e-08
1.16521e-07
-5.70228e-09
-2.92966e-07
-5.33326e-07
-3.038e-07
6.79114e-07
1.97782e-06
2.16724e-06
-3.84816e-07
-5.56451e-06
-9.67523e-06
-6.20894e-06
9.03463e-06
3.03781e-05
3.89176e-05
1.13318e-05
-5.79588e-05
-0.00013394
-0.00014156
-8.69336e-06
0.000258144
0.000515045
0.00050829
2.46365e-05
-0.000887151
-0.00177095
-0.00186576
-0.000521154
0.00222459
0.00525783
0.00657767
0.00420268
-0.00249781
-0.0117412
-0.0193108
-0.0199626
-0.00991852
0.0106037
0.0361404
0.0569291
0.062039
0.0436268
0.000644705
-0.0595606
-0.122499
-0.170251
-0.186324
-0.159979
-0.088696
0.0218018
