-4.73738e-15
-7.8524e-15
4.74181e-16
2.46698e-14
4.27284e-14
2.92937e-15
-1.21319e-13
-2.26762e-13
-5.47278e-14
5.56976e-13
1.16311e-12
5.19978e-13
-2.33912e-12
-5.69962e-12
-3.86902e-12
8.63859e-12
2.63026e-11
2.4654e-11
-2.54607e-11
-1.12173e-10
-1.38606e-10
3.85264e-11
4.29859e-10
6.92947e-10
1.84626e-10
-1.40633e-09
-3.06358e-09
-2.19418e-09
3.44601e-09
1.17396e-08
1.3549e-08
-2.7636e-09
-3.71937e-08
-6.30604e-08
-3.1778e-08
8.5314e-08
2.32512e-07
2.44969e-07
-5.75456e-08
-6.49842e-07
-1.1015e-06
-6.75949e-07
1.08146e-06
3.48641e-06
4.35171e-06
1.03036e-06
-6.99196e-06
-1.54412e-05
-1.54215e-05
1.26906e-06
3.28513e-05
6.05893e-05
5.30808e-05
-1.34648e-05
-0.000126191
-0.00021858
-0.000189807
3.13352e-05
0.000403398
0.000728039
0.00070554
0.000106178
-0.0010084
-0.0021531
-0.00252122
-0.00136752
0.00145376
0.00508206
0.00769356
0.00715384
0.00212625
-0.0068367
-0.0168301
-0.0232046
-0.0212426
-0.0083569
0.0140963
0.0402872
0.061123
0.0669677
0.0509979
0.012004
-0.0443936
-0.106585
-0.159615
-0.188777
-0.183054
-0.137434
-0.0535963
0.0610175
0.195261
0.336773
0.474236
0.59894
0.705485
0.791708
0.858069
0.906788
0.940981
0.963965
0.978779
0.987945
0.993394
0.996508
0.99822
0.999124
0.999585
0.99981
0.999916
0.999964
0.999985
0.999994
0.999998
0.999999
1
1
1
1
1
1
1
1
1
1
1
1
1
1
1
1
1
1
1
1
1
1
1
1
1
1
1
1
1
1
1
1
1
1
1
1
1
1
1
1
1
1
1
1
1
1
1
1
1
1
1
1
1
1
1
1
1
1
1
1
1
1
1
1
1
1
1
1
1
1
1
1
1
1
1
1
1
1
1
1
1
1
1
1
1
1
1
1
1
1
1
1
1
1
1
1
1
1
1
1
1
1
1
1
1
1
1
1
1
1
1
1
1
1
1
1
1
1
1
1
1
1
1
1
1
1
1
1
1
1
1
1
1
1
1
1
1
1
1
1
1
1
1
1
1
1
1
1
1
1
1
1
1
1
1
1
1
1
1
1
1
1
1
1
1
1
1
1
1
1
1
1
1
1
1
1
1
1
1
1
1
1
1
1
0.999999
0.999997
0.999996
0.999999
1.00001
1.00002
1.00002
0.999999
0.999967
0.999939
0.999947
1.00001
1.00013
1.00022
1.00019
0.999969
0.999597
0.999272
0.999294
0.999894
1.00101
1.00215
1.00252
1.00137
0.998546
0.994918
0.992306
0.992846
0.997874
1.00684
1.01683
1.0232
1.02124
1.00836
0.985904
0.959713
0.938877
0.933032
0.949002
0.987996
1.04439
1.10659
1.15962
1.18878
1.18305
1.13743
1.0536
0.938982
0.804739
0.663227
0.525764
0.40106
0.294515
0.208292
0.141931
0.0932125
0.0590189
0.0360354
0.021221
0.0120546
0.00660554
0.0034917
0.00178037
0.000875554
0.000415221
0.000189847
8.36634e-05
3.5525e-05
1.45288e-05
5.7205e-06
2.16735e-06
7.89719e-07
2.76563e-07
9.30242e-08
3.00295e-08
9.29588e-09
2.75692e-09
7.82554e-10
2.12366e-10
5.5032e-11
1.35998e-11
3.20043e-12
7.16066e-13
1.52057e-13
3.05868e-14
5.81571e-15
1.04275e-15
1.75841e-16
2.78051e-17
4.10904e-18
5.65345e-19
7.21034e-20
8.48184e-21
9.14914e-22
8.98756e-23
7.97462e-24
6.32788e-25
4.43536e-26
2.70345e-27
1.4038e-28
6.038e-30
2.06529e-31
5.26715e-33
8.90336e-35
7.48181e-37
2.12016e-50
-4.23514e-50
-1.89102e-49
-2.06449e-50
1.09781e-48
1.72391e-48
-3.95955e-48
-1.59263e-47
-2.65373e-49
9.21614e-47
1.37548e-46
-3.2652e-46
-1.27093e-45
-3.06061e-47
7.14806e-45
1.08423e-44
-2.38098e-44
-9.60967e-44
-1.24896e-44
5.10766e-43
8.39414e-43
-1.51472e-42
-6.84782e-42
-2.23562e-42
3.33236e-41
6.2774e-41
-8.07849e-41
-4.54981e-40
-2.74872e-40
1.95093e-39
4.43504e-39
-3.21242e-39
-2.77318e-38
-2.66468e-38
9.92644e-38
2.89128e-37
-4.64818e-38
-1.51496e-36
-2.14486e-36
4.10119e-36
1.69734e-35
6.78166e-36
-7.15505e-35
-1.46003e-34
1.11096e-34
8.72073e-34
8.63353e-34
-2.727e-33
-8.40206e-33
-7.78911e-34
3.76046e-32
6.40794e-32
-6.85454e-32
-4.01758e-31
-3.40606e-31
1.25074e-30
3.55071e-30
2.33193e-31
-1.52648e-29
-2.59547e-29
2.39628e-29
1.51549e-28
1.45916e-28
-4.07277e-28
-1.29084e-27
-4.13827e-28
4.72637e-27
9.55805e-27
-3.69043e-27
-4.54473e-26
-6.06597e-26
8.32434e-26
3.83912e-25
3.09615e-25
-1.00891e-24
-2.92105e-24
-9.55344e-25
9.79099e-24
2.02533e-23
-3.42428e-24
-8.33045e-23
-1.28517e-22
9.57616e-23
6.45138e-22
7.45078e-22
-1.11161e-21
-4.64163e-21
-3.91166e-21
1.00902e-20
3.14492e-20
1.82041e-20
-8.0106e-20
-2.02764e-19
-7.13548e-20
5.80182e-19
1.25512e-18
2.00768e-19
-3.91465e-18
-7.51942e-18
-5.47248e-20
2.49002e-17
4.39131e-17
-4.30526e-18
-1.5034e-16
-2.51423e-16
3.70177e-17
8.64554e-16
1.41625e-15
-1.90605e-16
