1
1
1
1
1
1
1
1
1
1
1
1
1
1
1
1
1
1
1
1
1
1
1
1
1
1
1
1
1
1
1
1
1
1
1
1
1
1
1
1
1
1
1
1
1
1
1
1
1
1
1
1
1
1
1
1
1
1
1
1
1
1
1
1
1
1
1
1
1
1
1
1
1
1
1
1
1
1
1
1
1
1
1
1
1
1
1
1
1
1
1
1
1
1
1
1
1
1
1
1
1
1
1
1
1
1
1
1
1
1
1
1
1
1
1
1
1
1
1
1
1
1
1
1
1
1
1
1
1
1
1
1
1
1
1
1
1
1
1
1
1
1
1
1
1
1
1
1
1
1
1
1
1
1
1
1
1
1
1
1
1
1
1
1
1
1
1
1
1
1
1
1
0.999999
0.999999
0.999999
1
1
1.00001
1
0.999989
0.999973
0.999973
1.00001
1.00007
1.00012
1.00009
0.99992
0.999674
0.999531
0.999732
1.00038
1.00125
1.00171
1.00103
0.998916
0.996039
0.994138
0.995325
1.00076
1.00932
1.01719
1.01903
1.01047
0.991058
0.965968
0.945259
0.940573
0.960331
1.00545
1.0675
1.13025
1.17409
1.18168
1.14283
1.05688
0.932205
0.783282
0.626733
0.477553
0.346606
0.239692
0.157977
0.099254
0.0594531
0.0339536
0.0184862
0.0095936
0.00474415
0.0022346
0.00100202
0.000427475
0.000173366
6.67793e-05
2.44059e-05
8.45289e-06
2.77065e-06
8.58143e-07
2.50718e-07
6.89625e-08
1.78189e-08
4.31429e-09
9.76045e-10
2.05668e-10
4.02163e-11
7.26676e-12
1.20741e-12
1.83423e-13
2.53046e-14
3.14459e-15
3.48548e-16
3.40387e-17
2.88354e-18
2.07604e-19
1.23518e-20
5.83102e-22
2.0479e-23
4.75695e-25
5.48176e-27
7.32908e-68
1.07979e-67
-5.72679e-67
-1.62743e-66
3.55055e-66
1.89052e-65
-1.18228e-65
-1.85572e-64
-9.88289e-65
1.56318e-63
2.64051e-63
-1.09515e-62
-3.58136e-62
5.56124e-62
3.77238e-61
-4.94384e-62
-3.32022e-60
-3.43749e-60
2.43565e-59
5.78157e-59
-1.37399e-58
-6.48204e-58
3.73495e-58
5.82145e-57
3.92684e-57
-4.29309e-56
-8.41012e-56
2.44704e-55
9.76092e-55
-7.53656e-55
-8.68335e-54
-4.83791e-54
6.20675e-53
1.15481e-52
-3.35408e-52
-1.31277e-51
8.99094e-52
1.11237e-50
7.44849e-51
-7.3906e-50
-1.50935e-49
3.52001e-49
1.56929e-48
-5.24578e-49
-1.20941e-47
-1.21402e-47
7.0721e-47
1.80419e-46
-2.60424e-46
-1.61782e-45
-3.52237e-46
1.07597e-44
1.69895e-44
-5.06623e-44
-1.84731e-43
8.98347e-44
1.36435e-42
1.28119e-42
-7.27072e-42
-1.85297e-41
2.17266e-41
1.50733e-40
7.13596e-41
-8.65281e-40
-1.67681e-39
3.09071e-39
1.49218e-38
2.03948e-39
-8.94427e-38
-1.41098e-37
3.42472e-37
1.35079e-36
-1.00257e-37
-8.21877e-36
-1.14147e-35
3.16907e-35
1.13383e-34
-1.6778e-35
-6.78643e-34
-9.11564e-34
2.49932e-33
8.87727e-33
-6.94589e-34
-5.04017e-32
-7.21661e-32
1.66972e-31
6.45726e-31
8.13239e-32
-3.33506e-30
-5.5372e-30
9.09786e-30
4.30052e-29
1.91241e-29
-1.9218e-28
-3.96345e-28
3.58668e-28
2.55749e-27
2.21261e-27
-9.21244e-27
-2.54021e-26
4.86487e-27
1.30774e-25
1.84322e-25
-3.29976e-25
-1.39874e-24
-6.91624e-25
5.39877e-24
1.18835e-23
-5.53398e-24
-6.29116e-23
-7.71647e-23
1.55392e-22
5.95164e-22
2.90961e-22
-2.11432e-21
-4.73153e-21
1.2528e-21
2.21489e-20
3.14138e-20
-4.02163e-20
-1.9682e-19
-1.63618e-19
5.25802e-19
1.54048e-18
4.91482e-19
-5.26373e-18
-1.08175e-17
2.12438e-18
4.52321e-17
6.88569e-17
-5.34386e-17
-3.49049e-16
-3.99955e-16
5.95054e-16
2.47942e-15
2.13395e-15
-5.15822e-15
-1.64839e-14
-1.05844e-14
3.87027e-14
1.03874e-13
5.01912e-14
-2.61455e-13
-6.26571e-13
-2.41465e-13
1.61849e-12
3.64281e-12
1.28441e-12
-9.24138e-12
-2.04755e-11
-7.91525e-12
4.85885e-11
1.11077e-10
5.3794e-11
-2.32659e-10
-5.77497e-10
-3.6888e-10
9.88714e-10
2.84143e-09
2.3959e-09
-3.5115e-09
-1.2983e-08
-1.42546e-08
8.61465e-09
5.35601e-08
7.61479e-08
2.20341e-09
-1.90284e-07
-3.58315e-07
-1.91783e-07
5.24232e-07
1.4437e-06
1.44163e-06
-7.17423e-07
-4.71573e-06
-7.21535e-06
-2.86503e-06
1.07966e-05
2.67852e-05
2.71968e-05
-6.07621e-06
-6.94232e-05
-0.00011976
-8.54851e-05
8.03306e-05
0.000326115
0.000468647
0.000267517
-0.000384141
-0.0012512
-0.00171281
-0.00103376
0.00108374
0.00396138
0.00586217
0.00467477
-0.000758529
-0.00931736
-0.0171926
-0.0190274
-0.0104663
0.00894179
0.0340321
0.0547408
0.0594267
0.0396687
-0.00545089
-0.0675035
-0.130253
-0.174086
-0.181679
-0.142831
-0.0568846
0.0677955
0.216718
0.373267
0.522447
0.653394
0.760308
0.842023
0.900746
0.940547
0.966046
0.981514
0.990406
0.995256
0.997765
0.998998
0.999573
0.999827
0.999933
0.999976
0.999992
0.999997
0.999999
1
1
1
1
1
1
1
1
1
1
1
1
1
1
1
1
1
1
1
