3.58836e-08
1.49626e-07
1.96193e-07
2.1724e-08
-4.0829e-07
-8.1705e-07
-6.23892e-07
6.34888e-07
2.56856e-06
3.48346e-06
1.08896e-06
-5.32968e-06
-1.2423e-05
-1.25947e-05
1.48361e-06
2.84101e-05
5.14019e-05
4.21678e-05
-1.98561e-05
-0.000119951
-0.000193062
-0.000145465
8.00022e-05
0.000423796
0.000675922
0.000548849
-0.000135995
-0.00123085
-0.00216769
-0.00212953
-0.000502195
0.0025751
0.00589519
0.00742374
0.00517968
-0.00153423
-0.0111557
-0.0197932
-0.0223938
-0.0148946
0.00346923
0.0287819
0.0528222
0.0653477
0.0576137
0.0258666
-0.0265189
-0.0891116
-0.146739
-0.183273
-0.185641
-0.146851
-0.0672281
0.046245
0.182052
0.326923
0.468457
0.597004
0.706552
0.794691
0.86193
0.910723
0.94448
0.966787
0.980885
0.989415
0.994361
0.99711
0.998575
0.999324
0.999692
0.999865
0.999943
0.999977
0.999991
0.999997
0.999999
1
1
1
1
1
1
1
1
1
1
1
1
1
1
1
1
1
1
1
1
1
1
1
1
1
1
1
1
1
1
1
1
1
1
1
1
1
1
1
1
1
1
1
1
1
1
1
1
1
1
1
1
1
1
1
1
1
1
1
1
1
1
1
1
1
1
1
1
1
1
1
1
1
1
1
1
1
1
1
1
1
1
1
1
1
1
1
1
1
1
1
1
1
1
1
1
1
1
1
1
1
1
1
1
1
1
1
1
1
1
1
1
1
1
1
1
1
1
1
1
1
1
1
1
1
1
1
1
1
1
1
1
1
1
1
1
1
1
1
1
1
1
1
1
1
1
1
1
1
1
1
1
1
1
1
1
1
1
1
1
1
1
1
1
1
1
1
1
1
1
1
1
1
1
1
1
1
1
1
1
1
1
1
1
1
1
0.999999
0.999997
0.999997
0.999999
1.00001
1.00001
1.00001
0.999999
0.999972
0.999949
0.999958
1.00002
1.00012
1.00019
1.00015
0.99992
0.999576
0.999324
0.999451
1.00014
1.00123
1.00217
1.00213
1.0005
0.997425
0.994105
0.992576
0.99482
1.00153
1.01116
1.01979
1.02239
1.01489
0.996531
0.971218
0.947178
0.934652
0.942386
0.974133
1.02652
1.08911
1.14674
1.18327
1.18564
1.14685
1.06723
0.953755
0.817948
0.673077
0.531543
0.402996
0.293448
0.205309
0.13807
0.0892773
0.0555203
0.0332135
0.0191155
0.010585
0.00563928
0.00289037
0.00142501
0.000675655
0.000308006
0.000134949
5.68047e-05
2.29613e-05
8.90775e-06
3.31463e-06
1.18221e-06
4.03845e-07
1.32014e-07
4.12573e-08
1.2314e-08
3.50605e-09
9.51041e-10
2.45433e-10
6.01655e-11
1.39861e-11
3.07721e-12
6.39458e-13
1.25211e-13
2.30413e-14
3.97308e-15
6.39818e-16
9.58629e-17
1.33055e-17
1.70227e-18
1.9958e-19
2.1297e-20
2.05152e-21
1.76632e-22
1.3426e-23
8.86985e-25
4.98952e-26
2.3237e-27
8.60186e-29
2.37302e-30
4.33704e-32
3.93879e-34
-2.12974e-54
1.56758e-54
1.63981e-53
1.21825e-53
-9.16643e-53
-2.07299e-52
3.11884e-52
1.78495e-51
4.75727e-52
-1.08336e-50
-1.8282e-50
4.32779e-50
1.77091e-49
-2.18386e-50
-1.14165e-48
-1.49096e-48
4.95133e-48
1.6293e-47
-6.97217e-48
-1.09462e-46
-1.15775e-46
4.92946e-46
1.41042e-45
-8.8916e-46
-9.66793e-45
-8.89542e-45
4.36908e-44
1.16147e-43
-8.23268e-44
-7.91798e-43
-7.00576e-43
3.47646e-42
9.14872e-42
-5.95315e-42
-6.02028e-41
-5.7087e-41
2.4787e-40
6.88047e-40
-3.18759e-40
-4.22999e-39
-4.69299e-39
1.56308e-38
4.89436e-38
-8.35377e-39
-2.71606e-37
-3.7307e-37
8.45101e-37
3.24104e-36
6.47063e-37
-1.56288e-35
-2.75684e-35
3.63255e-35
1.95563e-34
1.23798e-34
-7.79374e-34
-1.83606e-33
9.42106e-34
1.04554e-32
1.19501e-32
-3.15158e-32
-1.07315e-31
-2.05555e-32
4.75267e-31
8.55896e-31
-8.51302e-31
-5.34057e-30
-4.65691e-30
1.69829e-29
4.86268e-29
1.80205e-30
-2.15703e-28
-3.584e-28
3.73802e-28
2.18942e-27
1.94108e-27
-6.34469e-27
-1.87966e-26
-3.67318e-27
7.4073e-26
1.37814e-25
-8.35653e-26
-7.14041e-25
-8.38922e-25
1.54573e-24
6.00827e-24
3.75448e-24
-1.79557e-23
-4.51415e-23
-4.40011e-24
1.70883e-22
3.05369e-22
-1.495e-22
-1.43345e-21
-1.85676e-21
2.30732e-21
1.09497e-20
1.00064e-20
-2.37181e-20
-7.76096e-20
-4.5961e-20
2.03935e-19
5.17183e-19
1.59336e-19
-1.56767e-18
-3.2756e-18
-1.75946e-19
1.11007e-17
1.99159e-17
-3.35685e-18
-7.36081e-17
-1.1738e-16
4.08652e-17
4.6163e-16
6.7677e-16
-3.17397e-16
-2.75437e-15
-3.84587e-15
1.97981e-15
1.56784e-14
2.16328e-14
-1.03034e-14
-8.51181e-14
-1.20415e-13
4.2949e-14
4.39183e-13
6.59843e-13
-1.12868e-13
-2.1375e-12
-3.52618e-12
-2.11587e-13
9.68495e-12
1.81488e-11
5.77963e-12
-3.99346e-11
-8.86414e-11
-5.26962e-11
1.43426e-10
4.03652e-10
3.59175e-10
-4.02003e-10
-1.67483e-09
-2.04762e-09
5.02478e-10
6.11092e-09
1.00506e-08
3.46409e-09
-1.82693e-08
-4.24052e-08
-3.49749e-08
