1.00001
0.999983
0.999955
0.999969
1.00006
1.00016
1.00013
0.999858
0.999471
0.99942
1.00013
1.00142
1.00217
1.00096
0.997485
0.993743
0.993524
0.999729
1.01102
1.02062
1.01924
1.0014
0.971229
0.943311
0.936761
0.964994
1.02683
1.10414
1.1677
1.18827
1.14752
1.0439
0.891607
0.714241
0.536668
0.378446
0.250641
0.156011
0.0913186
0.0502864
0.0260574
0.0127064
0.00582997
0.00251603
0.0010208
0.000389069
0.000139177
4.66729e-05
1.46526e-05
4.29938e-06
1.17682e-06
2.99816e-07
7.09128e-08
1.55246e-08
3.13497e-09
5.81588e-10
9.86542e-11
1.52166e-11
2.12007e-12
2.64698e-13
2.93288e-14
2.84915e-15
2.38945e-16
1.69513e-17
9.89267e-19
4.5604e-20
1.55648e-21
3.58647e-23
5.40525e-24
-4.81171e-24
-3.34609e-23
2.34958e-23
2.16731e-22
-8.50353e-23
-1.35217e-21
4.98929e-23
8.04569e-21
2.94042e-21
-4.50857e-20
-3.74185e-20
2.33788e-19
3.26784e-19
-1.09043e-18
-2.3692e-18
4.3211e-18
1.49824e-17
-1.23018e-17
-8.36701e-17
2.09397e-18
4.09574e-16
2.98538e-16
-1.70466e-15
-2.75841e-15
5.53584e-15
1.71619e-14
-9.60399e-15
-8.3718e-14
-3.56848e-14
3.21355e-13
4.59274e-13
-8.66569e-13
-2.73224e-12
6.2998e-13
1.13633e-11
9.78006e-12
-3.23737e-11
-7.26174e-11
3.62729e-11
3.04142e-10
2.29199e-10
-7.87979e-10
-1.74611e-09
5.03259e-10
6.43193e-09
6.55497e-09
-1.2172e-08
-3.66624e-08
-1.10321e-08
9.68967e-08
1.65556e-07
-5.58942e-08
-5.57304e-07
-6.33136e-07
6.44608e-07
2.67404e-06
2.20438e-06
-3.78212e-06
-1.14206e-05
-7.77356e-06
1.65711e-05
4.48776e-05
3.07461e-05
-5.70775e-05
-0.000162908
-0.000134679
0.000142191
0.000529407
0.000579964
-0.000132883
-0.0014188
-0.00216948
-0.000960158
0.00251528
0.00625718
0.00647636
0.00027136
-0.0110209
-0.0206156
-0.0192353
-0.00139876
0.0287713
0.0566885
0.0632393
0.0350061
-0.0268297
-0.104144
-0.167702
-0.188267
-0.147517
-0.0438988
0.108393
0.285759
0.463332
0.621554
0.749359
0.843989
0.908681
0.949714
0.973943
0.987294
0.99417
0.997484
0.998979
0.999611
0.999861
0.999953
0.999985
0.999996
0.999999
1
1
1
1
1
1
1
1
1
1
1
1
1
1
1
1
1
1
1
1
1
1
1
1
1
1
1
1
1
1
1
1
1
1
1
1
1
1
1
1
1
1
1
1
1
1
1
1
1
1
1
1
1
1
1
1
1
1
1
1
1
1
1
1
1
1
1
1
1
1
1
1
0.999999
0.999997
0.999998
1
1.00001
