1
1
1
1
1
1
1
1
1
1
1
1
1
1
1
1
1
1
1
1
1
1
1
1
1
1
1
1
1
1
1
1
1
1
1
1
1
1
1
1
0.999999
0.999995
0.999993
1
1.00002
1.00004
1.00001
0.999928
0.999832
0.99986
1.00014
1.00059
1.0008
1.00022
0.998655
0.996949
0.996917
1.00025
1.00663
1.01247
1.01191
1.00039
0.979281
0.958083
0.951732
0.973088
1.02429
1.09211
1.15065
1.17075
1.13148
1.02817
0.873466
0.691618
0.509605
0.349093
0.222167
0.131256
0.0719219
0.0365067
0.0171388
0.0074273
0.00296397
0.00108599
0.00036403
0.000111157
3.07591e-05
7.66516e-06
1.70706e-06
3.36552e-07
5.80458e-08
8.62554e-09
1.08231e-09
1.11537e-10
9.06667e-12
5.45221e-13
2.15675e-14
4.21058e-16
1.37861e-103
-3.86009e-103
-3.15282e-102
1.12454e-101
6.98015e-101
-3.06519e-100
-1.49783e-99
7.9376e-99
3.11848e-98
-1.971e-97
-6.30592e-97
4.72181e-96
1.23985e-95
-1.09606e-94
-2.37378e-94
2.47317e-93
4.43462e-93
-5.43801e-92
-8.10901e-92
1.16742e-90
1.45815e-90
-2.45065e-89
-2.59604e-89
5.03635e-88
4.61869e-88
-1.0142e-86
-8.30434e-87
2.00258e-85
1.52613e-85
-3.87874e-84
-2.89016e-84
7.37055e-83
5.65057e-83
-1.37403e-81
-1.13454e-81
2.51218e-80
2.31568e-80
-4.50234e-79
-4.74926e-79
7.90356e-78
9.686e-78
-1.35754e-76
-1.94872e-76
2.27846e-75
3.84567e-75
-3.73034e-74
-7.41582e-74
5.94472e-73
1.39383e-72
-9.19547e-72
-2.54904e-71
1.37553e-70
4.53016e-70
-1.97972e-69
-7.81564e-69
2.7211e-68
1.30765e-67
-3.53025e-67
-2.11939e-66
4.23506e-66
3.32316e-65
-4.50244e-65
-5.03265e-64
3.77141e-64
7.34539e-63
-1.19146e-63
-1.0303e-61
-4.40919e-62
1.38335e-60
1.44893e-60
-1.7679e-59
-3.06509e-59
2.13202e-58
5.4346e-58
-2.39191e-57
-8.64147e-57
2.4311e-56
1.26481e-55
-2.10828e-55
-1.72298e-54
1.27677e-54
2.19217e-53
1.82949e-54
-2.60019e-52
-2.32058e-52
2.8536e-51
5.07056e-51
-2.85023e-50
-8.21665e-50
2.49976e-49
1.13822e-48
-1.74982e-48
-1.406e-47
6.11804e-48
1.56897e-46
8.21633e-47
-1.57746e-45
-2.37564e-45
1.4017e-44
3.81453e-44
-1.04359e-43
-4.8851e-43
5.42444e-43
5.37433e-42
2.83407e-43
-5.16665e-41
-5.74553e-41
4.28309e-40
1.00208e-39
-2.88723e-39
-1.23994e-38
1.25185e-38
1.25859e-37
3.0687e-38
-1.07722e-36
-1.50924e-36
7.57439e-36
2.181e-35
-3.8487e-35
-2.28963e-34
4.48419e-35
1.93712e-33
1.99859e-33
-1.31419e-32
-3.22097e-32
6.34051e-32
3.31026e-31
-6.99316e-32
-2.61697e-30
-2.83591e-30
1.58845e-29
4.1672e-29
-6.14372e-29
-3.82565e-28
-6.96241e-29
2.61283e-27
4.00988e-27
-1.26318e-26
-4.46787e-26
2.40185e-26
3.3195e-25
3.03176e-25
-1.74465e-24
-4.41582e-24
4.8817e-24
3.48236e-23
1.94826e-23
-1.86527e-22
-3.8916e-22
5.54867e-22
3.12748e-21
1.35299e-21
-1.61407e-20
-3.18172e-20
4.36864e-20
2.43713e-19
1.27927e-19
-1.13397e-18
-2.42397e-18
2.2984e-18
1.62706e-17
1.33739e-17
-6.22897e-17
-1.6519e-16
4.96737e-17
8.9009e-16
1.17588e-15
-2.37501e-15
-9.36043e-15
-4.06073e-15
3.6349e-14
7.75648e-14
-3.51859e-14
-3.98774e-13
-5.05736e-13
8.64465e-13
3.56746e-12
2.38116e-12
-1.0573e-11
-2.74111e-11
-4.52524e-12
9.92637e-11
1.86893e-10
-5.49543e-11
-7.90326e-10
-1.1649e-09
8.2686e-10
5.57151e-09
6.86355e-09
-7.05415e-09
-3.55845e-08
-3.96068e-08
4.55551e-08
2.0807e-07
2.29325e-07
-2.30553e-07
-1.11173e-06
-1.32701e-06
8.37305e-07
5.33491e-06
7.41625e-06
-1.08994e-06
-2.2085e-05
-3.802e-05
-1.3267e-05
7.20993e-05
0.000168169
0.000140057
-0.000137853
-0.000588945
-0.000804392
-0.000216959
0.00134488
0.00305131
0.00308255
-0.000250517
-0.00663018
-0.0124745
-0.011909
-0.00039198
0.0207192
0.0419167
0.0482676
0.026912
-0.0242905
-0.0921066
-0.150647
-0.170747
-0.131477
-0.0281746
0.126534
0.308382
0.490395
0.650907
0.777833
0.868744
0.928078
0.963493
0.982861
0.992573
0.997036
0.998914
0.999636
0.999889
0.999969
0.999992
0.999998
1
1
1
1
1
1
1
1
1
1
1
1
1
1
1
1
1
1
1
1
1
1
1
1
1
1
1
1
1
1
1
1
1
1
1
1
1
1
1
1
1
1
1
1
1
1
1
1
1
1
1
1
1
1
1
1
1
1
1
1
1
1
1
1
1
1
1
1
1
1
1
1
1
1
1
1
1
1
1
1
1
1
1
1
1
1
1
1
1
1
1
1
1
1
1
1
1
1
1
1
1
1
1
1
1
1
1
1
1
1
1
1
1
1
1
1
1
1
1
1
1
1
1
1
1
1
1
1
1
1
1
1
1
1
1
1
1
1
1
1
1
1
1
1
1
1
1
1
1
1
1
1
1
1
1
1
1
1
1
1
1
1
1
1
1
1
1
