-1.08865e-05
3.91332e-06
2.98094e-05
4.90631e-05
3.42232e-05
-3.15213e-05
-0.00012756
-0.000184617
-0.000112343
0.000131347
0.000463548
0.000656815
0.000432912
-0.000336621
-0.00142309
-0.00218959
-0.0018256
0.000154019
0.00337283
0.00637902
0.00704895
0.00361328
-0.00408678
-0.0137866
-0.0210574
-0.0208415
-0.00981789
0.0113864
0.0372567
0.0584216
0.0645436
0.0481203
0.00777403
-0.050268
-0.113129
-0.164389
-0.188286
-0.173641
-0.116336
-0.019784
0.10649
0.249477
0.395622
0.533287
0.654259
0.754195
0.832221
0.890013
0.930733
0.958084
0.975624
0.986376
0.992682
0.996222
0.998126
0.999107
0.999591
0.99982
0.999924
0.999969
0.999988
0.999996
0.999998
0.999999
1
1
1
1
1
1
1
1
1
1
1
1
1
1
1
1
1
1
1
1
1
1
1
1
1
1
1
1
1
1
1
1
1
1
1
1
1
1
1
1
1
1
1
1
1
1
1
1
1
1
1
1
1
1
1
1
1
1
1
1
1
1
1
1
1
1
1
1
1
1
1
1
1
1
1
1
1
1
1
1
1
1
1
1
1
1
1
1
1
1
1
1
1
1
1
1
1
1
1
1
1
1
1
1
1
1
1
1
1
1
1
1
1
1
1
1
1
1
1
1
1
1
1
1
1
1
1
1
1
1
1
1
1
1
1
1
1
1
1
1
1
1
1
1
1
1
1
1
1
1
1
1
1
1
1
1
1
1
1
1
1
1
1
1
1
1
1
1
1
1
1
1
1
1
1
1
1
1
1
1
1
1
1
1
1
1
0.999999
0.999998
0.999997
0.999999
1.00001
1.00001
1.00001
0.999996
0.99997
0.999951
0.999966
1.00003
1.00013
1.00018
1.00011
0.999869
0.999536
0.999343
0.999567
1.00034
1.00142
1.00219
1.00183
0.999846
0.996627
0.993621
0.992951
0.996387
1.00409
1.01379
1.02106
1.02084
1.00982
0.988614
0.962743
0.941578
0.935456
0.95188
0.992226
1.05027
1.11313
1.16439
1.18829
1.17364
1.11634
1.01978
0.89351
0.750523
0.604378
0.466713
0.345741
0.245805
0.167779
0.109987
0.0692666
0.0419157
0.0243759
0.013624
0.00731832
0.00377783
0.00187386
0.000892893
0.000408606
0.000179514
7.56818e-05
3.06032e-05
1.18624e-05
4.40476e-06
1.56564e-06
5.32263e-07
1.7291e-07
5.36204e-08
1.58549e-08
4.46451e-09
1.19553e-09
3.03989e-10
7.32701e-11
1.6709e-11
3.59765e-12
7.29658e-13
1.39032e-13
2.4816e-14
4.1355e-15
6.41011e-16
9.2017e-17
1.21723e-17
1.47521e-18
1.62681e-19
1.6191e-20
1.43993e-21
1.13031e-22
7.7098e-24
4.47682e-25
2.15172e-26
8.21866e-28
2.33899e-29
4.40912e-31
4.12924e-33
5.17766e-56
5.70046e-56
-2.84569e-55
-7.78844e-55
9.11225e-55
6.58086e-54
2.72629e-54
-4.09673e-53
-7.44455e-53
1.73052e-52
7.35449e-52
-1.34929e-52
-5.04672e-51
-6.11833e-51
2.44688e-50
7.39311e-50
-5.46673e-50
-5.52043e-49
-4.27812e-49
2.90565e-48
6.81913e-48
-8.58519e-48
-5.48565e-47
-2.49521e-47
3.03387e-46
5.88929e-46
-1.00656e-45
-5.03204e-45
-1.20034e-45
2.84922e-44
4.86269e-44
-9.82927e-44
-4.30931e-43
-5.48621e-44
2.43477e-42
3.90754e-42
-8.27225e-42
-3.46694e-41
-4.33207e-42
1.90071e-40
3.08187e-40
-6.03427e-40
-2.62151e-39
-6.0325e-40
1.35139e-38
2.37271e-38
-3.75078e-38
-1.85178e-37
-8.05342e-38
8.65514e-37
1.75151e-36
-1.87738e-36
-1.20646e-35
-8.81348e-36
4.88305e-35
1.20932e-34
-6.19401e-35
-7.10629e-34
-7.95196e-34
2.32193e-33
7.59986e-33
4.29825e-34
-3.6723e-32
-6.00059e-32
8.35796e-32
4.2202e-31
2.69076e-31
-1.58268e-30
-3.79706e-30
1.37544e-30
1.99412e-29
2.5619e-29
-5.07291e-29
-1.99085e-28
-9.08003e-29
7.52589e-28
1.62829e-27
-7.08052e-28
-8.36264e-27
-1.05372e-26
1.92857e-26
7.73148e-26
4.39228e-26
-2.58421e-25
-6.12785e-25
7.73007e-26
2.69461e-24
4.14989e-24
-4.2271e-24
-2.40573e-23
-2.29535e-23
5.88329e-23
1.90703e-22
8.59067e-23
-6.09536e-22
-1.36485e-21
6.9513e-23
5.39643e-21
8.88425e-21
-5.46749e-21
-4.29055e-20
-5.26566e-20
6.98373e-20
3.14211e-19
2.82778e-19
-6.57788e-19
-2.15391e-18
-1.35794e-18
5.31233e-18
1.39884e-17
5.66974e-18
-3.87204e-17
-8.69404e-17
-1.93248e-17
2.60919e-16
5.21702e-16
4.481e-17
-1.64669e-15
-3.04506e-15
-1.24241e-17
9.8004e-15
1.73804e-14
-2.7575e-16
-5.51455e-14
-9.7232e-14
-2.80142e-15
2.92949e-13
5.32343e-13
7.14619e-14
-1.46059e-12
-2.83674e-12
-8.25618e-13
6.75286e-12
1.45778e-11
7.11731e-12
-2.83074e-11
-7.13412e-11
-5.12252e-11
1.02778e-10
3.27092e-10
3.20794e-10
-2.86402e-10
-1.37425e-09
-1.77473e-09
2.99664e-10
5.11291e-09
8.67993e-09
3.17709e-09
-1.5759e-08
-3.70916e-08
-3.04478e-08
3.30093e-08
1.3445e-07
1.73004e-07
8.61742e-09
-3.85077e-07
-7.42788e-07
-5.22841e-07
6.82964e-07
2.44991e-06
3.13018e-06
6.03874e-07
-5.57886e-06
-1.18793e-05
