1
1
1
1
1
1
1
1
1
1
1
1
1
1
1
1
1
1
1
0.999998
0.999995
0.999996
1.00001
1.00003
1.00002
0.999974
0.999889
0.999862
1.00002
1.00039
1.00067
1.00036
0.999135
0.997526
0.997151
0.999804
1.00557
1.01124
1.01096
0.999901
0.979254
0.958988
0.954903
0.980145
1.03545
1.10438
1.15738
1.16339
1.10308
0.976641
0.802915
0.61105
0.429714
0.278886
0.166843
0.091883
0.0465033
0.0215842
0.00916304
0.00354626
0.00124616
0.000395644
0.000112805
2.86682e-05
6.43417e-06
1.26042e-06
2.12282e-07
3.01295e-08
3.5056e-09
3.21159e-10
2.17294e-11
9.6558e-13
2.11441e-14
3.74136e-113
2.7512e-112
-1.65083e-111
-6.48776e-111
6.25562e-110
1.18077e-109
-2.13392e-108
-8.19321e-109
6.69116e-107
-5.99283e-107
-1.94783e-105
4.12836e-105
5.28324e-104
-1.80672e-103
-1.33307e-102
6.60222e-102
3.10377e-101
-2.16566e-100
-6.53757e-100
6.57453e-99
1.18654e-98
-1.87721e-97
-1.58389e-97
5.09051e-96
1.51743e-97
-1.31956e-94
9.19029e-95
3.28503e-93
-4.50671e-93
-7.88212e-92
1.59315e-91
1.82814e-90
-4.8666e-90
-4.10906e-89
1.35896e-88
8.97157e-88
-3.55786e-87
-1.90723e-86
8.85423e-86
3.95738e-85
-2.11229e-84
-8.03596e-84
4.85762e-83
1.60168e-82
-1.08109e-81
-3.14372e-81
2.33504e-80
6.0979e-80
-4.90478e-79
-1.17317e-78
1.00342e-77
2.24627e-77
-2.00142e-76
-4.29234e-76
3.89452e-75
8.19975e-75
-7.39515e-74
-1.56654e-73
1.37019e-72
2.98988e-72
-2.47608e-71
-5.68785e-71
4.36053e-70
1.07512e-69
-7.47422e-69
-2.01203e-68
1.24474e-67
3.71462e-67
-2.00925e-66
-6.74231e-66
3.13323e-65
1.1994e-64
-4.69829e-64
-2.08531e-63
6.7286e-63
3.53444e-62
-9.10612e-62
-5.8262e-61
1.14348e-60
9.31866e-60
-1.28462e-59
-1.44268e-58
1.17539e-58
2.15607e-57
-5.593e-58
-3.10058e-56
-9.37956e-57
4.27321e-55
3.80955e-55
-5.61353e-54
-8.63279e-54
6.97399e-53
1.59805e-52
-8.09352e-52
-2.62659e-51
8.58602e-51
3.95246e-50
-7.95847e-50
-5.51615e-49
5.67281e-49
7.17257e-48
-1.25926e-48
-8.68065e-47
-5.5259e-47
9.71561e-46
1.45255e-45
-9.91218e-45
-2.50393e-44
8.94026e-44
3.57773e-43
-6.60282e-43
-4.49676e-42
2.93336e-42
5.06464e-41
1.73986e-41
-5.11026e-40
-6.79594e-40
4.53802e-39
1.14102e-38
-3.36907e-38
-1.47247e-37
1.75721e-37
1.60643e-36
3.1407e-38
-1.51345e-35
-1.67517e-35
1.2133e-34
2.87699e-34
-7.72465e-34
-3.44351e-33
2.87448e-33
3.33652e-32
1.41525e-32
-2.67789e-31
-4.37745e-31
1.70534e-30
5.66934e-30
-6.95002e-30
-5.41578e-29
-1.20923e-29
4.10142e-28
6.12315e-28
-2.36405e-27
-7.6757e-27
7.74925e-27
6.68574e-26
3.13669e-26
-4.4063e-25
-8.11956e-25
2.00736e-24
8.36181e-24
-2.35481e-24
-5.98772e-23
-6.71646e-23
3.01665e-22
8.6124e-22
-7.23284e-22
-6.49733e-21
-4.77396e-21
3.32931e-20
7.74328e-20
-8.73522e-20
-5.88201e-19
-3.57894e-19
2.86641e-18
6.32926e-18
-6.58032e-18
-4.5039e-17
-3.26545e-17
1.92559e-16
4.70078e-16
-2.79219e-16
-2.85927e-15
-3.06124e-15
9.4923e-15
3.01339e-14
1.8731e-15
-1.41178e-13
-2.36027e-13
2.73088e-13
1.52191e-12
1.25972e-12
-4.66339e-12
-1.31816e-11
-1.89588e-12
5.2369e-11
9.55815e-11
-5.24725e-11
-4.71598e-10
-5.94774e-10
8.09455e-10
3.64985e-09
3.26557e-09
-7.73788e-09
-2.52204e-08
-1.66843e-08
5.82872e-08
1.59569e-07
8.76401e-08
-3.67333e-07
-9.37732e-07
-5.24117e-07
1.95254e-06
5.11858e-06
3.51109e-06
-8.45329e-06
-2.54682e-05
-2.33561e-05
2.61343e-05
0.000110654
0.000138242
-2.2602e-05
-0.000385882
-0.000673607
-0.000363167
0.000865308
0.00247352
0.00284884
0.000196326
-0.00556707
-0.0112384
-0.0109642
9.93173e-05
0.0207461
0.0410122
0.0450968
0.0198551
-0.0354541
-0.104382
-0.157376
-0.163394
-0.10308
0.0233587
0.197085
0.38895
0.570286
0.721114
0.833157
0.908117
0.953497
0.978416
0.990837
0.996454
0.998754
0.999604
0.999887
0.999971
0.999994
0.999999
1
1
1
1
1
1
1
1
1
1
1
1
1
1
1
1
1
1
1
1
1
1
1
1
1
1
1
1
1
1
1
1
1
1
1
1
1
1
1
1
1
1
1
1
1
1
1
1
1
1
1
1
1
1
1
1
1
1
1
1
1
1
1
1
1
1
1
1
1
1
1
1
1
1
1
1
1
1
1
1
1
1
1
1
1
1
1
1
1
1
1
1
1
1
1
1
1
1
1
1
1
1
1
1
1
1
1
1
1
1
1
1
1
1
1
1
1
1
1
1
1
1
1
1
1
1
1
1
1
1
1
1
1
1
1
1
1
1
1
1
1
1
1
1
1
1
1
1
1
1
1
1
1
1
1
1
1
1
1
1
1
1
1
1
1
1
1
1
1
1
1
1
1
1
1
1
1
1
1
1
1
1
1
1
1
1
1
1
1
1
