1
1
1
1
1
1
1
1
1
1
1
1
1
1
1
1
1
1
1
1
1
0.999999
0.999995
0.999994
1
1.00002
1.00002
0.999996
0.999945
0.999917
0.999979
1.00014
1.00028
1.00019
0.999769
0.999232
0.999114
0.999915
1.00151
1.00283
1.00231
0.999096
0.994328
0.991249
0.993594
1.00277
1.01562
1.02469
1.02167
1.00258
0.971788
0.942055
0.929886
0.947991
0.998493
1.07024
1.1416
1.18753
1.18773
1.13272
1.02574
0.880527
0.71632
0.552475
0.404274
0.280901
0.185479
0.116471
0.0695971
0.0395946
0.0214546
0.0110754
0.00544777
0.0025534
0.00114032
0.000485141
0.000196572
7.5826e-05
2.78321e-05
9.715e-06
3.22255e-06
1.01498e-06
3.03247e-07
8.58518e-08
2.30027e-08
5.82479e-09
1.39179e-09
3.13257e-10
6.62823e-11
1.31553e-11
2.44298e-12
4.23273e-13
6.82032e-14
1.01829e-14
1.40274e-15
1.77422e-16
2.04718e-17
2.11248e-18
2.4005e-19
1.97875e-19
-3.08234e-20
-8.56524e-19
-5.72472e-19
3.34699e-18
5.46073e-18
-9.76046e-18
-3.24733e-17
1.1514e-17
1.47772e-16
9.43399e-17
-5.15332e-16
-8.97093e-16
1.1582e-15
4.74903e-15
4.40432e-16
-1.78884e-14
-2.10017e-14
4.44074e-14
1.27563e-13
-1.92988e-14
-4.84976e-13
-4.93203e-13
1.13586e-12
3.07429e-12
-2.08723e-13
-1.0715e-11
-1.25403e-11
1.98335e-11
6.61216e-11
2.06079e-11
-1.83976e-10
-3.0561e-10
1.66245e-10
1.15762e-09
1.06272e-09
-1.99667e-09
-5.87658e-09
-2.40139e-09
1.34175e-08
2.58286e-08
-2.57858e-10
-7.11666e-08
-1.03255e-07
3.74256e-08
3.26859e-07
3.93407e-07
-2.38906e-07
-1.354e-06
-1.49119e-06
9.93593e-07
5.14245e-06
5.75169e-06
-2.8707e-06
-1.78293e-05
-2.22687e-05
3.57334e-06
5.4786e-05
8.26945e-05
2.07967e-05
-0.000138565
-0.000276647
-0.000188484
0.000230575
0.000767935
0.000885754
8.47809e-05
-0.00150981
-0.00282868
-0.00230524
0.000904428
0.00567164
0.00875105
0.00640596
-0.00277219
-0.0156236
-0.0246929
-0.0216702
-0.00258061
0.0282124
0.0579448
0.0701143
0.0520092
0.00150749
-0.0702373
-0.141601
-0.18753
-0.187729
-0.132717
-0.0257442
0.119473
0.28368
0.447525
0.595726
0.719099
0.814521
0.883529
0.930403
0.960405
0.978545
0.988925
0.994552
0.997447
0.99886
0.999515
0.999803
0.999924
0.999972
0.99999
0.999997
0.999999
1
1
1
1
1
1
1
1
1
1
1
1
1
1
1
1
1
1
1
1
1
1
1
1
1
1
1
1
1
1
1
1
1
1
1
1
1
1
1
1
1
1
1
1
1
1
