1
1
1
1
1
1
1
1
1
1
1
1
1
1
1
1
1
1
1
1
1
1
1
1
1
1
1
1
1
1
1
1
1
1
1
1
1
1
1
1
1
1
1
1
1
1
1
1
1
1
1
1
1
1
1
1
1
1
1
1
1
1
1
1
1
1
1
1
1
1
1
1
1
1
1
1
1
1
1
1
1
1
1
1
1
1
1
1
1
1
1
1
1
1
1
1
1
1
1
1
1
1
1
1
1
1
1
1
1
1
1
1
1
1
1
1
1
1
1
1
1
1
1
1
1
1
1
1
1
1
1
1
1
1
1
1
1
1
1
1
1
1
1
1
1
1
1
1
1
1
1
1
1
1
1
1
1
1
1
1
1
1
1
1
0.999999
0.999999
1
1
1.00001
1
0.999994
0.999979
0.999972
0.999994
1.00005
1.00011
1.0001
0.999974
0.999745
0.999562
0.999661
1.0002
1.00104
1.00163
1.00124
0.999438
0.996658
0.994455
0.994952
0.999595
1.00773
1.01596
1.01901
1.01212
0.994109
0.969369
0.94757
0.940569
0.957564
1.00049
1.06174
1.12537
1.17146
1.1819
1.14562
1.06131
0.937061
0.787503
0.629652
0.478974
0.346718
0.238898
0.156722
0.097906
0.0582502
0.0330059
0.0178091
0.00914849
0.00447263
0.00208007
0.000919677
0.000386297
0.000154015
5.82268e-05
2.08496e-05
7.06181e-06
2.25903e-06
6.81358e-07
1.93392e-07
5.15421e-08
1.28669e-08
3.00024e-09
6.51356e-10
1.31181e-10
2.44055e-11
4.17389e-12
6.52457e-13
9.25939e-14
1.18335e-14
1.34854e-15
1.35368e-16
1.17843e-17
8.71653e-19
5.32685e-20
2.58238e-21
9.31168e-23
2.22025e-24
2.62578e-26
-2.07104e-69
-2.7686e-69
1.73833e-68
4.49587e-68
-1.20905e-67
-5.58818e-67
5.62769e-67
5.90092e-66
1.00984e-66
-5.4234e-65
-6.81524e-65
4.28139e-64
1.09656e-63
-2.71032e-63
-1.29781e-62
1.00494e-62
1.27895e-61
5.42631e-62
-1.07408e-60
-1.70143e-60
7.47336e-60
2.34275e-59
-3.7657e-59
-2.45477e-58
3.54927e-59
2.12925e-57
2.21227e-57
-1.52607e-56
-3.66493e-56
8.27017e-56
4.016e-55
-1.91933e-55
-3.50208e-54
-2.72142e-54
2.48112e-53
5.22965e-53
-1.32187e-52
-5.76696e-52
3.15588e-52
4.88541e-51
3.71383e-51
-3.28464e-50
-7.01042e-50
1.597e-49
7.33119e-49
-2.52012e-49
-5.77976e-48
-5.64155e-48
3.50812e-47
8.7076e-47
-1.39728e-46
-8.11192e-46
-7.59447e-47
5.66049e-45
8.09745e-45
-2.88083e-44
-9.51531e-44
7.0564e-44
7.49185e-43
5.39176e-43
-4.33797e-42
-9.58136e-42
1.57867e-41
8.54123e-41
1.45028e-41
-5.38805e-40
-8.47555e-40
2.28829e-39
8.65445e-39
-2.33231e-39
-5.7999e-38
-6.79128e-38
2.64361e-37
7.99e-37
-4.74607e-37
-5.55721e-36
-5.17355e-36
2.5885e-35
6.86058e-35
-5.29867e-35
-4.81192e-34
-3.99182e-34
2.1986e-33
5.55428e-33
-4.29415e-33
-3.78791e-32
-3.2527e-32
1.62624e-31
4.25079e-31
-2.52073e-31
-2.70141e-30
-2.74082e-30
1.03376e-29
3.04227e-29
-8.03316e-30
-1.72078e-28
-2.23682e-28
5.43184e-28
1.99015e-27
3.34928e-28
-9.52129e-27
-1.65863e-26
2.12421e-26
1.15172e-25
7.8097e-26
-4.34583e-25
-1.06577e-24
3.74681e-25
5.63869e-24
7.27435e-24
-1.45423e-23
-5.69719e-23
-2.54977e-23
2.17071e-22
4.67104e-22
-2.07243e-22
-2.40282e-21
-3.02467e-21
5.47365e-21
2.203e-20
1.29791e-20
-7.17338e-20
-1.73372e-19
9.88614e-21
7.30522e-19
1.18031e-18
-9.77352e-19
-6.37162e-18
-6.84628e-18
1.35127e-17
4.95484e-17
3.18637e-17
-1.35352e-16
-3.51435e-16
-9.24901e-17
1.14791e-15
2.31129e-15
-2.07165e-16
-8.70137e-15
-1.43058e-14
6.00131e-15
6.05558e-14
8.46346e-14
-6.02247e-14
-3.93057e-13
-4.86637e-13
4.53492e-13
2.40252e-12
2.7633e-12
-2.86183e-12
-1.38978e-11
-1.56676e-11
1.55073e-11
7.61134e-11
8.88167e-11
-7.0799e-11
-3.92809e-10
-4.98393e-10
2.48292e-10
1.88959e-09
2.7175e-09
-3.96832e-10
-8.30734e-09
-1.40697e-08
-3.09579e-09
3.22159e-08
6.74264e-08
3.94697e-08
-1.02228e-07
-2.90242e-07
-2.78982e-07
2.07637e-07
1.07514e-06
1.49913e-06
2.15522e-07
-3.15559e-06
-6.42798e-06
-4.79591e-06
5.62048e-06
2.14077e-05
2.80548e-05
6.37524e-06
-4.84194e-05
-0.000105821
-0.00010052
2.63843e-05
0.000255374
0.000437895
0.000338525
-0.000199446
-0.00103543
-0.00163132
-0.0012449
0.00056202
0.00334181
0.00554515
0.00504781
0.000405344
-0.00773114
-0.0159619
-0.0190072
-0.0121214
0.00589114
0.0306312
0.0524301
0.0594308
0.0424355
-0.000490164
-0.061741
-0.125375
-0.171456
-0.181897
-0.145622
-0.0613098
0.062939
0.212497
0.370348
0.521026
0.653282
0.761102
0.843278
0.902094
0.94175
0.966994
0.982191
0.990852
0.995527
0.99792
0.99908
0.999614
0.999846
0.999942
0.999979
0.999993
0.999998
0.999999
1
1
1
1
1
1
1
1
1
1
1
1
1
1
1
1
1
1
1
1
1
1
1
1
1
1
1
1
