1
1
1
1
1
1
1
1
1
1
1
1
1
1
1
1
1
1
1
1
1
1
1
1
1
1
1
1
1
1
1
1
1
1
1
1
1
1
1
1
1
1
1
1
1
1
1
1
1
1
1
1
1
1
1
1
1
1
1
1
1
1
1
1
1
1
1
1
1
1
1
1
1
1
1
1
1
1
1
1
1
1
1
1
1
1
1
1
1
1
1
1
1
1
1
1
1
1
1
1
1
1
1
1
1
1
1
1
1
1
1
1
0.999999
0.999999
1
1
1
1
0.999995
0.999985
0.999983
1
1.00005
1.00008
1.00005
0.999913
0.999733
0.999676
0.999938
1.00055
1.00118
1.00119
0.999999
0.99771
0.995542
0.995532
0.999347
1.00668
1.01431
1.01682
1.00923
0.990589
0.966248
0.947342
0.946733
0.972989
1.02515
1.09095
1.14971
1.17873
1.16069
1.08897
0.969059
0.81606
0.649663
0.488763
0.347487
0.233474
0.148261
0.0889784
0.0504601
0.0270324
0.0136738
0.00652662
0.00293711
0.00124493
0.000496393
0.000185922
6.53018e-05
2.14658e-05
6.58878e-06
1.88346e-06
4.99897e-07
1.22758e-07
2.77775e-08
5.76423e-09
1.09084e-09
1.87006e-10
2.88107e-11
3.95012e-12
4.76148e-13
4.96842e-14
4.39731e-15
3.21004e-16
1.8559e-17
7.96848e-19
2.25896e-20
3.1717e-22
4.26252e-81
-1.38507e-79
-1.50233e-79
1.66679e-78
3.08761e-78
-1.88296e-77
-5.23846e-77
1.96108e-76
7.94238e-76
-1.81327e-75
-1.10828e-74
1.34582e-74
1.44084e-73
-4.75056e-74
-1.75169e-72
-8.51165e-73
1.98657e-71
2.62888e-71
-2.0818e-70
-4.77511e-70
1.97307e-69
7.11299e-69
-1.60793e-68
-9.3722e-68
9.60368e-68
1.12104e-66
-4.46222e-68
-1.2258e-65
-1.07542e-65
1.21836e-64
2.28511e-64
-1.07696e-63
-3.42905e-63
7.98228e-63
4.3327e-62
-4.01812e-62
-4.83337e-61
-6.92326e-62
4.8148e-60
5.53243e-60
-4.23755e-59
-9.79788e-59
3.15663e-58
1.28292e-57
-1.71998e-57
-1.41502e-56
1.45406e-57
1.35772e-55
1.32047e-55
-1.12695e-54
-2.45253e-54
7.70197e-54
3.09436e-53
-3.56323e-53
-3.19001e-52
-3.96779e-53
2.7918e-51
3.53096e-51
-2.04194e-50
-5.42754e-50
1.13363e-49
5.97711e-49
-2.62651e-49
-5.3599e-48
-4.16871e-48
3.96301e-47
8.20974e-47
-2.25698e-46
-9.4271e-46
6.70293e-46
8.38266e-45
5.03196e-45
-5.99431e-44
-1.14364e-43
3.22508e-43
1.29012e-42
-8.31918e-43
-1.08676e-41
-7.66865e-42
7.14416e-41
1.49534e-40
-3.31618e-40
-1.52722e-39
3.96522e-40
1.15143e-38
1.24607e-38
-6.4928e-38
-1.74605e-37
2.17405e-37
1.50157e-36
5.50036e-37
-9.46557e-36
-1.66971e-35
4.03559e-35
1.66717e-34
-3.3984e-35
-1.13629e-33
-1.3733e-33
5.36487e-33
1.63357e-32
-1.06873e-32
-1.17566e-31
-1.01997e-31
5.77352e-31
1.45649e-30
-1.38366e-30
-1.07563e-29
-7.48664e-30
5.24667e-29
1.21066e-28
-1.25106e-28
-8.81356e-28
-6.0089e-28
4.07631e-27
9.48259e-27
-8.30994e-27
-6.46775e-26
-5.29558e-26
2.68295e-25
6.93508e-25
-3.56799e-25
-4.18993e-24
-4.62239e-24
1.4415e-23
4.60362e-23
-9.52425e-25
-2.32046e-22
-3.60339e-22
5.71224e-22
2.65816e-21
1.47201e-21
-1.03373e-20
-2.34946e-20
1.06526e-20
1.25995e-19
1.54716e-19
-3.21294e-19
-1.21789e-18
-5.57322e-19
4.45131e-18
9.7369e-18
-3.166e-18
-4.67948e-17
-6.41698e-17
8.89216e-17
4.13618e-16
3.27918e-16
-1.12395e-15
-3.20375e-15
-9.55591e-16
1.09296e-14
2.22536e-14
-3.97454e-15
-9.10604e-14
-1.41046e-13
9.48527e-14
6.79469e-13
8.30464e-13
-9.90558e-13
-4.65443e-12
-4.64905e-12
7.93477e-12
2.9742e-11
2.55247e-11
-5.39542e-11
-1.79125e-10
-1.42193e-10
3.21271e-10
1.02173e-09
8.20988e-10
-1.67951e-09
-5.5121e-09
-4.87751e-09
7.52915e-09
2.78793e-08
2.88605e-08
-2.68133e-08
-1.29862e-07
-1.63243e-07
5.50119e-08
5.40111e-07
8.49374e-07
1.57992e-07
-1.89413e-06
-3.91806e-06
-2.56118e-06
4.8629e-06
1.53082e-05
1.71155e-05
-3.77197e-06
-4.66955e-05
-7.97085e-05
-4.65402e-05
8.71368e-05
0.000266898
0.000324294
6.21203e-05
-0.000548529
-0.00118223
-0.00119227
1.05864e-06
0.00229029
0.00445815
0.00446834
0.000652969
-0.0066846
-0.0143141
-0.016816
-0.00923464
0.00941146
0.0337522
0.0526575
0.0532666
0.027011
-0.025147
-0.0909509
-0.149707
-0.178727
-0.160691
-0.0889691
0.0309413
0.18394
0.350337
0.511237
0.652513
0.766526
0.851739
0.911022
0.94954
0.972968
0.986326
0.993473
0.997063
0.998755
0.999504
0.999814
0.999935
0.999979
0.999993
0.999998
1
1
1
1
1
1
1
1
1
1
1
1
1
1
1
1
1
1
1
1
1
1
1
1
1
1
1
1
1
1
1
1
1
1
1
1
1
1
1
1
1
1
1
1
1
1
1
1
1
1
1
1
1
1
1
1
1
1
1
1
1
1
1
1
1
1
1
1
1
1
1
1
1
1
1
1
1
1
1
1
1
1
1
1
