1
1
1
1
1
1
1
1
1
1
1
1
1
1
1
1
1
1
1
1
1
1
1
1
1
1
1
1
1
1
1
1
1
1
1
1
1
1
1
1
1
1
1
1
1
1
1
1
1
1
1
1
1
1
0.999999
0.999999
0.999999
1
1
1
0.999997
0.999988
0.999987
1
1.00003
1.00005
1.00002
0.999941
0.999862
0.999876
1.00004
1.00031
1.00046
1.00025
0.999611
0.998863
0.998647
0.999534
1.00147
1.00346
1.00386
1.00141
0.996326
0.990948
0.988958
0.993459
1.00469
1.01878
1.0286
1.02678
1.00961
0.979976
0.947594
0.926128
0.928082
0.959588
1.01723
1.0882
1.15367
1.19412
1.19459
1.14822
1.05724
0.931455
0.785115
0.633396
0.48943
0.362513
0.257588
0.175723
0.115169
0.072563
0.043975
0.0256454
0.0143977
0.00778386
0.00405343
0.00203356
0.000982987
0.000457853
0.000205492
8.88656e-05
3.70255e-05
1.48604e-05
5.74432e-06
2.13804e-06
7.66006e-07
2.6408e-07
8.75692e-08
2.79178e-08
8.55272e-09
2.51636e-09
7.10577e-10
1.92451e-10
4.99535e-11
1.24161e-11
2.95244e-12
6.7098e-13
1.45625e-13
3.02225e-14
5.9128e-15
7.26172e-16
-1.841e-16
9.09645e-16
2.37076e-15
-8.67466e-17
-8.04806e-15
-9.69913e-15
1.43406e-14
4.97244e-14
1.71025e-14
-1.36847e-13
-2.31459e-13
1.25904e-13
8.83205e-13
7.86927e-13
-1.62838e-12
-4.56271e-12
-1.3603e-12
1.15711e-11
1.994e-11
-5.63679e-12
-6.48102e-11
-7.55499e-11
7.37427e-11
3.14498e-10
2.51585e-10
-4.86257e-10
-1.38448e-09
-7.48454e-10
2.52069e-09
5.69865e-09
2.0855e-09
-1.1308e-08
-2.24185e-08
-6.22249e-09
4.54445e-08
8.54627e-08
2.4063e-08
-1.65093e-07
-3.16708e-07
-1.19239e-07
5.36115e-07
1.13031e-06
6.22124e-07
-1.49432e-06
-3.79999e-06
-3.00087e-06
3.17523e-06
1.16072e-05
1.27255e-05
-2.61183e-06
-3.03391e-05
-4.61413e-05
-1.82307e-05
5.94543e-05
0.000137682
0.000124145
-4.48517e-05
-0.000310435
-0.000462217
-0.00024968
0.000389118
0.00113693
0.00135317
0.000466119
-0.00146991
-0.00345661
-0.0038625
-0.001405
0.00367376
0.00905154
0.0110416
0.00654064
-0.00468896
-0.0187756
-0.0285986
-0.0267817
-0.00961439
0.0200236
0.0524059
0.073872
0.0719183
0.0404123
-0.0172296
-0.0881952
-0.153668
-0.194121
-0.194588
-0.148219
-0.057242
0.0685451
0.214885
0.366604
0.51057
0.637487
0.742412
0.824277
0.884831
0.927437
0.956025
0.974355
0.985602
0.992216
0.995947
0.997966
0.999017
0.999542
0.999795
0.999911
0.999963
0.999985
0.999994
0.999998
0.999999
1
