5.42826e-07
3.68373e-08
1.22338e-09
-9.88044e-164
6.57626e-162
-3.69448e-160
1.77351e-158
-7.33383e-157
2.62402e-155
-8.12948e-154
2.17262e-152
-4.95655e-151
9.4346e-150
-1.42173e-148
1.44672e-147
-1.67399e-147
-3.12588e-145
7.76218e-144
-1.04089e-142
5.69597e-142
9.35756e-141
-2.85614e-139
3.44861e-138
-9.52866e-138
-4.1923e-136
8.08415e-135
-5.6354e-134
-3.91509e-133
1.34212e-131
-1.22662e-130
-2.3603e-130
1.86343e-128
-1.88085e-127
-1.31306e-127
2.335e-125
-2.28315e-124
-2.68366e-124
2.68977e-122
-2.23544e-121
-6.85893e-121
2.78105e-119
-1.68903e-118
-1.19811e-117
2.46389e-116
-8.23653e-116
-1.50079e-114
1.75643e-113
8.95067e-115
-1.40019e-111
8.99213e-111
4.95686e-110
-9.65775e-109
2.10641e-108
5.61565e-107
-4.56103e-106
-1.34403e-105
3.71124e-104
-1.00374e-103
-1.85629e-102
1.5025e-101
4.34022e-101
-1.08623e-99
2.17941e-99
5.27802e-98
-3.36927e-97
-1.55943e-96
2.4079e-95
-7.42728e-96
-1.21731e-93
4.63599e-93
4.48076e-92
-3.73679e-91
-9.54221e-91
2.05208e-89
-1.74572e-89
-8.79427e-88
3.252e-87
2.95816e-86
-2.17759e-85
-6.91313e-85
1.07373e-83
2.44387e-84
-4.35474e-82
8.79665e-82
1.49353e-80
-6.4713e-80
-4.27348e-79
3.21293e-78
9.38664e-78
-1.31256e-76
-9.79148e-77
4.67788e-75
-4.30257e-75
-1.48879e-73
3.65143e-73
4.26517e-72
-1.75011e-71
-1.09617e-70
6.77187e-70
2.47985e-69
-2.30304e-68
-4.67249e-68
7.12968e-67
5.97244e-67
-2.04677e-65
2.47292e-66
5.51174e-64
-5.22394e-64
-1.40349e-62
2.38358e-62
3.40024e-61
-8.17536e-61
-7.87876e-60
2.42944e-59
1.75443e-58
-6.56615e-58
-3.7721e-57
1.65142e-56
7.86845e-56
-3.91459e-55
-1.60031e-54
8.81432e-54
3.18924e-53
-1.89471e-52
-6.25684e-52
3.90065e-51
1.21297e-50
-7.70513e-50
-2.32917e-49
1.46152e-48
4.43223e-48
-2.66139e-47
-8.34616e-47
4.64656e-46
1.55039e-45
-7.75896e-45
-2.82895e-44
1.2342e-43
5.0459e-43
-1.85857e-42
-8.75413e-42
2.62364e-41
1.47005e-40
-3.41419e-40
-2.37817e-39
3.9657e-39
3.68895e-38
-3.80346e-38
-5.45968e-37
2.20784e-37
7.66665e-36
1.75188e-36
-1.0144e-34
-9.06691e-35
1.25281e-33
2.04896e-33
-1.42371e-32
-3.61031e-32
1.45229e-31
5.48593e-31
-1.26233e-30
-7.42738e-30
8.01109e-30
9.05147e-29
-6.8559e-30
-9.90707e-28
-8.60206e-28
9.59918e-27
1.83227e-26
-7.94082e-26
-2.64386e-25
5.0755e-25
3.09582e-24
-1.50551e-24
-3.06166e-23
-2.01416e-23
2.54122e-22
4.70043e-22
-1.67273e-21
-6.00662e-21
6.9141e-21
5.81333e-20
1.52561e-20
-4.45405e-19
-6.82016e-19
2.55867e-18
8.46923e-18
-7.89379e-18
-7.21564e-17
-4.03608e-17
4.51242e-16
8.96616e-16
-1.80093e-15
-8.45583e-15
-2.95543e-16
5.3337e-14
7.89355e-14
-2.10402e-13
-7.82219e-13
6.84564e-14
4.58939e-12
6.57269e-12
-1.51672e-11
-5.87501e-11
-1.16826e-11
2.83874e-10
5.0829e-10
-5.83771e-10
-3.38117e-09
-2.74882e-09
1.09927e-08
3.04174e-08
2.57519e-09
-1.25156e-07
-2.21831e-07
1.29242e-07
1.09553e-06
1.39341e-06
-1.6723e-06
-7.99066e-06
-8.16765e-06
1.29627e-05
5.04221e-05
4.8701e-05
-7.03484e-05
-0.000276829
-0.000300398
0.000237141
0.0012738
0.00175173
5.86381e-06
-0.0043715
-0.0083787
-0.00596707
0.00721798
0.0270066
0.0382081
0.0218926
-0.0295755
-0.100171
-0.151818
-0.141969
-0.0466881
0.126049
0.341019
0.553824
0.729965
0.854571
0.930669
0.97093
0.989369
0.996645
0.999099
0.999798
0.999963
0.999995
0.999999
1
1
1
1
1
1
1
1
1
1
1
1
1
1
1
1
1
1
1
1
1
1
1
1
1
1
1
1
1
1
1
1
1
1
1
1
1
1
1
1
1
1
1
1
1
1
1
1
1
1
1
1
1
1
1
1
1
1
1
1
1
1
1
1
1
1
1
1
1
1
1
1
1
1
1
1
1
1
1
1
1
1
1
1
1
1
1
1
1
1
1
1
1
1
1
1
1
1
1
1
1
1
1
1
1
1
1
1
1
1
1
1
1
1
1
1
1
1
1
1
1
1
1
1
1
1
1
1
1
1
1
1
1
1
1
1
1
1
1
1
1
1
1
1
1
1
1
1
1
1
1
1
1
1
1
1
1
1
1
1
1
1
1
1
1
1
1
1
1
1
1
1
1
1
1
1
1
1
1
1
1
1
1
1
1
1
1
1
1
1
1
1
1
1
1
1
1
1
1
1
1
1
1
1
1
1
1
1
1
1
1
1
1
1
1
0.999999
0.999999
1
1.00001
1.00001
0.999987
0.99995
0.999951
1.00007
1.00028
1.0003
0.999763
0.998726
0.998248
0.999994
1.00437
1.00838
1.00597
0.992782
0.972993
0.961792
0.978107
1.02958
1.10017
1.15182
1.14197
1.04669
0.873951
0.658981
0.446176
0.270035
0.145429
0.0693315
0.0290696
0.010631
0.00335468
0.000900523
0.000201722
3.67063e-05
5.21475e-06
