0
0
0
0
0
0
0
0
0
-3.19693e-57
8.17806e-55
-1.01459e-52
8.12729e-51
-4.72095e-49
2.11706e-47
-7.61768e-46
2.25635e-44
-5.59897e-43
1.17804e-41
-2.11821e-40
3.26881e-39
-4.33216e-38
4.91315e-37
-4.72242e-36
3.76978e-35
-2.3923e-34
1.07331e-33
-1.77522e-33
-2.06966e-32
2.29749e-31
-1.1472e-30
1.64104e-30
2.01351e-29
-1.6633e-28
4.64263e-28
1.36992e-27
-1.70223e-26
4.99002e-26
1.26226e-25
-1.45884e-24
3.11839e-24
1.47357e-23
-9.95193e-23
5.97372e-23
1.36725e-21
-4.37012e-21
-9.10439e-21
7.93163e-20
-3.8823e-20
-9.28573e-19
2.01868e-18
7.77745e-18
-3.3347e-17
-4.30701e-17
3.95212e-16
4.76602e-17
-3.87044e-15
2.41171e-15
3.3367e-14
-3.83254e-14
-2.6382e-13
3.94302e-13
1.97168e-12
-3.23277e-12
-1.41961e-11
2.2114e-11
9.8893e-11
-1.24601e-10
-6.58855e-10
5.26197e-10
4.09606e-09
-9.58429e-10
-2.29521e-08
-9.34095e-09
1.10411e-07
1.28946e-07
-4.17987e-07
-9.52325e-07
9.55578e-07
4.97404e-06
1.2515e-06
-1.81865e-05
-2.54476e-05
3.5945e-05
0.000133557
5.06089e-05
-0.000364571
-0.000659095
0.000150503
0.0021065
0.00276362
-0.00125612
-0.00896361
-0.0116115
0.00125128
0.0277873
0.0461494
0.0268353
-0.0397095
-0.124152
-0.168662
-0.121913
0.0283737
0.249594
0.486015
0.688742
0.833779
0.921958
0.967918
0.988517
0.996449
0.999061
0.99979
0.999961
0.999994
0.999999
1
1
1
1
1
1
1
1
1
1
1
1
1
1
1
1
1
1
1
1
1
1
1
1
1
1
1
1
1
1
1
1
1
1
1
1
1
1
1
1
1
1
1
1
1
1
1
1
1
1
1
1
1
1
1
1
1
1
1
1
1
1
1
1
1
1
1
1
1
1
1
1
1
1
1
1
1
1
1
1
1
1
1
1
1
1
1
1
1
1
0.999999
0.999995
0.999999
1.00002
1.00003
0.999964
0.999866
0.999949
1.00036
1.00066
0.999849
0.997894
0.997236
1.00126
1.00896
1.01161
0.998749
0.972213
0.953851
0.973165
1.03971
1.12415
1.16866
1.12191
0.971626
0.750406
0.513985
0.311258
0.166221
0.078042
0.0320819
0.0114826
0.00355119
0.000939343
0.000209614
3.87251e-05
5.7678e-06
6.65862e-07
5.59329e-08
3.04254e-09
8.04707e-11
0
0
0
0
0
0
0
0
0
