1
0.999999
0.999997
0.999997
1
1.00001
1.00001
0.999984
0.99995
0.999958
1.00005
1.00017
1.00018
0.999918
0.999489
0.99931
0.999875
1.00118
1.00228
1.0017
0.998658
0.994457
0.992542
0.996478
1.00668
1.0183
1.02253
1.01173
0.985561
0.954074
0.93482
0.94458
0.989862
1.0614
1.13585
1.18402
1.18158
1.11744
0.996391
0.835966
0.659655
0.489751
0.342345
0.225485
0.140038
0.0820551
0.0453828
0.0236987
0.0116857
0.00544079
0.00239138
0.000991855
0.00038799
0.000143037
4.96524e-05
1.62114e-05
4.97195e-06
1.43021e-06
3.85197e-07
9.69381e-08
2.2742e-08
4.9605e-09
1.00289e-09
1.87274e-10
3.21674e-11
5.05817e-12
7.24051e-13
9.37236e-14
1.08831e-14
1.12262e-15
1.01626e-16
7.94956e-18
5.26492e-19
2.87207e-20
1.2265e-21
-3.83689e-23
3.99147e-23
4.75565e-22
-3.48368e-23
-2.74943e-21
-1.068e-21
1.48494e-20
1.35081e-20
-7.34124e-20
-1.1385e-19
3.2059e-19
7.9021e-19
-1.14014e-18
-4.75746e-18
2.41183e-18
2.51193e-17
6.80321e-18
-1.14881e-16
-1.21977e-16
4.3512e-16
9.18538e-16
-1.18112e-15
-5.11306e-15
6.00038e-16
2.26175e-14
1.8648e-14
-7.69025e-14
-1.52302e-13
1.60504e-13
7.74082e-13
1.71973e-13
-2.82752e-12
-3.71374e-12
6.58054e-12
2.11637e-11
2.3993e-14
-7.6217e-11
-8.97581e-11
1.58917e-10
5.01499e-10
7.98963e-11
-1.57107e-09
-2.25408e-09
2.17258e-09
9.99107e-09
6.40572e-09
-2.21528e-08
-4.94006e-08
-1.855e-09
1.42039e-07
2.04998e-07
-1.10633e-07
-7.29913e-07
-7.59055e-07
8.47784e-07
3.26863e-06
2.708e-06
-4.23963e-06
-1.3304e-05
-1.01599e-05
1.63386e-05
5.00083e-05
4.16052e-05
-4.77819e-05
-0.00017147
-0.000175635
8.16209e-05
0.000510755
0.000690074
0.000124903
-0.00117524
-0.00227906
-0.00169825
0.00134229
0.00554261
0.00745794
0.00352238
-0.00668216
-0.0182962
-0.0225283
-0.0117301
0.014439
0.0459257
0.0651802
0.0554204
0.0101379
-0.0614
-0.135851
-0.184019
-0.181585
-0.117442
0.00360868
0.164034
0.340345
0.510249
0.657655
0.774515
0.859962
0.917945
0.954617
0.976301
0.988314
0.994559
0.997609
0.999008
0.999612
0.999857
0.99995
0.999984
0.999995
0.999999
1
1
1
1
1
1
1
1
1
1
1
1
1
1
1
1
1
1
1
1
1
1
1
1
1
1
1
1
1
1
1
1
1
1
1
1
1
1
1
1
1
1
1
1
1
1
1
1
1
1
1
1
1
1
1
1
1
1
1
1
1
1
1
1
1
1
1
1
1
1
