3.56096e-06
1.33621e-08
-6.72759e-06
-1.16734e-05
-7.74709e-06
8.05257e-06
2.82649e-05
3.49911e-05
1.07807e-05
-4.33204e-05
-9.58225e-05
-9.45538e-05
-2.44717e-06
0.000158174
0.000288188
0.000252139
-2.6364e-05
-0.000465668
-0.000803688
-0.000708881
-2.22759e-06
0.00112784
0.00208118
0.00207866
0.000622886
-0.002038
-0.00475106
-0.00581725
-0.00382186
0.00141267
0.00827331
0.013632
0.0140243
0.00733446
-0.00575355
-0.0213039
-0.0330842
-0.0347409
-0.0224348
0.00310387
0.0359961
0.0664704
0.0836307
0.0788429
0.0486221
-0.00390806
-0.0694117
-0.134409
-0.184343
-0.206739
-0.193638
-0.142799
-0.0575479
0.0544544
0.183071
0.317645
0.448645
0.568732
0.673216
0.75997
0.828985
0.881744
0.920592
0.948196
0.967151
0.979746
0.987853
0.992912
0.995975
0.997774
0.998802
0.999372
0.999679
0.999841
0.999923
0.999964
0.999983
0.999992
0.999997
0.999999
0.999999
1
1
1
1
1
1
1
1
1
1
1
1
1
1
1
1
1
1
1
1
1
1
1
1
1
1
1
1
1
1
1
1
1
1
1
1
1
1
1
1
1
1
1
1
1
0.999999
0.999997
0.999996
1
1.00001
1.00001
1.00001
0.999992
0.999972
0.999965
0.999989
1.00004
1.0001
1.00009
1
0.999842
0.999712
0.999748
1.00003
1.00047
1.0008
1.00071
1
0.998872
0.997919
0.997921
0.999377
1.00204
1.00475
1.00582
1.00382
0.998587
0.991727
0.986368
0.985976
0.992666
1.00575
1.0213
1.03308
1.03474
1.02243
0.996896
0.964004
0.93353
0.916369
0.921157
0.951378
1.00391
1.06941
1.13441
1.18434
1.20674
1.19364
1.1428
1.05755
0.945546
0.816929
0.682355
0.551355
0.431268
0.326784
0.24003
0.171015
0.118256
0.0794077
0.0518044
0.0328492
0.0202537
0.0121468
0.00708801
0.00402544
0.00222552
0.00119802
0.000628046
0.00032068
0.000159499
7.72844e-05
3.6484e-05
1.67807e-05
7.52011e-06
3.28359e-06
1.39694e-06
5.79021e-07
2.33817e-07
9.19796e-08
3.52453e-08
1.31541e-08
4.78092e-09
1.69186e-09
5.82716e-10
1.95396e-10
6.42499e-11
2.11864e-11
6.47667e-12
-1.77505e-13
-3.08632e-12
-8.65553e-14
8.83015e-12
1.39351e-11
-5.92856e-13
-3.51726e-11
-5.25382e-11
4.24191e-12
1.32893e-10
1.96438e-10
-8.02369e-12
-4.73986e-10
-7.27058e-10
-5.25585e-11
1.58453e-09
2.64257e-09
6.46541e-10
-4.88138e-09
-9.30008e-09
-4.2803e-09
1.33848e-08
3.1092e-08
2.20617e-08
-3.01163e-08
-9.63077e-08
-9.60746e-08
4.09729e-08
2.66565e-07
3.6182e-07
6.60488e-08
-6.17049e-07
-1.17461e-06
-7.70913e-07
9.92815e-07
3.19532e-06
