0
0
0
0
0
0
0
0
0
0
0
0
0
0
0
0
0
0
0
0
0
0
0
0
0
0
0
0
0
0
0
0
0
0
0
0
0
0
0
0
0
0
0
0
0
0
0
0
0
0
0
-4.43173e-14
2.64576e-12
-6.86988e-11
9.96365e-10
-8.44977e-09
3.67607e-08
-3.0602e-09
-7.63392e-07
2.5938e-06
5.08382e-06
-4.17269e-05
-8.96448e-06
0.000400988
-9.99661e-06
-0.00287013
-0.00127542
0.0146212
0.0205206
-0.0349726
-0.122657
-0.0906174
0.163165
0.533103
0.82411
0.960111
0.995888
1
1
1
1
1
1
1
1
1
1
1
1
1
1
1
1
1
1
1
1
1
1
1
1
1
1
1
1
1
1
1
1
1
1
1
1
1
1
1
1
1
1
1
1
1
1
1
1
1
1
1
1
1
1
1
1
1
1
1
1
1
1
1
1
1
1
1
1
1
1
1
1
1
1
1
1
1
1
1
1
1
1
1
1
1
1
1
1
1
1
1
1
1
1
1
1
1
1
1
1
1
1
1
1
1
1
1
1
1
1
0.999997
0.999995
1.00004
1.00001
0.999599
1.00001
1.00287
1.00128
0.985379
0.979479
1.03497
1.12266
1.09062
0.836835
0.466897
0.17589
0.0398886
0.00411206
0
0
0
0
0
0
0
0
0
0
0
0
0
0
0
0
0
0
0
0
0
0
0
0
0
0
0
0
0
0
0
0
0
0
0
0
0
0
0
0
0
0
0
0
0
0
0
0
0
0
0
