0.995513
0.994034
0.998212
1.00812
1.01788
1.01783
1.00127
0.971778
0.945017
0.941982
0.976572
1.0449
1.1234
1.17747
1.176
1.10409
0.967748
0.78964
0.59932
0.423172
0.278114
0.170221
0.0970654
0.0515788
0.0255399
0.0117809
0.00505938
0.00202116
0.000750199
0.00025833
8.23737e-05
2.42684e-05
6.58819e-06
1.64276e-06
3.74815e-07
7.79012e-08
1.46699e-08
2.48697e-09
3.76607e-10
5.04569e-11
5.90968e-12
5.9588e-13
5.06898e-14
3.53815e-15
1.94603e-16
7.90959e-18
2.1124e-19
2.78104e-21
3.41824e-31
1.24201e-28
-8.93979e-29
-1.0569e-27
1.40806e-27
8.39453e-27
-1.60301e-26
-6.31652e-26
1.55778e-25
4.56848e-25
-1.36525e-24
-3.22423e-24
1.1067e-23
2.25397e-23
-8.40659e-23
-1.58024e-22
6.02101e-22
1.11809e-21
-4.07094e-21
-7.967e-21
2.58925e-20
5.66208e-20
-1.53509e-19
-3.95744e-19
8.33264e-19
2.67921e-18
-3.99433e-18
-1.73123e-17
1.54703e-17
1.05241e-16
-3.3032e-17
-5.9243e-16
-1.59924e-16
3.0252e-15
2.74173e-15
-1.35552e-14
-2.30998e-14
4.97026e-14
1.48695e-13
-1.18359e-13
-7.86281e-13
-1.22246e-13
3.41099e-12
3.59721e-12
-1.13776e-11
-2.60458e-11
2.1769e-11
1.28005e-10
4.48299e-11
-4.54917e-10
-6.64373e-10
9.83176e-10
3.57258e-09
5.53681e-10
-1.20766e-08
-1.64564e-08
2.1196e-08
8.17387e-08
3.41834e-08
-2.19467e-07
-3.97048e-07
1.48317e-07
1.40679e-06
1.50349e-06
-1.98564e-06
-7.11515e-06
-4.74271e-06
1.24872e-05
3.12481e-05
1.44143e-05
-5.79907e-05
-0.000125817
-5.51004e-05
0.000213915
0.000472557
0.000278509
-0.000598814
-0.00160479
-0.00142228
0.000925016
0.0044865
0.00596583
0.00178772
-0.0081154
-0.0178777
-0.0178252
-0.00126643
0.0282225
0.0549833
0.0580179
0.0234279
-0.0449005
-0.1234
-0.177465
-0.176003
-0.104093
0.0322522
0.21036
0.40068
0.576828
0.721886
0.829779
0.902935
0.948421
0.97446
0.988219
0.994941
0.997979
0.99925
0.999742
0.999918
0.999976
0.999993
0.999998
1
1
1
1
1
1
1
1
1
1
1
1
1
1
1
1
1
1
1
1
1
1
1
1
1
1
1
1
1
1
1
1
1
1
1
1
1
1
1
1
1
1
1
1
1
1
1
1
1
1
1
1
1
1
1
1
1
1
1
1
1
1
1
1
1
1
1
1
1
1
1
1
1
1
1
1
0.999999
0.999998
1
1.00001
1
0.999988
0.999969
0.999986
1.00006
1.00013
1.00006
0.999786
0.999527
0.999721
1.0006
1.0016
1.00142
0.999075
