1.00049
1.00161
1.00169
0.999598
0.995926
0.993667
0.996607
1.00578
1.0166
1.0199
1.00767
0.980407
0.950544
0.938145
0.960046
1.01854
1.09664
1.16327
1.18574
1.14297
1.03297
0.871891
0.686415
0.504007
0.345316
0.2209
0.132013
0.0737314
0.0384938
0.0187852
0.00856658
0.0036487
0.00145032
0.000537439
0.000185416
5.94569e-05
1.76859e-05
4.86852e-06
1.23678e-06
2.88992e-07
6.18719e-08
1.20816e-08
2.14005e-09
3.4164e-10
4.87691e-11
6.16552e-12
6.82053e-13
6.50149e-14
5.23299e-15
3.45891e-16
1.80297e-17
6.95026e-19
1.76176e-20
2.20295e-22
-2.29304e-27
2.14595e-27
1.78816e-26
-2.28477e-26
-1.34468e-25
2.07539e-25
9.84557e-25
-1.69372e-24
-7.07176e-24
1.2682e-23
5.00575e-23
-8.77594e-23
-3.49535e-22
5.59989e-22
2.40094e-21
-3.25232e-21
-1.61248e-20
1.66452e-20
1.04975e-19
-6.88692e-20
-6.55536e-19
1.56939e-19
3.8783e-18
8.40056e-19
-2.14062e-17
-1.56057e-17
1.07885e-16
1.45347e-16
-4.78957e-16
-1.05464e-15
1.73151e-15
6.46395e-15
-3.82828e-15
-3.40404e-14
-8.34444e-15
1.51823e-13
1.64633e-13
-5.41346e-13
-1.20728e-12
1.24954e-12
6.32262e-12
8.53585e-13
-2.51881e-11
-2.89728e-11
6.99869e-11
1.87338e-10
-6.47202e-11
-7.76487e-10
-6.40371e-10
2.07544e-09
4.72468e-09
-1.57754e-09
-1.81286e-08
-1.72604e-08
3.79882e-08
1.04837e-07
1.65587e-08
-3.04697e-07
-4.62268e-07
2.79157e-07
1.74694e-06
1.66264e-06
-2.55157e-06
-8.30486e-06
-5.30063e-06
1.41591e-05
3.51707e-05
1.76899e-05
-6.03853e-05
-0.000137812
-7.40339e-05
0.000203837
0.000500152
0.000363573
-0.000493275
-0.00160609
-0.00168723
0.000401839
0.00407379
0.00633347
0.00339255
-0.00578062
-0.0166027
-0.0199027
-0.00767196
0.0195928
0.0494557
0.0618549
0.0399538
-0.0185395
-0.0966434
-0.163273
-0.185741
-0.142968
-0.0329691
0.128109
0.313585
0.495993
0.654684
0.7791
0.867987
0.926269
0.961506
0.981215
0.991433
0.996351
0.99855
0.999463
0.999815
0.999941
0.999982
0.999995
0.999999
1
1
1
1
1
1
1
1
1
1
1
1
1
1
1
1
1
1
1
1
1
1
1
1
1
1
1
1
1
1
1
1
1
1
1
1
1
1
1
1
1
1
1
1
1
1
1
1
1
1
1
1
1
1
1
1
1
1
1
1
1
1
1
1
1
1
1
1
1
1
1
1
1
1
1
0.999998
0.999998
1
1.00001
1.00001
0.999986
0.999965
0.999982
1.00006
1.00014
1.00007
0.999796
0.9995
0.999636
