1
1
1
1
1
1
1
1
1
1
1
1
1
1
1
1
1
1
1
1
1
1
1
1
1
1
1
1
1
1
1
1
1
1
1
1
1
1
1
1
1
1
1
1
1
1
1
1
1
1
1
1
1
1
1
1
1
1
1
1
1
1
1
1
1
1
1
1
1
1
0.999999
0.999993
0.999989
0.999997
1.00002
1.00005
1.00004
0.999953
0.99982
0.999768
0.999968
1.00045
1.00094
1.00083
0.999633
0.997594
0.996075
0.997099
1.00189
1.00917
1.01452
1.01212
0.998414
0.975971
0.954719
0.948805
0.969792
1.01942
1.08593
1.14643
1.17456
1.15006
1.06589
0.930038
0.761831
0.585044
0.42093
0.283643
0.178957
0.105677
0.0583765
0.0301433
0.0145347
0.00653628
0.00273698
0.0010651
0.000384313
0.00012822
3.94272e-05
1.11309e-05
2.87203e-06
6.73625e-07
1.42694e-07
2.70861e-08
4.56309e-09
6.74096e-10
8.5992e-11
9.28252e-12
8.2462e-13
5.78934e-14
3.01225e-15
1.03278e-16
1.75048e-18
-6.80647e-94
2.43031e-92
1.48517e-92
-4.36173e-91
-3.23662e-91
7.69239e-90
6.95618e-90
-1.332e-88
-1.46355e-88
2.26222e-87
3.00265e-87
-3.76347e-86
-5.99586e-86
6.12316e-85
1.16441e-84
-9.72386e-84
-2.19862e-83
1.50346e-82
4.036e-82
-2.25594e-81
-7.20249e-81
3.27061e-80
1.24933e-79
-4.55267e-79
-2.10573e-78
6.02643e-78
3.44693e-77
-7.46406e-77
-5.47556e-76
8.38356e-76
8.43169e-75
-7.91617e-75
-1.2567e-73
4.65418e-74
1.80918e-72
3.49331e-73
-2.50856e-71
-1.93865e-71
3.33668e-70
4.66078e-70
-4.23246e-69
-8.91862e-69
5.07329e-68
1.50993e-67
-5.65857e-67
-2.34741e-66
5.70185e-66
3.40581e-65
-4.83965e-65
-4.64442e-64
2.66579e-64
5.96394e-63
1.20261e-63
-7.19545e-62
-7.02684e-62
8.10065e-61
1.48257e-60
-8.38984e-60
-2.42537e-59
7.76164e-59
3.45124e-58
-5.96417e-58
-4.43353e-57
2.87021e-57
5.20841e-56
1.44855e-56
-5.59746e-55
-6.66942e-55
5.442e-54
1.22117e-53
-4.64371e-53
-1.72921e-52
3.20209e-52
2.10461e-51
-1.23751e-51
-2.27012e-50
-1.01075e-50
2.1765e-49
3.21674e-49
-1.81789e-48
-5.02783e-48
1.23881e-47
6.14053e-47
-5.29282e-47
-6.37305e-46
-1.92239e-46
5.71364e-45
8.04551e-45
-4.32827e-44
-1.21149e-43
2.52265e-43
1.36389e-42
-6.6731e-43
-1.26919e-41
-8.93162e-42
9.85809e-41
1.92006e-40
-6.04247e-40
-2.32659e-39
2.21164e-39
2.17834e-38
8.5389e-39
-1.65207e-37
-2.72224e-37
9.69883e-37
3.34925e-36
-3.32312e-36
-3.00081e-35
-1.29033e-35
2.10313e-34
3.6814e-34
-1.08228e-33
-4.11984e-33
2.46424e-33
3.29671e-32
2.62402e-32
-1.98119e-31
-4.5034e-31
7.65472e-31
4.13568e-30
4.48195e-31
-2.7249e-29
-4.06677e-29
1.23466e-28
4.38515e-28
-1.834e-28
-3.06989e-27
-3.19357e-27
1.4727e-26
4.09714e-26
-3.15901e-26
-2.95287e-25
-2.39278e-25
1.41155e-24
3.48635e-24
-3.09792e-24
-2.47433e-23
-1.91576e-23
1.11289e-22
2.74576e-22
-2.01242e-22
-1.80885e-21
-1.66741e-21
7.13552e-21
1.9805e-20
-6.78704e-21
-1.13104e-19
-1.41433e-19
3.5137e-19
1.25985e-18
2.48999e-19
-5.76658e-18
-1.03752e-17
1.09758e-17
6.65713e-17
5.59755e-17
-2.16304e-16
-6.058e-16
-1.4014e-17
2.66815e-15
4.44127e-15
-4.24249e-15
-2.60194e-14
-2.52757e-14
6.64012e-14
2.15131e-13
9.12962e-14
-7.09077e-13
-1.56044e-12
1.213e-13
6.21992e-12
1.01702e-11
-5.87914e-12
-4.77333e-11
-6.10082e-11
6.59106e-11
3.30935e-10
3.47208e-10
-5.31917e-10
-2.11326e-09
-1.94658e-09
3.52029e-09
1.25664e-08
1.11233e-08
-1.9686e-08
-6.97623e-08
-6.5393e-08
9.15087e-08
3.58874e-07
3.85632e-07
-3.23838e-07
-1.67656e-06
-2.17825e-06
5.52275e-07
6.84093e-06
1.12128e-05
3.16896e-06
-2.25189e-05
-4.99736e-05
-3.86523e-05
4.71986e-05
0.000180063
0.000231809
3.2199e-05
-0.000453745
-0.000937421
-0.000828832
0.000366563
0.00240634
0.00392533
0.00290059
-0.00189333
-0.00916619
-0.0145206
-0.0121213
0.00158587
0.0240293
0.0452806
0.0511949
0.0302082
-0.0194192
-0.0859333
-0.146433
-0.174561
-0.150058
-0.0658902
0.0699621
0.238169
0.414956
0.57907
0.716357
0.821043
0.894323
0.941623
0.969857
0.985465
0.993464
0.997263
0.998935
0.999616
0.999872
0.999961
0.999989
0.999997
0.999999
1
1
1
1
1
1
1
1
1
1
1
1
1
1
1
1
1
1
1
1
1
1
1
1
1
1
1
1
1
1
1
1
1
1
1
1
1
1
1
1
1
1
1
1
1
1
1
1
1
1
1
1
1
1
1
1
1
1
1
1
1
1
1
1
1
1
1
1
1
1
1
1
1
1
1
1
1
1
1
1
1
1
1
1
1
1
1
1
1
1
1
1
1
1
1
1
1
1
1
1
1
1
1
1
1
1
1
1
1
1
1
1
1
1
1
1
1
1
1
1
1
1
1
1
1
1
1
1
1
1
1
1
1
1
