0.00213073
0.00532874
0.00693985
0.00493704
-0.00147927
-0.0108114
-0.0191301
-0.021277
-0.0131549
0.0058018
0.0311889
0.0541522
0.0640015
0.0521065
0.0156114
-0.0405217
-0.104012
-0.158197
-0.186387
-0.176171
-0.122326
-0.0276013
0.0985962
0.242909
0.391179
0.531139
0.654086
0.755415
0.834197
0.892205
0.932771
0.95977
0.976899
0.987271
0.99327
0.996586
0.998339
0.999225
0.999653
0.999851
0.999939
0.999976
0.999991
0.999997
0.999999
1
1
1
1
1
1
1
1
1
1
1
1
1
1
1
1
1
1
1
1
1
1
1
1
1
1
1
1
1
1
1
1
1
1
1
1
1
1
1
1
1
1
1
1
1
1
1
1
1
1
1
1
1
1
1
1
1
1
1
1
1
1
1
1
1
1
1
1
1
1
1
1
1
1
1
1
1
1
1
1
1
1
1
1
1
1
1
1
1
1
1
1
1
1
1
1
1
1
1
1
1
1
1
1
1
1
1
1
1
1
1
1
1
1
1
1
1
1
1
1
1
1
1
1
1
1
1
1
1
1
1
1
1
1
1
1
1
1
1
1
1
1
1
1
1
1
1
1
1
1
1
1
1
1
1
1
1
1
1
1
1
1
1
1
1
1
1
1
1
1
1
1
1
1
1
1
1
1
1
1
1
1
1
1
1
1
1
1
0.999999
0.999997
0.999998
1
1.00001
1.00001
1.00001
0.999986
0.999962
0.999957
0.999994
1.00008
1.00016
1.00015
0.999995
0.9997
0.999429
0.99945
0.999977
1.00095
1.00189
1.00202
1.00068
0.997869
0.994671
0.99306
0.995063
1.00148
1.01081
1.01913
1.02128
1.01315
0.994198
0.968811
0.945848
0.935998
0.947893
0.984389
1.04052
1.10401
1.1582
1.18639
1.17617
1.12233
1.0276
0.901404
0.757091
0.608821
0.468861
0.345914
0.244585
0.165803
0.107795
0.0672293
0.0402302
0.0231008
0.0127291
0.00673038
0.00341428
0.00166145
0.000775315
0.000346831
0.000148667
6.10297e-05
2.39791e-05
9.01136e-06
3.23647e-06
1.10992e-06
3.63099e-07
1.13186e-07
3.35786e-08
9.46771e-09
2.5333e-09
6.42185e-10
1.53942e-10
3.48242e-11
7.41692e-12
1.4834e-12
2.77792e-13
4.85479e-14
7.88826e-15
1.18654e-15
1.64405e-16
2.08623e-17
2.40798e-18
2.50751e-19
2.33248e-20
1.91441e-21
1.36491e-22
8.28165e-24
4.15803e-25
1.65856e-26
4.92788e-28
9.69539e-30
9.47433e-32
1.54818e-58
-3.77399e-58
-1.63452e-57
6.51379e-58
1.28122e-56
1.20349e-56
-7.6936e-56
-1.88064e-55
3.02125e-55
1.74008e-54
1.77237e-55
-1.20177e-53
-1.73465e-53
6.03781e-53
2.01579e-52
-1.43088e-52
-1.57482e-51
-1.16993e-51
9.06697e-51
2.03023e-50
-3.28075e-50
-1.80409e-49
-3.23022e-50
1.14276e-48
1.80143e-48
-4.92253e-48
-1.8546e-47
5.62915e-48
1.26543e-46
1.42914e-46
-5.97569e-46
-1.74706e-45
1.24495e-45
1.26309e-44
1.04094e-44
-6.25817e-44
-1.53699e-43
1.5755e-43
1.15514e-42
7.34078e-43
-5.81323e-42
-1.28413e-41
1.5409e-41
9.7777e-41
5.44108e-41
-4.84847e-40
-1.03065e-39
1.23817e-39
7.69254e-39
4.49959e-39
-3.6385e-38
-7.96638e-38
8.15741e-38
5.61303e-37
4.02851e-37
-2.43856e-36
-5.88114e-36
4.1193e-36
3.76395e-35
3.58254e-35
-1.43066e-34
-4.07493e-34
1.14507e-34
2.28022e-33
2.94801e-33
-7.03437e-33
-2.58783e-32
-5.04524e-33
1.21353e-31
2.15443e-31
-2.59253e-31
-1.46345e-30
-1.05178e-30
5.40303e-30
1.36236e-29
-4.0687e-30
-7.09669e-29
-9.43159e-29
1.80185e-28
7.26598e-28
3.39793e-28
-2.77401e-27
-6.02724e-27
2.74122e-27
3.14338e-26
3.89691e-26
-7.51817e-26
-2.93655e-25
-1.53916e-25
1.0158e-24
2.33118e-24
-4.81293e-25
-1.06474e-23
-1.56096e-23
1.84424e-23
9.51903e-23
8.29317e-23
-2.49196e-22
-7.52143e-22
-2.61364e-22
2.55534e-21
5.33451e-21
-1.01997e-21
-2.24789e-20
-3.41367e-20
2.81731e-20
1.7766e-19
1.96493e-19
-3.29193e-19
-1.29252e-18
-1.00347e-18
2.9977e-18
8.79478e-18
4.39097e-18
-2.37658e-17
-5.66639e-17
-1.49379e-17
1.71098e-16
3.49402e-16
2.43475e-17
-1.14231e-15
-2.08204e-15
1.55756e-16
7.1555e-15
1.20897e-14
-1.9159e-15
-4.23171e-14
-6.88179e-14
1.17972e-14
2.36761e-13
3.84908e-13
-4.25627e-14
-1.25078e-12
-2.11062e-12
-3.7671e-14
6.19844e-12
1.12686e-11
2.25972e-12
-2.84436e-11
-5.79381e-11
-2.44953e-11
1.18008e-10
2.82752e-10
1.90786e-10
-4.2174e-10
-1.28592e-09
-1.23027e-09
1.14066e-09
5.31649e-09
6.83885e-09
-1.00921e-09
-1.92157e-08
-3.30474e-08
-1.35605e-08
5.60392e-08
1.37287e-07
1.21152e-07
-1.00458e-07
-4.73164e-07
-6.52939e-07
-1.36422e-07
1.23008e-06
2.62461e-06
2.21548e-06
-1.58657e-06
-7.82337e-06
-1.14312e-05
-5.10287e-06
1.42847e-05
3.78275e-05
4.29894e-05
5.68316e-06
-7.5081e-05
-0.000155424
-0.000152569
5.32171e-06
0.000300451
0.000571206
0.000550086
2.3008e-05
-0.000948455
-0.00188937
-0.00202161
-0.000677744
