0
0
0
0
0
0
0
0
0
0
0
0
0
0
0
0
0
0
0
0
0
0
1.73991e-143
-7.76966e-141
1.68332e-138
-2.35436e-136
2.38578e-134
-1.86306e-132
1.16378e-130
-5.95546e-129
2.53448e-127
-9.04497e-126
2.71232e-124
-6.79618e-123
1.39797e-121
-2.25949e-120
2.52452e-119
-8.2244e-119
-3.96804e-117
1.06558e-115
-1.39691e-114
6.45167e-114
1.39388e-112
-3.52972e-111
3.42817e-110
3.01399e-110
-5.59685e-108
7.29257e-107
-1.86885e-106
-7.26956e-105
1.09896e-103
-3.62206e-103
-8.89972e-102
1.32426e-100
-3.43523e-100
-1.05651e-98
1.29972e-97
-9.74486e-98
-1.14063e-95
9.95996e-95
2.43736e-94
-1.02813e-92
5.22414e-92
4.71093e-91
-7.13072e-90
8.99321e-90
4.69559e-88
-3.36021e-87
-1.38764e-86
3.01357e-85
-6.43643e-85
-1.60893e-83
1.17148e-82
4.37382e-82
-8.87935e-81
1.27173e-80
4.47718e-79
-2.47501e-78
-1.45556e-77
1.83143e-76
9.52985e-77
-9.47115e-75
2.64529e-74
3.67968e-73
-2.35198e-72
-9.88375e-72
1.32605e-70
7.19042e-71
-5.83976e-69
1.15924e-68
2.10541e-67
-9.48092e-67
-6.13835e-66
4.93113e-65
1.29993e-64
-2.06359e-63
-8.33514e-64
7.4194e-62
-9.74579e-62
-2.35141e-60
6.87336e-60
6.62507e-59
-3.1194e-58
-1.65181e-57
1.16401e-56
3.55922e-56
-3.82943e-55
-6.16231e-55
1.14601e-53
6.20888e-54
-3.17535e-52
9.90508e-53
8.24169e-51
-8.50161e-51
-2.02135e-49
3.34841e-49
4.71792e-48
-1.03997e-47
-1.05449e-46
2.82383e-46
2.26964e-45
-6.96813e-45
-4.72818e-44
1.59201e-43
9.57518e-43
-3.40127e-42
-1.89135e-41
6.83059e-41
3.65125e-40
-1.29204e-39
-6.89196e-39
2.3005e-38
1.27042e-37
-3.84229e-37
-2.28082e-36
5.97656e-36
3.97272e-35
-8.54215e-35
-6.68175e-34
1.09288e-33
1.0794e-32
-1.17874e-32
-1.66501e-31
8.76807e-32
2.43636e-30
1.53308e-31
-3.35572e-29
-2.31682e-29
4.3078e-28
5.97396e-28
-5.08212e-27
-1.12577e-26
5.38561e-26
1.78567e-25
-4.90247e-25
-2.48536e-24
3.40384e-24
3.07439e-23
-8.81618e-24
-3.37352e-22
-2.35011e-22
3.23255e-21
5.6558e-21
-2.5987e-20
-8.22624e-20
1.56425e-19
9.35137e-19
-3.61268e-19
-8.71449e-18
-7.08485e-18
6.55979e-17
1.38594e-16
-3.62268e-16
-1.55714e-15
8.3095e-16
1.29138e-14
1.08057e-14
-7.93371e-14
-1.83994e-13
2.97092e-13
1.65753e-12
3.74229e-13
-1.01444e-11
-1.70137e-11
3.72898e-11
1.56898e-10
1.78578e-11
-8.63383e-10
-1.42195e-09
2.44299e-09
1.12741e-08
5.3999e-09
-4.72197e-08
-1.02306e-07
5.39281e-08
5.53636e-07
6.83659e-07
-1.21893e-06
-4.90168e-06
-3.49454e-06
1.3027e-05
3.58582e-05
1.56594e-05
-9.82976e-05
-0.000229097
-9.16728e-05
0.000556336
0.00130061
0.000781873
-0.00219689
-0.00625265
-0.00619593
0.00364251
0.0217817
0.0342685
0.0202612
-0.03072
-0.101929
-0.149496
-0.124495
-0.00295035
0.198499
0.432357
0.646573
0.807984
0.909728
0.963658
0.987642
0.996516
0.999207
0.99986
0.999982
0.999998
1
1
1
1
1
1
1
1
1
1
1
1
1
1
1
1
1
1
1
1
1
1
1
1
1
1
1
1
1
1
1
1
1
1
1
1
1
1
1
1
1
1
1
1
1
1
1
1
1
1
1
1
1
1
1
1
1
1
1
1
1
1
1
1
1
1
1
1
1
1
1
1
1
1
1
1
1
1
1
1
1
1
1
1
1
1
1
1
1
1
1
1
1
1
1
1
1
1
1
1
1
1
1
1
1
1
1
1
1
1
1
1
1
1
1
1
1
1
1
1
1
1
1
1
1
1
1
1
1
1
1
1
1
1
1
1
1
1
1
1
1
1
1
1
1
1
1
1
1
1
1
1
1
1
1
1
1
1
1
1
1
1
1
1
1
1
1
1
1
1
1
1
1
1
1
1
1
1
1
1
1
1
1
1
1
1
1
1
1
1
1
1
1
1
1
1
1
1
1
1
1
1
1
1
1
1
1
1
1
1
1
1
1
1
1
1
1
1
0.999999
0.999999
1
1
1
0.999987
0.999964
0.999984
1.0001
1.00023
1.00009
0.999444
0.998699
0.999218
1.0022
1.00625
1.0062
0.996357
0.978218
0.965732
0.979739
1.03072
1.10193
1.1495
1.1245
1.00295
0.801501
0.567643
0.353427
0.192016
0.0902719
0.036342
0.0123578
0.00348359
0.000792887
0.000140113
1.80488e-05
1.50854e-06
6.14339e-08
0
0
0
0
0
0
0
0
0
0
0
0
0
0
0
0
0
0
0
0
0
0
