1
1
1
1
1
1
1
1
1
1
1
1
1
1
1
1
1
1
1
0.999999
0.999995
0.999995
1
1.00002
1.00002
0.999994
0.999944
0.999921
0.999988
1.00015
1.00027
1.00016
0.999728
0.999215
0.999168
1.00005
1.00166
1.00283
1.00203
0.99857
0.993855
0.99131
0.994547
1.00447
1.01723
1.02494
1.01953
0.998097
0.966475
0.938593
0.931047
0.955258
1.01104
1.08478
1.15328
1.19143
1.18046
1.11336
0.995977
0.84393
0.677267
0.515025
0.371399
0.254189
0.165241
0.1021
0.0599984
0.0335475
0.017854
0.0090462
0.00436409
0.00200454
0.000876547
0.000364816
0.000144465
5.44054e-05
1.94745e-05
6.62129e-06
2.13658e-06
6.53722e-07
1.89453e-07
5.19421e-08
1.3454e-08
3.28718e-09
7.5628e-10
1.63522e-10
3.31545e-11
6.28781e-12
1.11229e-12
1.82938e-13
2.78714e-14
3.91695e-15
5.05298e-16
5.94974e-17
6.34403e-18
5.83506e-19
6.14614e-20
1.35003e-19
5.74493e-20
-5.66377e-19
-7.24003e-19
1.97739e-18
4.93849e-18
-4.4961e-18
-2.56653e-17
-3.74542e-18
1.06438e-16
1.16027e-16
-3.33278e-16
-8.04018e-16
5.58428e-16
3.79861e-15
1.68757e-15
-1.31338e-14
-2.04805e-14
2.81258e-14
1.081e-13
1.53173e-14
-3.80386e-13
-4.90581e-13
7.9468e-13
2.66951e-12
4.03952e-13
-8.71243e-12
-1.20179e-11
1.43745e-11
5.77983e-11
2.62663e-11
-1.52669e-10
-2.81527e-10
1.09843e-10
1.01707e-09
1.02795e-09
-1.67019e-09
-5.33941e-09
-2.493e-09
1.19384e-08
2.39445e-08
5.94762e-10
-6.54267e-08
-9.66282e-08
3.43698e-08
3.07013e-07
3.68363e-07
-2.3592e-07
-1.29291e-06
-1.39069e-06
1.03589e-06
4.98756e-06
5.35752e-06
-3.25661e-06
-1.76155e-05
-2.09025e-05
5.70215e-06
5.55611e-05
7.90354e-05
1.19621e-05
-0.000146768
-0.000271842
-0.000160982
0.000271552
0.000785266
0.000831633
-5.20789e-05
-0.00165605
-0.00283145
-0.00202764
0.00142993
0.00614468
0.00868996
0.00545286
-0.00446988
-0.0172305
-0.0249382
-0.0195339
0.00190282
0.0335249
0.0614065
0.0689534
0.0447418
-0.011036
-0.0847759
-0.153276
-0.191434
-0.180462
-0.113362
0.00402305
0.15607
0.322733
0.484975
0.628601
0.745811
0.834759
0.8979
0.940002
0.966453
0.982146
0.990954
0.995636
0.997995
0.999123
0.999635
0.999856
0.999946
0.999981
0.999993
0.999998
0.999999
1
1
1
1
1
1
1
1
1
1
1
1
1
1
1
1
1
1
1
1
1
1
1
1
1
1
1
1
1
1
1
1
1
1
1
1
1
1
1
1
1
1
1
1
1
1
1
1
