1.81993e-66
-5.42033e-64
7.86362e-62
-7.40129e-60
5.07815e-58
-2.70557e-56
1.16422e-54
-4.1545e-53
1.25258e-51
-3.23398e-50
7.21998e-49
-1.40334e-47
2.3851e-46
-3.55174e-45
4.63196e-44
-5.27153e-43
5.19421e-42
-4.36404e-41
3.0338e-40
-1.62908e-39
5.3571e-39
6.9892e-39
-2.47179e-37
1.867e-36
-7.16518e-36
-1.63783e-36
2.1171e-34
-1.33743e-33
2.7986e-33
1.64663e-32
-1.54175e-31
4.15175e-31
1.31962e-30
-1.44514e-29
3.48733e-29
1.36118e-28
-1.14325e-27
1.60194e-27
1.41043e-26
-6.95028e-26
-2.17712e-26
1.11397e-24
-2.48782e-24
-9.91519e-24
5.57521e-23
1.73576e-23
-7.45205e-22
1.09148e-21
7.14285e-21
-2.32658e-20
-4.82202e-20
3.12395e-19
1.52594e-19
-3.33367e-18
1.55138e-18
3.05716e-17
-3.62423e-17
-2.51756e-16
4.48354e-16
1.92531e-15
-4.34795e-15
-1.4083e-14
3.61189e-14
1.00909e-13
-2.65009e-13
-7.1703e-13
1.72655e-12
5.03249e-12
-9.83045e-12
-3.42441e-11
4.64948e-11
2.19893e-10
-1.55157e-10
-1.29167e-09
4.30677e-11
6.68878e-09
4.56351e-09
-2.88969e-08
-4.50511e-08
9.22865e-08
2.82964e-07
-1.20804e-07
-1.29037e-06
-8.79534e-07
4.02283e-06
7.89134e-06
-5.19687e-06
-3.39902e-05
-2.55477e-05
7.76246e-05
0.000185262
2.03706e-05
-0.000515764
-0.000811774
0.000194343
0.00243872
0.00333671
-0.000607152
-0.00885382
-0.0134622
-0.00373279
0.0216912
0.0461196
0.0417041
-0.00863489
-0.0908416
-0.159792
-0.162881
-0.070632
0.107395
0.330436
0.549418
0.72841
0.85358
0.929524
0.969792
0.988511
0.996141
0.998863
0.999708
0.999936
0.999988
0.999998
1
1
1
1
1
1
1
1
1
1
1
1
1
1
1
1
1
1
1
1
1
1
1
1
1
1
1
1
1
1
1
1
1
1
1
1
1
1
1
1
1
1
1
1
1
1
1
1
1
1
1
1
1
1
1
1
1
1
1
1
1
1
1
1
1
1
1
1
1
1
1
1
1
1
1
1
1
1
1
1
1
1
1
1
1
1
1
1
1
0.999996
0.999992
1.00001
1.00003
1.00003
0.999922
0.999815
0.99998
1.00052
1.00081
0.999806
0.997561
0.996663
1.00061
1.00885
1.01346
1.00373
0.978309
0.95388
0.958296
1.00863
1.09084
1.15979
1.16288
1.07063
0.892605
0.669564
0.450582
0.27159
0.14642
0.0704762
0.0302081
0.0114892
0.00385877
0.00113722
0.000291657
6.43921e-05
1.20645e-05
1.88156e-06
2.37762e-07
2.33951e-08
1.68218e-09
7.86377e-11
1.79404e-12
