0.99046
0.96
0.941329
0.954984
1.00815
1.08636
1.15696
1.18296
1.13933
1.02302
0.852329
0.657769
0.470065
0.311162
0.190871
0.108532
0.0572106
0.0279522
0.0126519
0.00530073
0.00205319
0.000734088
0.00024178
7.31768e-05
2.02908e-05
5.13602e-06
1.1816e-06
2.45786e-07
4.59358e-08
7.65445e-09
1.12649e-09
1.44688e-10
1.59736e-11
1.48555e-12
1.132e-13
6.78778e-15
3.00384e-16
8.72368e-18
1.24742e-19
-3.97811e-32
-1.52091e-32
4.65933e-31
-4.40773e-31
-4.46293e-30
9.81565e-30
3.5366e-29
-1.35454e-28
-2.21391e-28
1.51454e-27
8.58391e-28
-1.48188e-26
2.56996e-27
1.31597e-25
-9.99495e-26
-1.08521e-24
1.36335e-24
8.45653e-24
-1.42336e-23
-6.32178e-23
1.28473e-22
4.59539e-22
-1.04666e-21
-3.28474e-21
7.84061e-21
2.3254e-20
-5.43648e-20
-1.63303e-19
3.48191e-19
1.13257e-18
-2.03601e-18
-7.68503e-18
1.0571e-17
5.03875e-17
-4.55051e-17
-3.14706e-16
1.2668e-16
1.84266e-15
2.29219e-16
-9.91939e-15
-6.95599e-15
4.77426e-14
6.66346e-14
-1.95359e-13
-4.68759e-13
5.97201e-13
2.69212e-12
-6.02668e-13
-1.28006e-11
-8.45446e-12
4.85394e-11
8.15434e-11
-1.26214e-10
-4.61498e-10
4.09662e-11
1.87162e-09
1.8494e-09
-5.08077e-09
-1.26125e-08
3.97373e-09
4.97088e-08
4.60374e-08
-1.13353e-07
-2.96478e-07
-8.4381e-09
9.39097e-07
1.27492e-06
-1.15395e-06
-5.41137e-06
-4.19449e-06
9.53647e-06
2.55378e-05
1.14086e-05
-5.12673e-05
-0.000107366
-3.40645e-05
0.000214298
0.000421
0.000165128
-0.000706647
-0.00153292
-0.000993107
0.00161849
0.00483626
0.00504175
-0.000808698
-0.0111875
-0.0184662
-0.0128393
0.00953961
0.0399995
0.0586711
0.0450159
-0.00815238
-0.0863602
-0.156961
-0.182962
-0.139335
-0.0230172
0.147671
0.342231
0.529935
0.688838
0.809129
0.891468
0.942789
0.972048
0.987348
0.994699
0.997947
0.999266
0.999758
0.999927
0.99998
0.999995
0.999999
1
1
1
1
1
1
1
1
1
1
1
1
1
1
1
1
1
1
1
1
1
1
1
1
1
1
1
1
1
1
1
1
1
1
1
1
1
1
1
1
1
1
1
1
1
1
1
1
1
1
1
1
1
1
1
1
1
1
1
1
1
1
1
1
1
1
1
1
1
1
1
1
1
1
1
1
1
0.999999
0.999999
1
1.00001
1
0.99999
0.999974
0.999989
1.00005
1.00011
1.00003
0.999786
0.999579
0.999835
1.00071
1.00153
1.00099
0.998382
0.995164
0.994958
1.00081
1.01119
1.01847
1.01284
