1
1
1
1
1
1
1
1
1
1
1
1
1
0.999999
0.999996
0.999996
1
1.00002
1.00002
0.999989
0.999944
0.999933
1.00001
1.00016
1.00025
1.00008
0.99962
0.999198
0.999369
1.00046
1.00201
1.00268
1.00104
0.997007
0.99277
0.992123
0.998023
1.00963
1.0211
1.0237
1.01086
0.983424
0.951715
0.93237
0.94088
0.983426
1.05219
1.12666
1.18036
1.18998
1.14288
1.04023
0.895291
0.728233
0.559987
0.407366
0.280569
0.1831
0.113303
0.0665206
0.0370711
0.0196165
0.00985829
0.00470548
0.00213305
0.00091814
0.000375139
0.000145431
5.34635e-05
1.86247e-05
6.14306e-06
1.91656e-06
5.64944e-07
1.57134e-07
4.11786e-08
1.01503e-08
2.3489e-09
5.09199e-10
1.03154e-10
1.94736e-11
3.41501e-12
5.54297e-13
8.29235e-14
1.13784e-14
1.42392e-15
1.61419e-16
1.6443e-17
1.49185e-18
1.20533e-19
1.7214e-21
-1.28691e-20
2.3814e-20
8.29222e-20
-5.85102e-20
-4.4591e-19
-5.32624e-20
2.07277e-18
1.88769e-18
-8.04586e-18
-1.52921e-17
2.32185e-17
8.81564e-17
-2.34462e-17
-4.02982e-16
-2.73592e-16
1.44066e-15
2.52903e-15
-3.43054e-15
-1.36882e-14
-2.38063e-16
5.37794e-14
5.76965e-14
-1.44722e-13
-3.76565e-13
1.2403e-13
1.52883e-12
1.29465e-12
-3.98782e-12
-9.27193e-12
2.87267e-12
3.54034e-11
3.36036e-11
-7.68673e-11
-2.07571e-10
-1.39023e-11
6.48351e-10
8.89379e-10
-8.48917e-10
-3.8674e-09
-2.64801e-09
7.93502e-09
1.8742e-08
3.1296e-09
-4.91371e-08
-7.87817e-08
2.29241e-08
2.4849e-07
3.02911e-07
-2.09642e-07
-1.10382e-06
-1.12757e-06
1.07429e-06
4.45899e-06
4.28195e-06
-4.05834e-06
-1.65703e-05
-1.6889e-05
1.09881e-05
5.59764e-05
6.68719e-05
-1.25184e-05
-0.000164667
-0.000248616
-7.59424e-05
0.000379764
0.000801952
0.000630662
-0.000463493
-0.00201414
-0.00267743
-0.00103762
0.0029929
0.00723049
0.00787727
0.00197716
-0.00963268
-0.0211034
-0.0237049
-0.0108619
0.0165762
0.0482846
0.06763
0.0591197
0.0165736
-0.0521905
-0.126656
-0.180358
-0.189981
-0.142877
-0.040227
0.104709
0.271767
0.440013
0.592634
0.719431
0.8169
0.886697
0.933479
0.962929
0.980383
0.990142
0.995295
0.997867
0.999082
0.999625
0.999855
0.999947
0.999981
0.999994
0.999998
0.999999
1
1
1
1
1
1
1
1
1
1
1
1
1
1
1
1
1
1
1
1
1
1
1
1
1
1
1
1
1
1
1
1
1
1
1
1
1
1
1
1
1
1
1
1
1
1
1
1
1
1
1
1
1
1
1
