0.0410216
-0.00383742
-0.0647433
-0.126981
-0.17288
-0.186539
-0.157915
-0.0850424
0.0260821
0.163606
0.312996
0.460242
0.594253
0.708065
0.79888
0.867289
0.916101
0.949172
0.970489
0.983578
0.991242
0.995524
0.997809
0.998972
0.999539
0.999802
0.999919
0.999968
0.999988
0.999996
0.999999
1
1
1
1
1
1
1
1
1
1
1
1
1
1
1
1
1
1
1
1
1
1
1
1
1
1
1
1
1
1
1
1
1
1
1
1
1
1
1
1
1
1
1
1
1
1
1
1
1
1
1
1
1
1
1
1
1
1
1
1
1
1
1
1
1
1
1
1
1
1
1
1
1
1
1
1
1
1
1
1
1
1
1
1
1
1
1
1
1
1
1
1
1
1
1
1
1
1
1
1
1
1
1
1
1
1
1
1
1
1
1
1
1
1
1
1
1
1
1
1
1
1
1
1
1
1
1
1
1
1
1
1
1
1
1
1
1
1
1
1
1
1
1
1
1
1
1
1
1
1
1
1
1
1
1
1
1
1
1
1
1
1
1
1
1
1
1
1
1
1
1
1
1
1
1
1
1
1
1
1
1
1
1
1
1
1
1
1
1
0.999999
0.999998
0.999998
1
1.00001
1.00001
1
0.999984
0.999963
0.999962
1
1.00008
1.00015
1.00013
0.999955
0.999663
0.999434
0.999533
1.00014
1.00112
1.00193
1.00179
1.00012
0.997156
0.994214
0.993377
0.996493
1.00385
1.01325
1.02021
1.01958
1.00801
0.986396
0.960777
0.941142
0.938155
0.958978
1.00384
1.06474
1.12698
1.17288
1.18654
1.15791
1.08504
0.973918
0.836394
0.687004
0.539758
0.405747
0.291935
0.20112
0.132711
0.0838995
0.0508278
0.0295111
0.016422
0.00875797
0.0044757
0.00219131
0.00102755
0.000461312
0.000198185
8.14308e-05
3.19792e-05
1.19945e-05
4.29308e-06
1.4649e-06
4.76033e-07
1.47143e-07
4.32048e-08
1.2033e-08
3.17358e-09
7.91149e-10
1.86041e-10
4.1172e-11
8.55305e-12
1.66304e-12
3.01663e-13
5.08569e-14
7.9346e-15
1.13997e-15
1.49948e-16
1.79352e-17
1.93483e-18
1.86399e-19
1.58406e-20
1.16906e-21
7.34067e-23
3.81316e-24
1.57327e-25
4.83403e-27
9.83313e-29
9.93245e-31
-3.31879e-60
-2.63761e-60
2.24108e-59
4.86061e-59
-1.10268e-58
-5.10747e-58
1.84532e-58
4.08751e-57
3.86897e-57
-2.54902e-56
-6.16831e-56
1.07836e-55
5.92871e-55
-1.06839e-56
-4.31255e-54
-5.60414e-54
2.35069e-53
7.11271e-53
-7.19346e-53
-5.97304e-52
-2.96364e-52
3.7627e-51
7.12856e-51
-1.62643e-50
-7.08931e-50
1.41351e-50
4.99098e-49
5.89233e-49
-2.5279e-48
-7.40656e-48
6.45819e-48
5.7642e-47
3.81046e-47
-3.21093e-46
-6.96049e-46
1.08188e-45
5.96566e-45
1.5789e-45
-3.53579e-44
-6.02072e-44
1.34223e-43
5.64751e-43
-1.47729e-44
-3.47389e-42
-4.92707e-42
1.38419e-41
4.96755e-41
-1.01984e-41
-3.09346e-40
-3.93104e-40
1.23335e-39
4.10368e-39
-1.06711e-39
-2.51528e-38
-3.12726e-38
9.6074e-38
3.19729e-37
-5.91233e-38
-1.86759e-36
-2.48517e-36
6.50491e-36
2.34064e-35
2.61116e-37
-1.25658e-34
-1.93104e-34
3.72507e-34
1.59082e-33
4.92042e-34
-7.5299e-33
-1.41824e-32
1.67371e-32
9.84104e-32
6.83394e-32
-3.89046e-31
-9.50641e-31
4.41931e-31
5.38599e-30
6.32383e-30
-1.62205e-29
-5.62543e-29
-1.14659e-29
2.49845e-28
4.52824e-28
-4.49905e-28
-2.83376e-27
-2.46844e-27
9.05811e-27
2.58912e-26
8.22773e-28
-1.15187e-25
-1.90873e-25
1.99946e-25
1.16673e-24
1.03528e-24
-3.36304e-24
-9.98455e-24
-2.07609e-24
3.89172e-23
7.31266e-23
-4.13068e-23
-3.71768e-22
-4.49211e-22
7.67785e-22
3.10358e-21
2.11646e-21
-8.82016e-21
-2.32197e-20
-4.54997e-21
8.27204e-20
1.57699e-19
-4.92729e-20
-6.83206e-19
-9.78785e-19
8.82963e-19
5.14133e-18
5.56993e-18
-9.18236e-18
-3.59613e-17
-2.91131e-17
7.7577e-17
2.37077e-16
1.40271e-16
-5.77939e-16
-1.48936e-15
-6.31606e-16
3.92529e-15
8.99609e-15
2.77616e-15
-2.47021e-14
-5.2608e-14
-1.31503e-14
1.45127e-13
2.99104e-13
7.53657e-14
-7.97236e-13
-1.65456e-12
-5.20231e-13
4.07789e-12
8.8752e-12
3.83743e-12
-1.92007e-11
-4.58168e-11
-2.74046e-11
8.12785e-11
2.24958e-10
1.81176e-10
-2.93893e-10
-1.03335e-09
-1.08975e-09
7.83932e-10
4.33812e-09
5.90569e-09
-4.36553e-10
-1.60356e-08
-2.85089e-08
-1.22814e-08
4.84205e-08
1.20268e-07
1.0549e-07
-9.39322e-08
-4.27436e-07
-5.77714e-07
-8.43472e-08
1.17559e-06
2.40357e-06
1.87665e-06
-1.81678e-06
-7.57038e-06
-1.03857e-05
-3.42567e-06
1.5557e-05
3.68217e-05
3.80065e-05
-2.74011e-06
-8.20923e-05
-0.000152033
-0.000130437
4.46024e-05
0.000336533
0.000565971
0.00046669
-0.000138849
-0.00111954
-0.00193134
-0.00178627
-0.00011923
0.00284363
0.00578621
0.00662307
0.0035068
-0.00384878
-0.0132482
-0.0202142
-0.0195794
-0.00801371
0.0136036
0.0392232
0.0588576
0.0618449
