1
1
1
1
1
1
1
1
1
1
1
1
1
1
1
1
1
1
1
1
1
1
1
1
1
1
1
1
1
1
1
1
1
1
1
1
1
1
1
1
1
1
1
1
1
1
1
1
1
1
1
1
1
1
1
1
1
1
1
1
1
1
1
1
1
1
1
1
1
1
1
1
1
1
1
1
1
1
1
1
1
1
1
1
1
1
1
1
1
1
1
1
1
1
1
1
1
1
1
1
1
1
1
1
1
1
1
1
1
1
1
1
1
1
1
1
1
1
1
1
1
1
1
1
1
1
1
1
1
1
1
1
1
1
1
1
1
1
1
1
1
1
1
1
1
1
1
1
1
1
1
1
1
1
1
1
1
1
1
1
1
1
1
1
1
1
1
1
1
1
1
1
1
1
1
1
1
1
1
1
1
0.999999
0.999998
0.999999
1
1.00001
1.00001
1
0.999983
0.999969
0.999977
1.00002
1.00009
1.00013
1.00006
0.999857
0.999605
0.99952
0.999833
1.00059
1.00146
1.00174
1.00075
0.99835
0.995442
0.993922
0.995838
1.00203
1.0109
1.01828
1.01882
1.00861
0.98793
0.96267
0.943198
0.940868
0.963307
1.01046
1.07314
1.1349
1.17647
1.18129
1.13999
1.05252
0.927471
0.779194
0.623915
0.476182
0.346497
0.240459
0.159194
0.100567
0.0606313
0.034888
0.0191591
0.01004
0.00501926
0.00239299
0.00108751
0.000470836
0.000194064
7.60864e-05
2.83496e-05
1.00276e-05
3.36296e-06
1.06788e-06
3.20571e-07
9.08157e-08
2.42312e-08
6.07573e-09
1.42804e-09
3.1374e-10
6.42212e-11
1.2203e-11
2.14334e-12
3.46271e-13
5.11625e-14
6.8667e-15
8.30384e-16
8.95883e-17
8.51805e-18
7.02705e-19
4.92787e-20
2.85644e-21
1.31402e-22
4.49796e-24
1.01852e-25
1.14441e-27
-2.21834e-66
-4.07321e-66
1.55366e-65
5.40228e-65
-7.81993e-65
-5.68762e-64
4.51612e-65
5.05058e-63
5.40087e-63
-3.76482e-62
-9.02731e-62
2.18136e-61
1.0258e-60
-6.45076e-61
-9.41542e-60
-5.76436e-60
7.16188e-59
1.33556e-58
-4.29276e-58
-1.61257e-57
1.53624e-57
1.49215e-56
5.92456e-57
-1.11999e-55
-1.85493e-55
6.54356e-55
2.2719e-54
-2.26164e-54
-2.04625e-53
-8.40076e-54
1.4611e-52
2.49958e-52
-7.86117e-52
-2.8887e-51
2.1529e-51
2.42414e-50
1.55972e-50
-1.5748e-49
-3.19873e-49
7.20349e-49
3.253e-48
-8.44081e-49
-2.42439e-47
-2.63939e-47
1.34783e-46
3.65278e-46
-4.40869e-46
-3.11179e-45
-1.21507e-45
1.94889e-44
3.48915e-44
-8.27785e-44
-3.4669e-43
6.82169e-44
2.37504e-42
2.86446e-42
-1.14102e-41
-3.44831e-41
2.45277e-41
2.5406e-40
2.05166e-40
-1.30309e-39
-3.13908e-39
3.57574e-39
2.44471e-38
1.33888e-38
-1.28987e-37
-2.67801e-37
3.82288e-37
2.14989e-36
8.91971e-37
-1.1292e-35
-2.18332e-35
3.29962e-35
1.74245e-34
7.11106e-35
-8.79972e-34
-1.71636e-33
2.33312e-33
1.30191e-32
6.82696e-33
-6.074e-32
-1.29253e-31
1.29941e-31
8.88891e-31
6.72833e-31
-3.6447e-30
-9.13091e-30
4.79119e-30
5.44209e-29
6.00871e-29
-1.82293e-28
-5.87186e-28
-9.68738e-30
2.89472e-27
4.60794e-27
-6.84756e-27
-3.31596e-26
-1.97603e-26
1.26623e-25
2.95636e-25
-1.20996e-25
-1.57069e-24
-1.96862e-24
4.02125e-24
1.54529e-23
6.92743e-24
-5.78509e-23
-1.25023e-22
5.02487e-23
6.27893e-22
8.13675e-22
-1.3553e-21
-5.69987e-21
-3.71007e-21
1.77002e-20
4.48219e-20
1.87742e-21
-1.79687e-19
-3.08493e-19
2.02491e-19
1.56661e-18
1.84455e-18
-2.99843e-18
-1.22188e-17
-9.25286e-18
3.06918e-17
8.72228e-17
3.46111e-17
-2.63269e-16
-5.79146e-16
-4.13874e-17
2.01179e-15
3.62732e-15
-8.13173e-16
-1.40958e-14
-2.17291e-14
1.04277e-14
9.20492e-14
1.2627e-13
-8.47997e-14
-5.65752e-13
-7.21246e-13
5.53774e-13
3.28952e-12
4.08687e-12
-3.04244e-12
-1.81093e-11
-2.30178e-11
1.38212e-11
9.40311e-11
1.27974e-10
-4.6209e-11
-4.56173e-10
-6.92382e-10
4.43533e-11
2.03195e-09
3.57634e-09
9.25372e-10
-8.05377e-09
-1.72486e-08
-1.02158e-08
2.66168e-08
7.56462e-08
7.12773e-08
-6.03096e-08
-2.9082e-07
-3.90827e-07
-1.50592e-08
9.17958e-07
1.75223e-06
1.11529e-06
-1.99144e-06
-6.31293e-06
-7.37316e-06
2.3495e-07
1.67667e-05
3.12803e-05
2.32934e-05
-2.21733e-05
-9.11705e-05
-0.000128416
-5.99594e-05
0.000143303
0.000394628
0.000480465
0.000167411
-0.00058874
-0.00145563
-0.00174423
-0.000753697
0.00165006
0.00455837
0.00607849
0.00416177
-0.0020251
-0.0108954
-0.0182808
-0.0188207
-0.0086053
0.0120697
0.0373298
0.0568024
0.0591322
0.0366931
-0.0104562
-0.0731395
-0.134897
-0.176472
-0.181294
-0.139991
-0.0525185
0.0725291
0.220806
0.376085
0.523818
0.653503
0.759541
0.840806
0.899433
0.939369
0.965112
0.980841
0.98996
0.994981
0.997607
0.998912
0.999529
0.999806
0.999924
0.999972
0.99999
0.999997
0.999999
1
1
1
1
1
1
1
1
1
1
