3.68656e-14
-2.31179e-14
-1.51005e-13
-2.03286e-13
7.54387e-14
7.25368e-13
1.0929e-12
-9.20174e-14
-3.25744e-12
-5.65115e-12
-1.20854e-12
1.33837e-11
2.76944e-11
1.42682e-11
-4.83433e-11
-1.26513e-10
-1.04288e-10
1.39682e-10
5.27464e-10
6.12249e-10
-2.15006e-10
-1.94353e-09
-3.05748e-09
-8.44913e-10
5.9452e-09
1.31051e-08
1.00505e-08
-1.25795e-08
-4.72684e-08
-5.88731e-08
-4.68682e-10
1.34501e-07
2.53622e-07
1.73641e-07
-2.39263e-07
-8.35126e-07
-1.0538e-06
-1.84107e-07
1.9112e-06
4.01691e-06
3.61742e-06
-1.46781e-06
-1.02398e-05
-1.65561e-05
-1.10221e-05
1.18902e-05
4.45237e-05
6.23091e-05
3.39603e-05
-5.34336e-05
-0.000167126
-0.000223223
-0.000123742
0.000167149
0.000547452
0.00076653
0.000528649
-0.000302857
-0.00150076
-0.00242198
-0.00222739
-0.000355544
0.00295085
0.00638922
0.00789192
0.00551394
-0.00138683
-0.0112461
-0.0202537
-0.0234622
-0.0168011
0.000751226
0.0258098
0.0508028
0.0659424
0.0624001
0.0355997
-0.0125697
-0.0734516
-0.133382
-0.176942
-0.190668
-0.166107
-0.10142
-0.00127092
0.12474
0.264465
0.405694
0.53815
0.654651
0.751418
0.827688
0.88493
0.925947
0.954062
0.972525
0.984154
0.991187
0.995273
0.997555
0.998781
0.999414
0.999728
0.999879
0.999948
0.999978
0.999991
0.999997
0.999999
1
1
1
1
1
1
1
1
1
1
1
1
1
1
1
1
1
1
1
1
1
1
1
1
1
1
1
1
1
1
1
1
1
1
1
1
1
1
1
1
1
1
1
1
1
1
1
1
1
1
1
1
1
1
1
1
1
1
1
1
1
1
1
1
1
1
1
1
1
1
1
1
1
1
1
1
1
1
1
1
1
1
1
1
1
1
1
1
1
1
1
1
1
1
1
1
1
1
1
1
1
1
1
1
1
1
1
1
1
1
1
1
1
1
1
1
1
1
1
1
1
1
1
1
1
1
1
1
1
1
1
1
1
1
1
1
1
1
1
1
1
1
1
1
1
1
1
1
1
1
1
1
1
1
1
1
1
1
1
1
1
1
1
1
1
1
1
1
1
1
1
1
1
1
1
1
1
1
1
1
1
1
1
1
1
0.999998
0.999996
0.999996
1
1.00001
1.00002
1.00001
0.999988
0.999955
0.999938
0.999966
1.00005
1.00017
1.00022
1.00012
0.999833
0.999453
0.999233
0.999471
1.0003
1.0015
1.00242
1.00223
1.00036
0.997049
0.993611
0.992108
0.994486
1.00139
1.01125
1.02025
1.02346
1.0168
0.999249
0.97419
0.949197
0.934058
0.9376
0.9644
1.01257
1.07345
1.13338
1.17694
1.19067
1.16611
1.10142
1.00127
0.87526
0.735535
0.594306
0.46185
0.345349
0.248582
0.172312
0.11507
0.0740529
0.0459382
0.0274754
0.0158457
0.00881274
0.00472663
0.00244464
0.00121916
0.000586171
0.000271653
0.000121316
5.21912e-05
2.16217e-05
8.62205e-06
3.30785e-06
1.22027e-06
4.32592e-07
1.4727e-07
4.81105e-08
1.50693e-08
4.52151e-09
1.2983e-09
3.56367e-10
9.33957e-11
2.33397e-11
5.55363e-12
1.25627e-12
2.69685e-13
5.48354e-14
1.05382e-14
1.90962e-15
3.25422e-16
5.1997e-17
7.76399e-18
1.07924e-18
1.39054e-19
1.65239e-20
1.80039e-21
1.78632e-22
1.60078e-23
1.28279e-24
9.07977e-26
5.58838e-27
2.93001e-28
1.27241e-29
4.39399e-31
1.13129e-32
1.93041e-34
1.63748e-36
9.91417e-51
1.51579e-50
-3.86633e-50
-1.4782e-49
1.95788e-50
9.16433e-49
1.21549e-48
-3.67692e-48
-1.25605e-47
3.2389e-48
7.82655e-47
9.62968e-47
-3.11229e-46
-1.01477e-45
2.79848e-46
6.19924e-45
7.64057e-45
-2.3558e-44
-7.80766e-44
1.44117e-44
4.5484e-43
6.05153e-43
-1.58335e-42
-5.69731e-42
-3.79481e-44
3.07022e-41
4.69334e-41
-9.23533e-41
-3.90407e-40
-1.10383e-40
1.88076e-39
3.47008e-39
-4.41651e-39
-2.4743e-38
-1.56333e-38
1.02075e-37
2.38083e-37
-1.44315e-37
-1.42031e-36
-1.502e-36
4.69251e-36
1.47818e-35
2.54412e-37
-7.1679e-35
-1.14531e-34
1.64069e-34
8.09134e-34
5.05166e-34
-3.02642e-33
-7.20947e-33
2.62824e-33
3.77449e-32
4.84642e-32
-9.54768e-32
-3.75302e-31
-1.72741e-31
1.41403e-30
3.06763e-30
-1.31956e-30
-1.57383e-29
-1.98559e-29
3.64244e-29
1.45968e-28
8.19842e-29
-4.92132e-28
-1.15996e-27
1.73873e-28
5.17483e-27
7.83763e-27
-8.53038e-27
-4.65669e-26
-4.24699e-26
1.19189e-25
3.71242e-25
1.41208e-25
-1.24857e-24
-2.65797e-24
4.58286e-25
1.11972e-23
1.71179e-23
-1.43826e-23
-9.01661e-23
-9.81085e-23
1.75129e-22
6.67746e-22
4.84053e-22
-1.65337e-21
-4.61596e-21
-1.85774e-21
1.36022e-20
3.01143e-20
3.1061e-21
-1.019e-19
-1.87193e-19
3.35639e-20
7.10814e-19
1.11914e-18
-4.94188e-19
-4.67905e-18
-6.49857e-18
4.35873e-18
2.93188e-17
3.7022e-17
-3.12852e-17
-1.75858e-16
-2.08853e-16
1.96121e-16
1.01293e-15
1.17444e-15
-1.09586e-15
-5.60705e-15
-6.59605e-15
5.43377e-15
2.97764e-14
