-0.0972789
-0.159399
-0.197422
-0.198792
-0.157723
-0.0758609
0.038875
0.174643
0.318419
0.458388
0.585543
0.694352
0.78261
0.850779
0.901084
0.936642
0.960768
0.976504
0.986386
0.992365
0.995854
0.99782
0.99889
0.999453
0.999738
0.999879
0.999946
0.999976
0.99999
0.999996
0.999998
0.999999
1
1
1
1
1
1
1
1
1
1
1
1
1
1
1
1
1
1
1
1
1
1
1
1
1
1
1
1
1
1
1
1
1
1
1
1
1
1
1
1
1
1
1
1
1
1
1
1
1
1
1
0.999999
0.999998
0.999999
1
1.00001
1
0.999996
0.999983
0.999979
0.999998
1.00004
1.00007
1.00005
0.999961
0.999844
0.999797
0.999919
1.00022
1.00053
1.00057
1.00011
0.999237
0.998425
0.998402
0.999668
1.00199
1.00419
1.00459
1.00195
0.996502
0.990468
0.9874
0.990527
1.00074
1.01528
1.0281
1.03199
1.0218
0.99735
0.964683
0.934766
0.920059
0.930108
0.967819
1.02779
1.09728
1.1594
1.19742
1.19879
1.15772
1.07586
0.961125
0.825357
0.681581
0.541612
0.414457
0.305648
0.21739
0.149221
0.0989161
0.0633576
0.0392321
0.0234956
0.0136145
0.0076353
0.00414552
0.00217951
0.0011098
0.000547385
0.000261546
0.000121069
5.42951e-05
2.35896e-05
9.92876e-06
4.04805e-06
1.59855e-06
6.11321e-07
2.26361e-07
8.11387e-08
2.81479e-08
9.44791e-09
3.06735e-09
9.62897e-10
2.92161e-10
8.56461e-11
2.42444e-11
6.624e-12
1.75074e-12
4.54085e-13
1.09655e-13
-3.77749e-15
-3.66413e-14
3.10602e-14
1.66074e-13
1.41069e-13
-2.84861e-13
-8.01364e-13
-3.12596e-13
1.81852e-12
3.45267e-12
-1.09746e-13
-9.63349e-12
-1.36091e-11
6.20514e-12
4.54126e-11
5.02732e-11
-4.48522e-11
-1.97259e-10
-1.79094e-10
2.34319e-10
8.06399e-10
6.37155e-10
-1.02825e-09
-3.14287e-09
-2.34252e-09
3.94814e-09
1.17446e-08
9.0464e-09
-1.32845e-08
-4.19972e-08
-3.62032e-08
3.77706e-08
1.42189e-07
1.44942e-07
-7.94051e-08
-4.46334e-07
-5.57791e-07
4.09035e-08
1.2517e-06
1.98907e-06
7.08281e-07
-2.91126e-06
-6.33527e-06
-4.81885e-06
4.48032e-06
1.71493e-05
2.05631e-05
2.13027e-06
-3.56951e-05
-6.58576e-05
-4.76432e-05
3.89041e-05
0.000155629
0.000203492
8.0506e-05
-0.000218346
-0.000530686
-0.000570822
-0.00011448
0.000763063
0.00157503
0.00159797
0.000331891
-0.00198652
-0.00419065
-0.00459321
-0.00194759
0.00349812
0.00953219
0.0126003
0.00947296
-0.00073647
-0.0152794
-0.0281027
-0.0319919
-0.021796
0.00265038
0.0353165
0.0652339
0.0799411
0.0698918
0.0321805
-0.0277909
