0.0166435
0.0496774
0.0745869
0.0798778
0.0585997
0.0111976
-0.0539332
-0.122337
-0.177125
-0.20313
-0.190322
-0.135636
-0.042941
0.0785382
0.216665
0.358954
0.494643
0.615937
0.718404
0.800666
0.86368
0.909879
0.942375
0.964344
0.978642
0.98761
0.993037
0.996208
0.997998
0.998976
0.999492
0.999756
0.999886
0.999948
0.999977
0.99999
0.999996
0.999998
0.999999
1
1
1
1
1
1
1
1
1
1
1
1
1
1
1
1
1
1
1
1
1
1
1
1
1
1
1
1
1
1
1
1
1
1
1
1
1
1
1
1
1
1
1
1
1
1
1
1
1
1
0.999999
0.999998
0.999999
1
1.00001
1.00001
0.999998
0.999985
0.999977
0.999989
1.00003
1.00006
1.00006
0.999995
0.999873
0.999785
0.999846
1.0001
1.00046
1.00064
1.00037
0.999589
0.998638
0.998199
0.998933
1.00095
1.00346
1.0049
1.00368
0.999275
0.99302
0.987988
0.987791
0.99466
1.00771
1.02244
1.03195
1.02969
1.01261
0.983357
0.950323
0.925413
0.920122
0.9414
0.988802
1.05393
1.12234
1.17713
1.20313
1.19032
1.13564
1.04294
0.921462
0.783335
0.641046
0.505357
0.384063
0.281596
0.199334
0.13632
0.0901207
0.0576251
0.0356559
0.0213584
0.0123904
0.00696332
0.00379212
0.0020016
0.00102419
0.000508102
0.000244419
0.000114015
5.15756e-05
2.26247e-05
9.62413e-06
3.96967e-06
1.58752e-06
6.15467e-07
2.31283e-07
8.42281e-08
2.97203e-08
1.01585e-08
3.36252e-09
1.07753e-09
3.34182e-10
1.00266e-10
2.90926e-11
8.16735e-12
2.22479e-12
5.75645e-13
1.02343e-13
-1.53263e-14
6.58937e-14
2.28738e-13
1.51907e-13
-4.31507e-13
-1.03525e-12
-2.64552e-13
2.48654e-12
4.29454e-12
-5.61257e-13
-1.23886e-11
-1.65834e-11
8.46553e-12
5.60173e-11
6.10868e-11
-5.33122e-11
-2.36031e-10
-2.20766e-10
2.57851e-10
9.41721e-10
8.06039e-10
-1.05963e-09
-3.58865e-09
-3.0356e-09
3.78452e-09
1.3082e-08
1.18015e-08
-1.1521e-08
-4.53409e-08
-4.63943e-08
2.72593e-08
1.47172e-07
1.78593e-07
-3.01582e-08
-4.35202e-07
-6.50746e-07
-1.52148e-07
1.11311e-06
2.16988e-06
1.33956e-06
-2.16941e-06
-6.36124e-06
-6.4463e-06
1.60478e-06
1.53539e-05
2.3234e-05
1.05937e-05
-2.57579e-05
-6.4633e-05
-6.48485e-05
5.32105e-06
0.000127382
0.000215261
0.000154472
-0.000104721
-0.000456527
-0.000637903
-0.000368873
0.000410825
0.00136166
0.001801
0.00106686
-0.000953915
-0.00346364
-0.00489751
-0.00367548
0.000725294
0.00697961
0.0120125
0.012209
0.00533976
-0.00771401
-0.0224425
-0.0319505
-0.0296889
-0.0126128
