-8.13878e-23
-2.80891e-22
-1.85772e-22
6.96823e-22
1.86753e-21
7.32633e-22
-5.35873e-21
-1.18517e-20
-1.7783e-21
3.81193e-20
7.23908e-20
-4.74834e-21
-2.54904e-19
-4.28981e-19
1.06509e-19
1.61824e-18
2.4852e-18
-9.61059e-19
-9.81363e-18
-1.41704e-17
6.6247e-18
5.7052e-17
7.99154e-17
-3.83417e-17
-3.18345e-16
-4.46649e-16
1.87572e-16
1.70307e-15
2.47e-15
-7.26133e-16
-8.70307e-15
-1.34457e-14
1.55151e-15
4.21907e-14
7.14693e-14
7.1279e-15
-1.91816e-13
-3.67183e-13
-1.24123e-13
8.02286e-13
1.80183e-12
1.06758e-12
-2.97914e-12
-8.32823e-12
-7.201e-12
9.04419e-12
3.56204e-11
4.16026e-11
-1.62997e-11
-1.37379e-10
-2.1132e-10
-4.10147e-11
4.56227e-10
9.46236e-10
6.23459e-10
-1.16553e-09
-3.68143e-09
-4.0361e-09
1.284e-09
1.19588e-08
1.93176e-08
8.2873e-09
-2.90471e-08
-7.34165e-08
-7.2053e-08
2.93247e-08
2.15479e-07
3.41664e-07
1.7467e-07
-4.08658e-07
-1.14788e-06
-1.30909e-06
-7.29327e-08
2.58593e-06
5.07309e-06
4.39319e-06
-1.86537e-06
-1.23554e-05
-1.99562e-05
-1.4027e-05
1.18079e-05
4.96451e-05
7.3113e-05
4.75223e-05
-4.44005e-05
-0.000173389
-0.000254727
-0.000181134
0.000102788
0.000519527
0.000832207
0.000725963
-3.06045e-06
-0.00123171
-0.00240783
-0.0026911
-0.00135883
0.00166728
0.00545425
0.00814228
0.00760684
0.00253242
-0.00655227
-0.0168393
-0.0238067
-0.0227785
-0.0109899
0.0106609
0.0369954
0.0595195
0.0688204
0.0576598
0.0237151
-0.0289961
-0.0905234
-0.147112
-0.184386
-0.190618
-0.159198
-0.0896995
0.0125365
0.137997
0.275195
0.412853
0.541599
0.654932
0.749435
0.824419
0.88122
0.9224
0.951026
0.970136
0.982401
0.989976
0.994481
0.997063
0.998489
0.999249
0.999639
0.999832
0.999925
0.999967
0.999986
0.999995
0.999998
0.999999
1
1
1
1
1
1
1
1
1
1
1
1
1
1
1
1
1
1
1
1
1
1
1
1
1
1
1
1
1
1
1
1
1
1
1
1
1
1
1
1
1
1
1
1
1
1
1
1
1
1
1
1
1
1
1
1
1
1
1
1
1
1
1
1
1
1
1
1
1
1
1
1
1
1
1
1
1
1
1
1
1
1
1
1
1
1
1
1
1
1
1
1
1
1
1
1
1
1
1
1
1
1
1
1
1
1
1
1
1
1
1
1
1
1
1
1
1
1
1
1
1
1
1
1
1
1
1
1
1
1
1
1
1
1
1
1
1
1
1
1
1
1
1
1
1
1
1
1
1
1
1
1
1
1
1
1
1
1
1
1
1
1
1
1
1
1
1
1
1
1
1
1
1
1
1
1
1
1
1
1
1
1
1
0.999997
0.999995
0.999996
1
1.00001
1.00002
1.00001
0.999988
0.99995
0.999927
0.999952
1.00004
1.00017
1.00025
1.00018
0.999897
0.99948
0.999168
0.999274
1
1.00123
1.00241
1.00269
1.00136
0.998333
0.994546
0.991858
0.992393
0.997468
1.00655
1.01684
1.02381
1.02278
1.01099
0.989339
0.963005
0.940481
0.93118
0.94234
0.976285
1.029
1.09052
1.14711
1.18439
1.19062
1.1592
1.0897
0.987464
0.862003
0.724805
0.587147
0.458401
0.345068
0.250565
0.175581
0.11878
0.0776004
0.0489743
0.0298644
0.0175994
0.0100243
0.00551894
0.00293704
0.00151079
0.000751114
0.00036088
0.000167533
7.51321e-05
3.25406e-05
1.36071e-05
5.49156e-06
2.13815e-06
8.02785e-07
2.90509e-07
1.0127e-07
3.39855e-08
1.09727e-08
3.40577e-09
1.01545e-09
2.90577e-10
7.97281e-11
2.09537e-11
5.26886e-12
1.26604e-12
2.90313e-13
6.34364e-14
1.31874e-14
2.60354e-15
4.87193e-16
8.62253e-17
1.43987e-17
2.26261e-18
3.33574e-19
4.59841e-20
5.90471e-21
7.03183e-22
7.72741e-23
7.7903e-24
7.15548e-25
5.93907e-26
4.41022e-27
2.89403e-28
1.65211e-29
8.03788e-31
3.24048e-32
1.0393e-33
2.48618e-35
3.94334e-37
3.11043e-39
-5.24534e-47
-1.01863e-46
1.37942e-46
7.69674e-46
4.03276e-46
-3.59502e-45
-7.63518e-45
7.85452e-45
5.30161e-44
3.87282e-44
-2.23174e-43
-5.46519e-43
3.38496e-43
3.38506e-42
3.44338e-42
-1.22538e-41
-3.67025e-41
6.10294e-42
1.96915e-40
2.74986e-40
-5.6698e-40
-2.26675e-39
-7.07898e-40
1.01649e-38
1.94499e-38
-1.94402e-38
-1.258e-37
-1.03872e-37
4.44789e-37
1.20456e-36
-2.18517e-37
-6.08381e-36
-8.65431e-36
1.48466e-35
6.42692e-35
3.37645e-35
-2.43538e-34
-5.46954e-34
2.34869e-34
2.87014e-33
3.57419e-33
-7.13988e-33
-2.75839e-32
-1.30219e-32
1.00923e-31
2.21854e-31
-7.93487e-32
-1.09512e-30
-1.4515e-30
2.32678e-30
1.00325e-29
6.6373e-30
-3.14393e-29
-7.98503e-29
-9.39375e-31
3.29886e-28
5.51966e-28
-4.34352e-28
-2.97424e-27
-3.2065e-27
6.61531e-27
2.39186e-26
1.38208e-26
-7.13433e-26
-1.74432e-25
-1.55495e-26
6.50725e-25
1.16097e-24
-5.26579e-25
-5.31561e-24
-7.04455e-24
7.99393e-24
3.9958e-23
3.85822e-23
