0
0
0
0
0
0
0
0
0
0
0
0
0
0
0
0
0
0
0
0
0
0
0
0
0
0
0
0
0
0
0
0
0
0
0
0
0
0
0
0
0
0
0
0
0
0
0
0
0
0
0
0
0
0
0
0
0
0
0
0
0
0
0
0
0
0
0
0
0
0
0
0
0
0
0
0
0
0
0
0
0
0
1.11629e-62
-2.15691e-60
1.94054e-58
-1.0707e-56
4.00197e-55
-1.04865e-53
1.89109e-52
-2.05572e-51
3.38293e-51
3.0925e-49
-5.33708e-48
2.88347e-47
3.41097e-46
-7.15254e-45
3.35243e-44
4.16995e-43
-6.4877e-42
1.1958e-41
4.40392e-40
-3.60885e-39
-1.06471e-38
2.93588e-37
-7.28476e-37
-1.40695e-35
9.65516e-35
3.85137e-34
-6.09603e-33
5.68043e-34
2.71739e-31
-7.22713e-31
-9.33485e-30
4.78315e-29
2.51724e-28
-2.12125e-27
-5.12677e-27
7.5227e-26
6.35629e-26
-2.2751e-24
3.90157e-25
6.0746e-23
-5.22142e-23
-1.46482e-21
1.90248e-21
3.24128e-20
-4.90734e-20
-6.65006e-19
1.00708e-18
1.27098e-17
-1.67067e-17
-2.25977e-16
2.12852e-16
3.7106e-15
-1.60372e-15
-5.55541e-14
-1.02885e-14
7.4437e-13
6.72857e-13
-8.68757e-12
-1.53397e-11
8.44508e-11
2.47362e-10
-6.20487e-10
-3.10458e-09
2.3454e-09
3.05817e-08
1.73973e-08
-2.2623e-07
-4.3234e-07
1.06879e-06
4.5085e-06
-4.98346e-07
-2.88155e-05
-4.12622e-05
9.47947e-05
0.000368312
0.000144568
-0.00144673
-0.0031259
0.000258351
0.0121041
0.0214827
0.00198233
-0.059238
-0.122249
-0.100961
0.0659841
0.348014
0.64029
0.849891
0.955541
0.991672
0.999258
1
1
1
1
1
1
1
1
1
1
1
1
1
1
1
1
1
1
1
1
1
1
1
1
1
1
1
1
1
1
1
1
1
1
1
1
1
1
1
1
1
1
1
1
1
1
1
1
1
1
1
1
1
1
1
1
1
1
1
1
1
1
1
1
1
1
1
1
1
1
1
1
1
1
1
1
1
1
1
1
1
1
1
1
1
1
1
1
1
1
1
1
1
1
1
1
1
1
1
1
1
1
1
1
1
1
1
1
1
1
1
1
1
1
1
1
1
1
1
1
1
1
1
1
1
1
1
1
1
1
1
1
1
1
1
1
1
1
1
1
1
1
1
1
1
1
1
1
1
1
1
1
1
1
1
1
1
1
1
1
1
1
1
1
1
1
1
1
1
1
1
1
1
1
1
1
1
1
1
1
1
1
1
1
1
1
1
1
1
1
1
1
1
1
1
1
1
1
1
1
1
1
1
1
1
1
1
1
1
1
1
1
1
1
1
1
1
1
1
1
1
1
1
1
1
1
1
1
1
1
1
1
0.999999
0.999995
1
1.00003
1.00004
0.999905
0.999632
0.999855
1.00145
1.00313
0.999742
0.987896
0.978517
0.998018
1.05924
1.12225
1.10096
0.934016
0.651986
0.35971
0.150109
0.0444587
0.00832761
0.000742064
0
0
0
0
0
0
0
0
0
0
0
0
0
0
0
0
0
0
0
0
0
0
0
0
0
0
0
0
0
0
0
0
0
0
0
0
0
0
0
0
0
0
0
0
0
0
0
0
0
0
0
0
0
0
0
0
0
0
0
0
0
0
0
0
0
0
0
0
0
0
0
0
0
0
0
0
0
0
0
0
0
0
