1
1
1
1
1
1
1
1
1
1
1
1
1
1
1
1
1
1
1
1
1
1
1
1
1
1
1
1
1
1
1
1
1
1
1
1
1
1
1
1
1
1
1
1
1
1
1
1
1
0.999997
0.999992
0.999993
1.00001
1.00003
1.00004
0.99999
0.999883
0.999804
0.99991
1.00029
1.00075
1.00079
0.999877
0.998074
0.996541
0.997239
1.00154
1.00839
1.01351
1.01096
0.997104
0.974833
0.954851
0.952068
0.977879
1.03224
1.10024
1.15577
1.17096
1.12696
1.02086
0.865925
0.68595
0.506759
0.348876
0.223693
0.133501
0.0741024
0.038217
0.0182888
0.00810751
0.0033225
0.0012555
0.000436131
0.000138764
4.02614e-05
1.05967e-05
2.51397e-06
5.3347e-07
1.00296e-07
1.65084e-08
2.34279e-09
2.80933e-10
2.76857e-11
2.15342e-12
1.23979e-13
4.69792e-15
8.79029e-17
2.10407e-100
9.1054e-100
-5.02348e-99
-1.84534e-98
1.16099e-97
3.67085e-97
-2.60649e-96
-7.18578e-96
5.6992e-95
1.38827e-94
-1.21607e-93
-2.65592e-93
2.53594e-92
5.04957e-92
-5.17426e-91
-9.57543e-91
1.03381e-89
1.81687e-89
-2.02376e-88
-3.45764e-88
3.88266e-87
6.60704e-87
-7.30096e-86
-1.26719e-85
1.34534e-84
2.43512e-84
-2.42833e-83
-4.67519e-83
4.29049e-82
8.93671e-82
-7.41329e-81
-1.69463e-80
1.25099e-79
3.17672e-79
-2.05823e-78
-5.86848e-78
3.2942e-77
1.06543e-76
-5.11351e-76
-1.89651e-75
7.66676e-75
3.30308e-74
-1.10375e-73
-5.61854e-73
1.51216e-72
9.31791e-72
-1.94233e-71
-1.50406e-70
2.27418e-70
2.35873e-69
-2.27357e-69
-3.58662e-68
1.53798e-68
5.27525e-67
5.61527e-68
-7.48264e-66
-4.92727e-66
1.01956e-64
1.27456e-64
-1.32721e-63
-2.54267e-63
1.63726e-62
4.44332e-62
-1.88919e-61
-7.09624e-61
1.99132e-60
1.0547e-59
-1.82163e-59
-1.47069e-58
1.23721e-58
1.92891e-57
-9.55506e-59
-2.37604e-56
-1.7116e-56
2.73295e-55
4.21442e-55
-2.89992e-54
-7.31902e-54
2.76997e-53
1.07717e-52
-2.25054e-52
-1.41495e-51
1.29082e-51
1.68919e-50
9.07205e-52
-1.83811e-49
-1.78701e-49
1.80669e-48
3.59992e-48
-1.5614e-47
-5.26127e-47
1.10353e-46
6.47845e-46
-4.7675e-46
-6.99756e-45
-2.34972e-45
6.66979e-44
9.20617e-44
-5.50164e-43
-1.46486e-42
3.67076e-42
1.77504e-41
-1.49752e-41
-1.80477e-40
-6.24883e-41
1.56667e-39
2.32423e-39
-1.12949e-38
-3.33992e-38
5.99628e-38
3.58247e-37
-9.25539e-38
-3.14331e-36
-2.97034e-36
2.2529e-35
5.16845e-35
-1.20312e-34
-5.64226e-34
2.61231e-34
4.78043e-33
3.96102e-33
-3.19721e-32
-7.10434e-32
1.51203e-31
7.28051e-31
-1.76105e-31
-5.57838e-30
-6.06634e-30
3.20824e-29
8.59717e-29
-1.10493e-28
-7.48192e-28
-2.55471e-28
4.7518e-27
8.26088e-27
-2.02661e-26
-8.27248e-26
1.64045e-26
5.57014e-25
6.84372e-25
-2.5405e-24
-7.9104e-24
4.2801e-24
5.44547e-23
5.34901e-23
-2.46316e-22
-6.77748e-22
4.3181e-22
4.54352e-21
4.336e-21
-1.90253e-20
-5.28153e-20
2.42504e-20
3.23335e-19
3.65688e-19
-1.14737e-18
-3.68642e-18
1.89149e-19
1.90822e-17
2.89979e-17
-4.90856e-17
-2.19989e-16
-1.12371e-16
8.71808e-16
1.92976e-15
-9.46396e-16
-1.0397e-14
-1.26239e-14
2.58614e-14
9.81076e-14
4.91527e-14
-3.3955e-13
-7.72093e-13
1.28054e-13
3.38917e-12
5.1818e-12
-4.78668e-12
-2.85138e-11
-2.99766e-11
5.77158e-11
2.11854e-10
1.50985e-10
-5.12214e-10
-1.43174e-09
-6.82683e-10
3.79127e-09
8.99563e-09
3.07083e-09
-2.4403e-08
-5.3343e-08
-1.67768e-08
1.38228e-07
3.00139e-07
1.19582e-07
-6.82299e-07
-1.58981e-06
-9.24604e-07
2.81905e-06
7.74518e-06
6.55393e-06
-8.65982e-06
-3.32937e-05
-3.96055e-05
1.02564e-05
0.000117405
0.000195866
9.02335e-05
-0.000285617
-0.000748834
-0.000790657
0.000122674
0.00192605
0.00345893
0.00276142
-0.00154064
-0.00839445
-0.01351
-0.0109565
0.00289568
0.0251675
0.0451491
0.0479323
0.0221211
-0.0322412
-0.100242
-0.155767
-0.170959
-0.126964
-0.0208563
0.134075
0.31405
0.493241
0.651124
0.776307
0.866499
0.925898
0.961783
0.981711
0.991892
0.996678
0.998745
0.999564
0.999861
0.99996
0.999989
0.999997
0.999999
1
1
1
1
1
1
1
1
1
1
1
1
1
1
1
1
1
1
1
1
1
1
1
1
1
1
1
1
1
1
1
1
1
1
1
1
1
1
1
1
1
1
1
1
1
1
1
1
1
1
1
1
1
1
1
1
1
1
1
1
1
1
1
1
1
1
1
1
1
1
1
1
1
1
1
1
1
1
1
1
1
1
1
1
1
1
1
1
1
1
1
1
1
1
1
1
1
1
1
1
1
1
1
1
1
1
1
1
1
1
1
1
1
1
1
1
1
1
1
1
1
1
1
1
1
1
1
1
1
1
1
1
1
1
1
1
1
1
1
1
1
1
1
1
1
1
1
1
1
1
1
1
1
1
1
1
1
