5.18344e-10
2.31462e-11
5.0493e-13
-1.29711e-57
4.89036e-56
-1.56111e-54
4.27786e-53
-1.01649e-51
2.10974e-50
-3.84395e-49
6.16619e-48
-8.7157e-47
1.08383e-45
-1.18029e-44
1.11523e-43
-8.98646e-43
5.96724e-42
-3.00968e-41
8.44639e-41
2.69804e-40
-5.35018e-39
3.67243e-38
-1.27092e-37
-1.33392e-37
4.52523e-36
-2.638e-35
4.77635e-35
3.71099e-34
-3.18293e-33
8.15463e-33
2.94004e-32
-3.07099e-31
7.46584e-31
2.89463e-30
-2.51783e-29
3.96568e-29
3.01682e-28
-1.64035e-27
9.537e-29
2.54024e-26
-6.94891e-26
-1.96986e-25
1.44607e-24
-4.82726e-25
-1.81656e-23
4.09074e-23
1.52996e-22
-7.44294e-22
-6.51092e-22
9.32758e-21
-4.87742e-21
-9.33987e-20
1.50251e-19
7.88738e-19
-2.14257e-18
-5.77335e-18
2.3503e-17
3.73624e-17
-2.21195e-16
-2.19771e-16
1.86992e-15
1.24891e-15
-1.45423e-14
-7.71272e-15
1.05271e-13
5.7623e-14
-7.11013e-13
-5.00122e-13
4.45089e-12
4.42734e-12
-2.53904e-11
-3.65414e-11
1.27797e-10
2.69989e-10
-5.30932e-10
-1.74805e-09
1.49236e-09
9.70597e-09
5.10366e-10
-4.45572e-08
-4.16205e-08
1.55636e-07
3.2755e-07
-3.04559e-07
-1.62466e-06
-6.20061e-07
5.35047e-06
8.58277e-06
-8.20119e-06
-3.94304e-05
-2.44869e-05
9.21626e-05
0.000201968
1.24097e-05
-0.000560218
-0.000865908
0.000180256
0.00251117
0.00353793
-0.000284745
-0.00864504
-0.0139515
-0.00546208
0.0192262
0.0451901
0.0454351
0.000994914
-0.0786373
-0.152847
-0.169921
-0.0962894
0.0654279
0.280226
0.500713
0.688512
0.825422
0.912218
0.960478
0.984112
0.994318
0.998202
0.9995
0.999879
0.999975
0.999995
0.999999
1
1
1
1
1
1
1
1
1
1
1
1
1
1
1
1
1
1
1
1
1
1
1
1
1
1
1
1
1
1
1
1
1
1
1
1
1
1
1
1
1
1
1
1
1
1
1
1
1
1
1
1
1
1
1
1
1
1
1
1
1
1
1
1
1
1
1
1
1
1
1
1
1
1
1
1
1
1
1
1
1
1
1
1
1
1
1
1
0.999995
0.999991
1.00001
1.00004
1.00002
0.999908
0.999798
0.999988
1.00056
1.00087
0.99982
0.997489
0.996462
1.00028
1.00865
1.01395
1.00546
0.980774
0.95481
0.954565
0.999005
1.07864
1.15285
1.16992
1.09629
0.934572
0.719774
0.499287
0.311488
0.174578
0.0877822
0.0395221
0.0158885
0.00568174
0.00179825
0.000500436
0.000121422
2.54051e-05
4.51805e-06
6.69802e-07
8.05643e-08
7.55516e-09
