0.0574892
0.026148
0.0108195
0.00406384
0.00138158
0.000423563
0.000116559
2.86247e-05
6.22826e-06
1.18982e-06
1.97281e-07
2.79704e-08
3.32428e-09
3.22224e-10
2.44703e-11
1.36577e-12
4.98282e-14
8.91709e-16
-1.09336e-41
1.73206e-41
1.62179e-40
-1.24283e-39
2.62603e-39
1.4006e-38
-1.17556e-37
2.26775e-37
1.34671e-36
-9.52866e-36
1.0933e-35
1.29861e-34
-6.25991e-34
-1.58306e-34
1.06347e-32
-2.83434e-32
-8.49246e-32
6.44416e-31
-3.65707e-31
-8.23392e-30
2.33224e-29
6.10862e-29
-4.24872e-28
2.03227e-29
5.21319e-27
-8.87799e-27
-4.73642e-26
1.70414e-25
2.96468e-25
-2.22741e-24
-5.24468e-25
2.35951e-23
-1.83703e-23
-2.15175e-22
3.57014e-22
1.74265e-21
-4.45761e-21
-1.28075e-20
4.57139e-20
8.72503e-20
-4.14114e-19
-5.66649e-19
3.42534e-18
3.65353e-18
-2.63264e-17
-2.45406e-17
1.89621e-16
1.77162e-16
-1.28211e-15
-1.3596e-15
8.09843e-15
1.06198e-14
-4.71991e-14
-8.06185e-14
2.47883e-13
5.74892e-13
-1.1192e-12
-3.76058e-12
3.84922e-12
2.21101e-11
-5.0562e-12
-1.1399e-10
-6.03306e-11
4.94508e-10
6.87841e-10
-1.64249e-09
-4.51566e-09
2.82366e-09
2.16935e-08
1.04069e-08
-7.55471e-08
-1.22148e-07
1.49533e-07
6.22142e-07
1.98838e-07
-1.93353e-06
-3.08766e-06
2.45933e-06
1.31753e-05
9.93567e-06
-2.65928e-05
-6.66918e-05
-1.8559e-05
0.000159924
0.000288158
1.30933e-05
-0.000720138
-0.00116263
-0.000113089
0.0025461
0.00445888
0.00185598
-0.00637858
-0.0148806
-0.0133236
0.0051881
0.0344761
0.0538421
0.0394612
-0.017429
-0.0988165
-0.164588
-0.171775
-0.0961617
0.056896
0.257337
0.465722
0.649053
0.789556
0.884831
0.942511
0.973852
0.989181
0.995936
0.998618
0.999576
0.999883
0.999971
0.999994
0.999999
1
1
1
1
1
1
1
1
1
1
1
1
1
1
1
1
1
1
1
1
1
1
1
1
1
1
1
1
1
1
1
1
1
1
1
1
1
1
1
1
1
1
1
1
1
1
1
1
1
1
1
1
1
1
1
1
1
1
1
1
1
1
1
1
1
1
1
1
1
1
1
1
1
1
1
1
1
1
1
1
1
0.999999
1
1
1
0.999998
0.999987
0.99999
1.00003
1.00007
1.00002
0.99984
0.999712
0.999987
1.00072
1.00116
1.00011
0.997454
0.995541
0.998144
1.00638
1.01488
1.01332
0.994812
0.965524
0.946158
0.960539
1.01743
1.09882
1.16459
1.17178
1.09616
0.943104
0.742663
0.534278
0.350947
0.210444
0.115169
