0
0
0
0
0
0
0
0
0
0
0
0
0
0
0
0
0
0
0
0
0
0
0
0
0
0
0
0
0
0
0
0
0
0
0
0
0
0
0
0
0
0
0
0
0
0
0
0
0
0
0
0
0
0
0
0
0
0
0
0
0
0
0
0
0
0
0
0
0
0
0
0
3.80103e-76
-8.9493e-74
9.94135e-72
-6.89222e-70
3.3184e-68
-1.16463e-66
3.0239e-65
-5.68975e-64
7.0215e-63
-3.1079e-62
-7.74874e-61
1.91364e-59
-1.76003e-58
-3.2656e-58
2.81091e-56
-2.89183e-55
-1.65452e-55
3.30036e-53
-2.8297e-52
-7.65808e-52
3.12221e-50
-1.59682e-49
-1.41893e-48
2.07917e-47
-1.84321e-47
-1.30878e-45
7.70946e-45
4.43996e-44
-6.42326e-43
1.13938e-43
3.37739e-41
-1.23895e-40
-1.24263e-39
9.54579e-39
2.87457e-38
-4.84879e-37
-1.02354e-38
1.92155e-35
-3.94086e-35
-6.27645e-34
2.48855e-33
1.72536e-32
-1.0651e-31
-3.99586e-31
3.70706e-30
7.62156e-30
-1.11674e-28
-1.1053e-28
3.00516e-27
8.28556e-28
-7.36584e-26
1.44278e-26
1.66608e-24
-7.86494e-25
-3.50795e-23
2.01737e-23
6.90844e-22
-3.58965e-22
-1.27387e-20
4.08349e-21
2.19329e-19
1.21855e-21
-3.50308e-18
-1.55748e-18
5.1358e-17
5.09889e-17
-6.80419e-16
-1.13642e-15
7.95288e-15
2.02776e-14
-7.86104e-14
-3.02761e-13
5.96079e-13
3.81984e-12
-2.28453e-12
-4.03211e-11
-2.24792e-11
3.44356e-10
6.04898e-10
-2.17667e-09
-7.65707e-09
7.01823e-09
6.65443e-08
4.11334e-08
-3.9728e-07
-8.42324e-07
1.23608e-06
6.88633e-06
3.62298e-06
-3.1487e-05
-6.93081e-05
3.96329e-05
0.000386462
0.00048593
-0.000750834
-0.00321757
-0.00304274
0.00547565
0.0199805
0.0214397
-0.0144941
-0.0841585
-0.133603
-0.0854805
0.0966748
0.369892
0.641949
0.839111
0.945047
0.986592
0.997917
0.999845
1
1
1
1
1
1
1
1
1
1
1
1
1
1
1
1
1
1
1
1
1
1
1
1
1
1
1
1
1
1
1
1
1
1
1
1
1
1
1
1
1
1
1
1
1
1
1
1
1
1
1
1
1
1
1
1
1
1
1
1
1
1
1
1
1
1
1
1
1
1
1
1
1
1
1
1
1
1
1
1
1
1
1
1
1
1
1
1
1
1
1
1
1
1
1
1
1
1
1
1
1
1
1
1
1
1
1
1
1
1
1
1
1
1
1
1
1
1
1
1
1
1
1
1
1
1
1
1
1
1
1
1
1
1
1
1
1
1
1
1
1
1
1
1
1
1
1
1
1
1
1
1
1
1
1
1
1
1
1
1
1
1
1
1
1
1
1
1
1
1
1
1
1
1
1
1
1
1
1
1
1
1
1
1
1
1
1
1
1
1
1
1
1
1
1
1
1
1
1
1
1
1
1
1
1
1
1
1
1
1
1
1
1
1
1
1
1
1
1
1
1
1
1
1
1
1
1
1
1
1
0.999999
0.999993
0.999996
1.00003
1.00007
0.99996
0.999614
0.999514
1.00075
1.00322
1.00304
0.994524
0.980019
0.97856
1.01449
1.08416
1.1336
1.08548
0.903325
0.630108
0.358051
0.160889
0.0549527
0.0134076
0.00208279
0.000154918
0
0
0
0
0
0
0
0
0
0
0
0
0
0
0
0
0
0
0
0
0
0
0
0
0
0
0
0
0
0
0
0
0
0
0
0
0
0
0
0
0
0
0
0
0
0
0
0
0
0
0
0
0
0
0
0
0
0
0
0
0
0
0
0
0
0
0
0
0
0
0
0
