0.999062
1.00921
1.01826
1.0164
0.997788
0.967636
0.943114
0.945333
0.986262
1.05863
1.13569
1.18162
1.16684
1.08007
0.931435
0.746544
0.555776
0.384398
0.247124
0.147744
0.0821687
0.0425153
0.0204622
0.00915655
0.00380673
0.00146875
0.000525176
0.000173721
5.30452e-05
1.49122e-05
3.84752e-06
9.07688e-07
1.94928e-07
3.79041e-08
6.63121e-09
1.03567e-09
1.43031e-10
1.72592e-11
1.79204e-12
1.56906e-13
1.12675e-14
6.37307e-16
2.66271e-17
7.30708e-19
9.88119e-21
-2.36896e-30
-1.13764e-29
3.32031e-29
8.09709e-29
-3.73892e-28
-4.77049e-28
3.69225e-27
1.99581e-27
-3.3246e-26
-4.96509e-28
2.7926e-25
-1.06344e-25
-2.22308e-24
1.50455e-24
1.69723e-23
-1.49504e-23
-1.25385e-22
1.24278e-22
9.01699e-22
-9.05398e-22
-6.32926e-21
5.82306e-21
4.33258e-20
-3.23072e-20
-2.87984e-19
1.41898e-19
1.84498e-18
-3.19549e-19
-1.12756e-17
-2.32748e-18
6.48524e-17
4.22906e-17
-3.44566e-16
-4.11344e-16
1.643e-15
3.14815e-15
-6.652e-15
-2.0467e-14
1.9605e-14
1.15155e-13
-9.75667e-15
-5.56155e-13
-4.00382e-13
2.21901e-12
3.71209e-12
-6.50328e-12
-2.2056e-11
6.81035e-12
9.86331e-11
7.07249e-11
-3.23269e-10
-6.18642e-10
5.80461e-10
2.98215e-09
1.21463e-09
-9.44437e-09
-1.54661e-08
1.43865e-08
7.06139e-08
4.00881e-08
-1.80987e-07
-3.6395e-07
9.00049e-08
1.24471e-06
1.42782e-06
-1.70229e-06
-6.53606e-06
-4.5297e-06
1.15498e-05
2.93172e-05
1.3174e-05
-5.61291e-05
-0.000119675
-4.7073e-05
0.000215935
0.000456444
0.000238378
-0.000641682
-0.00158944
-0.00128149
0.00117079
0.00463975
0.00570381
0.000937967
-0.00920961
-0.0182585
-0.0164036
0.00221197
0.0323642
0.0568865
0.0546671
0.0137381
-0.0586319
-0.135694
-0.18162
-0.166838
-0.0800662
0.0685649
0.253456
0.444224
0.615602
0.752876
0.852256
0.917831
0.957485
0.979538
0.990843
0.996193
0.998531
0.999475
0.999826
0.999947
0.999985
0.999996
0.999999
1
1
1
1
1
1
1
1
1
1
1
1
1
1
1
1
1
1
1
1
1
1
1
1
1
1
1
1
1
1
1
1
1
1
1
1
1
1
1
1
1
1
1
1
1
1
1
1
1
1
1
1
1
1
1
1
1
1
1
1
1
1
1
1
1
1
1
1
1
1
1
1
1
1
1
1
0.999999
0.999999
1
1.00001
1
0.999988
0.999971
0.999987
1.00006
1.00012
1.00005
0.999784
0.999544
0.999762
1.00064
1.00159
1.00128
0.998829
0.99536
0.994296
