1
1
1
1
1
1
1
1
1
1
1
1
1
1
1
1
1
1
1
1
1
1
1
1
1
1
1
1
1
1
1
1
1
1
1
1
1
1
1
1
1
1
1
1
0.999999
0.999999
1
1
1
1
0.999995
0.999989
0.999992
1.00001
1.00003
1.00004
0.999991
0.999914
0.99987
0.999945
1.00016
1.00037
1.00036
0.999943
0.999236
0.998747
0.999124
1.00063
1.00265
1.00373
1.00233
0.998079
0.992653
0.989509
0.992185
1.00185
1.01557
1.02658
1.02705
1.01221
0.983874
0.951284
0.928431
0.928734
0.959259
1.01698
1.08869
1.15457
1.19401
1.19137
1.13989
1.04261
0.910581
0.759285
0.604757
0.460426
0.335347
0.23385
0.156251
0.100102
0.0615274
0.036301
0.0205676
0.0111947
0.00585494
0.00294306
0.00142199
0.000660448
0.000294863
0.000126535
5.21857e-05
2.06803e-05
7.87262e-06
2.87805e-06
1.01003e-06
3.40121e-07
1.09845e-07
3.4004e-08
1.00833e-08
2.86215e-09
7.77062e-10
2.01612e-10
4.99406e-11
1.17981e-11
2.65513e-12
5.68483e-13
1.15633e-13
2.23018e-14
4.07604e-15
7.41655e-16
1.58424e-16
-7.36382e-17
-2.60792e-16
3.3054e-17
9.85875e-16
1.02812e-15
-2.27096e-15
-6.28241e-15
3.18481e-16
2.18649e-14
2.56514e-14
-4.15355e-14
-1.36746e-13
-3.5919e-14
3.97861e-13
6.25216e-13
-4.54331e-13
-2.55635e-12
-1.95383e-12
5.26179e-12
1.29862e-11
1.71612e-12
-3.62847e-11
-5.48607e-11
2.96321e-11
1.99162e-10
1.95691e-10
-2.83044e-10
-9.48408e-10
-5.85603e-10
1.73047e-09
4.10012e-09
1.42879e-09
-8.65642e-09
-1.66183e-08
-2.73262e-09
3.80298e-08
6.47384e-08
4.96933e-09
-1.50854e-07
-2.46249e-07
-2.41843e-08
5.43597e-07
9.16806e-07
2.07086e-07
-1.75575e-06
-3.29673e-06
-1.44766e-06
4.87006e-06
1.11313e-05
7.96271e-06
-1.02876e-05
-3.3793e-05
-3.55948e-05
8.54282e-06
8.59309e-05
0.000129909
5.52504e-05
-0.000155122
-0.000374602
-0.000362857
5.70607e-05
0.000764073
0.00125293
0.000875734
-0.000628203
-0.00264805
-0.00372595
-0.00232896
0.00192091
0.00734718
0.0104908
0.00781481
-0.001854
-0.0155727
-0.0265829
-0.0270493
-0.0122081
0.0161263
0.0487164
0.0715694
0.0712661
0.0407409
-0.0169799
-0.088688
-0.154572
-0.194009
-0.191369
-0.139887
-0.0426117
0.0894194
0.240715
0.395243
0.539574
0.664653
0.76615
0.843749
0.899898
0.938473
0.963699
0.979432
0.988805
0.994145
0.997057
0.998578
0.99934
0.999705
0.999873
0.999948
0.999979
0.999992
0.999997
0.999999
1
1
1
1
1
1
1
1
1
1
1
1
1
