1
1
1
0.999999
0.999997
0.999997
1
1.00001
1.00001
0.999984
0.999949
0.999954
1.00004
1.00017
1.00019
0.999942
0.999502
0.99928
0.999787
1.00107
1.00228
1.00191
0.999065
0.994793
0.992379
0.995527
1.00518
1.01716
1.023
1.01459
0.990265
0.958498
0.935938
0.939943
0.979146
1.04717
1.12304
1.17831
1.1874
1.13644
1.02706
0.874335
0.700664
0.528701
0.375894
0.252007
0.159433
0.0952435
0.0537533
0.0286706
0.0144548
0.00688876
0.00310289
0.00132056
0.000530793
0.000201371
7.20502e-05
2.42899e-05
7.70684e-06
2.29829e-06
6.43193e-07
1.6862e-07
4.13255e-08
9.44604e-09
2.00833e-09
3.95942e-10
7.21266e-11
1.20903e-11
1.85598e-12
2.59453e-13
3.28087e-14
3.7229e-15
3.75389e-16
3.32279e-17
2.5422e-18
1.64732e-19
8.74785e-21
2.67115e-22
2.134e-22
6.84992e-22
-8.39698e-22
-4.24661e-21
2.51153e-21
2.45264e-20
7.22002e-23
-1.30267e-19
-7.90931e-20
6.23379e-19
8.09925e-19
-2.58427e-18
-5.82222e-18
8.41361e-18
3.43267e-17
-1.35576e-17
-1.71479e-16
-7.69813e-17
7.16141e-16
9.59662e-16
-2.32387e-15
-6.277e-15
4.20252e-15
3.05505e-14
1.18764e-14
-1.14027e-13
-1.62605e-13
2.89209e-13
9.42048e-13
-1.2072e-13
-3.7319e-12
-3.65618e-12
9.74976e-12
2.44715e-11
-6.76518e-12
-9.47367e-11
-8.95475e-11
2.17248e-10
5.70642e-10
-1.21677e-11
-1.88917e-09
-2.3851e-09
2.91003e-09
1.13059e-08
6.11683e-09
-2.60397e-08
-5.38887e-08
1.89684e-09
1.58439e-07
2.19137e-07
-1.29159e-07
-7.90145e-07
-8.08073e-07
9.06066e-07
3.47007e-06
2.91533e-06
-4.32249e-06
-1.39129e-05
-1.11118e-05
1.59205e-05
5.14798e-05
4.56055e-05
-4.34055e-05
-0.000172765
-0.000189177
5.81165e-05
0.000497632
0.000720228
0.000213062
-0.00107455
-0.0022802
-0.00191461
0.000934767
0.00520693
0.00762145
0.00447349
-0.00517917
-0.0171557
-0.0229994
-0.0145883
0.00973477
0.0415023
0.0640622
0.0600571
0.0208541
-0.0471687
-0.123042
-0.178314
-0.187403
-0.136443
-0.0270637
0.125665
0.299336
0.471299
0.624106
0.747993
0.840567
0.904756
0.946247
0.971329
0.985545
0.993111
0.996897
0.998679
0.999469
0.999799
0.999928
0.999976
0.999992
0.999998
0.999999
1
1
1
1
1
1
1
1
1
1
1
1
1
1
1
1
1
1
1
1
1
1
1
1
1
1
1
1
1
1
1
1
1
1
1
1
1
1
1
1
1
1
1
1
1
1
1
1
1
1
1
1
1
1
1
1
1
1
1
1
1
1
1
1
1
1
1
