1
1
1
1
1
1
1
1
1
1
1
1
1
1
1
1
1
1
1
1
1
1
1
1
1
1
1
0.999999
0.999994
0.999993
1
1.00002
1.00003
1
0.99995
0.999908
0.999952
1.00011
1.00028
1.00026
0.999902
0.999318
0.998999
0.999524
1.00101
1.00266
1.00295
1.00061
0.995986
0.991654
0.991448
0.998018
1.01022
1.02225
1.02572
1.01419
0.987833
0.955451
0.93209
0.932907
0.965972
1.02745
1.10151
1.16498
1.19482
1.17522
1.10176
0.981661
0.830449
0.667069
0.509076
0.369393
0.255065
0.167731
0.105119
0.0628238
0.0358225
0.0194961
0.0101302
0.00502625
0.00238155
0.00107759
0.000465562
0.000192015
7.55785e-05
2.83787e-05
1.01603e-05
3.46643e-06
1.12623e-06
3.48169e-07
1.02326e-07
2.85607e-08
7.5621e-09
1.8969e-09
4.50146e-10
1.00894e-10
2.13209e-11
4.23926e-12
7.91302e-13
1.38311e-13
2.25728e-14
3.42859e-15
4.82823e-16
6.27807e-17
7.73563e-18
1.06261e-18
-7.4221e-19
-1.79326e-18
1.92788e-18
9.4792e-18
7.72998e-19
-3.88562e-17
-4.10257e-17
1.17941e-16
2.84105e-16
-1.79707e-16
-1.30552e-15
-6.75959e-16
4.29864e-15
7.23119e-15
-8.18914e-15
-3.59623e-14
-1.06225e-14
1.18083e-13
1.74978e-13
-2.11841e-13
-8.62893e-13
-3.08086e-13
2.56428e-12
4.19683e-12
-3.28968e-12
-1.79201e-11
-1.21787e-11
4.16584e-11
9.27293e-11
-7.96763e-12
-2.9624e-10
-3.73542e-10
3.82823e-10
1.63122e-09
1.13528e-09
-3.12525e-09
-7.63685e-09
-2.06674e-09
1.82272e-08
3.20316e-08
-2.48991e-09
-8.90376e-08
-1.25632e-07
4.28701e-08
3.86096e-07
4.79257e-07
-2.25732e-07
-1.52489e-06
-1.82918e-06
7.66444e-07
5.51396e-06
7.00882e-06
-1.35026e-06
-1.79686e-05
-2.62639e-05
-3.77232e-06
5.03715e-05
9.17802e-05
4.83226e-05
-0.000107639
-0.000280756
-0.000264563
9.7554e-05
0.000681586
0.00100145
0.00047591
-0.00101177
-0.00266309
-0.00294747
-0.00060695
0.00401399
0.00834564
0.00855241
0.00198162
-0.0102236
-0.0222542
-0.0257239
-0.0141904
0.0121671
0.0445495
0.0679097
0.067093
0.0340283
-0.0274542
-0.101512
-0.164983
-0.194823
-0.175216
-0.101765
0.0183392
0.169551
0.332931
0.490924
0.630607
0.744935
0.832269
0.894881
0.937176
0.964177
0.980504
0.98987
0.994974
0.997618
0.998922
0.999534
0.999808
0.999924
0.999972
0.99999
0.999997
0.999999
1
1
1
1
1
1
1
1
1
1
1
1
1
1
1
1
1
1
1
1
1
1
1
1
1
1
1
1
1
1
1
1
1
1
1
1
1
1
1
