   0.841907    0.614628     0.28911   0.0618312  0.00715523 0.000723098 6.18157e-05 4.27981e-06 2.26296e-07 1.02383e-08 1.02383e-08 2.26296e-07 4.27981e-06 6.18157e-05 0.000723098  0.00715523   0.0618312     0.28911    0.614628    0.841907    0.896583    0.903015    0.903676    0.903734    0.903738    0.903738    0.903738    0.903738    0.903734    0.903676    0.903015    0.896583
   0.626085    0.457069    0.214997   0.0459808  0.00532099 0.000537732 4.59693e-05 3.18268e-06 1.68285e-07 7.61371e-09 7.61371e-09 1.68285e-07 3.18268e-06 4.59693e-05 0.000537732  0.00532099   0.0459808    0.214997    0.457069    0.626085    0.666744    0.671528    0.672019    0.672062    0.672065    0.672065    0.672065    0.672065    0.672062    0.672019    0.671528    0.666744
   0.325977    0.237977     0.11194   0.0239403  0.00277042 0.000279975 2.39343e-05 1.65709e-06 8.76193e-08 3.96415e-09 3.96415e-09 8.76193e-08 1.65709e-06 2.39343e-05 0.000279975  0.00277042   0.0239403     0.11194    0.237977    0.325977    0.347147    0.349637    0.349893    0.349916    0.349917    0.349917    0.349917    0.349917    0.349916    0.349893    0.349637    0.347147
  0.0815196   0.0595128   0.0279938  0.00598695 0.000692822 7.00157e-05 5.98545e-06 4.14403e-07 2.19117e-08 9.91347e-10 9.91347e-10 2.19117e-08 4.14403e-07 5.98545e-06 7.00157e-05 0.000692822  0.00598695   0.0279938   0.0595128   0.0815196   0.0868138   0.0874366   0.0875006   0.0875062   0.0875066   0.0875066   0.0875066   0.0875066   0.0875062   0.0875006   0.0874366   0.0868138
 0.00630278   0.0046013  0.00216437 0.000462888 5.35663e-05 5.41334e-06 4.62772e-07   3.204e-08 1.69412e-09 7.66471e-11 7.66471e-11 1.69412e-09   3.204e-08 4.62772e-07 5.41334e-06 5.35663e-05 0.000462888  0.00216437   0.0046013  0.00630278  0.00671211  0.00676026  0.00676521  0.00676564  0.00676567  0.00676567  0.00676567  0.00676567  0.00676564  0.00676521  0.00676026  0.00671211
0.000422231 0.000308247 0.000144994 3.10094e-05 3.58847e-06 3.62646e-07 3.10016e-08  2.1464e-09 1.13491e-10 5.13468e-12 5.13468e-12 1.13491e-10  2.1464e-09 3.10016e-08 3.62646e-07 3.58847e-06 3.10094e-05 0.000144994 0.000308247 0.000422231 0.000449652 0.000452878  0.00045321 0.000453238  0.00045324  0.00045324  0.00045324  0.00045324 0.000453238  0.00045321 0.000452878 0.000449652
2.76331e-05 2.01734e-05 9.48919e-06 2.02943e-06  2.3485e-07 2.37336e-08 2.02892e-09 1.40472e-10 7.42751e-12 3.36042e-13 3.36042e-13 7.42751e-12 1.40472e-10 2.02892e-09 2.37336e-08  2.3485e-07 2.02943e-06 9.48919e-06 2.01734e-05 2.76331e-05 2.94277e-05 2.96388e-05 2.96605e-05 2.96624e-05 2.96626e-05 2.96626e-05 2.96626e-05 2.96626e-05 2.96624e-05 2.96605e-05 2.96388e-05 2.94277e-05
1.72911e-06 1.26232e-06 5.93774e-07 1.26989e-07 1.46954e-08  1.4851e-09 1.26957e-10 8.78986e-12 4.64766e-13 2.10274e-14 2.10274e-14 4.64766e-13 8.78986e-12 1.26957e-10  1.4851e-09 1.46954e-08 1.26989e-07 5.93774e-07 1.26232e-06 1.72911e-06  1.8414e-06 1.85461e-06 1.85597e-06 1.85609e-06 1.85609e-06  1.8561e-06  1.8561e-06 1.85609e-06 1.85609e-06 1.85597e-06 1.85461e-06  1.8414e-06
9.64229e-08 7.03929e-08 3.31115e-08 7.08147e-09 8.19483e-10 8.28158e-11  7.0797e-12 4.90163e-13 2.59175e-14 1.17258e-15 1.17258e-15 2.59175e-14 4.90163e-13  7.0797e-12 8.28158e-11 8.19483e-10 7.08147e-09 3.31115e-08 7.03929e-08 9.64229e-08 1.02685e-07 1.03422e-07 1.03497e-07 1.03504e-07 1.03504e-07 1.03504e-07 1.03504e-07 1.03504e-07 1.03504e-07 1.03497e-07 1.03422e-07 1.02685e-07
3.31682e-08 2.42142e-08 1.13899e-08 2.43593e-09 2.81891e-10 2.84875e-11 2.43532e-12 1.68609e-13 8.91526e-15 4.03352e-16 4.03352e-16 8.91526e-15 1.68609e-13 2.43532e-12 2.84875e-11 2.81891e-10 2.43593e-09 1.13899e-08 2.42142e-08 3.31682e-08 3.53222e-08 3.55756e-08 3.56017e-08 3.56039e-08 3.56041e-08 3.56041e-08 3.56041e-08 3.56041e-08 3.56039e-08 3.56017e-08 3.55756e-08 3.53222e-08
 2.3386e-07 1.70728e-07 8.03074e-08 1.71751e-08 1.98754e-09 2.00858e-10 1.71708e-11 1.18882e-12 6.28593e-14 2.84394e-15 2.84394e-15 6.28593e-14 1.18882e-12 1.71708e-11 2.00858e-10 1.98754e-09 1.71751e-08 8.03074e-08 1.70728e-07  2.3386e-07 2.49048e-07 2.50835e-07 2.51018e-07 2.51034e-07 2.51035e-07 2.51035e-07 2.51035e-07 2.51035e-07 2.51034e-07 2.51018e-07 2.50835e-07 2.49048e-07
3.50789e-06 2.56091e-06  1.2046e-06 2.57625e-07 2.98129e-08 3.01286e-09 2.57561e-10 1.78322e-11 9.42884e-13 4.26588e-14 4.26588e-14 9.42884e-13 1.78322e-11 2.57561e-10 3.01286e-09 2.98129e-08 2.57625e-07  1.2046e-06 2.56091e-06 3.50789e-06  3.7357e-06  3.7625e-06 3.76525e-06 3.76549e-06 3.76551e-06 3.76551e-06 3.76551e-06 3.76551e-06 3.76549e-06 3.76525e-06  3.7625e-06  3.7357e-06
3.94706e-05 2.88152e-05 1.35542e-05 2.89879e-06 3.35454e-07 3.39005e-08 2.89807e-09 2.00648e-10 1.06093e-11 4.79995e-13 4.79995e-13 1.06093e-11 2.00648e-10 2.89807e-09 3.39005e-08 3.35454e-07 2.89879e-06 1.35542e-05 2.88152e-05 3.94706e-05 4.20339e-05 4.23355e-05 4.23665e-05 4.23692e-05 4.23694e-05 4.23694e-05 4.23694e-05 4.23694e-05 4.23692e-05 4.23665e-05 4.23355e-05 4.20339e-05
0.000349531 0.000255173 0.000120029 2.56702e-05 2.97061e-06 3.00206e-07 2.56638e-08 1.77683e-09 9.39505e-11 4.25059e-12 4.25059e-12 9.39505e-11 1.77683e-09 2.56638e-08 3.00206e-07 2.97061e-06 2.56702e-05 0.000120029 0.000255173 0.000349531 0.000372231 0.000374901 0.000375176   0.0003752 0.000375201 0.000375201 0.000375201 0.000375201   0.0003752 0.000375176 0.000374901 0.000372231
 0.00256099  0.00186963 0.000879443 0.000188084 2.17655e-05 2.19959e-06 1.88037e-07 1.30187e-08 6.88369e-10 3.11438e-11 3.11438e-11 6.88369e-10 1.30187e-08 1.88037e-07 2.19959e-06 2.17655e-05 0.000188084 0.000879443  0.00186963  0.00256099  0.00272731  0.00274688  0.00274889  0.00274906  0.00274908  0.00274908  0.00274908  0.00274908  0.00274906  0.00274889  0.00274688  0.00272731
  0.0161229   0.0117704  0.00553658  0.00118409 0.000137026 1.38476e-05  1.1838e-06 8.19602e-08 4.33367e-09 1.96068e-10 1.96068e-10 4.33367e-09 8.19602e-08  1.1838e-06 1.38476e-05 0.000137026  0.00118409  0.00553658   0.0117704   0.0161229     0.01717   0.0172931   0.0173058   0.0173069    0.017307    0.017307    0.017307    0.017307   0.0173069   0.0173058   0.0172931     0.01717
  0.0896761   0.0654674   0.0307947  0.00658597 0.000762142 7.70211e-05 6.58432e-06 4.55866e-07  2.4104e-08 1.09054e-09 1.09054e-09  2.4104e-08 4.55866e-07 6.58432e-06 7.70211e-05 0.000762142  0.00658597   0.0307947   0.0654674   0.0896761   0.0954999    0.096185   0.0962555   0.0962616    0.096262    0.096262    0.096262    0.096262   0.0962616   0.0962555    0.096185   0.0954999
   0.305498    0.223027    0.104908   0.0224363  0.00259638 0.000262387 2.24307e-05 1.55299e-06 8.21148e-08 3.71511e-09 3.71511e-09 8.21148e-08 1.55299e-06 2.24307e-05 0.000262387  0.00259638   0.0224363    0.104908    0.223027    0.305498    0.325338    0.327672    0.327912    0.327933    0.327935    0.327935    0.327935    0.327935    0.327933    0.327912    0.327672    0.325338
   0.605606    0.442118    0.207965   0.0444768  0.00514695 0.000520144 4.44657e-05 3.07858e-06 1.62781e-07 7.36467e-09 7.36467e-09 1.62781e-07 3.07858e-06 4.44657e-05 0.000520144  0.00514695   0.0444768    0.207965    0.442118    0.605606    0.644936    0.649563    0.650038     0.65008    0.650083    0.650083    0.650083    0.650083     0.65008    0.650038    0.649563    0.644936
   0.850063    0.620583    0.291911   0.0624302  0.00722455 0.000730103 6.24145e-05 4.32127e-06 2.28488e-07 1.03375e-08 1.03375e-08 2.28488e-07 4.32127e-06 6.24145e-05 0.000730103  0.00722455   0.0624302    0.291911    0.620583    0.850063    0.905269    0.911763    0.912431    0.912489    0.912493    0.912493    0.912493    0.912493    0.912489    0.912431    0.911763    0.905269
    0.92528    0.675494     0.31774   0.0679542   0.0078638 0.000794706 6.79372e-05 4.70363e-06 2.48706e-07 1.12522e-08 1.12522e-08 2.48706e-07 4.70363e-06 6.79372e-05 0.000794706   0.0078638   0.0679542     0.31774    0.675494     0.92528    0.985371     0.99244    0.993166     0.99323    0.993234    0.993234    0.993234    0.993234     0.99323    0.993166     0.99244    0.985371
   0.931161    0.679787     0.31976   0.0683861  0.00791378 0.000799756  6.8369e-05 4.73353e-06 2.50287e-07 1.13237e-08 1.13237e-08 2.50287e-07 4.73353e-06  6.8369e-05 0.000799756  0.00791378   0.0683861     0.31976    0.679787    0.931161    0.991633    0.998747    0.999478    0.999542    0.999547    0.999547    0.999547    0.999547    0.999542    0.999478    0.998747    0.991633
   0.931555    0.680075    0.319895   0.0684151  0.00791714 0.000800095 6.83979e-05 4.73553e-06 2.50393e-07 1.13285e-08 1.13285e-08 2.50393e-07 4.73553e-06 6.83979e-05 0.000800095  0.00791714   0.0684151    0.319895    0.680075    0.931555    0.992053     0.99917    0.999902    0.999966     0.99997     0.99997     0.99997     0.99997    0.999966    0.999902     0.99917    0.992053
   0.931581    0.680094    0.319904    0.068417  0.00791736 0.000800117 6.83999e-05 4.73567e-06   2.504e-07 1.13288e-08 1.13288e-08   2.504e-07 4.73567e-06 6.83999e-05 0.000800117  0.00791736    0.068417    0.319904    0.680094    0.931581    0.992081    0.999198     0.99993    0.999993    0.999998    0.999998    0.999998    0.999998    0.999993     0.99993    0.999198    0.992081
   0.931583    0.680095    0.319905   0.0684171  0.00791737 0.000800119    6.84e-05 4.73567e-06   2.504e-07 1.13288e-08 1.13288e-08   2.504e-07 4.73567e-06    6.84e-05 0.000800119  0.00791737   0.0684171    0.319905    0.680095    0.931583    0.992083      0.9992    0.999931    0.999995           1           1           1           1    0.999995    0.999931      0.9992    0.992083
   0.931583    0.680095    0.319905   0.0684171  0.00791737 0.000800119    6.84e-05 4.73567e-06   2.504e-07 1.13288e-08 1.13288e-08   2.504e-07 4.73567e-06    6.84e-05 0.000800119  0.00791737   0.0684171    0.319905    0.680095    0.931583    0.992083      0.9992    0.999932    0.999995           1           1           1           1    0.999995    0.999932      0.9992    0.992083
   0.931583    0.680095    0.319905   0.0684171  0.00791737 0.000800119    6.84e-05 4.73567e-06   2.504e-07 1.13288e-08 1.13288e-08   2.504e-07 4.73567e-06    6.84e-05 0.000800119  0.00791737   0.0684171    0.319905    0.680095    0.931583    0.992082      0.9992    0.999931    0.999995    0.999999           1           1    0.999999    0.999995    0.999931      0.9992    0.992082
   0.931579    0.680093    0.319903   0.0684169  0.00791734 0.000800116 6.83997e-05 4.73566e-06 2.50399e-07 1.13288e-08 1.13288e-08 2.50399e-07 4.73566e-06 6.83997e-05 0.000800116  0.00791734   0.0684169    0.319903    0.680093    0.931579    0.992079    0.999196    0.999928    0.999991    0.999996    0.999996    0.999996    0.999996    0.999991    0.999928    0.999196    0.992079
   0.931543    0.680067    0.319891   0.0684142  0.00791704 0.000800085 6.83971e-05 4.73547e-06 2.50389e-07 1.13283e-08 1.13283e-08 2.50389e-07 4.73547e-06 6.83971e-05 0.000800085  0.00791704   0.0684142    0.319891    0.680067    0.931543    0.992041    0.999158    0.999889    0.999953    0.999957    0.999958    0.999958    0.999957    0.999953    0.999889    0.999158    0.992041
   0.931233     0.67984    0.319785   0.0683915   0.0079144 0.000799819 6.83743e-05  4.7339e-06 2.50306e-07 1.13246e-08 1.13246e-08 2.50306e-07  4.7339e-06 6.83743e-05 0.000799819   0.0079144   0.0683915    0.319785     0.67984    0.931233     0.99171    0.998825    0.999556     0.99962    0.999625    0.999625    0.999625    0.999625     0.99962    0.999556    0.998825     0.99171
   0.929022    0.678226    0.319025    0.068229  0.00789561 0.000797919 6.82119e-05 4.72266e-06 2.49712e-07 1.12977e-08 1.12977e-08 2.49712e-07 4.72266e-06 6.82119e-05 0.000797919  0.00789561    0.068229    0.319025    0.678226    0.929022    0.989355    0.996453    0.997183    0.997246    0.997251    0.997251    0.997251    0.997251    0.997246    0.997183    0.996453    0.989355
    0.91546    0.668325    0.314368    0.067233  0.00778035 0.000786271 6.72162e-05 4.65371e-06 2.46066e-07 1.11328e-08 1.11328e-08 2.46066e-07 4.65371e-06 6.72162e-05 0.000786271  0.00778035    0.067233    0.314368    0.668325     0.91546    0.974913    0.981907    0.982626    0.982688    0.982693    0.982693    0.982693    0.982693    0.982688    0.982626    0.981907    0.974913
