     0.4628    0.213157   0.0423765  0.00466917 0.000440616 3.39598e-05  2.0107e-06 8.49924e-08 2.50215e-09 2.50215e-09 8.49924e-08  2.0107e-06 3.39598e-05 0.000440616  0.00466917   0.0423765    0.213157      0.4628     0.63358    0.671287    0.675516    0.675923    0.675955    0.675957    0.675957    0.675957    0.675957    0.675955    0.675923    0.675516    0.671287     0.63358
   0.236275    0.108824   0.0216346  0.00238377 0.000224949 1.73376e-05 1.02653e-06 4.33915e-08 1.27743e-09 1.27743e-09 4.33915e-08 1.02653e-06 1.73376e-05 0.000224949  0.00238377   0.0216346    0.108824    0.236275    0.323464    0.342715    0.344873    0.345081    0.345097    0.345098    0.345098    0.345098    0.345098    0.345097    0.345081    0.344873    0.342715    0.323464
  0.0552122   0.0254297  0.00505553 0.000557033 5.25656e-05 4.05142e-06 2.39877e-07 1.01396e-08 2.98507e-10 2.98507e-10 1.01396e-08 2.39877e-07 4.05142e-06 5.25656e-05 0.000557033  0.00505553   0.0254297   0.0552122   0.0755863   0.0800848   0.0805893   0.0806378   0.0806416   0.0806419   0.0806419   0.0806419   0.0806419   0.0806416   0.0806378   0.0805893   0.0800848   0.0755863
 0.00405593  0.00186809 0.000371384 4.09201e-05 3.86152e-06 2.97621e-07 1.76216e-08 7.44866e-10 2.19286e-11 2.19286e-11 7.44866e-10 1.76216e-08 2.97621e-07 3.86152e-06 4.09201e-05 0.000371384  0.00186809  0.00405593  0.00555264   0.0058831  0.00592016  0.00592372    0.005924  0.00592402  0.00592402  0.00592402  0.00592402    0.005924  0.00592372  0.00592016   0.0058831  0.00555264
0.000264437 0.000121795 2.42133e-05 2.66789e-06 2.51761e-07 1.94041e-08 1.14888e-09 4.85634e-11 1.42969e-12 1.42969e-12 4.85634e-11 1.14888e-09 1.94041e-08 2.51761e-07 2.66789e-06 2.42133e-05 0.000121795 0.000264437 0.000362018 0.000383564  0.00038598 0.000386212  0.00038623 0.000386232 0.000386232 0.000386232 0.000386232  0.00038623 0.000386212  0.00038598 0.000383564 0.000362018
1.68116e-05 7.74313e-06 1.53937e-06 1.69612e-07 1.60058e-08 1.23362e-09 7.30405e-11 3.08743e-12 9.08929e-14 9.08929e-14 3.08743e-12 7.30405e-11 1.23362e-09 1.60058e-08 1.69612e-07 1.53937e-06 7.74313e-06 1.68116e-05 2.30154e-05 2.43851e-05 2.45387e-05 2.45535e-05 2.45547e-05 2.45547e-05 2.45547e-05 2.45547e-05 2.45547e-05 2.45547e-05 2.45535e-05 2.45387e-05 2.43851e-05 2.30154e-05
1.01816e-06 4.68945e-07 9.32282e-08 1.02722e-08 9.69354e-10 7.47115e-11 4.42353e-12 1.86983e-13 5.50473e-15 5.50473e-15 1.86983e-13 4.42353e-12 7.47115e-11 9.69354e-10 1.02722e-08 9.32282e-08 4.68945e-07 1.01816e-06 1.39388e-06 1.47683e-06 1.48613e-06 1.48703e-06  1.4871e-06  1.4871e-06  1.4871e-06  1.4871e-06  1.4871e-06  1.4871e-06 1.48703e-06 1.48613e-06 1.47683e-06 1.39388e-06
5.37159e-08 2.47406e-08 4.91853e-09 5.41938e-10 5.11412e-11 3.94163e-12 2.33377e-13 9.86485e-15 2.90418e-16 2.90418e-16 9.86485e-15 2.33377e-13 3.94163e-12 5.11412e-11 5.41938e-10 4.91853e-09 2.47406e-08 5.37159e-08  7.3538e-08 7.79146e-08 7.84054e-08 7.84526e-08 7.84563e-08 7.84565e-08 7.84565e-08 7.84565e-08 7.84565e-08 7.84563e-08 7.84526e-08 7.84054e-08 7.79146e-08  7.3538e-08
  8.317e-09 3.83066e-09 7.61551e-10 8.39099e-11 7.91834e-12 6.10294e-13 3.61344e-14  1.5274e-15 4.49663e-17 4.49663e-17  1.5274e-15 3.61344e-14 6.10294e-13 7.91834e-12 8.39099e-11 7.61551e-10 3.83066e-09   8.317e-09 1.13861e-08 1.20638e-08 1.21397e-08 1.21471e-08 1.21476e-08 1.21477e-08 1.21477e-08 1.21477e-08 1.21477e-08 1.21476e-08 1.21471e-08 1.21397e-08 1.20638e-08 1.13861e-08
6.69386e-08 3.08307e-08 6.12927e-09 6.75341e-10   6.373e-11 4.91189e-12 2.90824e-13 1.22932e-14 3.61907e-16 3.61907e-16 1.22932e-14 2.90824e-13 4.91189e-12   6.373e-11 6.75341e-10 6.12927e-09 3.08307e-08 6.69386e-08 9.16401e-08  9.7094e-08 9.77056e-08 9.77644e-08 9.77691e-08 9.77693e-08 9.77694e-08 9.77694e-08 9.77693e-08 9.77691e-08 9.77644e-08 9.77056e-08  9.7094e-08 9.16401e-08
 1.3869e-06  6.3878e-07 1.26992e-07 1.39924e-08 1.32042e-09 1.01769e-10 6.02558e-12 2.54702e-13 7.49834e-15 7.49834e-15 2.54702e-13 6.02558e-12 1.01769e-10 1.32042e-09 1.39924e-08 1.26992e-07  6.3878e-07  1.3869e-06 1.89869e-06 2.01169e-06 2.02436e-06 2.02558e-06 2.02567e-06 2.02568e-06 2.02568e-06 2.02568e-06 2.02568e-06 2.02567e-06 2.02558e-06 2.02436e-06 2.01169e-06 1.89869e-06
 1.9215e-05 8.85006e-06 1.75943e-06 1.93859e-07 1.82939e-08 1.40998e-09 8.34821e-11  3.5288e-12 1.03887e-13 1.03887e-13  3.5288e-12 8.34821e-11 1.40998e-09 1.82939e-08 1.93859e-07 1.75943e-06 8.85006e-06  1.9215e-05 2.63056e-05 2.78712e-05 2.80467e-05 2.80636e-05 2.80649e-05  2.8065e-05  2.8065e-05  2.8065e-05  2.8065e-05 2.80649e-05 2.80636e-05 2.80467e-05 2.78712e-05 2.63056e-05
0.000195887 9.02218e-05 1.79365e-05 1.97629e-06 1.86497e-07  1.4374e-08 8.51057e-10 3.59743e-11 1.05907e-12 1.05907e-12 3.59743e-11 8.51057e-10  1.4374e-08 1.86497e-07 1.97629e-06 1.79365e-05 9.02218e-05 0.000195887 0.000268172 0.000284132 0.000285922 0.000286094 0.000286108 0.000286108 0.000286108 0.000286108 0.000286108 0.000286108 0.000286094 0.000285922 0.000284132 0.000268172
 0.00157737 0.000726506 0.000144432  1.5914e-05 1.50176e-06 1.15746e-07 6.85309e-09 2.89681e-10 8.52812e-12 8.52812e-12 2.89681e-10 6.85309e-09 1.15746e-07 1.50176e-06  1.5914e-05 0.000144432 0.000726506  0.00157737  0.00215944  0.00228796  0.00230237  0.00230376  0.00230387  0.00230387  0.00230387  0.00230387  0.00230387  0.00230387  0.00230376  0.00230237  0.00228796  0.00215944
   0.010584  0.00487481 0.000969132 0.000106782 1.00767e-05 7.76645e-07 4.59838e-08 1.94374e-09 5.72231e-11 5.72231e-11 1.94374e-09 4.59838e-08 7.76645e-07 1.00767e-05 0.000106782 0.000969132  0.00487481    0.010584   0.0144897    0.015352   0.0154487    0.015458   0.0154588   0.0154588   0.0154588   0.0154588   0.0154588   0.0154588    0.015458   0.0154487    0.015352   0.0144897
   0.061588   0.0283663  0.00563934 0.000621359 5.86359e-05 4.51927e-06 2.67578e-07 1.13105e-08 3.32979e-10 3.32979e-10 1.13105e-08 2.67578e-07 4.51927e-06 5.86359e-05 0.000621359  0.00563934   0.0283663    0.061588    0.084315    0.089333   0.0898957   0.0899498   0.0899541   0.0899543   0.0899543   0.0899543   0.0899543   0.0899541   0.0899498   0.0898957    0.089333    0.084315
   0.221859    0.102184   0.0203147  0.00223833 0.000211225 1.62798e-05 9.63898e-07 4.07441e-08 1.19949e-09 1.19949e-09 4.07441e-08 9.63898e-07 1.62798e-05 0.000211225  0.00223833   0.0203147    0.102184    0.221859    0.303729    0.321805    0.323832    0.324027    0.324042    0.324043    0.324043    0.324043    0.324043    0.324042    0.324027    0.323832    0.321805    0.303729
   0.448384    0.206518   0.0410565  0.00452373 0.000426891  3.2902e-05 1.94807e-06  8.2345e-08 2.42421e-09 2.42421e-09  8.2345e-08 1.94807e-06  3.2902e-05 0.000426891  0.00452373   0.0410565    0.206518    0.448384    0.613845    0.650378    0.654475    0.654869      0.6549    0.654902    0.654902    0.654902    0.654902      0.6549    0.654869    0.654475    0.650378    0.613845
   0.629447    0.289912   0.0576356  0.00635046 0.000599275 4.61882e-05 2.73472e-06 1.15597e-07 3.40314e-09 3.40314e-09 1.15597e-07 2.73472e-06 4.61882e-05 0.000599275  0.00635046   0.0576356    0.289912    0.629447    0.861723    0.913008    0.918759    0.919312    0.919355    0.919358    0.919358    0.919358    0.919358    0.919355    0.919312    0.918759    0.913008    0.861723
   0.680603    0.313473   0.0623198  0.00686657 0.000647979  4.9942e-05 2.95698e-06 1.24992e-07 3.67971e-09 3.67971e-09 1.24992e-07 2.95698e-06  4.9942e-05 0.000647979  0.00686657   0.0623198    0.313473    0.680603    0.931756    0.987209    0.993428    0.994026    0.994073    0.994076    0.994076    0.994076    0.994076    0.994073    0.994026    0.993428    0.987209    0.931756
   0.684394     0.31522   0.0626669  0.00690483 0.000651589 5.02202e-05 2.97345e-06 1.25688e-07 3.70021e-09 3.70021e-09 1.25688e-07 2.97345e-06 5.02202e-05 0.000651589  0.00690483   0.0626669     0.31522    0.684394    0.936947    0.992709    0.998962    0.999564    0.999611    0.999614    0.999614    0.999614    0.999614    0.999611    0.999564    0.998962    0.992709    0.936947
   0.684642    0.315334   0.0626896  0.00690733 0.000651825 5.02384e-05 2.97452e-06 1.25733e-07 3.70155e-09 3.70155e-09 1.25733e-07 2.97452e-06 5.02384e-05 0.000651825  0.00690733   0.0626896    0.315334    0.684642    0.937286    0.993068    0.999324    0.999925    0.999972    0.999975    0.999975    0.999975    0.999975    0.999972    0.999925    0.999324    0.993068    0.937286
   0.684658    0.315341   0.0626911  0.00690748  0.00065184 5.02395e-05 2.97459e-06 1.25736e-07 3.70164e-09 3.70164e-09 1.25736e-07 2.97459e-06 5.02395e-05  0.00065184  0.00690748   0.0626911    0.315341    0.684658    0.937307    0.993091    0.999347    0.999948    0.999996    0.999998    0.999999    0.999999    0.999998    0.999996    0.999948    0.999347    0.993091    0.937307
   0.684659    0.315341   0.0626912  0.00690749 0.000651841 5.02396e-05  2.9746e-06 1.25736e-07 3.70164e-09 3.70164e-09 1.25736e-07  2.9746e-06 5.02396e-05 0.000651841  0.00690749   0.0626912    0.315341    0.684659    0.937309    0.993092    0.999348     0.99995    0.999997           1           1           1           1    0.999997     0.99995    0.999348    0.993092    0.937309
   0.684659    0.315341   0.0626912  0.00690749 0.000651841 5.02396e-05  2.9746e-06 1.25737e-07 3.70164e-09 3.70164e-09 1.25737e-07  2.9746e-06 5.02396e-05 0.000651841  0.00690749   0.0626912    0.315341    0.684659    0.937309    0.993092    0.999348     0.99995    0.999997           1           1           1           1    0.999997     0.99995    0.999348    0.993092    0.937309
   0.684659    0.315341   0.0626911  0.00690749 0.000651841 5.02396e-05  2.9746e-06 1.25736e-07 3.70164e-09 3.70164e-09 1.25736e-07  2.9746e-06 5.02396e-05 0.000651841  0.00690749   0.0626911    0.315341    0.684659    0.937309    0.993092    0.999348     0.99995    0.999997           1           1           1           1    0.999997     0.99995    0.999348    0.993092    0.937309
   0.684657    0.315341    0.062691  0.00690748 0.000651839 5.02395e-05 2.97459e-06 1.25736e-07 3.70164e-09 3.70164e-09 1.25736e-07 2.97459e-06 5.02395e-05 0.000651839  0.00690748    0.062691    0.315341    0.684657    0.937307     0.99309    0.999346    0.999948    0.999995    0.999998    0.999998    0.999998    0.999998    0.999995    0.999948    0.999346     0.99309    0.937307
   0.684639    0.315332   0.0626894   0.0069073 0.000651822 5.02382e-05 2.97451e-06 1.25733e-07 3.70154e-09 3.70154e-09 1.25733e-07 2.97451e-06 5.02382e-05 0.000651822   0.0069073   0.0626894    0.315332    0.684639    0.937283    0.993065     0.99932    0.999922    0.999969    0.999972    0.999972    0.999972    0.999972    0.999969    0.999922     0.99932    0.993065    0.937283
   0.684463    0.315251   0.0626732  0.00690552 0.000651654 5.02252e-05 2.97375e-06 1.25701e-07 3.70058e-09 3.70058e-09 1.25701e-07 2.97375e-06 5.02252e-05 0.000651654  0.00690552   0.0626732    0.315251    0.684463    0.937041    0.992808    0.999062    0.999664    0.999711    0.999714    0.999714    0.999714    0.999714    0.999711    0.999664    0.999062    0.992808    0.937041
   0.683081    0.314615   0.0625467  0.00689158 0.000650339 5.01239e-05 2.96774e-06 1.25447e-07 3.69312e-09 3.69312e-09 1.25447e-07 2.96774e-06 5.01239e-05 0.000650339  0.00689158   0.0625467    0.314615    0.683081    0.935149    0.990805    0.997046    0.997646    0.997693    0.997696    0.997696    0.997696    0.997696    0.997693    0.997646    0.997046    0.990805    0.935149
   0.674075    0.310467    0.061722  0.00680071 0.000641764  4.9463e-05 2.92861e-06 1.23793e-07 3.64442e-09 3.64442e-09 1.23793e-07 2.92861e-06  4.9463e-05 0.000641764  0.00680071    0.061722    0.310467    0.674075    0.922819     0.97774    0.983899    0.984492    0.984538    0.984541    0.984541    0.984541    0.984541    0.984538    0.984492    0.983899     0.97774    0.922819
   0.623071    0.286975   0.0570518  0.00628614 0.000593205 4.57203e-05 2.70702e-06 1.14426e-07 3.36866e-09 3.36866e-09 1.14426e-07 2.70702e-06 4.57203e-05 0.000593205  0.00628614   0.0570518    0.286975    0.623071    0.852994     0.90376    0.909452        0.91    0.910043    0.910046    0.910046    0.910046    0.910046    0.910043        0.91    0.909452     0.90376    0.852994
