  0.0200668   0.0565166    0.101032    0.137482    0.154074    0.157048    0.157479     0.15754    0.157548    0.157549    0.157549    0.157548     0.15754    0.157479    0.157048    0.154074    0.137482    0.101032   0.0565166   0.0200668  0.00347471 0.000501024 6.98173e-05 9.31329e-06 1.26169e-06 3.84099e-07 3.84099e-07 1.26169e-06 9.31329e-06 6.98173e-05 0.000501024  0.00347471
  0.0457301    0.128795    0.230242    0.313307    0.351119    0.357896    0.358878    0.359016    0.359035    0.359037    0.359037    0.359035    0.359016    0.358878    0.357896    0.351119    0.313307    0.230242    0.128795   0.0457301  0.00791849  0.00114178 0.000159106  2.1224e-05 2.87526e-06  8.7532e-07  8.7532e-07 2.87526e-06  2.1224e-05 0.000159106  0.00114178  0.00791849
  0.0777787    0.219058      0.3916    0.532879     0.59719    0.608716    0.610387    0.610622    0.610653    0.610657    0.610657    0.610653    0.610622    0.610387    0.608716     0.59719    0.532879      0.3916    0.219058   0.0777787   0.0134679  0.00194196 0.000270611 3.60982e-05 4.89031e-06 1.48876e-06 1.48876e-06 4.89031e-06 3.60982e-05 0.000270611  0.00194196   0.0134679
   0.107323    0.302268    0.540352    0.735296    0.824036     0.83994    0.842246     0.84257    0.842613    0.842618    0.842618    0.842613     0.84257    0.842246     0.83994    0.824036    0.735296    0.540352    0.302268    0.107323   0.0185838  0.00267963 0.000373404 4.98103e-05 6.74792e-06 2.05427e-06 2.05427e-06 6.74792e-06 4.98103e-05 0.000373404  0.00267963   0.0185838
   0.124369    0.350276    0.626174    0.852081    0.954915    0.973345    0.976017    0.976392    0.976442    0.976448    0.976448    0.976442    0.976392    0.976017    0.973345    0.954915    0.852081    0.626174    0.350276    0.124369   0.0215354  0.00310522  0.00043271 5.77215e-05 7.81966e-06 2.38055e-06 2.38055e-06 7.81966e-06 5.77215e-05  0.00043271  0.00310522   0.0215354
   0.127149    0.358106    0.640171    0.871127     0.97626    0.995102    0.997834    0.998218    0.998269    0.998274    0.998274    0.998269    0.998218    0.997834    0.995102     0.97626    0.871127    0.640171    0.358106    0.127149   0.0220168  0.00317463 0.000442383 5.90117e-05 7.99445e-06 2.43376e-06 2.43376e-06 7.99445e-06 5.90117e-05 0.000442383  0.00317463   0.0220168
   0.127352    0.358676    0.641191    0.872516    0.977815    0.996688    0.999424    0.999808    0.999859    0.999865    0.999865    0.999859    0.999808    0.999424    0.996688    0.977815    0.872516    0.641191    0.358676    0.127352   0.0220518  0.00317969 0.000443088 5.91057e-05 8.00719e-06 2.43764e-06 2.43764e-06 8.00719e-06 5.91057e-05 0.000443088  0.00317969   0.0220518
   0.127367     0.35872    0.641268    0.872621    0.977933    0.996808    0.999545    0.999929     0.99998    0.999986    0.999986     0.99998    0.999929    0.999545    0.996808    0.977933    0.872621    0.641268     0.35872    0.127367   0.0220545  0.00318008 0.000443141 5.91129e-05 8.00816e-06 2.43793e-06 2.43793e-06 8.00816e-06 5.91129e-05 0.000443141  0.00318008   0.0220545
   0.127368    0.358722    0.641273    0.872627     0.97794    0.996815    0.999552    0.999936    0.999987    0.999993    0.999993    0.999987    0.999936    0.999552    0.996815     0.97794    0.872627    0.641273    0.358722    0.127368   0.0220547   0.0031801 0.000443144 5.91133e-05 8.00822e-06 2.43795e-06 2.43795e-06 8.00822e-06 5.91133e-05 0.000443144   0.0031801   0.0220547
   0.127368    0.358722    0.641273    0.872626     0.97794    0.996814    0.999551    0.999935    0.999986    0.999992    0.999992    0.999986    0.999935    0.999551    0.996814     0.97794    0.872626    0.641273    0.358722    0.127368   0.0220546   0.0031801 0.000443144 5.91132e-05 8.00821e-06 2.43795e-06 2.43795e-06 8.00821e-06 5.91132e-05 0.000443144   0.0031801   0.0220546
   0.127367    0.358718    0.641266    0.872618     0.97793    0.996805    0.999541    0.999925    0.999977    0.999982    0.999982    0.999977    0.999925    0.999541    0.996805     0.97793    0.872618    0.641266    0.358718    0.127367   0.0220544  0.00318007 0.000443139 5.91127e-05 8.00813e-06 2.43792e-06 2.43792e-06 8.00813e-06 5.91127e-05 0.000443139  0.00318007   0.0220544
   0.127359    0.358697    0.641228    0.872565    0.977871    0.996745    0.999481    0.999865    0.999916    0.999922    0.999922    0.999916    0.999865    0.999481    0.996745    0.977871    0.872565    0.641228    0.358697    0.127359   0.0220531  0.00317987 0.000443113 5.91091e-05 8.00765e-06 2.43778e-06 2.43778e-06 8.00765e-06 5.91091e-05 0.000443113  0.00317987   0.0220531
   0.127319    0.358584    0.641026    0.872292    0.977565    0.996432    0.999168    0.999552    0.999603    0.999608    0.999608    0.999603    0.999552    0.999168    0.996432    0.977565    0.872292    0.641026    0.358584    0.127319   0.0220462  0.00317888 0.000442974 5.90906e-05 8.00514e-06 2.43701e-06 2.43701e-06 8.00514e-06 5.90906e-05 0.000442974  0.00317888   0.0220462
   0.127122     0.35803    0.640036    0.870943    0.976053    0.994891    0.997623    0.998006    0.998057    0.998063    0.998063    0.998057    0.998006    0.997623    0.994891    0.976053    0.870943    0.640036     0.35803    0.127122   0.0220121  0.00317396 0.000442289 5.89992e-05 7.99276e-06 2.43325e-06 2.43325e-06 7.99276e-06 5.89992e-05 0.000442289  0.00317396   0.0220121
   0.126182    0.355382    0.635302    0.864502    0.968835    0.987533    0.990245    0.990625    0.990676    0.990682    0.990682    0.990676    0.990625    0.990245    0.987533    0.968835    0.864502    0.635302    0.355382    0.126182   0.0218493  0.00315049 0.000439018 5.85629e-05 7.93365e-06 2.41525e-06 2.41525e-06 7.93365e-06 5.85629e-05 0.000439018  0.00315049   0.0218493
   0.121787    0.343004    0.613174    0.834391     0.93509    0.953138    0.955755    0.956122    0.956171    0.956176    0.956176    0.956171    0.956122    0.955755    0.953138     0.93509    0.834391    0.613174    0.343004    0.121787   0.0210883  0.00304076 0.000423727 5.65231e-05 7.65732e-06 2.33113e-06 2.33113e-06 7.65732e-06 5.65231e-05 0.000423727  0.00304076   0.0210883
   0.107302    0.302207    0.540244    0.735149    0.823871    0.839772    0.842078    0.842401    0.842444    0.842449    0.842449    0.842444    0.842401    0.842078    0.839772    0.823871    0.735149    0.540244    0.302207    0.107302   0.0185801  0.00267909 0.000373329 4.98003e-05 6.74656e-06 2.05386e-06 2.05386e-06 6.74656e-06 4.98003e-05 0.000373329  0.00267909   0.0185801
  0.0816385    0.229929    0.411034    0.559324    0.626826    0.638924    0.640678    0.640925    0.640957    0.640961    0.640961    0.640957    0.640925    0.640678    0.638924    0.626826    0.559324    0.411034    0.229929   0.0816385   0.0141363  0.00203833  0.00028404 3.78896e-05 5.13299e-06 1.56264e-06 1.56264e-06 5.13299e-06 3.78896e-05  0.00028404  0.00203833   0.0141363
    0.04959    0.139666    0.249676    0.339752    0.380755    0.388104    0.389169    0.389319    0.389339    0.389341    0.389341    0.389339    0.389319    0.389169    0.388104    0.380755    0.339752    0.249676    0.139666     0.04959  0.00858685  0.00123815 0.000172535 2.30154e-05 3.11795e-06 9.49201e-07 9.49201e-07 3.11795e-06 2.30154e-05 0.000172535  0.00123815  0.00858685
  0.0200453    0.056456    0.100924    0.137335    0.153909     0.15688     0.15731    0.157371    0.157379     0.15738     0.15738    0.157379    0.157371     0.15731     0.15688    0.153909    0.137335    0.100924    0.056456   0.0200453  0.00347098 0.000500487 6.97425e-05 9.30331e-06 1.26034e-06 3.83687e-07 3.83687e-07 1.26034e-06 9.30331e-06 6.97425e-05 0.000500487  0.00347098
 0.00299953  0.00844794    0.015102   0.0205505   0.0230306   0.0234751   0.0235396   0.0235486   0.0235498   0.0235499   0.0235499   0.0235498   0.0235486   0.0235396   0.0234751   0.0230306   0.0205505    0.015102  0.00844794  0.00299953  0.00051939 7.48917e-05 1.04361e-05 1.39212e-06 1.88594e-07  5.7414e-08  5.7414e-08 1.88594e-07 1.39212e-06 1.04361e-05 7.48917e-05  0.00051939
0.000219514 0.000618244  0.00110521  0.00150394  0.00168544  0.00171797  0.00172269  0.00172335  0.00172344  0.00172345  0.00172345  0.00172344  0.00172335  0.00172269  0.00171797  0.00168544  0.00150394  0.00110521 0.000618244 0.000219514 3.80104e-05 5.48078e-06 7.63742e-07  1.0188e-07 1.38019e-08 4.20172e-09 4.20172e-09 1.38019e-08  1.0188e-07 7.63742e-07 5.48078e-06 3.80104e-05
1.69007e-05 4.75994e-05 8.50916e-05  0.00011579 0.000129765 0.000132269 0.000132632 0.000132683  0.00013269 0.000132691 0.000132691  0.00013269 0.000132683 0.000132632 0.000132269 0.000129765  0.00011579 8.50916e-05 4.75994e-05 1.69007e-05 2.92647e-06 4.21973e-07 5.88015e-08 7.84384e-09 1.06262e-09 3.23496e-10 3.23496e-10 1.06262e-09 7.84384e-09 5.88015e-08 4.21973e-07 2.92647e-06
1.53384e-06 4.31993e-06 7.72256e-06 1.05087e-05 1.17769e-05 1.20042e-05 1.20372e-05 1.20418e-05 1.20424e-05 1.20425e-05 1.20425e-05 1.20424e-05 1.20418e-05 1.20372e-05 1.20042e-05 1.17769e-05 1.05087e-05 7.72256e-06 4.31993e-06 1.53384e-06 2.65594e-07 3.82965e-08 5.33659e-09 7.11875e-10 9.64394e-11 2.93591e-11 2.93591e-11 9.64394e-11 7.11875e-10 5.33659e-09 3.82965e-08 2.65594e-07
6.16142e-07 1.73531e-06 3.10215e-06 4.22133e-06 4.73078e-06 4.82208e-06 4.83532e-06 4.83718e-06 4.83743e-06 4.83746e-06 4.83746e-06 4.83743e-06 4.83718e-06 4.83532e-06 4.82208e-06 4.73078e-06 4.22133e-06 3.10215e-06 1.73531e-06 6.16142e-07 1.06689e-07 1.53837e-08 2.14371e-09  2.8596e-10 3.87397e-11 1.17936e-11 1.17936e-11 3.87397e-11  2.8596e-10 2.14371e-09 1.53837e-08 1.06689e-07
7.12775e-07 2.00747e-06 3.58868e-06 4.88338e-06 5.47273e-06 5.57836e-06 5.59368e-06 5.59582e-06 5.59611e-06 5.59614e-06 5.59614e-06 5.59611e-06 5.59582e-06 5.59368e-06 5.57836e-06 5.47273e-06 4.88338e-06 3.58868e-06 2.00747e-06 7.12775e-07 1.23422e-07 1.77964e-08 2.47992e-09 3.30809e-10 4.48154e-11 1.36432e-11 1.36432e-11 4.48154e-11 3.30809e-10 2.47992e-09 1.77964e-08 1.23422e-07
1.96474e-06 5.53353e-06 9.89207e-06 1.34609e-05 1.50854e-05 1.53765e-05 1.54188e-05 1.54247e-05 1.54255e-05 1.54256e-05 1.54256e-05 1.54255e-05 1.54247e-05 1.54188e-05 1.53765e-05 1.50854e-05 1.34609e-05 9.89207e-06 5.53353e-06 1.96474e-06 3.40208e-07 4.90552e-08  6.8358e-09 9.11862e-10 1.23532e-10  3.7607e-11  3.7607e-11 1.23532e-10 9.11862e-10  6.8358e-09 4.90552e-08 3.40208e-07
9.63083e-06 2.71245e-05 4.84893e-05  6.5983e-05 7.39462e-05 7.53734e-05 7.55803e-05 7.56094e-05 7.56132e-05 7.56137e-05 7.56137e-05 7.56132e-05 7.56094e-05 7.55803e-05 7.53734e-05 7.39462e-05  6.5983e-05 4.84893e-05 2.71245e-05 9.63083e-06 1.66765e-06 2.40461e-07  3.3508e-08  4.4698e-09 6.05535e-10 1.84344e-10 1.84344e-10 6.05535e-10  4.4698e-09  3.3508e-08 2.40461e-07 1.66765e-06
4.95861e-05 0.000139655 0.000249656 0.000339725 0.000380725 0.000388073 0.000389139 0.000389288 0.000389308  0.00038931  0.00038931 0.000389308 0.000389288 0.000389139 0.000388073 0.000380725 0.000339725 0.000249656 0.000139655 4.95861e-05 8.58617e-06 1.23805e-06 1.72522e-07 2.30136e-08  3.1177e-09 9.49126e-10 9.49126e-10  3.1177e-09 2.30136e-08 1.72522e-07 1.23805e-06 8.58617e-06
0.000246411 0.000693998  0.00124063  0.00168822  0.00189196  0.00192848  0.00193377  0.00193452  0.00193461  0.00193463  0.00193463  0.00193461  0.00193452  0.00193377  0.00192848  0.00189196  0.00168822  0.00124063 0.000693998 0.000246411 4.26678e-05 6.15235e-06 8.57324e-07 1.14363e-07  1.5493e-08 4.71655e-09 4.71655e-09  1.5493e-08 1.14363e-07 8.57324e-07 6.15235e-06 4.26678e-05
 0.00118657  0.00334188  0.00597415  0.00812946  0.00911057   0.0092864   0.0093119  0.00931548  0.00931595  0.00931601  0.00931601  0.00931595  0.00931548   0.0093119   0.0092864  0.00911057  0.00812946  0.00597415  0.00334188  0.00118657 0.000205463  2.9626e-05 4.12836e-06 5.50704e-07 7.46051e-08 2.27121e-08 2.27121e-08 7.46051e-08 5.50704e-07 4.12836e-06  2.9626e-05 0.000205463
 0.00558149   0.0157198   0.0281017   0.0382401   0.0428551   0.0436822   0.0438021    0.043819   0.0438212   0.0438215   0.0438215   0.0438212    0.043819   0.0438021   0.0436822   0.0428551   0.0382401   0.0281017   0.0157198  0.00558149 0.000966474 0.000139358 1.94194e-05 2.59045e-06 3.50934e-07 1.06835e-07 1.06835e-07 3.50934e-07 2.59045e-06 1.94194e-05 0.000139358 0.000966474
