1.25692e-10 3.31592e-10 2.14674e-09 1.51049e-08 1.02931e-07   6.823e-07 3.63868e-06 9.37071e-06 1.62121e-05 2.19442e-05 2.49005e-05 2.54799e-05 2.55677e-05 2.55807e-05 2.55825e-05 2.55827e-05 2.55827e-05 2.55825e-05 2.55807e-05 2.55677e-05 2.54799e-05 2.49005e-05 2.19442e-05 1.62121e-05 9.37071e-06 3.63868e-06   6.823e-07 1.02931e-07 1.51049e-08 2.14674e-09 3.31592e-10 1.25692e-10
5.44386e-10 1.43616e-09 9.29778e-09 6.54212e-08 4.45806e-07 2.95512e-06 1.57595e-05 4.05856e-05 7.02166e-05 9.50427e-05 0.000107847 0.000110356 0.000110737 0.000110793 0.000110801 0.000110802 0.000110802 0.000110801 0.000110793 0.000110737 0.000110356 0.000107847 9.50427e-05 7.02166e-05 4.05856e-05 1.57595e-05 2.95512e-06 4.45806e-07 6.54212e-08 9.29778e-09 1.43616e-09 5.44386e-10
2.62496e-09 6.92499e-09 4.48327e-08 3.15453e-07 2.14962e-06 1.42492e-05 7.59904e-05 0.000195699 0.000338576 0.000458284 0.000520025 0.000532125 0.000533959  0.00053423 0.000534267 0.000534272 0.000534272 0.000534267  0.00053423 0.000533959 0.000532125 0.000520025 0.000458284 0.000338576 0.000195699 7.59904e-05 1.42492e-05 2.14962e-06 3.15453e-07 4.48327e-08 6.92499e-09 2.62496e-09
1.24638e-08 3.28812e-08 2.12875e-07 1.49783e-06 1.02068e-05 6.76581e-05 0.000360818 0.000929217  0.00160763  0.00217602  0.00246918  0.00252663  0.00253534  0.00253663  0.00253681  0.00253683  0.00253683  0.00253681  0.00253663  0.00253534  0.00252663  0.00246918  0.00217602  0.00160763 0.000929217 0.000360818 6.76581e-05 1.02068e-05 1.49783e-06 2.12875e-07 3.28812e-08 1.24638e-08
5.79941e-08 1.52996e-07 9.90504e-07 6.96941e-06 4.74922e-05 0.000314813  0.00167888  0.00432364  0.00748027    0.010125   0.0114891   0.0117564   0.0117969   0.0118029   0.0118038   0.0118038   0.0118038   0.0118038   0.0118029   0.0117969   0.0117564   0.0114891    0.010125  0.00748027  0.00432364  0.00167888 0.000314813 4.74922e-05 6.96941e-06 9.90504e-07 1.52996e-07 5.79941e-08
2.62664e-07 6.92941e-07 4.48613e-06 3.15654e-05 0.000215099  0.00142583   0.0076039   0.0195824   0.0338792   0.0458577   0.0520357   0.0532465     0.05343   0.0534571   0.0534609   0.0534613   0.0534613   0.0534609   0.0534571     0.05343   0.0532465   0.0520357   0.0458577   0.0338792   0.0195824   0.0076039  0.00142583 0.000215099 3.15654e-05 4.48613e-06 6.92941e-07 2.62664e-07
8.37699e-07 2.20996e-06 1.43074e-05  0.00010067 0.000686004  0.00454733   0.0242507    0.062453    0.108049    0.146251    0.165955    0.169816    0.170401    0.170488      0.1705    0.170501    0.170501      0.1705    0.170488    0.170401    0.169816    0.165955    0.146251    0.108049    0.062453   0.0242507  0.00454733 0.000686004  0.00010067 1.43074e-05 2.20996e-06 8.37699e-07
1.79126e-06 4.72559e-06 3.05937e-05 0.000215264  0.00146689  0.00972362   0.0518556    0.133544    0.231043    0.312732    0.354864     0.36312    0.364372    0.364557    0.364583    0.364585    0.364585    0.364583    0.364557    0.364372     0.36312    0.354864    0.312732    0.231043    0.133544   0.0518556  0.00972362  0.00146689 0.000215264 3.05937e-05 4.72559e-06 1.79126e-06
2.96378e-06 7.81884e-06 5.06195e-05  0.00035617  0.00242708   0.0160885    0.085799    0.220959    0.382278    0.517438    0.587148    0.600809     0.60288    0.603186    0.603229    0.603234    0.603234    0.603229    0.603186     0.60288    0.600809    0.587148    0.517438    0.382278    0.220959    0.085799   0.0160885  0.00242708  0.00035617 5.06195e-05 7.81884e-06 2.96378e-06
4.06583e-06 1.07262e-05 6.94419e-05 0.000488609  0.00332957   0.0220708    0.117703     0.30312    0.524424    0.709842    0.805474    0.824215    0.827056    0.827475    0.827534     0.82754     0.82754    0.827534    0.827475    0.827056    0.824215    0.805474    0.709842    0.524424     0.30312    0.117703   0.0220708  0.00332957 0.000488609 6.94419e-05 1.07262e-05 4.06583e-06
4.75721e-06 1.25501e-05 8.12502e-05 0.000571695  0.00389575   0.0258238    0.137717    0.354664      0.6136    0.830547    0.942441    0.964369    0.967693    0.968183    0.968252     0.96826     0.96826    0.968252    0.968183    0.967693    0.964369    0.942441    0.830547      0.6136    0.354664    0.137717   0.0258238  0.00389575 0.000571695 8.12502e-05 1.25501e-05 4.75721e-06
4.90131e-06 1.29303e-05 8.37113e-05 0.000589012  0.00401375    0.026606    0.141889    0.365407    0.632186    0.855705    0.970988     0.99358    0.997005     0.99751    0.997581    0.997589    0.997589    0.997581     0.99751    0.997005     0.99358    0.970988    0.855705    0.632186    0.365407    0.141889    0.026606  0.00401375 0.000589012 8.37113e-05 1.29303e-05 4.90131e-06
4.91222e-06 1.29591e-05 8.38977e-05 0.000590323  0.00402269   0.0266653    0.142205    0.366221    0.633594     0.85761    0.973149    0.995792    0.999224    0.999731    0.999802     0.99981     0.99981    0.999802    0.999731    0.999224    0.995792    0.973149     0.85761    0.633594    0.366221    0.142205   0.0266653  0.00402269 0.000590323 8.38977e-05 1.29591e-05 4.91222e-06
4.91303e-06 1.29612e-05 8.39116e-05 0.000590421  0.00402336   0.0266697    0.142228    0.366282    0.633699    0.857752    0.973311    0.995957     0.99939    0.999897    0.999967    0.999976    0.999976    0.999967    0.999897     0.99939    0.995957    0.973311    0.857752    0.633699    0.366282    0.142228   0.0266697  0.00402336 0.000590421 8.39116e-05 1.29612e-05 4.91303e-06
4.91308e-06 1.29614e-05 8.39124e-05 0.000590426   0.0040234     0.02667     0.14223    0.366285    0.633705    0.857761     0.97332    0.995967      0.9994    0.999906    0.999977    0.999985    0.999985    0.999977    0.999906      0.9994    0.995967     0.97332    0.857761    0.633705    0.366285     0.14223     0.02667   0.0040234 0.000590426 8.39124e-05 1.29614e-05 4.91308e-06
4.91307e-06 1.29613e-05 8.39123e-05 0.000590426  0.00402339   0.0266699     0.14223    0.366285    0.633704    0.857759    0.973319    0.995966    0.999399    0.999905    0.999976    0.999984    0.999984    0.999976    0.999905    0.999399    0.995966    0.973319    0.857759    0.633704    0.366285     0.14223   0.0266699  0.00402339 0.000590426 8.39123e-05 1.29613e-05 4.91307e-06
  4.913e-06 1.29611e-05 8.39111e-05 0.000590417  0.00402333   0.0266695    0.142227    0.366279    0.633695    0.857747    0.973305    0.995951    0.999384    0.999891    0.999961     0.99997     0.99997    0.999961    0.999891    0.999384    0.995951    0.973305    0.857747    0.633695    0.366279    0.142227   0.0266695  0.00402333 0.000590417 8.39111e-05 1.29611e-05   4.913e-06
4.91258e-06   1.296e-05 8.39039e-05 0.000590367  0.00402299   0.0266673    0.142215    0.366248    0.633641    0.857674    0.973222    0.995866    0.999299    0.999805    0.999876    0.999884    0.999884    0.999876    0.999805    0.999299    0.995866    0.973222    0.857674    0.633641    0.366248    0.142215   0.0266673  0.00402299 0.000590367 8.39039e-05   1.296e-05 4.91258e-06
 4.9105e-06 1.29546e-05 8.38684e-05 0.000590117  0.00402129    0.026656    0.142155    0.366093    0.633373    0.857311     0.97281    0.995444    0.998876    0.999382    0.999453    0.999461    0.999461    0.999453    0.999382    0.998876    0.995444     0.97281    0.857311    0.633373    0.366093    0.142155    0.026656  0.00402129 0.000590117 8.38684e-05 1.29546e-05  4.9105e-06
4.90066e-06 1.29286e-05 8.37004e-05 0.000588934  0.00401323   0.0266026     0.14187     0.36536    0.632104    0.855593    0.970861     0.99345    0.996874    0.997379     0.99745    0.997458    0.997458     0.99745    0.997379    0.996874     0.99345    0.970861    0.855593    0.632104     0.36536     0.14187   0.0266026  0.00401323 0.000588934 8.37004e-05 1.29286e-05 4.90066e-06
4.85513e-06 1.28085e-05 8.29227e-05 0.000583463  0.00397594   0.0263554    0.140552    0.361965    0.626231    0.847644    0.961841     0.98422    0.987613    0.988113    0.988183    0.988191    0.988191    0.988183    0.988113    0.987613     0.98422    0.961841    0.847644    0.626231    0.361965    0.140552   0.0263554  0.00397594 0.000583463 8.29227e-05 1.28085e-05 4.85513e-06
4.65046e-06 1.22685e-05 7.94271e-05 0.000558867  0.00380834   0.0252444    0.134627    0.346706    0.599832    0.811911    0.921294     0.94273     0.94598    0.946459    0.946526    0.946534    0.946534    0.946526    0.946459     0.94598     0.94273    0.921294    0.811911    0.599832    0.346706    0.134627   0.0252444  0.00380834 0.000558867 7.94271e-05 1.22685e-05 4.65046e-06
4.07543e-06 1.07515e-05 6.96059e-05 0.000489762  0.00333743   0.0221229     0.11798    0.303836    0.525662    0.711518    0.807375     0.82616    0.829008    0.829428    0.829487    0.829494    0.829494    0.829487    0.829428    0.829008     0.82616    0.807375    0.711518    0.525662    0.303836     0.11798   0.0221229  0.00333743 0.000489762 6.96059e-05 1.07515e-05 4.07543e-06
3.12186e-06 8.23589e-06 5.33195e-05 0.000375168  0.00255654   0.0169466   0.0903755    0.232745    0.402668    0.545037    0.618466    0.632856    0.635038    0.635359    0.635405     0.63541     0.63541    0.635405    0.635359    0.635038    0.632856    0.618466    0.545037    0.402668    0.232745   0.0903755   0.0169466  0.00255654 0.000375168 5.33195e-05 8.23589e-06 3.12186e-06
1.94935e-06 5.14264e-06 3.32937e-05 0.000234262  0.00159635   0.0105818   0.0564321     0.14533    0.251433    0.340331    0.386182    0.395167    0.396529     0.39673    0.396758    0.396762    0.396762    0.396758     0.39673    0.396529    0.395167    0.386182    0.340331    0.251433     0.14533   0.0564321   0.0105818  0.00159635 0.000234262 3.32937e-05 5.14264e-06 1.94935e-06
8.47296e-07 2.23528e-06 1.44713e-05 0.000101823 0.000693864  0.00459943   0.0245285   0.0631685    0.109287    0.147927    0.167856    0.171762    0.172354    0.172441    0.172453    0.172455    0.172455    0.172453    0.172441    0.172354    0.171762    0.167856    0.147927    0.109287   0.0631685   0.0245285  0.00459943 0.000693864 0.000101823 1.44713e-05 2.23528e-06 8.47296e-07
 1.5592e-07 4.11337e-07 2.66302e-06 1.87376e-05 0.000127685 0.000846389  0.00451376   0.0116243   0.0201111   0.0272216    0.030889   0.0316077   0.0317166   0.0317327    0.031735   0.0317352   0.0317352    0.031735   0.0317327   0.0317166   0.0316077    0.030889   0.0272216   0.0201111   0.0116243  0.00451376 0.000846389 0.000127685 1.87376e-05 2.66302e-06 4.11337e-07  1.5592e-07
1.18218e-08 3.11875e-08  2.0191e-07 1.42068e-06 9.68107e-06 6.41731e-05 0.000342232 0.000881353  0.00152482  0.00206394    0.002342  0.00239649  0.00240475  0.00240597  0.00240614  0.00240616  0.00240616  0.00240614  0.00240597  0.00240475  0.00239649    0.002342  0.00206394  0.00152482 0.000881353 0.000342232 6.41731e-05 9.68107e-06 1.42068e-06  2.0191e-07 3.11875e-08 1.18218e-08
 9.1058e-10 2.40223e-09 1.55522e-08 1.09428e-07 7.45688e-07 4.94296e-06 2.63606e-05 6.78865e-05  0.00011745 0.000158976 0.000180393  0.00018459 0.000185227 0.000185321 0.000185334 0.000185335 0.000185335 0.000185334 0.000185321 0.000185227  0.00018459 0.000180393 0.000158976  0.00011745 6.78865e-05 2.63606e-05 4.94296e-06 7.45688e-07 1.09428e-07 1.55522e-08 2.40223e-09  9.1058e-10
9.60305e-11 2.53341e-10 1.64014e-09 1.15404e-08 7.86408e-08 5.21288e-07    2.78e-06 7.15937e-06 1.23863e-05 1.67657e-05 1.90244e-05  1.9467e-05 1.95341e-05  1.9544e-05 1.95454e-05 1.95456e-05 1.95456e-05 1.95454e-05  1.9544e-05 1.95341e-05  1.9467e-05 1.90244e-05 1.67657e-05 1.23863e-05 7.15937e-06    2.78e-06 5.21288e-07 7.86408e-08 1.15404e-08 1.64014e-09 2.53341e-10 9.60305e-11
4.78347e-11 1.26194e-10 8.16988e-10 5.74851e-09 3.91726e-08 2.59664e-07 1.38478e-06 3.56622e-06 6.16988e-06 8.35132e-06 9.47644e-06 9.69693e-06 9.73035e-06 9.73528e-06 9.73597e-06 9.73605e-06 9.73605e-06 9.73597e-06 9.73528e-06 9.73035e-06 9.69693e-06 9.47644e-06 8.35132e-06 6.16988e-06 3.56622e-06 1.38478e-06 2.59664e-07 3.91726e-08 5.74851e-09 8.16988e-10 1.26194e-10 4.78347e-11
 5.3871e-11 1.42119e-10 9.20084e-10 6.47392e-09 4.41158e-08 2.92431e-07 1.55952e-06 4.01625e-06 6.94846e-06 9.40519e-06 1.06723e-05 1.09206e-05 1.09582e-05 1.09638e-05 1.09646e-05 1.09647e-05 1.09647e-05 1.09646e-05 1.09638e-05 1.09582e-05 1.09206e-05 1.06723e-05 9.40519e-06 6.94846e-06 4.01625e-06 1.55952e-06 2.92431e-07 4.41158e-08 6.47392e-09 9.20084e-10 1.42119e-10  5.3871e-11
