0.00157953
0.00315904
0.00473852
0.00631797
0.00789736
0.00947669
0.0110559
0.0126351
0.0142142
0.0157931
0.0173719
0.0189506
0.0205291
0.0221074
0.0236855
0.0252635
0.0268412
0.0284187
0.029996
0.0315731
0.0331498
0.0347263
0.0363025
0.0378784
0.039454
0.0410293
0.0426042
0.0441788
0.045753
0.0473268
0.0489002
0.0504733
0.0520459
0.053618
0.0551897
0.056761
0.0583318
0.0599021
0.0614719
0.0630412
0.06461
0.0661782
0.0677459
0.069313
0.0708795
0.0724455
0.0740108
0.0755756
0.0771397
0.0787031
0.0802659
0.081828
0.0833895
0.0849502
0.0865103
0.0880696
0.0896282
0.091186
0.0927431
0.0942994
0.0958549
0.0974096
0.0989635
0.100517
0.102069
0.10362
0.105171
0.10672
0.108269
0.109817
0.111364
0.11291
0.114455
0.115999
0.117542
0.119084
0.120625
0.122165
0.123705
0.125243
0.12678
0.128316
0.12985
0.131384
0.132917
0.134448
0.135979
0.137508
0.139036
0.140563
0.142089
0.143613
0.145137
0.146659
0.14818
0.1497
0.151218
0.152735
0.154251
0.155765
0.157279
0.158791
0.160301
0.16181
0.163318
0.164825
0.16633
0.167833
0.169336
0.170836
0.172336
0.173834
0.17533
0.176825
0.178318
0.17981
0.181301
0.18279
0.184277
0.185763
0.187247
0.188729
0.19021
0.19169
0.193167
0.194643
0.196118
0.197591
0.199062
0.200531
0.201999
0.203465
0.204929
0.206391
0.207852
0.209311
0.210768
0.212223
0.213677
0.215129
0.216579
0.218027
0.219473
0.220917
0.222359
0.2238
0.225238
0.226675
0.228109
0.229542
0.230973
0.232402
0.233828
0.235253
0.236676
0.238096
0.239515
0.240932
0.242346
0.243758
0.245169
0.246577
0.247983
0.249387
0.250788
0.252188
0.253585
0.254981
0.256374
0.257764
0.259153
0.260539
0.261923
0.263305
0.264684
0.266061
0.267436
0.268809
0.270179
0.271547
0.272912
0.274275
0.275636
0.276994
0.27835
0.279704
0.281055
0.282403
0.283749
0.285093
0.286434
0.287773
0.289109
0.290442
0.291773
0.293102
0.294428
0.295751
0.297072
0.29839
0.299705
0.301018
0.302328
0.303636
0.30494
0.306243
0.307542
0.308839
0.310133
0.311424
0.312713
0.313998
0.315281
0.316562
0.317839
0.319114
0.320385
0.321654
0.32292
0.324184
0.325444
0.326701
0.327956
0.329208
0.330456
0.331702
0.332945
0.334185
0.335421
0.336655
0.337886
0.339114
0.340339
0.341561
0.342779
0.343995
0.345208
0.346417
0.347624
0.348827
0.350027
0.351224
0.352418
0.353609
0.354796
0.355981
0.357162
0.35834
0.359514
0.360686
0.361854
0.363019
0.364181
0.365339
0.366494
0.367646
0.368795
0.36994
0.371082
0.37222
0.373355
0.374487
0.375615
0.37674
0.377861
0.37898
0.380094
0.381205
0.382313
0.383417
0.384518
0.385615
0.386709
0.387799
0.388886
0.389969
0.391049
0.392125
0.393197
0.394266
0.395331
0.396393
0.397451
0.398505
0.399556
0.400603
0.401646
0.402686
0.403722
0.404754
0.405783
0.406807
0.407829
0.408846
0.409859
0.410869
0.411875
0.412878
0.413876
0.414871
0.415861
0.416848
0.417831
0.418811
0.419786
0.420758
0.421725
0.422689
0.423649
0.424604
0.425556
0.426504
0.427448
0.428388
0.429325
0.430257
0.431185
0.432109
0.433029
0.433945
0.434857
0.435765
0.436669
0.437569
0.438464
0.439356
0.440243
0.441127
0.442006
0.442881
0.443752
0.444619
0.445482
0.446341
0.447195
0.448045
0.448891
0.449733
0.45057
0.451404
0.452233
0.453058
0.453878
0.454695
0.455507
0.456314
0.457118
0.457917
0.458712
0.459503
0.460289
0.461071
0.461848
0.462621
0.46339
0.464154
0.464914
0.46567
0.466421
0.467168
0.467911
0.468649
0.469382
0.470111
0.470836
0.471556
0.472272
0.472983
0.47369
0.474392
0.47509
0.475783
0.476471
0.477156
0.477835
0.47851
0.479181
0.479847
0.480508
0.481165
0.481817
0.482465
0.483108
0.483746
0.48438
0.485009
0.485634
0.486254
0.486869
0.48748
0.488086
0.488687
0.489284
0.489876
0.490463
0.491046
0.491623
0.492197
0.492765
0.493329
0.493888
0.494442
0.494991
0.495536
0.496076
0.496611
0.497142
0.497668
0.498189
0.498705
0.499216
0.499722
0.500224
0.500721
0.501213
0.5017
0.502183
0.50266
0.503133
0.503601
0.504064
0.504522
0.504976
0.505424
0.505868
0.506306
0.50674
0.507169
0.507593
0.508012
0.508426
0.508836
0.50924
0.509639
0.510034
0.510423
0.510808
0.511188
0.511563
0.511932
0.512297
0.512657
0.513012
0.513362
0.513707
0.514047
0.514382
0.514712
0.515037
0.515357
0.515672
0.515982
0.516287
0.516587
0.516882
0.517172
0.517457
0.517737
0.518012
0.518282
0.518547
0.518807
0.519061
0.519311
0.519556
0.519795
0.52003
0.52026
0.520484
0.520703
0.520918
0.521127
0.521331
0.52153
0.521724
0.521913
0.522097
0.522276
0.52245
0.522619
0.522782
0.522941
0.523094
0.523242
0.523385
0.523523
0.523656
0.523784
0.523907
0.524025
0.524137
0.524245
0.524347
0.524444
0.524537
0.524624
0.524706
0.524782
0.524854
0.524921
0.524982
0.525038
0.52509
0.525136
0.525177
0.525212
0.525243
0.525269
0.525289
0.525305
0.525315
0.52532
0.52532
0.525315
0.525305
0.525289
0.525269
0.525243
0.525212
0.525177
0.525136
0.52509
0.525038
0.524982
0.524921
0.524854
0.524782
0.524706
0.524624
0.524537
0.524444
0.524347
0.524245
0.524137
0.524025
0.523907
0.523784
0.523656
0.523523
0.523385
0.523242
0.523094
0.522941
0.522782
0.522619
0.52245
0.522276
0.522097
0.521913
0.521724
0.52153
0.521331
0.521127
0.520918
0.520703
0.520484
0.52026
0.52003
0.519795
0.519556
0.519311
0.519061
0.518807
0.518547
0.518282
0.518012
0.517737
0.517457
0.517172
0.516882
0.516587
0.516287
0.515982
0.515672
0.515357
0.515037
0.514712
0.514382
0.514047
0.513707
0.513362
0.513012
0.512657
0.512297
0.511932
0.511563
0.511188
0.510808
0.510423
0.510034
0.509639
0.50924
0.508836
0.508426
0.508012
0.507593
0.507169
0.50674
0.506306
0.505868
0.505424
0.504976
0.504522
0.504064
0.503601
0.503133
0.50266
0.502183
0.5017
0.501213
0.500721
0.500224
0.499722
0.499216
0.498705
0.498189
0.497668
0.497142
0.496611
0.496076
0.495536
0.494991
0.494442
0.493888
0.493329
0.492765
0.492197
0.491623
0.491046
0.490463
0.489876
0.489284
0.488687
0.488086
0.48748
0.486869
0.486254
0.485634
0.485009
0.48438
0.483746
0.483108
0.482465
0.481817
0.481165
0.480508
0.479847
0.479181
0.47851
0.477835
0.477156
0.476471
0.475783
0.47509
0.474392
0.47369
0.472983
0.472272
0.471556
0.470836
0.470111
0.469382
0.468649
0.467911
0.467168
0.466421
0.46567
0.464914
0.464154
0.46339
0.462621
0.461848
0.461071
0.460289
0.459503
0.458712
0.457917
0.457118
0.456314
0.455507
0.454695
0.453878
0.453058
0.452233
0.451404
0.45057
0.449733
0.448891
0.448045
0.447195
0.446341
0.445482
0.444619
0.443752
0.442881
0.442006
0.441127
0.440243
0.439356
0.438464
0.437569
0.436669
0.435765
0.434857
0.433945
0.433029
0.432109
0.431185
0.430257
0.429325
0.428388
0.427448
0.426504
0.425556
0.424604
0.423649
0.422689
0.421725
0.420758
0.419786
0.418811
0.417831
0.416848
0.415861
0.414871
0.413876
0.412878
0.411875
0.410869
0.409859
0.408846
0.407829
0.406807
0.405783
0.404754
0.403722
0.402686
0.401646
0.400603
0.399556
0.398505
0.397451
0.396393
0.395331
0.394266
0.393197
0.392125
0.391049
0.389969
0.388886
0.387799
0.386709
0.385615
0.384518
0.383417
0.382313
0.381205
0.380094
0.37898
0.377861
0.37674
0.375615
0.374487
0.373355
0.37222
0.371082
0.36994
0.368795
0.367646
0.366494
0.365339
0.364181
0.363019
0.361854
0.360686
0.359514
0.35834
0.357162
0.355981
0.354796
0.353609
0.352418
0.351224
0.350027
0.348827
0.347624
0.346417
0.345208
0.343995
0.342779
0.341561
0.340339
0.339114
0.337886
0.336655
0.335421
0.334185
0.332945
0.331702
0.330456
0.329208
0.327956
0.326701
0.325444
0.324184
0.32292
0.321654
0.320385
0.319114
0.317839
0.316562
0.315281
0.313998
0.312713
0.311424
0.310133
0.308839
0.307542
0.306243
0.30494
0.303636
0.302328
0.301018
0.299705
0.29839
0.297072
0.295751
0.294428
0.293102
0.291773
0.290442
0.289109
0.287773
0.286434
0.285093
0.283749
0.282403
0.281055
0.279704
0.27835
0.276994
0.275636
0.274275
0.272912
0.271547
0.270179
0.268809
0.267436
0.266061
0.264684
0.263305
0.261923
0.260539
0.259153
0.257764
0.256374
0.254981
0.253585
0.252188
0.250788
0.249387
0.247983
0.246577
0.245169
0.243758
0.242346
0.240932
0.239515
0.238096
0.236676
0.235253
0.233828
0.232402
0.230973
0.229542
0.228109
0.226675
0.225238
0.2238
0.222359
0.220917
0.219473
0.218027
0.216579
0.215129
0.213677
0.212223
0.210768
0.209311
0.207852
0.206391
0.204929
0.203465
0.201999
0.200531
0.199062
0.197591
0.196118
0.194643
0.193167
0.19169
0.19021
0.188729
0.187247
0.185763
0.184277
0.18279
0.181301
0.17981
0.178318
0.176825
0.17533
0.173834
0.172336
0.170836
0.169336
0.167833
0.16633
0.164825
0.163318
0.16181
0.160301
0.158791
0.157279
0.155765
0.154251
0.152735
0.151218
0.1497
0.14818
0.146659
0.145137
0.143613
0.142089
0.140563
0.139036
0.137508
0.135979
0.134448
0.132917
0.131384
0.12985
0.128316
0.12678
0.125243
0.123705
0.122165
0.120625
0.119084
0.117542
0.115999
0.114455
0.11291
0.111364
0.109817
0.108269
0.10672
0.105171
0.10362
0.102069
0.100517
0.0989635
0.0974096
0.0958549
0.0942994
0.0927431
0.091186
0.0896282
0.0880696
0.0865103
0.0849502
0.0833895
0.081828
0.0802659
0.0787031
0.0771397
0.0755756
0.0740108
0.0724455
0.0708795
0.069313
0.0677459
0.0661782
0.06461
0.0630412
0.0614719
0.0599021
0.0583318
0.056761
0.0551897
0.053618
0.0520459
0.0504733
0.0489002
0.0473268
0.045753
0.0441788
0.0426042
0.0410293
0.039454
0.0378784
0.0363025
0.0347263
0.0331498
0.0315731
0.029996
0.0284187
0.0268412
0.0252635
0.0236855
0.0221074
0.0205291
0.0189506
0.0173719
0.0157931
0.0142142
0.0126351
0.0110559
0.00947669
0.00789736
0.00631797
0.00473852
0.00315904
0.00157953
