0.0015562
0.00311246
0.00466883
0.00622538
0.00778215
0.00933922
0.0108966
0.0124544
0.0140127
0.0155715
0.0171309
0.0186909
0.0202516
0.021813
0.0233752
0.0249383
0.0265023
0.0280673
0.0296333
0.0312004
0.0327687
0.0343381
0.0359088
0.0374808
0.0390542
0.040629
0.0422052
0.043783
0.0453624
0.0469434
0.048526
0.0501105
0.0516967
0.0532848
0.0548748
0.0564667
0.0580607
0.0596567
0.0612548
0.0628551
0.0644576
0.0660623
0.0676694
0.0692789
0.0708907
0.072505
0.0741219
0.0757413
0.0773633
0.0789879
0.0806153
0.0822454
0.0838783
0.0855141
0.0871527
0.0887943
0.0904388
0.0920864
0.0937371
0.0953908
0.0970477
0.0987078
0.100371
0.102038
0.103708
0.105381
0.107058
0.108738
0.110421
0.112109
0.113799
0.115493
0.117191
0.118893
0.120598
0.122307
0.12402
0.125736
0.127457
0.129181
0.130909
0.132641
0.134377
0.136117
0.137862
0.13961
0.141362
0.143118
0.144879
0.146643
0.148412
0.150185
0.151962
0.153744
0.155529
0.157319
0.159114
0.160912
0.162715
0.164523
0.166335
0.168151
0.169972
0.171797
0.173627
0.175461
0.177299
0.179143
0.18099
0.182843
0.184699
0.186561
0.188427
0.190297
0.192172
0.194052
0.195936
0.197825
0.199719
0.201617
0.20352
0.205427
0.207339
0.209256
0.211178
0.213104
0.215034
0.216969
0.218909
0.220854
0.222803
0.224757
0.226716
0.228679
0.230646
0.232619
0.234595
0.236577
0.238563
0.240554
0.242549
0.244549
0.246553
0.248562
0.250575
0.252593
0.254615
0.256642
0.258673
0.260709
0.262749
0.264793
0.266842
0.268895
0.270952
0.273014
0.27508
0.277151
0.279225
0.281304
0.283387
0.285474
0.287565
0.28966
0.29176
0.293863
0.295971
0.298082
0.300197
0.302317
0.30444
0.306567
0.308698
0.310832
0.312971
0.315113
0.317258
0.319408
0.321561
0.323717
0.325877
0.32804
0.330207
0.332378
0.334551
0.336728
0.338908
0.341092
0.343278
0.345468
0.347661
0.349856
0.352055
0.354257
0.356461
0.358668
0.360879
0.363091
0.365307
0.367525
0.369746
0.371969
0.374195
0.376423
0.378653
0.380886
0.383121
0.385358
0.387597
0.389839
0.392082
0.394327
0.396575
0.398824
0.401074
0.403327
0.405581
0.407837
0.410094
0.412353
0.414613
0.416874
0.419137
0.421401
0.423666
0.425932
0.428199
0.430467
0.432736
0.435006
0.437277
0.439548
0.44182
0.444092
0.446365
0.448638
0.450911
0.453185
0.455459
0.457733
0.460007
0.462281
0.464555
0.466829
0.469103
0.471376
0.473649
0.475921
0.478193
0.480465
0.482735
0.485005
0.487274
0.489542
0.491809
0.494076
0.496341
0.498604
0.500867
0.503128
0.505388
0.507646
0.509903
0.512158
0.514411
0.516663
0.518912
0.52116
0.523405
0.525649
0.52789
0.530129
0.532366
0.5346
0.536832
0.539061
0.541288
0.543512
0.545733
0.547951
0.550166
0.552378
0.554587
0.556793
0.558996
0.561195
0.563391
0.565583
0.567772
0.569957
0.572139
0.574316
0.57649
0.57866
0.580826
0.582987
0.585145
0.587298
0.589447
0.591591
0.593731
0.595867
0.597997
0.600123
0.602245
0.604361
0.606472
0.608579
0.61068
0.612776
0.614867
0.616953
0.619033
0.621108
0.623177
0.625241
0.627299
0.629351
0.631397
0.633438
0.635472
0.637501
0.639523
0.641539
0.643549
0.645553
0.64755
0.649541
0.651525
0.653502
0.655473
0.657438
0.659395
0.661345
0.663289
0.665226
0.667155
0.669077
0.670992
0.6729
0.674801
0.676694
0.678579
0.680458
0.682328
0.684191
0.686046
0.687893
0.689732
0.691564
0.693387
0.695203
0.69701
0.698809
0.7006
0.702383
0.704157
0.705923
0.70768
0.709429
0.711169
0.712901
0.714624
0.716338
0.718043
0.71974
0.721427
0.723106
0.724775
0.726435
0.728087
0.729729
0.731361
0.732985
0.734599
0.736204
0.737799
0.739384
0.74096
0.742527
0.744084
0.745631
0.747168
0.748695
0.750213
0.751721
0.753218
0.754706
0.756184
0.757651
0.759108
0.760555
0.761992
0.763419
0.764835
0.766241
0.767637
0.769022
0.770396
0.77176
0.773113
0.774456
0.775788
0.777109
0.77842
0.77972
0.781009
0.782287
0.783554
0.78481
0.786055
0.787289
0.788513
0.789725
0.790926
0.792115
0.793294
0.794461
0.795617
0.796762
0.797895
0.799017
0.800128
0.801227
0.802315
0.803391
0.804456
0.805509
0.806551
0.807581
0.808599
0.809605
0.8106
0.811584
0.812555
0.813515
0.814462
0.815398
0.816323
0.817235
0.818135
0.819024
0.8199
0.820764
0.821617
0.822457
0.823286
0.824102
0.824906
0.825698
0.826478
0.827246
0.828001
0.828744
0.829475
0.830194
0.830901
0.831595
0.832277
0.832947
0.833604
0.834249
0.834882
0.835502
0.83611
0.836705
0.837288
0.837859
0.838417
0.838962
0.839495
0.840016
0.840524
0.841019
0.841502
0.841973
0.842431
0.842876
0.843308
0.843728
0.844136
0.844531
0.844913
0.845282
0.845639
0.845983
0.846315
0.846634
0.84694
0.847233
0.847514
0.847782
0.848037
0.84828
0.84851
0.848727
0.848931
0.849123
0.849302
0.849468
0.849621
0.849762
0.849889
0.850004
0.850107
0.850196
0.850273
0.850337
0.850388
0.850426
0.850452
0.850465
0.850465
0.850452
0.850426
0.850388
0.850337
0.850273
0.850196
0.850107
0.850004
0.849889
0.849762
0.849621
0.849468
0.849302
0.849123
0.848931
0.848727
0.84851
0.84828
0.848037
0.847782
0.847514
0.847233
0.84694
0.846634
0.846315
0.845983
0.845639
0.845282
0.844913
0.844531
0.844136
0.843728
0.843308
0.842876
0.842431
0.841973
0.841502
0.841019
0.840524
0.840016
0.839495
0.838962
0.838417
0.837859
0.837288
0.836705
0.83611
0.835502
0.834882
0.834249
0.833604
0.832947
0.832277
0.831595
0.830901
0.830194
0.829475
0.828744
0.828001
0.827246
0.826478
0.825698
0.824906
0.824102
0.823286
0.822457
0.821617
0.820764
0.8199
0.819024
0.818135
0.817235
0.816323
0.815398
0.814462
0.813515
0.812555
0.811584
0.8106
0.809605
0.808599
0.807581
0.806551
0.805509
0.804456
0.803391
0.802315
0.801227
0.800128
0.799017
0.797895
0.796762
0.795617
0.794461
0.793294
0.792115
0.790926
0.789725
0.788513
0.787289
0.786055
0.78481
0.783554
0.782287
0.781009
0.77972
0.77842
0.777109
0.775788
0.774456
0.773113
0.77176
0.770396
0.769022
0.767637
0.766241
0.764835
0.763419
0.761992
0.760555
0.759108
0.757651
0.756184
0.754706
0.753218
0.751721
0.750213
0.748695
0.747168
0.745631
0.744084
0.742527
0.74096
0.739384
0.737799
0.736204
0.734599
0.732985
0.731361
0.729729
0.728087
0.726435
0.724775
0.723106
0.721427
0.71974
0.718043
0.716338
0.714624
0.712901
0.711169
0.709429
0.70768
0.705923
0.704157
0.702383
0.7006
0.698809
0.69701
0.695203
0.693387
0.691564
0.689732
0.687893
0.686046
0.684191
0.682328
0.680458
0.678579
0.676694
0.674801
0.6729
0.670992
0.669077
0.667155
0.665226
0.663289
0.661345
0.659395
0.657438
0.655473
0.653502
0.651525
0.649541
0.64755
0.645553
0.643549
0.641539
0.639523
0.637501
0.635472
0.633438
0.631397
0.629351
0.627299
0.625241
0.623177
0.621108
0.619033
0.616953
0.614867
0.612776
0.61068
0.608579
0.606472
0.604361
0.602245
0.600123
0.597997
0.595867
0.593731
0.591591
0.589447
0.587298
0.585145
0.582987
0.580826
0.57866
0.57649
0.574316
0.572139
0.569957
0.567772
0.565583
0.563391
0.561195
0.558996
0.556793
0.554587
0.552378
0.550166
0.547951
0.545733
0.543512
0.541288
0.539061
0.536832
0.5346
0.532366
0.530129
0.52789
0.525649
0.523405
0.52116
0.518912
0.516663
0.514411
0.512158
0.509903
0.507646
0.505388
0.503128
0.500867
0.498604
0.496341
0.494076
0.491809
0.489542
0.487274
0.485005
0.482735
0.480465
0.478193
0.475921
0.473649
0.471376
0.469103
0.466829
0.464555
0.462281
0.460007
0.457733
0.455459
0.453185
0.450911
0.448638
0.446365
0.444092
0.44182
0.439548
0.437277
0.435006
0.432736
0.430467
0.428199
0.425932
0.423666
0.421401
0.419137
0.416874
0.414613
0.412353
0.410094
0.407837
0.405581
0.403327
0.401074
0.398824
0.396575
0.394327
0.392082
0.389839
0.387597
0.385358
0.383121
0.380886
0.378653
0.376423
0.374195
0.371969
0.369746
0.367525
0.365307
0.363091
0.360879
0.358668
0.356461
0.354257
0.352055
0.349856
0.347661
0.345468
0.343278
0.341092
0.338908
0.336728
0.334551
0.332378
0.330207
0.32804
0.325877
0.323717
0.321561
0.319408
0.317258
0.315113
0.312971
0.310832
0.308698
0.306567
0.30444
0.302317
0.300197
0.298082
0.295971
0.293863
0.29176
0.28966
0.287565
0.285474
0.283387
0.281304
0.279225
0.277151
0.27508
0.273014
0.270952
0.268895
0.266842
0.264793
0.262749
0.260709
0.258673
0.256642
0.254615
0.252593
0.250575
0.248562
0.246553
0.244549
0.242549
0.240554
0.238563
0.236577
0.234595
0.232619
0.230646
0.228679
0.226716
0.224757
0.222803
0.220854
0.218909
0.216969
0.215034
0.213104
0.211178
0.209256
0.207339
0.205427
0.20352
0.201617
0.199719
0.197825
0.195936
0.194052
0.192172
0.190297
0.188427
0.186561
0.184699
0.182843
0.18099
0.179143
0.177299
0.175461
0.173627
0.171797
0.169972
0.168151
0.166335
0.164523
0.162715
0.160912
0.159114
0.157319
0.155529
0.153744
0.151962
0.150185
0.148412
0.146643
0.144879
0.143118
0.141362
0.13961
0.137862
0.136117
0.134377
0.132641
0.130909
0.129181
0.127457
0.125736
0.12402
0.122307
0.120598
0.118893
0.117191
0.115493
0.113799
0.112109
0.110421
0.108738
0.107058
0.105381
0.103708
0.102038
0.100371
0.0987078
0.0970477
0.0953908
0.0937371
0.0920864
0.0904388
0.0887943
0.0871527
0.0855141
0.0838783
0.0822454
0.0806153
0.0789879
0.0773633
0.0757413
0.0741219
0.072505
0.0708907
0.0692789
0.0676694
0.0660623
0.0644576
0.0628551
0.0612548
0.0596567
0.0580607
0.0564667
0.0548748
0.0532848
0.0516967
0.0501105
0.048526
0.0469434
0.0453624
0.043783
0.0422052
0.040629
0.0390542
0.0374808
0.0359088
0.0343381
0.0327687
0.0312004
0.0296333
0.0280673
0.0265023
0.0249383
0.0233752
0.021813
0.0202516
0.0186909
0.0171309
0.0155715
0.0140127
0.0124544
0.0108966
0.00933922
0.00778215
0.00622538
0.00466883
0.00311246
0.0015562
