0.00232874
0.00465714
0.00698484
0.00931149
0.0116368
0.0139603
0.0162817
0.0186007
0.020917
0.0232301
0.0255397
0.0278455
0.0301472
0.0324443
0.0347366
0.0370238
0.0393053
0.0415811
0.0438506
0.0461135
0.0483696
0.0506184
0.0528597
0.055093
0.0573182
0.0595348
0.0617424
0.0639409
0.0661298
0.0683088
0.0704776
0.0726359
0.0747834
0.0769196
0.0790444
0.0811574
0.0832582
0.0853466
0.0874222
0.0894848
0.091534
0.0935696
0.0955911
0.0975984
0.0995911
0.101569
0.103532
0.105479
0.10741
0.109325
0.111225
0.113107
0.114972
0.116821
0.118652
0.120465
0.12226
0.124037
0.125795
0.127535
0.129255
0.130956
0.132638
0.1343
0.135942
0.137563
0.139164
0.140744
0.142303
0.143841
0.145357
0.146852
0.148324
0.149775
0.151203
0.152608
0.153991
0.15535
0.156687
0.158
0.159289
0.160555
0.161797
0.163014
0.164207
0.165376
0.16652
0.167639
0.168733
0.169801
0.170845
0.171862
0.172855
0.173821
0.174761
0.175675
0.176563
0.177425
0.17826
0.179068
0.17985
0.180605
0.181333
0.182033
0.182707
0.183353
0.183972
0.184563
0.185127
0.185663
0.186171
0.186652
0.187105
0.187529
0.187926
0.188294
0.188635
0.188947
0.189231
0.189487
0.189714
0.189913
0.190084
0.190226
0.19034
0.190425
0.190482
0.190511
0.190511
0.190482
0.190425
0.19034
0.190226
0.190084
0.189913
0.189714
0.189487
0.189231
0.188947
0.188635
0.188294
0.187926
0.187529
0.187105
0.186652
0.186171
0.185663
0.185127
0.184563
0.183972
0.183353
0.182707
0.182033
0.181333
0.180605
0.17985
0.179068
0.17826
0.177425
0.176563
0.175675
0.174761
0.173821
0.172855
0.171862
0.170845
0.169801
0.168733
0.167639
0.16652
0.165376
0.164207
0.163014
0.161797
0.160555
0.159289
0.158
0.156687
0.15535
0.153991
0.152608
0.151203
0.149775
0.148324
0.146852
0.145357
0.143841
0.142303
0.140744
0.139164
0.137563
0.135942
0.1343
0.132638
0.130956
0.129255
0.127535
0.125795
0.124037
0.12226
0.120465
0.118652
0.116821
0.114972
0.113107
0.111225
0.109325
0.10741
0.105479
0.103532
0.101569
0.0995911
0.0975984
0.0955911
0.0935696
0.091534
0.0894848
0.0874222
0.0853466
0.0832582
0.0811574
0.0790444
0.0769196
0.0747834
0.0726359
0.0704776
0.0683088
0.0661298
0.0639409
0.0617424
0.0595348
0.0573182
0.055093
0.0528597
0.0506184
0.0483696
0.0461135
0.0438506
0.0415811
0.0393053
0.0370238
0.0347366
0.0324443
0.0301472
0.0278455
0.0255397
0.0232301
0.020917
0.0186007
0.0162817
0.0139603
0.0116368
0.00931149
0.00698484
0.00465714
0.00232874
