0.00519797
0.0103952
0.0155909
0.0207845
0.025975
0.0311619
0.0363443
0.0415215
0.0466929
0.0518575
0.0570148
0.0621639
0.0673041
0.0724348
0.0775551
0.0826643
0.0877617
0.0928466
0.0979182
0.102976
0.108019
0.113046
0.118057
0.123052
0.128028
0.132987
0.137926
0.142845
0.147744
0.152622
0.157478
0.162311
0.167121
0.171907
0.176667
0.181403
0.186112
0.190795
0.19545
0.200077
0.204674
0.209243
0.213781
0.218288
0.222763
0.227206
0.231616
0.235992
0.240334
0.244641
0.248913
0.253148
0.257347
0.261507
0.26563
0.269714
0.273758
0.277762
0.281726
0.285648
0.289529
0.293367
0.297162
0.300913
0.30462
0.308282
0.311899
0.315469
0.318993
0.32247
0.3259
0.329281
0.332613
0.335897
0.33913
0.342313
0.345445
0.348526
0.351555
0.354532
0.357456
0.360327
0.363144
0.365907
0.368616
0.371269
0.373867
0.376408
0.378894
0.381323
0.383695
0.386009
0.388265
0.390463
0.392602
0.394682
0.396703
0.398665
0.400566
0.402407
0.404187
0.405907
0.407565
0.409162
0.410697
0.41217
0.413581
0.414929
0.416215
0.417437
0.418597
0.419693
0.420726
0.421694
0.4226
0.423441
0.424218
0.42493
0.425578
0.426162
0.426681
0.427136
0.427525
0.42785
0.42811
0.428305
0.428435
0.4285
0.4285
0.428435
0.428305
0.42811
0.42785
0.427525
0.427136
0.426681
0.426162
0.425578
0.42493
0.424218
0.423441
0.4226
0.421694
0.420726
0.419693
0.418597
0.417437
0.416215
0.414929
0.413581
0.41217
0.410697
0.409162
0.407565
0.405907
0.404187
0.402407
0.400566
0.398665
0.396703
0.394682
0.392602
0.390463
0.388265
0.386009
0.383695
0.381323
0.378894
0.376408
0.373867
0.371269
0.368616
0.365907
0.363144
0.360327
0.357456
0.354532
0.351555
0.348526
0.345445
0.342313
0.33913
0.335897
0.332613
0.329281
0.3259
0.32247
0.318993
0.315469
0.311899
0.308282
0.30462
0.300913
0.297162
0.293367
0.289529
0.285648
0.281726
0.277762
0.273758
0.269714
0.26563
0.261507
0.257347
0.253148
0.248913
0.244641
0.240334
0.235992
0.231616
0.227206
0.222763
0.218288
0.213781
0.209243
0.204674
0.200077
0.19545
0.190795
0.186112
0.181403
0.176667
0.171907
0.167121
0.162311
0.157478
0.152622
0.147744
0.142845
0.137926
0.132987
0.128028
0.123052
0.118057
0.113046
0.108019
0.102976
0.0979182
0.0928466
0.0877617
0.0826643
0.0775551
0.0724348
0.0673041
0.0621639
0.0570148
0.0518575
0.0466929
0.0415215
0.0363443
0.0311619
0.025975
0.0207845
0.0155909
0.0103952
0.00519797
