0.00129365
0.0025873
0.00388091
0.0051745
0.00646803
0.00776151
0.00905491
0.0103482
0.0116415
0.0129346
0.0142276
0.0155204
0.0168132
0.0181057
0.0193981
0.0206904
0.0219824
0.0232743
0.0245659
0.0258573
0.0271484
0.0284393
0.02973
0.0310204
0.0323104
0.0336002
0.0348897
0.0361789
0.0374677
0.0387562
0.0400443
0.0413321
0.0426195
0.0439065
0.0451931
0.0464792
0.047765
0.0490503
0.0503351
0.0516195
0.0529034
0.0541869
0.0554698
0.0567522
0.0580341
0.0593155
0.0605963
0.0618766
0.0631563
0.0644354
0.0657139
0.0669918
0.0682691
0.0695458
0.0708218
0.0720972
0.0733719
0.074646
0.0759194
0.077192
0.078464
0.0797352
0.0810057
0.0822754
0.0835444
0.0848127
0.0860801
0.0873468
0.0886126
0.0898777
0.0911419
0.0924052
0.0936678
0.0949294
0.0961902
0.0974501
0.0987091
0.0999672
0.101224
0.102481
0.103736
0.10499
0.106244
0.107496
0.108747
0.109998
0.111247
0.112496
0.113743
0.114989
0.116234
0.117479
0.118722
0.119964
0.121205
0.122444
0.123683
0.12492
0.126157
0.127392
0.128626
0.129859
0.13109
0.132321
0.13355
0.134778
0.136005
0.13723
0.138454
0.139677
0.140899
0.142119
0.143338
0.144556
0.145772
0.146988
0.148201
0.149414
0.150624
0.151834
0.153042
0.154249
0.155454
0.156658
0.157861
0.159061
0.160261
0.161459
0.162656
0.163851
0.165044
0.166236
0.167427
0.168616
0.169803
0.170989
0.172173
0.173356
0.174537
0.175716
0.176894
0.17807
0.179244
0.180417
0.181589
0.182758
0.183926
0.185092
0.186256
0.187419
0.18858
0.189739
0.190897
0.192052
0.193206
0.194359
0.195509
0.196657
0.197804
0.198949
0.200092
0.201233
0.202373
0.20351
0.204646
0.205779
0.206911
0.208041
0.209169
0.210295
0.211419
0.212541
0.213661
0.214779
0.215896
0.21701
0.218122
0.219232
0.22034
0.221446
0.22255
0.223652
0.224752
0.22585
0.226946
0.228039
0.229131
0.23022
0.231307
0.232392
0.233475
0.234556
0.235635
0.236711
0.237785
0.238857
0.239927
0.240995
0.24206
0.243123
0.244184
0.245242
0.246299
0.247353
0.248404
0.249454
0.250501
0.251546
0.252588
0.253628
0.254666
0.255701
0.256734
0.257765
0.258793
0.259819
0.260842
0.261863
0.262882
0.263898
0.264911
0.265923
0.266931
0.267937
0.268941
0.269942
0.270941
0.271937
0.272931
0.273922
0.274911
0.275897
0.27688
0.277861
0.278839
0.279815
0.280788
0.281758
0.282726
0.283692
0.284654
0.285614
0.286571
0.287526
0.288478
0.289427
0.290374
0.291317
0.292258
0.293197
0.294132
0.295065
0.295996
0.296923
0.297848
0.298769
0.299689
0.300605
0.301518
0.302429
0.303337
0.304242
0.305144
0.306043
0.30694
0.307833
0.308724
0.309612
0.310497
0.311379
0.312258
0.313134
0.314008
0.314878
0.315745
0.31661
0.317471
0.31833
0.319186
0.320038
0.320888
0.321734
0.322578
0.323419
0.324256
0.325091
0.325922
0.326751
0.327576
0.328398
0.329218
0.330034
0.330847
0.331657
0.332464
0.333268
0.334068
0.334866
0.33566
0.336451
0.337239
0.338024
0.338806
0.339585
0.34036
0.341133
0.341902
0.342667
0.34343
0.344189
0.344946
0.345699
0.346448
0.347195
0.347938
0.348678
0.349415
0.350148
0.350878
0.351605
0.352329
0.353049
0.353766
0.354479
0.35519
0.355897
0.3566
0.357301
0.357997
0.358691
0.359381
0.360068
0.360751
0.361431
0.362108
0.362781
0.363451
0.364118
0.364781
0.36544
0.366096
0.366749
0.367398
0.368044
0.368687
0.369326
0.369961
0.370593
0.371221
0.371846
0.372468
0.373086
0.3737
0.374311
0.374919
0.375523
0.376123
0.37672
0.377313
0.377903
0.378489
0.379072
0.379651
0.380226
0.380798
0.381367
0.381931
0.382492
0.38305
0.383604
0.384154
0.384701
0.385244
0.385784
0.386319
0.386852
0.38738
0.387905
0.388426
0.388944
0.389458
0.389968
0.390475
0.390978
0.391477
0.391973
0.392464
0.392953
0.393437
0.393918
0.394395
0.394868
0.395338
0.395803
0.396266
0.396724
0.397179
0.39763
0.398077
0.39852
0.39896
0.399396
0.399828
0.400256
0.400681
0.401101
0.401518
0.401932
0.402341
0.402747
0.403149
0.403547
0.403941
0.404331
0.404718
0.405101
0.405479
0.405855
0.406226
0.406593
0.406957
0.407317
0.407673
0.408025
0.408373
0.408717
0.409058
0.409394
0.409727
0.410056
0.410381
0.410702
0.411019
0.411333
0.411642
0.411948
0.41225
0.412548
0.412841
0.413131
0.413418
0.4137
0.413978
0.414253
0.414523
0.41479
0.415052
0.415311
0.415566
0.415817
0.416064
0.416307
0.416546
0.416781
0.417012
0.417239
0.417462
0.417682
0.417897
0.418109
0.418316
0.41852
0.418719
0.418915
0.419107
0.419294
0.419478
0.419658
0.419834
0.420006
0.420173
0.420337
0.420497
0.420653
0.420805
0.420953
0.421097
0.421237
0.421373
0.421505
0.421633
0.421757
0.421877
0.421993
0.422105
0.422214
0.422318
0.422418
0.422514
0.422606
0.422694
0.422778
0.422858
0.422934
0.423007
0.423075
0.423139
0.423199
0.423255
0.423307
0.423355
0.423399
0.423439
0.423475
0.423507
0.423536
0.42356
0.42358
0.423596
0.423608
0.423616
0.42362
0.42362
0.423616
0.423608
0.423596
0.42358
0.42356
0.423536
0.423507
0.423475
0.423439
0.423399
0.423355
0.423307
0.423255
0.423199
0.423139
0.423075
0.423007
0.422934
0.422858
0.422778
0.422694
0.422606
0.422514
0.422418
0.422318
0.422214
0.422105
0.421993
0.421877
0.421757
0.421633
0.421505
0.421373
0.421237
0.421097
0.420953
0.420805
0.420653
0.420497
0.420337
0.420173
0.420006
0.419834
0.419658
0.419478
0.419294
0.419107
0.418915
0.418719
0.41852
0.418316
0.418109
0.417897
0.417682
0.417462
0.417239
0.417012
0.416781
0.416546
0.416307
0.416064
0.415817
0.415566
0.415311
0.415052
0.41479
0.414523
0.414253
0.413978
0.4137
0.413418
0.413131
0.412841
0.412548
0.41225
0.411948
0.411642
0.411333
0.411019
0.410702
0.410381
0.410056
0.409727
0.409394
0.409058
0.408717
0.408373
0.408025
0.407673
0.407317
0.406957
0.406593
0.406226
0.405855
0.405479
0.405101
0.404718
0.404331
0.403941
0.403547
0.403149
0.402747
0.402341
0.401932
0.401518
0.401101
0.400681
0.400256
0.399828
0.399396
0.39896
0.39852
0.398077
0.39763
0.397179
0.396724
0.396266
0.395803
0.395338
0.394868
0.394395
0.393918
0.393437
0.392953
0.392464
0.391973
0.391477
0.390978
0.390475
0.389968
0.389458
0.388944
0.388426
0.387905
0.38738
0.386852
0.386319
0.385784
0.385244
0.384701
0.384154
0.383604
0.38305
0.382492
0.381931
0.381367
0.380798
0.380226
0.379651
0.379072
0.378489
0.377903
0.377313
0.37672
0.376123
0.375523
0.374919
0.374311
0.3737
0.373086
0.372468
0.371846
0.371221
0.370593
0.369961
0.369326
0.368687
0.368044
0.367398
0.366749
0.366096
0.36544
0.364781
0.364118
0.363451
0.362781
0.362108
0.361431
0.360751
0.360068
0.359381
0.358691
0.357997
0.357301
0.3566
0.355897
0.35519
0.354479
0.353766
0.353049
0.352329
0.351605
0.350878
0.350148
0.349415
0.348678
0.347938
0.347195
0.346448
0.345699
0.344946
0.344189
0.34343
0.342667
0.341902
0.341133
0.34036
0.339585
0.338806
0.338024
0.337239
0.336451
0.33566
0.334866
0.334068
0.333268
0.332464
0.331657
0.330847
0.330034
0.329218
0.328398
0.327576
0.326751
0.325922
0.325091
0.324256
0.323419
0.322578
0.321734
0.320888
0.320038
0.319186
0.31833
0.317471
0.31661
0.315745
0.314878
0.314008
0.313134
0.312258
0.311379
0.310497
0.309612
0.308724
0.307833
0.30694
0.306043
0.305144
0.304242
0.303337
0.302429
0.301518
0.300605
0.299689
0.298769
0.297848
0.296923
0.295996
0.295065
0.294132
0.293197
0.292258
0.291317
0.290374
0.289427
0.288478
0.287526
0.286571
0.285614
0.284654
0.283692
0.282726
0.281758
0.280788
0.279815
0.278839
0.277861
0.27688
0.275897
0.274911
0.273922
0.272931
0.271937
0.270941
0.269942
0.268941
0.267937
0.266931
0.265923
0.264911
0.263898
0.262882
0.261863
0.260842
0.259819
0.258793
0.257765
0.256734
0.255701
0.254666
0.253628
0.252588
0.251546
0.250501
0.249454
0.248404
0.247353
0.246299
0.245242
0.244184
0.243123
0.24206
0.240995
0.239927
0.238857
0.237785
0.236711
0.235635
0.234556
0.233475
0.232392
0.231307
0.23022
0.229131
0.228039
0.226946
0.22585
0.224752
0.223652
0.22255
0.221446
0.22034
0.219232
0.218122
0.21701
0.215896
0.214779
0.213661
0.212541
0.211419
0.210295
0.209169
0.208041
0.206911
0.205779
0.204646
0.20351
0.202373
0.201233
0.200092
0.198949
0.197804
0.196657
0.195509
0.194359
0.193206
0.192052
0.190897
0.189739
0.18858
0.187419
0.186256
0.185092
0.183926
0.182758
0.181589
0.180417
0.179244
0.17807
0.176894
0.175716
0.174537
0.173356
0.172173
0.170989
0.169803
0.168616
0.167427
0.166236
0.165044
0.163851
0.162656
0.161459
0.160261
0.159061
0.157861
0.156658
0.155454
0.154249
0.153042
0.151834
0.150624
0.149414
0.148201
0.146988
0.145772
0.144556
0.143338
0.142119
0.140899
0.139677
0.138454
0.13723
0.136005
0.134778
0.13355
0.132321
0.13109
0.129859
0.128626
0.127392
0.126157
0.12492
0.123683
0.122444
0.121205
0.119964
0.118722
0.117479
0.116234
0.114989
0.113743
0.112496
0.111247
0.109998
0.108747
0.107496
0.106244
0.10499
0.103736
0.102481
0.101224
0.0999672
0.0987091
0.0974501
0.0961902
0.0949294
0.0936678
0.0924052
0.0911419
0.0898777
0.0886126
0.0873468
0.0860801
0.0848127
0.0835444
0.0822754
0.0810057
0.0797352
0.078464
0.077192
0.0759194
0.074646
0.0733719
0.0720972
0.0708218
0.0695458
0.0682691
0.0669918
0.0657139
0.0644354
0.0631563
0.0618766
0.0605963
0.0593155
0.0580341
0.0567522
0.0554698
0.0541869
0.0529034
0.0516195
0.0503351
0.0490503
0.047765
0.0464792
0.0451931
0.0439065
0.0426195
0.0413321
0.0400443
0.0387562
0.0374677
0.0361789
0.0348897
0.0336002
0.0323104
0.0310204
0.02973
0.0284393
0.0271484
0.0258573
0.0245659
0.0232743
0.0219824
0.0206904
0.0193981
0.0181057
0.0168132
0.0155204
0.0142276
0.0129346
0.0116415
0.0103482
0.00905491
0.00776151
0.00646803
0.0051745
0.00388091
0.0025873
0.00129365
