0.00536786
0.010735
0.0161006
0.0214639
0.0268242
0.0321807
0.0375328
0.0428795
0.0482202
0.0535541
0.0588804
0.0641985
0.0695075
0.0748067
0.0800954
0.0853728
0.0906381
0.0958906
0.10113
0.106354
0.111564
0.116758
0.121935
0.127095
0.132237
0.137361
0.142465
0.147548
0.152611
0.157652
0.162671
0.167666
0.172638
0.177585
0.182506
0.187402
0.192271
0.197112
0.201925
0.20671
0.211464
0.216189
0.220882
0.225544
0.230173
0.234769
0.239331
0.243859
0.248352
0.252808
0.257229
0.261612
0.265957
0.270263
0.27453
0.278758
0.282945
0.287091
0.291195
0.295256
0.299274
0.303249
0.30718
0.311065
0.314905
0.318698
0.322445
0.326145
0.329796
0.333399
0.336953
0.340458
0.343911
0.347315
0.350666
0.353966
0.357213
0.360408
0.363549
0.366636
0.369668
0.372645
0.375567
0.378433
0.381242
0.383995
0.38669
0.389327
0.391906
0.394426
0.396887
0.399289
0.40163
0.403911
0.406132
0.408291
0.410389
0.412425
0.414399
0.41631
0.418158
0.419943
0.421665
0.423323
0.424917
0.426447
0.427912
0.429312
0.430647
0.431917
0.433121
0.43426
0.435332
0.436339
0.437279
0.438153
0.43896
0.4397
0.440373
0.44098
0.441519
0.441991
0.442396
0.442733
0.443003
0.443206
0.443341
0.443409
0.443409
0.443341
0.443206
0.443003
0.442733
0.442396
0.441991
0.441519
0.44098
0.440373
0.4397
0.43896
0.438153
0.437279
0.436339
0.435332
0.43426
0.433121
0.431917
0.430647
0.429312
0.427912
0.426447
0.424917
0.423323
0.421665
0.419943
0.418158
0.41631
0.414399
0.412425
0.410389
0.408291
0.406132
0.403911
0.40163
0.399289
0.396887
0.394426
0.391906
0.389327
0.38669
0.383995
0.381242
0.378433
0.375567
0.372645
0.369668
0.366636
0.363549
0.360408
0.357213
0.353966
0.350666
0.347315
0.343911
0.340458
0.336953
0.333399
0.329796
0.326145
0.322445
0.318698
0.314905
0.311065
0.30718
0.303249
0.299274
0.295256
0.291195
0.287091
0.282945
0.278758
0.27453
0.270263
0.265957
0.261612
0.257229
0.252808
0.248352
0.243859
0.239331
0.234769
0.230173
0.225544
0.220882
0.216189
0.211464
0.20671
0.201925
0.197112
0.192271
0.187402
0.182506
0.177585
0.172638
0.167666
0.162671
0.157652
0.152611
0.147548
0.142465
0.137361
0.132237
0.127095
0.121935
0.116758
0.111564
0.106354
0.10113
0.0958906
0.0906381
0.0853728
0.0800954
0.0748067
0.0695075
0.0641985
0.0588804
0.0535541
0.0482202
0.0428795
0.0375328
0.0321807
0.0268242
0.0214639
0.0161006
0.010735
0.00536786
