0.00182364
0.00364728
0.0054709
0.0072945
0.00911808
0.0109416
0.0127651
0.0145886
0.016412
0.0182353
0.0200586
0.0218818
0.0237049
0.0255279
0.0273509
0.0291737
0.0309964
0.032819
0.0346415
0.0364639
0.0382861
0.0401082
0.0419301
0.0437519
0.0455735
0.047395
0.0492163
0.0510373
0.0528582
0.0546789
0.0564994
0.0583197
0.0601398
0.0619596
0.0637792
0.0655986
0.0674177
0.0692365
0.0710551
0.0728734
0.0746915
0.0765093
0.0783267
0.0801439
0.0819608
0.0837773
0.0855935
0.0874094
0.089225
0.0910402
0.0928551
0.0946696
0.0964837
0.0982975
0.100111
0.101924
0.103736
0.105549
0.10736
0.109172
0.110983
0.112793
0.114603
0.116413
0.118222
0.12003
0.121838
0.123646
0.125453
0.12726
0.129066
0.130871
0.132677
0.134481
0.136285
0.138088
0.139891
0.141693
0.143495
0.145296
0.147097
0.148897
0.150696
0.152494
0.154292
0.15609
0.157886
0.159682
0.161477
0.163272
0.165066
0.166859
0.168651
0.170443
0.172234
0.174024
0.175814
0.177602
0.17939
0.181177
0.182964
0.184749
0.186534
0.188318
0.190101
0.191883
0.193664
0.195444
0.197224
0.199002
0.20078
0.202557
0.204332
0.206107
0.207881
0.209654
0.211426
0.213197
0.214967
0.216736
0.218504
0.22027
0.222036
0.223801
0.225565
0.227327
0.229089
0.230849
0.232608
0.234366
0.236123
0.237879
0.239633
0.241387
0.243139
0.24489
0.246639
0.248388
0.250135
0.251881
0.253625
0.255369
0.257111
0.258851
0.260591
0.262329
0.264065
0.265801
0.267534
0.269267
0.270998
0.272727
0.274455
0.276182
0.277907
0.279631
0.281353
0.283073
0.284792
0.28651
0.288226
0.28994
0.291653
0.293364
0.295073
0.296781
0.298487
0.300191
0.301894
0.303595
0.305294
0.306992
0.308688
0.310382
0.312074
0.313764
0.315453
0.317139
0.318824
0.320507
0.322188
0.323867
0.325545
0.32722
0.328893
0.330564
0.332234
0.333901
0.335566
0.337229
0.33889
0.34055
0.342206
0.343861
0.345514
0.347164
0.348813
0.350459
0.352103
0.353744
0.355384
0.357021
0.358656
0.360289
0.361919
0.363547
0.365172
0.366795
0.368416
0.370035
0.371651
0.373264
0.374875
0.376483
0.378089
0.379693
0.381294
0.382892
0.384488
0.386081
0.387672
0.389259
0.390845
0.392427
0.394007
0.395584
0.397158
0.39873
0.400299
0.401865
0.403428
0.404988
0.406545
0.4081
0.409652
0.4112
0.412746
0.414289
0.415828
0.417365
0.418899
0.42043
0.421957
0.423482
0.425003
0.426521
0.428036
0.429548
0.431057
0.432563
0.434065
0.435564
0.43706
0.438552
0.440041
0.441527
0.443009
0.444488
0.445964
0.447436
0.448905
0.45037
0.451832
0.45329
0.454744
0.456195
0.457643
0.459087
0.460527
0.461964
0.463397
0.464826
0.466252
0.467673
0.469091
0.470506
0.471916
0.473323
0.474726
0.476125
0.47752
0.478911
0.480298
0.481682
0.483061
0.484436
0.485807
0.487175
0.488538
0.489897
0.491252
0.492603
0.49395
0.495292
0.496631
0.497965
0.499295
0.50062
0.501942
0.503259
0.504571
0.50588
0.507184
0.508484
0.509779
0.51107
0.512356
0.513638
0.514915
0.516188
0.517456
0.51872
0.519979
0.521234
0.522484
0.523729
0.52497
0.526205
0.527437
0.528663
0.529885
0.531102
0.532314
0.533521
0.534723
0.535921
0.537114
0.538302
0.539484
0.540662
0.541835
0.543003
0.544166
0.545324
0.546477
0.547625
0.548767
0.549905
0.551037
0.552164
0.553286
0.554403
0.555515
0.556621
0.557722
0.558818
0.559909
0.560994
0.562074
0.563148
0.564218
0.565281
0.56634
0.567392
0.56844
0.569482
0.570518
0.571549
0.572574
0.573594
0.574608
0.575617
0.57662
0.577617
0.578609
0.579594
0.580575
0.581549
0.582518
0.583481
0.584438
0.58539
0.586336
0.587275
0.588209
0.589137
0.59006
0.590976
0.591886
0.592791
0.593689
0.594582
0.595468
0.596349
0.597223
0.598092
0.598954
0.599811
0.600661
0.601505
0.602343
0.603175
0.604
0.60482
0.605633
0.60644
0.607241
0.608035
0.608824
0.609606
0.610381
0.611151
0.611914
0.612671
0.613421
0.614165
0.614903
0.615634
0.616358
0.617077
0.617789
0.618494
0.619193
0.619886
0.620571
0.621251
0.621924
0.62259
0.62325
0.623903
0.62455
0.62519
0.625823
0.62645
0.62707
0.627683
0.62829
0.62889
0.629483
0.63007
0.63065
0.631223
0.63179
0.632349
0.632902
0.633448
0.633988
0.63452
0.635046
0.635565
0.636077
0.636582
0.637081
0.637572
0.638057
0.638534
0.639005
0.639469
0.639926
0.640376
0.640819
0.641255
0.641684
0.642107
0.642522
0.64293
0.643331
0.643726
0.644113
0.644493
0.644866
0.645232
0.645591
0.645943
0.646288
0.646626
0.646957
0.647281
0.647597
0.647907
0.648209
0.648505
0.648793
0.649074
0.649348
0.649615
0.649875
0.650127
0.650372
0.650611
0.650842
0.651066
0.651282
0.651492
0.651694
0.651889
0.652077
0.652258
0.652432
0.652598
0.652757
0.652909
0.653054
0.653191
0.653322
0.653445
0.653561
0.653669
0.653771
0.653865
0.653952
0.654031
0.654104
0.654169
0.654227
0.654278
0.654321
0.654357
0.654386
0.654408
0.654423
0.65443
0.65443
0.654423
0.654408
0.654386
0.654357
0.654321
0.654278
0.654227
0.654169
0.654104
0.654031
0.653952
0.653865
0.653771
0.653669
0.653561
0.653445
0.653322
0.653191
0.653054
0.652909
0.652757
0.652598
0.652432
0.652258
0.652077
0.651889
0.651694
0.651492
0.651282
0.651066
0.650842
0.650611
0.650372
0.650127
0.649875
0.649615
0.649348
0.649074
0.648793
0.648505
0.648209
0.647907
0.647597
0.647281
0.646957
0.646626
0.646288
0.645943
0.645591
0.645232
0.644866
0.644493
0.644113
0.643726
0.643331
0.64293
0.642522
0.642107
0.641684
0.641255
0.640819
0.640376
0.639926
0.639469
0.639005
0.638534
0.638057
0.637572
0.637081
0.636582
0.636077
0.635565
0.635046
0.63452
0.633988
0.633448
0.632902
0.632349
0.63179
0.631223
0.63065
0.63007
0.629483
0.62889
0.62829
0.627683
0.62707
0.62645
0.625823
0.62519
0.62455
0.623903
0.62325
0.62259
0.621924
0.621251
0.620571
0.619886
0.619193
0.618494
0.617789
0.617077
0.616358
0.615634
0.614903
0.614165
0.613421
0.612671
0.611914
0.611151
0.610381
0.609606
0.608824
0.608035
0.607241
0.60644
0.605633
0.60482
0.604
0.603175
0.602343
0.601505
0.600661
0.599811
0.598954
0.598092
0.597223
0.596349
0.595468
0.594582
0.593689
0.592791
0.591886
0.590976
0.59006
0.589137
0.588209
0.587275
0.586336
0.58539
0.584438
0.583481
0.582518
0.581549
0.580575
0.579594
0.578609
0.577617
0.57662
0.575617
0.574608
0.573594
0.572574
0.571549
0.570518
0.569482
0.56844
0.567392
0.56634
0.565281
0.564218
0.563148
0.562074
0.560994
0.559909
0.558818
0.557722
0.556621
0.555515
0.554403
0.553286
0.552164
0.551037
0.549905
0.548767
0.547625
0.546477
0.545324
0.544166
0.543003
0.541835
0.540662
0.539484
0.538302
0.537114
0.535921
0.534723
0.533521
0.532314
0.531102
0.529885
0.528663
0.527437
0.526205
0.52497
0.523729
0.522484
0.521234
0.519979
0.51872
0.517456
0.516188
0.514915
0.513638
0.512356
0.51107
0.509779
0.508484
0.507184
0.50588
0.504571
0.503259
0.501942
0.50062
0.499295
0.497965
0.496631
0.495292
0.49395
0.492603
0.491252
0.489897
0.488538
0.487175
0.485807
0.484436
0.483061
0.481682
0.480298
0.478911
0.47752
0.476125
0.474726
0.473323
0.471916
0.470506
0.469091
0.467673
0.466252
0.464826
0.463397
0.461964
0.460527
0.459087
0.457643
0.456195
0.454744
0.45329
0.451832
0.45037
0.448905
0.447436
0.445964
0.444488
0.443009
0.441527
0.440041
0.438552
0.43706
0.435564
0.434065
0.432563
0.431057
0.429548
0.428036
0.426521
0.425003
0.423482
0.421957
0.42043
0.418899
0.417365
0.415828
0.414289
0.412746
0.4112
0.409652
0.4081
0.406545
0.404988
0.403428
0.401865
0.400299
0.39873
0.397158
0.395584
0.394007
0.392427
0.390845
0.389259
0.387672
0.386081
0.384488
0.382892
0.381294
0.379693
0.378089
0.376483
0.374875
0.373264
0.371651
0.370035
0.368416
0.366795
0.365172
0.363547
0.361919
0.360289
0.358656
0.357021
0.355384
0.353744
0.352103
0.350459
0.348813
0.347164
0.345514
0.343861
0.342206
0.34055
0.33889
0.337229
0.335566
0.333901
0.332234
0.330564
0.328893
0.32722
0.325545
0.323867
0.322188
0.320507
0.318824
0.317139
0.315453
0.313764
0.312074
0.310382
0.308688
0.306992
0.305294
0.303595
0.301894
0.300191
0.298487
0.296781
0.295073
0.293364
0.291653
0.28994
0.288226
0.28651
0.284792
0.283073
0.281353
0.279631
0.277907
0.276182
0.274455
0.272727
0.270998
0.269267
0.267534
0.265801
0.264065
0.262329
0.260591
0.258851
0.257111
0.255369
0.253625
0.251881
0.250135
0.248388
0.246639
0.24489
0.243139
0.241387
0.239633
0.237879
0.236123
0.234366
0.232608
0.230849
0.229089
0.227327
0.225565
0.223801
0.222036
0.22027
0.218504
0.216736
0.214967
0.213197
0.211426
0.209654
0.207881
0.206107
0.204332
0.202557
0.20078
0.199002
0.197224
0.195444
0.193664
0.191883
0.190101
0.188318
0.186534
0.184749
0.182964
0.181177
0.17939
0.177602
0.175814
0.174024
0.172234
0.170443
0.168651
0.166859
0.165066
0.163272
0.161477
0.159682
0.157886
0.15609
0.154292
0.152494
0.150696
0.148897
0.147097
0.145296
0.143495
0.141693
0.139891
0.138088
0.136285
0.134481
0.132677
0.130871
0.129066
0.12726
0.125453
0.123646
0.121838
0.12003
0.118222
0.116413
0.114603
0.112793
0.110983
0.109172
0.10736
0.105549
0.103736
0.101924
0.100111
0.0982975
0.0964837
0.0946696
0.0928551
0.0910402
0.089225
0.0874094
0.0855935
0.0837773
0.0819608
0.0801439
0.0783267
0.0765093
0.0746915
0.0728734
0.0710551
0.0692365
0.0674177
0.0655986
0.0637792
0.0619596
0.0601398
0.0583197
0.0564994
0.0546789
0.0528582
0.0510373
0.0492163
0.047395
0.0455735
0.0437519
0.0419301
0.0401082
0.0382861
0.0364639
0.0346415
0.032819
0.0309964
0.0291737
0.0273509
0.0255279
0.0237049
0.0218818
0.0200586
0.0182353
0.016412
0.0145886
0.0127651
0.0109416
0.00911808
0.0072945
0.0054709
0.00364728
0.00182364
