1.09663e-05
2.19477e-05
3.29591e-05
4.40156e-05
5.51324e-05
6.63246e-05
7.76076e-05
8.89967e-05
0.000100508
0.000112156
0.000123957
0.000135928
0.000148085
0.000160443
0.000173021
0.000185834
0.000198901
0.000212238
0.000225865
0.000239798
0.000254058
0.000268662
0.000283631
0.000298985
0.000314744
0.000330929
0.000347561
0.000364663
0.000382258
0.000400368
0.000419017
0.00043823
0.000458033
0.00047845
0.00049951
0.000521238
0.000543664
0.000566817
0.000590727
0.000615424
0.000640941
0.00066731
0.000694565
0.000722742
0.000751875
0.000782004
0.000813164
0.000845398
0.000878744
0.000913246
0.000948947
0.000985891
0.00102413
0.0010637
0.00110466
0.00114706
0.00119095
0.00123639
0.00128342
0.00133212
0.00138254
0.00143474
0.00148879
0.00154475
0.00160269
0.00166268
0.00172479
0.0017891
0.00185569
0.00192464
0.00199602
0.00206993
0.00214645
0.00222568
0.0023077
0.00239262
0.00248053
0.00257154
0.00266576
0.00276329
0.00286425
0.00296876
0.00307694
0.00318891
0.0033048
0.00342474
0.00354888
0.00367735
0.0038103
0.00394788
0.00409025
0.00423756
0.00438999
0.0045477
0.00471086
0.00487966
0.00505429
0.00523494
0.00542181
0.00561509
0.00581501
0.00602177
0.00623561
0.00645675
0.00668544
0.0069219
0.0071664
0.0074192
0.00768056
0.00795076
0.00823008
0.00851881
0.00881724
0.0091257
0.00944449
0.00977395
0.0101144
0.0104662
0.0108297
0.0112052
0.0115932
0.011994
0.0124081
0.0128357
0.0132774
0.0137336
0.0142047
0.0146912
0.0151935
0.0157121
0.0162475
0.0168002
0.0173707
0.0179596
0.0185674
0.0191946
0.0198419
0.0205097
0.0211988
0.0219097
0.0226431
0.0233995
0.0241797
0.0249844
0.0258142
0.0266698
0.027552
0.0284615
0.029399
0.0303654
0.0313615
0.0323879
0.0334457
0.0345355
0.0356584
0.0368151
0.0380065
0.0392337
0.0404974
0.0417987
0.0431385
0.0445178
0.0459377
0.0473991
0.0489031
0.0504508
0.0520431
0.0536814
0.0553665
0.0570997
0.0588821
0.0607149
0.0625992
0.0645363
0.0665273
0.0685735
0.0706761
0.0728364
0.0750556
0.077335
0.0796759
0.0820795
0.0845473
0.0870805
0.0896804
0.0923484
0.0950857
0.0978938
0.100774
0.103728
0.106756
0.10986
0.113042
0.116303
0.119643
0.123065
0.12657
0.130159
0.133833
0.137593
0.141441
0.145378
0.149405
0.153524
0.157734
0.162038
0.166437
0.170931
0.175521
0.180208
0.184994
0.189878
0.194862
0.199947
0.205132
0.210418
0.215806
0.221296
0.226888
0.232583
0.23838
0.24428
0.250281
0.256385
0.26259
0.268896
0.275302
0.281808
0.288412
0.295114
0.301912
0.308804
0.31579
0.322867
0.330033
0.337287
0.344626
0.352047
0.359549
0.367128
0.374781
0.382504
0.390296
0.398151
0.406067
0.414039
0.422063
0.430134
0.438249
0.446403
0.45459
0.462807
0.471047
0.479306
0.487578
0.495858
0.504142
0.512422
0.520694
0.528953
0.537193
0.54541
0.553597
0.561751
0.569866
0.577937
0.585961
0.593933
0.601849
0.609704
0.617495
0.625219
0.632872
0.640451
0.647953
0.655374
0.662713
0.669967
0.677133
0.68421
0.691196
0.698088
0.704886
0.711588
0.718192
0.724698
0.731104
0.73741
0.743615
0.749719
0.75572
0.76162
0.767417
0.773112
0.778704
0.784194
0.789582
0.794868
0.800053
0.805137
0.810121
0.815006
0.819792
0.824479
0.829069
0.833563
0.837962
0.842266
0.846476
0.850595
0.854622
0.858559
0.862407
0.866167
0.869841
0.87343
0.876934
0.880357
0.883697
0.886958
0.89014
0.893244
0.896272
0.899226
0.902106
0.904914
0.907651
0.910319
0.912919
0.915452
0.91792
0.920324
0.922665
0.924944
0.927163
0.929324
0.931426
0.933472
0.935463
0.9374
0.939285
0.941118
0.9429
0.944633
0.946318
0.947956
0.949549
0.951096
0.9526
0.954062
0.955482
0.956861
0.958201
0.959502
0.960766
0.961993
0.963184
0.964341
0.965464
0.966554
0.967611
0.968638
0.969634
0.9706
0.971538
0.972447
0.973329
0.974185
0.975015
0.975819
0.976599
0.977356
0.978089
0.9788
0.979489
0.980157
0.980804
0.981431
0.982039
0.982628
0.983198
0.983751
0.984286
0.984805
0.985307
0.985793
0.986264
0.98672
0.987162
0.987589
0.988003
0.988404
0.988792
0.989167
0.989531
0.989882
0.990223
0.990552
0.990871
0.991179
0.991477
0.991766
0.992045
0.992315
0.992576
0.992829
0.993073
0.993309
0.993538
0.993759
0.993973
0.994179
0.994379
0.994572
0.994758
0.994939
0.995113
0.995282
0.995444
0.995602
0.995754
0.995901
0.996043
0.99618
0.996313
0.996441
0.996565
0.996684
0.9968
0.996911
0.997019
0.997123
0.997223
0.99732
0.997414
0.997504
0.997592
0.997676
0.997757
0.997836
0.997912
0.997985
0.998055
0.998123
0.998189
0.998253
0.998314
0.998373
0.99843
0.998485
0.998538
0.998589
0.998638
0.998686
0.998732
0.998776
0.998818
0.998859
0.998899
0.998937
0.998974
0.999009
0.999043
0.999076
0.999108
0.999138
0.999167
0.999195
0.999222
0.999248
0.999273
0.999297
0.99932
0.999343
0.999364
0.999384
0.999404
0.999423
0.999441
0.999458
0.999475
0.99949
0.999505
0.99952
0.999534
0.999547
0.999559
0.999571
0.999583
0.999593
0.999603
0.999613
0.999622
0.999631
0.999639
0.999646
0.999653
0.99966
0.999666
0.999672
0.999677
0.999681
0.999686
0.99969
0.999693
0.999696
0.999698
0.9997
0.999702
0.999703
0.999704
0.999705
0.999705
0.999704
0.999703
0.999702
0.9997
0.999698
0.999696
0.999693
0.99969
0.999686
0.999681
0.999677
0.999672
0.999666
0.99966
0.999653
0.999646
0.999639
0.999631
0.999622
0.999613
0.999603
0.999593
0.999583
0.999571
0.999559
0.999547
0.999534
0.99952
0.999505
0.99949
0.999475
0.999458
0.999441
0.999423
0.999404
0.999384
0.999364
0.999343
0.99932
0.999297
0.999273
0.999248
0.999222
0.999195
0.999167
0.999138
0.999108
0.999076
0.999043
0.999009
0.998974
0.998937
0.998899
0.998859
0.998818
0.998776
0.998732
0.998686
0.998638
0.998589
0.998538
0.998485
0.99843
0.998373
0.998314
0.998253
0.998189
0.998123
0.998055
0.997985
0.997912
0.997836
0.997757
0.997676
0.997592
0.997504
0.997414
0.99732
0.997223
0.997123
0.997019
0.996911
0.9968
0.996684
0.996565
0.996441
0.996313
0.99618
0.996043
0.995901
0.995754
0.995602
0.995444
0.995282
0.995113
0.994939
0.994758
0.994572
0.994379
0.994179
0.993973
0.993759
0.993538
0.993309
0.993073
0.992829
0.992576
0.992315
0.992045
0.991766
0.991477
0.991179
0.990871
0.990552
0.990223
0.989882
0.989531
0.989167
0.988792
0.988404
0.988003
0.987589
0.987162
0.98672
0.986264
0.985793
0.985307
0.984805
0.984286
0.983751
0.983198
0.982628
0.982039
0.981431
0.980804
0.980157
0.979489
0.9788
0.978089
0.977356
0.976599
0.975819
0.975015
0.974185
0.973329
0.972447
0.971538
0.9706
0.969634
0.968638
0.967611
0.966554
0.965464
0.964341
0.963184
0.961993
0.960766
0.959502
0.958201
0.956861
0.955482
0.954062
0.9526
0.951096
0.949549
0.947956
0.946318
0.944633
0.9429
0.941118
0.939285
0.9374
0.935463
0.933472
0.931426
0.929324
0.927163
0.924944
0.922665
0.920324
0.91792
0.915452
0.912919
0.910319
0.907651
0.904914
0.902106
0.899226
0.896272
0.893244
0.89014
0.886958
0.883697
0.880357
0.876934
0.87343
0.869841
0.866167
0.862407
0.858559
0.854622
0.850595
0.846476
0.842266
0.837962
0.833563
0.829069
0.824479
0.819792
0.815006
0.810121
0.805137
0.800053
0.794868
0.789582
0.784194
0.778704
0.773112
0.767417
0.76162
0.75572
0.749719
0.743615
0.73741
0.731104
0.724698
0.718192
0.711588
0.704886
0.698088
0.691196
0.68421
0.677133
0.669967
0.662713
0.655374
0.647953
0.640451
0.632872
0.625219
0.617495
0.609704
0.601849
0.593933
0.585961
0.577937
0.569866
0.561751
0.553597
0.54541
0.537193
0.528953
0.520694
0.512422
0.504142
0.495858
0.487578
0.479306
0.471047
0.462807
0.45459
0.446403
0.438249
0.430134
0.422063
0.414039
0.406067
0.398151
0.390296
0.382504
0.374781
0.367128
0.359549
0.352047
0.344626
0.337287
0.330033
0.322867
0.31579
0.308804
0.301912
0.295114
0.288412
0.281808
0.275302
0.268896
0.26259
0.256385
0.250281
0.24428
0.23838
0.232583
0.226888
0.221296
0.215806
0.210418
0.205132
0.199947
0.194862
0.189878
0.184994
0.180208
0.175521
0.170931
0.166437
0.162038
0.157734
0.153524
0.149405
0.145378
0.141441
0.137593
0.133833
0.130159
0.12657
0.123065
0.119643
0.116303
0.113042
0.10986
0.106756
0.103728
0.100774
0.0978938
0.0950857
0.0923484
0.0896804
0.0870805
0.0845473
0.0820795
0.0796759
0.077335
0.0750556
0.0728364
0.0706761
0.0685735
0.0665273
0.0645363
0.0625992
0.0607149
0.0588821
0.0570997
0.0553665
0.0536814
0.0520431
0.0504508
0.0489031
0.0473991
0.0459377
0.0445178
0.0431385
0.0417987
0.0404974
0.0392337
0.0380065
0.0368151
0.0356584
0.0345355
0.0334457
0.0323879
0.0313615
0.0303654
0.029399
0.0284615
0.027552
0.0266698
0.0258142
0.0249844
0.0241797
0.0233995
0.0226431
0.0219097
0.0211988
0.0205097
0.0198419
0.0191946
0.0185674
0.0179596
0.0173707
0.0168002
0.0162475
0.0157121
0.0151935
0.0146912
0.0142047
0.0137336
0.0132774
0.0128357
0.0124081
0.011994
0.0115932
0.0112052
0.0108297
0.0104662
0.0101144
0.00977395
0.00944449
0.0091257
0.00881724
0.00851881
0.00823008
0.00795076
0.00768056
0.0074192
0.0071664
0.0069219
0.00668544
0.00645675
0.00623561
0.00602177
0.00581501
0.00561509
0.00542181
0.00523494
0.00505429
0.00487966
0.00471086
0.0045477
0.00438999
0.00423756
0.00409025
0.00394788
0.0038103
0.00367735
0.00354888
0.00342474
0.0033048
0.00318891
0.00307694
0.00296876
0.00286425
0.00276329
0.00266576
0.00257154
0.00248053
0.00239262
0.0023077
0.00222568
0.00214645
0.00206993
0.00199602
0.00192464
0.00185569
0.0017891
0.00172479
0.00166268
0.00160269
0.00154475
0.00148879
0.00143474
0.00138254
0.00133212
0.00128342
0.00123639
0.00119095
0.00114706
0.00110466
0.0010637
0.00102413
0.000985891
0.000948947
0.000913246
0.000878744
0.000845398
0.000813164
0.000782004
0.000751875
0.000722742
0.000694565
0.00066731
0.000640941
0.000615424
0.000590727
0.000566817
0.000543664
0.000521238
0.00049951
0.00047845
0.000458033
0.00043823
0.000419017
0.000400368
0.000382258
0.000364663
0.000347561
0.000330929
0.000314744
0.000298985
0.000283631
0.000268662
0.000254058
0.000239798
0.000225865
0.000212238
0.000198901
0.000185834
0.000173021
0.000160443
0.000148085
0.000135928
0.000123957
0.000112156
0.000100508
8.89967e-05
7.76076e-05
6.63246e-05
5.51324e-05
4.40156e-05
3.29591e-05
2.19477e-05
1.09663e-05
