0.00179501
0.00359003
0.0053851
0.00718021
0.00897539
0.0107707
0.012566
0.0143615
0.0161572
0.017953
0.019749
0.0215451
0.0233415
0.0251381
0.026935
0.0287321
0.0305295
0.0323271
0.0341251
0.0359235
0.0377221
0.0395212
0.0413206
0.0431204
0.0449206
0.0467213
0.0485224
0.050324
0.052126
0.0539286
0.0557316
0.0575352
0.0593394
0.061144
0.0629493
0.0647552
0.0665616
0.0683687
0.0701764
0.0719848
0.0737938
0.0756035
0.0774139
0.079225
0.0810369
0.0828494
0.0846628
0.0864769
0.0882917
0.0901074
0.0919239
0.0937411
0.0955593
0.0973782
0.099198
0.101019
0.10284
0.104663
0.106486
0.10831
0.110136
0.111962
0.113789
0.115617
0.117446
0.119276
0.121107
0.122939
0.124772
0.126606
0.128441
0.130277
0.132114
0.133953
0.135792
0.137632
0.139474
0.141316
0.14316
0.145005
0.146851
0.148698
0.150546
0.152395
0.154245
0.156097
0.157949
0.159803
0.161658
0.163514
0.165372
0.16723
0.16909
0.17095
0.172812
0.174676
0.17654
0.178406
0.180272
0.18214
0.184009
0.18588
0.187751
0.189624
0.191498
0.193373
0.195249
0.197127
0.199005
0.200885
0.202766
0.204649
0.206532
0.208417
0.210303
0.21219
0.214078
0.215967
0.217858
0.219749
0.221642
0.223536
0.225431
0.227328
0.229225
0.231124
0.233023
0.234924
0.236826
0.238729
0.240633
0.242538
0.244445
0.246352
0.248261
0.25017
0.25208
0.253992
0.255905
0.257818
0.259733
0.261648
0.263565
0.265482
0.267401
0.26932
0.271241
0.273162
0.275084
0.277007
0.278931
0.280856
0.282781
0.284708
0.286635
0.288563
0.290492
0.292421
0.294351
0.296282
0.298214
0.300146
0.30208
0.304013
0.305948
0.307883
0.309818
0.311754
0.313691
0.315628
0.317566
0.319504
0.321443
0.323382
0.325322
0.327262
0.329202
0.331143
0.333084
0.335025
0.336967
0.338909
0.340851
0.342793
0.344736
0.346679
0.348621
0.350564
0.352507
0.35445
0.356394
0.358337
0.36028
0.362223
0.364166
0.366109
0.368051
0.369994
0.371936
0.373878
0.37582
0.377762
0.379703
0.381644
0.383584
0.385525
0.387464
0.389403
0.391342
0.39328
0.395218
0.397155
0.399091
0.401027
0.402962
0.404896
0.406829
0.408762
0.410694
0.412625
0.414555
0.416484
0.418412
0.420339
0.422265
0.42419
0.426113
0.428036
0.429957
0.431878
0.433796
0.435714
0.43763
0.439545
0.441458
0.44337
0.445281
0.44719
0.449097
0.451003
0.452907
0.454809
0.45671
0.458608
0.460505
0.462401
0.464294
0.466185
0.468074
0.469962
0.471847
0.47373
0.475611
0.47749
0.479366
0.481241
0.483112
0.484982
0.486849
0.488714
0.490576
0.492436
0.494293
0.496148
0.498
0.499849
0.501695
0.503539
0.50538
0.507218
0.509053
0.510885
0.512714
0.51454
0.516363
0.518183
0.52
0.521813
0.523624
0.52543
0.527234
0.529034
0.530831
0.532624
0.534414
0.5362
0.537982
0.539761
0.541536
0.543307
0.545075
0.546838
0.548598
0.550354
0.552106
0.553853
0.555597
0.557337
0.559072
0.560803
0.56253
0.564253
0.565971
0.567685
0.569395
0.5711
0.5728
0.574496
0.576187
0.577874
0.579556
0.581233
0.582905
0.584573
0.586235
0.587893
0.589546
0.591193
0.592836
0.594473
0.596106
0.597733
0.599354
0.600971
0.602582
0.604188
0.605788
0.607383
0.608973
0.610556
0.612135
0.613707
0.615274
0.616835
0.61839
0.61994
0.621484
0.623021
0.624553
0.626079
0.627599
0.629112
0.63062
0.632121
0.633616
0.635105
0.636587
0.638063
0.639533
0.640997
0.642453
0.643904
0.645348
0.646785
0.648215
0.649639
0.651056
0.652467
0.65387
0.655267
0.656657
0.65804
0.659416
0.660784
0.662146
0.663501
0.664849
0.666189
0.667522
0.668848
0.670167
0.671478
0.672782
0.674079
0.675368
0.67665
0.677924
0.679191
0.68045
0.681701
0.682945
0.68418
0.685409
0.686629
0.687842
0.689047
0.690243
0.691432
0.692613
0.693786
0.694951
0.696108
0.697257
0.698397
0.69953
0.700654
0.70177
0.702878
0.703977
0.705068
0.706151
0.707225
0.708291
0.709348
0.710397
0.711438
0.712469
0.713492
0.714507
0.715513
0.71651
0.717498
0.718478
0.719449
0.720411
0.721364
0.722309
0.723244
0.724171
0.725088
0.725997
0.726896
0.727787
0.728668
0.729541
0.730404
0.731258
0.732103
0.732939
0.733765
0.734582
0.73539
0.736189
0.736978
0.737758
0.738529
0.73929
0.740042
0.740784
0.741517
0.74224
0.742954
0.743659
0.744353
0.745038
0.745714
0.74638
0.747036
0.747683
0.74832
0.748947
0.749565
0.750173
0.750771
0.751359
0.751937
0.752506
0.753065
0.753614
0.754153
0.754682
0.755201
0.755711
0.75621
0.7567
0.757179
0.757649
0.758109
0.758558
0.758998
0.759427
0.759847
0.760256
0.760656
0.761045
0.761424
0.761793
0.762152
0.762501
0.76284
0.763168
0.763487
0.763795
0.764093
0.764381
0.764658
0.764926
0.765183
0.76543
0.765667
0.765893
0.766109
0.766315
0.766511
0.766697
0.766872
0.767037
0.767191
0.767336
0.76747
0.767594
0.767707
0.76781
0.767903
0.767986
0.768058
0.76812
0.768171
0.768213
0.768244
0.768264
0.768275
0.768275
0.768264
0.768244
0.768213
0.768171
0.76812
0.768058
0.767986
0.767903
0.76781
0.767707
0.767594
0.76747
0.767336
0.767191
0.767037
0.766872
0.766697
0.766511
0.766315
0.766109
0.765893
0.765667
0.76543
0.765183
0.764926
0.764658
0.764381
0.764093
0.763795
0.763487
0.763168
0.76284
0.762501
0.762152
0.761793
0.761424
0.761045
0.760656
0.760256
0.759847
0.759427
0.758998
0.758558
0.758109
0.757649
0.757179
0.7567
0.75621
0.755711
0.755201
0.754682
0.754153
0.753614
0.753065
0.752506
0.751937
0.751359
0.750771
0.750173
0.749565
0.748947
0.74832
0.747683
0.747036
0.74638
0.745714
0.745038
0.744353
0.743659
0.742954
0.74224
0.741517
0.740784
0.740042
0.73929
0.738529
0.737758
0.736978
0.736189
0.73539
0.734582
0.733765
0.732939
0.732103
0.731258
0.730404
0.729541
0.728668
0.727787
0.726896
0.725997
0.725088
0.724171
0.723244
0.722309
0.721364
0.720411
0.719449
0.718478
0.717498
0.71651
0.715513
0.714507
0.713492
0.712469
0.711438
0.710397
0.709348
0.708291
0.707225
0.706151
0.705068
0.703977
0.702878
0.70177
0.700654
0.69953
0.698397
0.697257
0.696108
0.694951
0.693786
0.692613
0.691432
0.690243
0.689047
0.687842
0.686629
0.685409
0.68418
0.682945
0.681701
0.68045
0.679191
0.677924
0.67665
0.675368
0.674079
0.672782
0.671478
0.670167
0.668848
0.667522
0.666189
0.664849
0.663501
0.662146
0.660784
0.659416
0.65804
0.656657
0.655267
0.65387
0.652467
0.651056
0.649639
0.648215
0.646785
0.645348
0.643904
0.642453
0.640997
0.639533
0.638063
0.636587
0.635105
0.633616
0.632121
0.63062
0.629112
0.627599
0.626079
0.624553
0.623021
0.621484
0.61994
0.61839
0.616835
0.615274
0.613707
0.612135
0.610556
0.608973
0.607383
0.605788
0.604188
0.602582
0.600971
0.599354
0.597733
0.596106
0.594473
0.592836
0.591193
0.589546
0.587893
0.586235
0.584573
0.582905
0.581233
0.579556
0.577874
0.576187
0.574496
0.5728
0.5711
0.569395
0.567685
0.565971
0.564253
0.56253
0.560803
0.559072
0.557337
0.555597
0.553853
0.552106
0.550354
0.548598
0.546838
0.545075
0.543307
0.541536
0.539761
0.537982
0.5362
0.534414
0.532624
0.530831
0.529034
0.527234
0.52543
0.523624
0.521813
0.52
0.518183
0.516363
0.51454
0.512714
0.510885
0.509053
0.507218
0.50538
0.503539
0.501695
0.499849
0.498
0.496148
0.494293
0.492436
0.490576
0.488714
0.486849
0.484982
0.483112
0.481241
0.479366
0.47749
0.475611
0.47373
0.471847
0.469962
0.468074
0.466185
0.464294
0.462401
0.460505
0.458608
0.45671
0.454809
0.452907
0.451003
0.449097
0.44719
0.445281
0.44337
0.441458
0.439545
0.43763
0.435714
0.433796
0.431878
0.429957
0.428036
0.426113
0.42419
0.422265
0.420339
0.418412
0.416484
0.414555
0.412625
0.410694
0.408762
0.406829
0.404896
0.402962
0.401027
0.399091
0.397155
0.395218
0.39328
0.391342
0.389403
0.387464
0.385525
0.383584
0.381644
0.379703
0.377762
0.37582
0.373878
0.371936
0.369994
0.368051
0.366109
0.364166
0.362223
0.36028
0.358337
0.356394
0.35445
0.352507
0.350564
0.348621
0.346679
0.344736
0.342793
0.340851
0.338909
0.336967
0.335025
0.333084
0.331143
0.329202
0.327262
0.325322
0.323382
0.321443
0.319504
0.317566
0.315628
0.313691
0.311754
0.309818
0.307883
0.305948
0.304013
0.30208
0.300146
0.298214
0.296282
0.294351
0.292421
0.290492
0.288563
0.286635
0.284708
0.282781
0.280856
0.278931
0.277007
0.275084
0.273162
0.271241
0.26932
0.267401
0.265482
0.263565
0.261648
0.259733
0.257818
0.255905
0.253992
0.25208
0.25017
0.248261
0.246352
0.244445
0.242538
0.240633
0.238729
0.236826
0.234924
0.233023
0.231124
0.229225
0.227328
0.225431
0.223536
0.221642
0.219749
0.217858
0.215967
0.214078
0.21219
0.210303
0.208417
0.206532
0.204649
0.202766
0.200885
0.199005
0.197127
0.195249
0.193373
0.191498
0.189624
0.187751
0.18588
0.184009
0.18214
0.180272
0.178406
0.17654
0.174676
0.172812
0.17095
0.16909
0.16723
0.165372
0.163514
0.161658
0.159803
0.157949
0.156097
0.154245
0.152395
0.150546
0.148698
0.146851
0.145005
0.14316
0.141316
0.139474
0.137632
0.135792
0.133953
0.132114
0.130277
0.128441
0.126606
0.124772
0.122939
0.121107
0.119276
0.117446
0.115617
0.113789
0.111962
0.110136
0.10831
0.106486
0.104663
0.10284
0.101019
0.099198
0.0973782
0.0955593
0.0937411
0.0919239
0.0901074
0.0882917
0.0864769
0.0846628
0.0828494
0.0810369
0.079225
0.0774139
0.0756035
0.0737938
0.0719848
0.0701764
0.0683687
0.0665616
0.0647552
0.0629493
0.061144
0.0593394
0.0575352
0.0557316
0.0539286
0.052126
0.050324
0.0485224
0.0467213
0.0449206
0.0431204
0.0413206
0.0395212
0.0377221
0.0359235
0.0341251
0.0323271
0.0305295
0.0287321
0.026935
0.0251381
0.0233415
0.0215451
0.019749
0.017953
0.0161572
0.0143615
0.012566
0.0107707
0.00897539
0.00718021
0.0053851
0.00359003
0.00179501
