0.00105963
0.00211926
0.00317886
0.00423843
0.00529797
0.00635745
0.00741688
0.00847623
0.00953551
0.0105947
0.0116538
0.0127128
0.0137716
0.0148304
0.0158889
0.0169474
0.0180057
0.0190638
0.0201217
0.0211795
0.022237
0.0232944
0.0243515
0.0254084
0.0264651
0.0275215
0.0285776
0.0296335
0.0306891
0.0317445
0.0327995
0.0338542
0.0349086
0.0359627
0.0370164
0.0380698
0.0391229
0.0401756
0.0412279
0.0422798
0.0433313
0.0443824
0.0454331
0.0464834
0.0475332
0.0485826
0.0496315
0.05068
0.051728
0.0527755
0.0538226
0.0548691
0.0559151
0.0569606
0.0580055
0.0590499
0.0600938
0.0611371
0.0621798
0.0632219
0.0642635
0.0653044
0.0663448
0.0673845
0.0684236
0.069462
0.0704998
0.0715369
0.0725734
0.0736092
0.0746443
0.0756787
0.0767124
0.0777454
0.0787776
0.0798091
0.0808399
0.0818699
0.0828992
0.0839276
0.0849553
0.0859822
0.0870083
0.0880336
0.089058
0.0900816
0.0911044
0.0921263
0.0931474
0.0941675
0.0951868
0.0962053
0.0972228
0.0982394
0.0992551
0.10027
0.101284
0.102296
0.103308
0.104319
0.105329
0.106338
0.107346
0.108353
0.109359
0.110364
0.111368
0.112371
0.113373
0.114374
0.115373
0.116372
0.117369
0.118366
0.119361
0.120355
0.121348
0.12234
0.123331
0.124321
0.125309
0.126297
0.127283
0.128268
0.129251
0.130234
0.131215
0.132195
0.133174
0.134152
0.135128
0.136103
0.137077
0.138049
0.139021
0.13999
0.140959
0.141926
0.142892
0.143857
0.14482
0.145782
0.146743
0.147702
0.14866
0.149616
0.150571
0.151525
0.152477
0.153428
0.154377
0.155325
0.156271
0.157216
0.15816
0.159102
0.160042
0.160981
0.161919
0.162855
0.163789
0.164722
0.165653
0.166583
0.167511
0.168438
0.169363
0.170287
0.171209
0.172129
0.173048
0.173965
0.17488
0.175794
0.176706
0.177617
0.178526
0.179433
0.180338
0.181242
0.182144
0.183045
0.183944
0.184841
0.185736
0.186629
0.187521
0.188411
0.189299
0.190186
0.191071
0.191953
0.192835
0.193714
0.194591
0.195467
0.196341
0.197213
0.198083
0.198951
0.199818
0.200682
0.201545
0.202406
0.203265
0.204122
0.204977
0.20583
0.206681
0.20753
0.208378
0.209223
0.210066
0.210908
0.211747
0.212585
0.21342
0.214254
0.215085
0.215915
0.216742
0.217568
0.218391
0.219212
0.220032
0.220849
0.221664
0.222477
0.223288
0.224097
0.224904
0.225708
0.226511
0.227311
0.22811
0.228906
0.2297
0.230492
0.231281
0.232069
0.232854
0.233637
0.234418
0.235197
0.235974
0.236748
0.23752
0.23829
0.239058
0.239823
0.240586
0.241347
0.242106
0.242862
0.243617
0.244368
0.245118
0.245865
0.24661
0.247353
0.248093
0.248831
0.249567
0.2503
0.251031
0.25176
0.252486
0.25321
0.253931
0.25465
0.255367
0.256081
0.256793
0.257503
0.25821
0.258915
0.259617
0.260317
0.261014
0.261709
0.262401
0.263091
0.263779
0.264464
0.265146
0.265827
0.266504
0.267179
0.267852
0.268522
0.269189
0.269854
0.270517
0.271177
0.271834
0.272489
0.273141
0.273791
0.274438
0.275083
0.275725
0.276364
0.277001
0.277635
0.278267
0.278896
0.279522
0.280146
0.280767
0.281386
0.282002
0.282615
0.283225
0.283833
0.284438
0.285041
0.285641
0.286238
0.286833
0.287424
0.288013
0.2886
0.289184
0.289765
0.290343
0.290918
0.291491
0.292061
0.292629
0.293193
0.293755
0.294314
0.29487
0.295424
0.295975
0.296523
0.297068
0.29761
0.29815
0.298687
0.29922
0.299752
0.30028
0.300806
0.301328
0.301848
0.302365
0.302879
0.303391
0.303899
0.304405
0.304908
0.305408
0.305905
0.306399
0.30689
0.307379
0.307864
0.308347
0.308827
0.309304
0.309777
0.310249
0.310717
0.311182
0.311644
0.312103
0.31256
0.313013
0.313464
0.313911
0.314356
0.314798
0.315236
0.315672
0.316105
0.316535
0.316962
0.317386
0.317806
0.318224
0.318639
0.319051
0.31946
0.319866
0.320269
0.320669
0.321066
0.32146
0.32185
0.322238
0.322623
0.323005
0.323383
0.323759
0.324132
0.324501
0.324868
0.325231
0.325592
0.325949
0.326303
0.326655
0.327003
0.327348
0.32769
0.328029
0.328365
0.328697
0.329027
0.329354
0.329677
0.329997
0.330315
0.330629
0.33094
0.331248
0.331553
0.331854
0.332153
0.332448
0.332741
0.33303
0.333316
0.333599
0.333879
0.334155
0.334429
0.334699
0.334967
0.335231
0.335492
0.335749
0.336004
0.336255
0.336504
0.336749
0.336991
0.33723
0.337465
0.337698
0.337927
0.338153
0.338376
0.338596
0.338812
0.339025
0.339236
0.339443
0.339646
0.339847
0.340044
0.340239
0.34043
0.340617
0.340802
0.340983
0.341161
0.341336
0.341508
0.341677
0.341842
0.342004
0.342163
0.342319
0.342471
0.34262
0.342766
0.342909
0.343049
0.343185
0.343318
0.343448
0.343575
0.343698
0.343818
0.343935
0.344049
0.344159
0.344267
0.344371
0.344471
0.344569
0.344663
0.344754
0.344842
0.344926
0.345008
0.345086
0.345161
0.345232
0.345301
0.345366
0.345427
0.345486
0.345541
0.345593
0.345642
0.345688
0.34573
0.345769
0.345805
0.345837
0.345867
0.345893
0.345915
0.345935
0.345951
0.345964
0.345974
0.345981
0.345984
0.345984
0.345981
0.345974
0.345964
0.345951
0.345935
0.345915
0.345893
0.345867
0.345837
0.345805
0.345769
0.34573
0.345688
0.345642
0.345593
0.345541
0.345486
0.345427
0.345366
0.345301
0.345232
0.345161
0.345086
0.345008
0.344926
0.344842
0.344754
0.344663
0.344569
0.344471
0.344371
0.344267
0.344159
0.344049
0.343935
0.343818
0.343698
0.343575
0.343448
0.343318
0.343185
0.343049
0.342909
0.342766
0.34262
0.342471
0.342319
0.342163
0.342004
0.341842
0.341677
0.341508
0.341336
0.341161
0.340983
0.340802
0.340617
0.34043
0.340239
0.340044
0.339847
0.339646
0.339443
0.339236
0.339025
0.338812
0.338596
0.338376
0.338153
0.337927
0.337698
0.337465
0.33723
0.336991
0.336749
0.336504
0.336255
0.336004
0.335749
0.335492
0.335231
0.334967
0.334699
0.334429
0.334155
0.333879
0.333599
0.333316
0.33303
0.332741
0.332448
0.332153
0.331854
0.331553
0.331248
0.33094
0.330629
0.330315
0.329997
0.329677
0.329354
0.329027
0.328697
0.328365
0.328029
0.32769
0.327348
0.327003
0.326655
0.326303
0.325949
0.325592
0.325231
0.324868
0.324501
0.324132
0.323759
0.323383
0.323005
0.322623
0.322238
0.32185
0.32146
0.321066
0.320669
0.320269
0.319866
0.31946
0.319051
0.318639
0.318224
0.317806
0.317386
0.316962
0.316535
0.316105
0.315672
0.315236
0.314798
0.314356
0.313911
0.313464
0.313013
0.31256
0.312103
0.311644
0.311182
0.310717
0.310249
0.309777
0.309304
0.308827
0.308347
0.307864
0.307379
0.30689
0.306399
0.305905
0.305408
0.304908
0.304405
0.303899
0.303391
0.302879
0.302365
0.301848
0.301328
0.300806
0.30028
0.299752
0.29922
0.298687
0.29815
0.29761
0.297068
0.296523
0.295975
0.295424
0.29487
0.294314
0.293755
0.293193
0.292629
0.292061
0.291491
0.290918
0.290343
0.289765
0.289184
0.2886
0.288013
0.287424
0.286833
0.286238
0.285641
0.285041
0.284438
0.283833
0.283225
0.282615
0.282002
0.281386
0.280767
0.280146
0.279522
0.278896
0.278267
0.277635
0.277001
0.276364
0.275725
0.275083
0.274438
0.273791
0.273141
0.272489
0.271834
0.271177
0.270517
0.269854
0.269189
0.268522
0.267852
0.267179
0.266504
0.265827
0.265146
0.264464
0.263779
0.263091
0.262401
0.261709
0.261014
0.260317
0.259617
0.258915
0.25821
0.257503
0.256793
0.256081
0.255367
0.25465
0.253931
0.25321
0.252486
0.25176
0.251031
0.2503
0.249567
0.248831
0.248093
0.247353
0.24661
0.245865
0.245118
0.244368
0.243617
0.242862
0.242106
0.241347
0.240586
0.239823
0.239058
0.23829
0.23752
0.236748
0.235974
0.235197
0.234418
0.233637
0.232854
0.232069
0.231281
0.230492
0.2297
0.228906
0.22811
0.227311
0.226511
0.225708
0.224904
0.224097
0.223288
0.222477
0.221664
0.220849
0.220032
0.219212
0.218391
0.217568
0.216742
0.215915
0.215085
0.214254
0.21342
0.212585
0.211747
0.210908
0.210066
0.209223
0.208378
0.20753
0.206681
0.20583
0.204977
0.204122
0.203265
0.202406
0.201545
0.200682
0.199818
0.198951
0.198083
0.197213
0.196341
0.195467
0.194591
0.193714
0.192835
0.191953
0.191071
0.190186
0.189299
0.188411
0.187521
0.186629
0.185736
0.184841
0.183944
0.183045
0.182144
0.181242
0.180338
0.179433
0.178526
0.177617
0.176706
0.175794
0.17488
0.173965
0.173048
0.172129
0.171209
0.170287
0.169363
0.168438
0.167511
0.166583
0.165653
0.164722
0.163789
0.162855
0.161919
0.160981
0.160042
0.159102
0.15816
0.157216
0.156271
0.155325
0.154377
0.153428
0.152477
0.151525
0.150571
0.149616
0.14866
0.147702
0.146743
0.145782
0.14482
0.143857
0.142892
0.141926
0.140959
0.13999
0.139021
0.138049
0.137077
0.136103
0.135128
0.134152
0.133174
0.132195
0.131215
0.130234
0.129251
0.128268
0.127283
0.126297
0.125309
0.124321
0.123331
0.12234
0.121348
0.120355
0.119361
0.118366
0.117369
0.116372
0.115373
0.114374
0.113373
0.112371
0.111368
0.110364
0.109359
0.108353
0.107346
0.106338
0.105329
0.104319
0.103308
0.102296
0.101284
0.10027
0.0992551
0.0982394
0.0972228
0.0962053
0.0951868
0.0941675
0.0931474
0.0921263
0.0911044
0.0900816
0.089058
0.0880336
0.0870083
0.0859822
0.0849553
0.0839276
0.0828992
0.0818699
0.0808399
0.0798091
0.0787776
0.0777454
0.0767124
0.0756787
0.0746443
0.0736092
0.0725734
0.0715369
0.0704998
0.069462
0.0684236
0.0673845
0.0663448
0.0653044
0.0642635
0.0632219
0.0621798
0.0611371
0.0600938
0.0590499
0.0580055
0.0569606
0.0559151
0.0548691
0.0538226
0.0527755
0.051728
0.05068
0.0496315
0.0485826
0.0475332
0.0464834
0.0454331
0.0443824
0.0433313
0.0422798
0.0412279
0.0401756
0.0391229
0.0380698
0.0370164
0.0359627
0.0349086
0.0338542
0.0327995
0.0317445
0.0306891
0.0296335
0.0285776
0.0275215
0.0264651
0.0254084
0.0243515
0.0232944
0.022237
0.0211795
0.0201217
0.0190638
0.0180057
0.0169474
0.0158889
0.0148304
0.0137716
0.0127128
0.0116538
0.0105947
0.00953551
0.00847623
0.00741688
0.00635745
0.00529797
0.00423843
0.00317886
0.00211926
0.00105963
