0.00167237
0.00334472
0.00501705
0.00668934
0.00836158
0.0100338
0.0117059
0.0133779
0.0150498
0.0167216
0.0183933
0.0200648
0.0217362
0.0234074
0.0250785
0.0267493
0.02842
0.0300904
0.0317606
0.0334306
0.0351003
0.0367698
0.038439
0.0401078
0.0417764
0.0434447
0.0451127
0.0467803
0.0484475
0.0501144
0.0517809
0.053447
0.0551128
0.0567781
0.0584429
0.0601074
0.0617713
0.0634348
0.0650979
0.0667604
0.0684224
0.070084
0.0717449
0.0734054
0.0750653
0.0767246
0.0783833
0.0800415
0.081699
0.0833559
0.0850122
0.0866678
0.0883228
0.0899771
0.0916307
0.0932837
0.0949359
0.0965874
0.0982382
0.0998882
0.101537
0.103186
0.104834
0.106481
0.108127
0.109772
0.111416
0.11306
0.114703
0.116344
0.117985
0.119625
0.121265
0.122903
0.12454
0.126176
0.127812
0.129446
0.131079
0.132712
0.134343
0.135973
0.137603
0.139231
0.140858
0.142484
0.144109
0.145733
0.147356
0.148977
0.150598
0.152217
0.153835
0.155452
0.157068
0.158682
0.160296
0.161908
0.163518
0.165128
0.166736
0.168343
0.169949
0.171553
0.173156
0.174758
0.176358
0.177957
0.179554
0.18115
0.182745
0.184338
0.18593
0.18752
0.189109
0.190697
0.192283
0.193867
0.19545
0.197031
0.198611
0.200189
0.201766
0.203341
0.204915
0.206487
0.208057
0.209626
0.211192
0.212758
0.214321
0.215883
0.217443
0.219002
0.220559
0.222114
0.223667
0.225218
0.226768
0.228316
0.229862
0.231406
0.232948
0.234489
0.236027
0.237564
0.239099
0.240632
0.242163
0.243692
0.245219
0.246744
0.248267
0.249788
0.251308
0.252825
0.25434
0.255853
0.257364
0.258873
0.260379
0.261884
0.263387
0.264887
0.266385
0.267881
0.269375
0.270867
0.272356
0.273844
0.275329
0.276812
0.278292
0.27977
0.281246
0.28272
0.284192
0.285661
0.287127
0.288592
0.290054
0.291513
0.29297
0.294425
0.295877
0.297327
0.298775
0.30022
0.301662
0.303102
0.30454
0.305975
0.307407
0.308837
0.310264
0.311689
0.313111
0.31453
0.315947
0.317361
0.318773
0.320182
0.321588
0.322992
0.324392
0.32579
0.327186
0.328578
0.329968
0.331355
0.332739
0.334121
0.3355
0.336875
0.338248
0.339618
0.340985
0.34235
0.343711
0.34507
0.346425
0.347778
0.349127
0.350474
0.351817
0.353158
0.354496
0.35583
0.357162
0.35849
0.359816
0.361138
0.362457
0.363773
0.365086
0.366396
0.367702
0.369006
0.370306
0.371603
0.372897
0.374187
0.375475
0.376759
0.37804
0.379317
0.380591
0.381862
0.38313
0.384394
0.385655
0.386912
0.388167
0.389417
0.390665
0.391908
0.393149
0.394386
0.395619
0.396849
0.398076
0.399299
0.400518
0.401734
0.402947
0.404156
0.405361
0.406562
0.407761
0.408955
0.410146
0.411333
0.412516
0.413696
0.414872
0.416045
0.417213
0.418378
0.41954
0.420697
0.421851
0.423001
0.424147
0.425289
0.426428
0.427562
0.428693
0.42982
0.430943
0.432062
0.433177
0.434289
0.435396
0.4365
0.437599
0.438695
0.439786
0.440874
0.441957
0.443037
0.444112
0.445184
0.446251
0.447315
0.448374
0.449429
0.45048
0.451527
0.45257
0.453608
0.454643
0.455673
0.456699
0.457721
0.458738
0.459752
0.460761
0.461766
0.462767
0.463763
0.464755
0.465743
0.466726
0.467705
0.46868
0.469651
0.470617
0.471578
0.472536
0.473489
0.474437
0.475381
0.476321
0.477256
0.478187
0.479113
0.480035
0.480952
0.481865
0.482773
0.483677
0.484576
0.485471
0.486361
0.487247
0.488127
0.489004
0.489875
0.490743
0.491605
0.492463
0.493316
0.494164
0.495008
0.495847
0.496682
0.497511
0.498336
0.499157
0.499972
0.500783
0.501589
0.50239
0.503187
0.503978
0.504765
0.505547
0.506324
0.507097
0.507864
0.508627
0.509384
0.510137
0.510885
0.511628
0.512367
0.5131
0.513828
0.514552
0.51527
0.515984
0.516692
0.517396
0.518094
0.518788
0.519476
0.52016
0.520838
0.521512
0.52218
0.522844
0.523502
0.524155
0.524804
0.525447
0.526085
0.526718
0.527345
0.527968
0.528586
0.529198
0.529805
0.530407
0.531004
0.531596
0.532183
0.532764
0.53334
0.533911
0.534477
0.535038
0.535593
0.536143
0.536688
0.537227
0.537762
0.538291
0.538815
0.539333
0.539846
0.540354
0.540857
0.541354
0.541846
0.542333
0.542814
0.54329
0.543761
0.544226
0.544686
0.545141
0.54559
0.546034
0.546472
0.546906
0.547333
0.547756
0.548172
0.548584
0.54899
0.549391
0.549786
0.550176
0.55056
0.550939
0.551312
0.55168
0.552043
0.5524
0.552751
0.553098
0.553438
0.553773
0.554103
0.554427
0.554746
0.555059
0.555367
0.555669
0.555965
0.556256
0.556542
0.556822
0.557096
0.557365
0.557629
0.557887
0.558139
0.558386
0.558627
0.558862
0.559093
0.559317
0.559536
0.559749
0.559957
0.560159
0.560356
0.560547
0.560732
0.560912
0.561086
0.561255
0.561418
0.561576
0.561727
0.561874
0.562014
0.562149
0.562279
0.562403
0.562521
0.562633
0.56274
0.562842
0.562937
0.563027
0.563112
0.563191
0.563264
0.563332
0.563394
0.56345
0.563501
0.563546
0.563585
0.563619
0.563647
0.56367
0.563686
0.563698
0.563703
0.563703
0.563698
0.563686
0.56367
0.563647
0.563619
0.563585
0.563546
0.563501
0.56345
0.563394
0.563332
0.563264
0.563191
0.563112
0.563027
0.562937
0.562842
0.56274
0.562633
0.562521
0.562403
0.562279
0.562149
0.562014
0.561874
0.561727
0.561576
0.561418
0.561255
0.561086
0.560912
0.560732
0.560547
0.560356
0.560159
0.559957
0.559749
0.559536
0.559317
0.559093
0.558862
0.558627
0.558386
0.558139
0.557887
0.557629
0.557365
0.557096
0.556822
0.556542
0.556256
0.555965
0.555669
0.555367
0.555059
0.554746
0.554427
0.554103
0.553773
0.553438
0.553098
0.552751
0.5524
0.552043
0.55168
0.551312
0.550939
0.55056
0.550176
0.549786
0.549391
0.54899
0.548584
0.548172
0.547756
0.547333
0.546906
0.546472
0.546034
0.54559
0.545141
0.544686
0.544226
0.543761
0.54329
0.542814
0.542333
0.541846
0.541354
0.540857
0.540354
0.539846
0.539333
0.538815
0.538291
0.537762
0.537227
0.536688
0.536143
0.535593
0.535038
0.534477
0.533911
0.53334
0.532764
0.532183
0.531596
0.531004
0.530407
0.529805
0.529198
0.528586
0.527968
0.527345
0.526718
0.526085
0.525447
0.524804
0.524155
0.523502
0.522844
0.52218
0.521512
0.520838
0.52016
0.519476
0.518788
0.518094
0.517396
0.516692
0.515984
0.51527
0.514552
0.513828
0.5131
0.512367
0.511628
0.510885
0.510137
0.509384
0.508627
0.507864
0.507097
0.506324
0.505547
0.504765
0.503978
0.503187
0.50239
0.501589
0.500783
0.499972
0.499157
0.498336
0.497511
0.496682
0.495847
0.495008
0.494164
0.493316
0.492463
0.491605
0.490743
0.489875
0.489004
0.488127
0.487247
0.486361
0.485471
0.484576
0.483677
0.482773
0.481865
0.480952
0.480035
0.479113
0.478187
0.477256
0.476321
0.475381
0.474437
0.473489
0.472536
0.471578
0.470617
0.469651
0.46868
0.467705
0.466726
0.465743
0.464755
0.463763
0.462767
0.461766
0.460761
0.459752
0.458738
0.457721
0.456699
0.455673
0.454643
0.453608
0.45257
0.451527
0.45048
0.449429
0.448374
0.447315
0.446251
0.445184
0.444112
0.443037
0.441957
0.440874
0.439786
0.438695
0.437599
0.4365
0.435396
0.434289
0.433177
0.432062
0.430943
0.42982
0.428693
0.427562
0.426428
0.425289
0.424147
0.423001
0.421851
0.420697
0.41954
0.418378
0.417213
0.416045
0.414872
0.413696
0.412516
0.411333
0.410146
0.408955
0.407761
0.406562
0.405361
0.404156
0.402947
0.401734
0.400518
0.399299
0.398076
0.396849
0.395619
0.394386
0.393149
0.391908
0.390665
0.389417
0.388167
0.386912
0.385655
0.384394
0.38313
0.381862
0.380591
0.379317
0.37804
0.376759
0.375475
0.374187
0.372897
0.371603
0.370306
0.369006
0.367702
0.366396
0.365086
0.363773
0.362457
0.361138
0.359816
0.35849
0.357162
0.35583
0.354496
0.353158
0.351817
0.350474
0.349127
0.347778
0.346425
0.34507
0.343711
0.34235
0.340985
0.339618
0.338248
0.336875
0.3355
0.334121
0.332739
0.331355
0.329968
0.328578
0.327186
0.32579
0.324392
0.322992
0.321588
0.320182
0.318773
0.317361
0.315947
0.31453
0.313111
0.311689
0.310264
0.308837
0.307407
0.305975
0.30454
0.303102
0.301662
0.30022
0.298775
0.297327
0.295877
0.294425
0.29297
0.291513
0.290054
0.288592
0.287127
0.285661
0.284192
0.28272
0.281246
0.27977
0.278292
0.276812
0.275329
0.273844
0.272356
0.270867
0.269375
0.267881
0.266385
0.264887
0.263387
0.261884
0.260379
0.258873
0.257364
0.255853
0.25434
0.252825
0.251308
0.249788
0.248267
0.246744
0.245219
0.243692
0.242163
0.240632
0.239099
0.237564
0.236027
0.234489
0.232948
0.231406
0.229862
0.228316
0.226768
0.225218
0.223667
0.222114
0.220559
0.219002
0.217443
0.215883
0.214321
0.212758
0.211192
0.209626
0.208057
0.206487
0.204915
0.203341
0.201766
0.200189
0.198611
0.197031
0.19545
0.193867
0.192283
0.190697
0.189109
0.18752
0.18593
0.184338
0.182745
0.18115
0.179554
0.177957
0.176358
0.174758
0.173156
0.171553
0.169949
0.168343
0.166736
0.165128
0.163518
0.161908
0.160296
0.158682
0.157068
0.155452
0.153835
0.152217
0.150598
0.148977
0.147356
0.145733
0.144109
0.142484
0.140858
0.139231
0.137603
0.135973
0.134343
0.132712
0.131079
0.129446
0.127812
0.126176
0.12454
0.122903
0.121265
0.119625
0.117985
0.116344
0.114703
0.11306
0.111416
0.109772
0.108127
0.106481
0.104834
0.103186
0.101537
0.0998882
0.0982382
0.0965874
0.0949359
0.0932837
0.0916307
0.0899771
0.0883228
0.0866678
0.0850122
0.0833559
0.081699
0.0800415
0.0783833
0.0767246
0.0750653
0.0734054
0.0717449
0.070084
0.0684224
0.0667604
0.0650979
0.0634348
0.0617713
0.0601074
0.0584429
0.0567781
0.0551128
0.053447
0.0517809
0.0501144
0.0484475
0.0467803
0.0451127
0.0434447
0.0417764
0.0401078
0.038439
0.0367698
0.0351003
0.0334306
0.0317606
0.0300904
0.02842
0.0267493
0.0250785
0.0234074
0.0217362
0.0200648
0.0183933
0.0167216
0.0150498
0.0133779
0.0117059
0.0100338
0.00836158
0.00668934
0.00501705
0.00334472
0.00167237
