0.00554103
0.0110813
0.01662
0.0221565
0.0276898
0.0332194
0.0387443
0.0442639
0.0497773
0.0552839
0.0607828
0.0662732
0.0717545
0.0772258
0.0826865
0.0881356
0.0935725
0.0989964
0.104407
0.109802
0.115182
0.120547
0.125894
0.131224
0.136536
0.141828
0.147101
0.152353
0.157584
0.162793
0.167979
0.173141
0.178279
0.183392
0.188479
0.193539
0.198573
0.203578
0.208554
0.213501
0.218418
0.223304
0.228158
0.23298
0.237768
0.242523
0.247243
0.251927
0.256576
0.261188
0.265763
0.2703
0.274797
0.279256
0.283674
0.288051
0.292386
0.29668
0.30093
0.305137
0.3093
0.313417
0.31749
0.321516
0.325495
0.329426
0.33331
0.337145
0.34093
0.344665
0.34835
0.351984
0.355566
0.359095
0.362572
0.365995
0.369363
0.372678
0.375937
0.37914
0.382286
0.385376
0.388409
0.391384
0.3943
0.397158
0.399956
0.402694
0.405372
0.407989
0.410545
0.41304
0.415472
0.417841
0.420148
0.422391
0.424571
0.426687
0.428738
0.430724
0.432645
0.4345
0.43629
0.438013
0.43967
0.44126
0.442783
0.444239
0.445627
0.446947
0.448199
0.449383
0.450498
0.451545
0.452522
0.453431
0.45427
0.45504
0.45574
0.456371
0.456932
0.457423
0.457844
0.458195
0.458476
0.458686
0.458827
0.458897
0.458897
0.458827
0.458686
0.458476
0.458195
0.457844
0.457423
0.456932
0.456371
0.45574
0.45504
0.45427
0.453431
0.452522
0.451545
0.450498
0.449383
0.448199
0.446947
0.445627
0.444239
0.442783
0.44126
0.43967
0.438013
0.43629
0.4345
0.432645
0.430724
0.428738
0.426687
0.424571
0.422391
0.420148
0.417841
0.415472
0.41304
0.410545
0.407989
0.405372
0.402694
0.399956
0.397158
0.3943
0.391384
0.388409
0.385376
0.382286
0.37914
0.375937
0.372678
0.369363
0.365995
0.362572
0.359095
0.355566
0.351984
0.34835
0.344665
0.34093
0.337145
0.33331
0.329426
0.325495
0.321516
0.31749
0.313417
0.3093
0.305137
0.30093
0.29668
0.292386
0.288051
0.283674
0.279256
0.274797
0.2703
0.265763
0.261188
0.256576
0.251927
0.247243
0.242523
0.237768
0.23298
0.228158
0.223304
0.218418
0.213501
0.208554
0.203578
0.198573
0.193539
0.188479
0.183392
0.178279
0.173141
0.167979
0.162793
0.157584
0.152353
0.147101
0.141828
0.136536
0.131224
0.125894
0.120547
0.115182
0.109802
0.104407
0.0989964
0.0935725
0.0881356
0.0826865
0.0772258
0.0717545
0.0662732
0.0607828
0.0552839
0.0497773
0.0442639
0.0387443
0.0332194
0.0276898
0.0221565
0.01662
0.0110813
0.00554103
