0.00145298
0.00290575
0.00435808
0.00580977
0.00726058
0.00871031
0.0101587
0.0116056
0.0130508
0.014494
0.0159351
0.0173738
0.0188099
0.0202431
0.0216734
0.0231004
0.0245239
0.0259438
0.0273598
0.0287718
0.0301794
0.0315825
0.0329809
0.0343744
0.0357627
0.0371457
0.0385231
0.0398948
0.0412606
0.0426201
0.0439733
0.0453199
0.0466598
0.0479926
0.0493183
0.0506367
0.0519474
0.0532504
0.0545455
0.0558324
0.0571109
0.0583809
0.0596422
0.0608946
0.0621379
0.0633719
0.0645964
0.0658113
0.0670164
0.0682114
0.0693962
0.0705707
0.0717346
0.0728878
0.0740301
0.0751614
0.0762814
0.07739
0.0784871
0.0795724
0.0806458
0.0817072
0.0827564
0.0837932
0.0848175
0.0858291
0.0868279
0.0878137
0.0887864
0.0897459
0.0906919
0.0916243
0.0925431
0.0934481
0.094339
0.0952159
0.0960786
0.0969269
0.0977607
0.0985799
0.0993844
0.100174
0.100949
0.101708
0.102453
0.103182
0.103895
0.104593
0.105276
0.105943
0.106594
0.107229
0.107848
0.108451
0.109037
0.109608
0.110162
0.110699
0.11122
0.111724
0.112212
0.112683
0.113137
0.113574
0.113994
0.114398
0.114784
0.115153
0.115504
0.115839
0.116156
0.116456
0.116738
0.117003
0.11725
0.11748
0.117693
0.117888
0.118065
0.118224
0.118366
0.11849
0.118597
0.118686
0.118757
0.11881
0.118845
0.118863
0.118863
0.118845
0.11881
0.118757
0.118686
0.118597
0.11849
0.118366
0.118224
0.118065
0.117888
0.117693
0.11748
0.11725
0.117003
0.116738
0.116456
0.116156
0.115839
0.115504
0.115153
0.114784
0.114398
0.113994
0.113574
0.113137
0.112683
0.112212
0.111724
0.11122
0.110699
0.110162
0.109608
0.109037
0.108451
0.107848
0.107229
0.106594
0.105943
0.105276
0.104593
0.103895
0.103182
0.102453
0.101708
0.100949
0.100174
0.0993844
0.0985799
0.0977607
0.0969269
0.0960786
0.0952159
0.094339
0.0934481
0.0925431
0.0916243
0.0906919
0.0897459
0.0887864
0.0878137
0.0868279
0.0858291
0.0848175
0.0837932
0.0827564
0.0817072
0.0806458
0.0795724
0.0784871
0.07739
0.0762814
0.0751614
0.0740301
0.0728878
0.0717346
0.0705707
0.0693962
0.0682114
0.0670164
0.0658113
0.0645964
0.0633719
0.0621379
0.0608946
0.0596422
0.0583809
0.0571109
0.0558324
0.0545455
0.0532504
0.0519474
0.0506367
0.0493183
0.0479926
0.0466598
0.0453199
0.0439733
0.0426201
0.0412606
0.0398948
0.0385231
0.0371457
0.0357627
0.0343744
0.0329809
0.0315825
0.0301794
0.0287718
0.0273598
0.0259438
0.0245239
0.0231004
0.0216734
0.0202431
0.0188099
0.0173738
0.0159351
0.014494
0.0130508
0.0116056
0.0101587
0.00871031
0.00726058
0.00580977
0.00435808
0.00290575
0.00145298
