0.0010729
0.00214564
0.00321806
0.00429
0.0053613
0.00643179
0.00750133
0.00856974
0.00963688
0.0107026
0.0117667
0.012829
0.0138894
0.0149478
0.0160039
0.0170576
0.0181088
0.0191572
0.0202028
0.0212454
0.0222848
0.0233209
0.0243535
0.0253824
0.0264076
0.0274288
0.0284459
0.0294588
0.0304673
0.0314712
0.0324704
0.0334648
0.0344541
0.0354383
0.0364172
0.0373907
0.0383586
0.0393207
0.040277
0.0412273
0.0421714
0.0431092
0.0440405
0.0449653
0.0458834
0.0467946
0.0476988
0.0485958
0.0494857
0.0503681
0.051243
0.0521102
0.0529697
0.0538212
0.0546647
0.0555
0.0563271
0.0571457
0.0579558
0.0587572
0.0595498
0.0603335
0.0611083
0.0618739
0.0626302
0.0633772
0.0641147
0.0648427
0.0655609
0.0662694
0.0669679
0.0676565
0.0683349
0.0690031
0.069661
0.0703085
0.0709455
0.0715719
0.0721876
0.0727925
0.0733866
0.0739696
0.0745417
0.0751025
0.0756522
0.0761905
0.0767175
0.077233
0.077737
0.0782293
0.07871
0.0791789
0.0796359
0.0800811
0.0805143
0.0809355
0.0813445
0.0817415
0.0821262
0.0824986
0.0828587
0.0832064
0.0835417
0.0838645
0.0841748
0.0844725
0.0847576
0.08503
0.0852897
0.0855367
0.0857708
0.0859922
0.0862007
0.0863963
0.0865791
0.0867488
0.0869057
0.0870495
0.0871803
0.0872981
0.0874029
0.0874946
0.0875732
0.0876387
0.0876912
0.0877305
0.0877568
0.0877699
0.0877699
0.0877568
0.0877305
0.0876912
0.0876387
0.0875732
0.0874946
0.0874029
0.0872981
0.0871803
0.0870495
0.0869057
0.0867488
0.0865791
0.0863963
0.0862007
0.0859922
0.0857708
0.0855367
0.0852897
0.08503
0.0847576
0.0844725
0.0841748
0.0838645
0.0835417
0.0832064
0.0828587
0.0824986
0.0821262
0.0817415
0.0813445
0.0809355
0.0805143
0.0800811
0.0796359
0.0791789
0.07871
0.0782293
0.077737
0.077233
0.0767175
0.0761905
0.0756522
0.0751025
0.0745417
0.0739696
0.0733866
0.0727925
0.0721876
0.0715719
0.0709455
0.0703085
0.069661
0.0690031
0.0683349
0.0676565
0.0669679
0.0662694
0.0655609
0.0648427
0.0641147
0.0633772
0.0626302
0.0618739
0.0611083
0.0603335
0.0595498
0.0587572
0.0579558
0.0571457
0.0563271
0.0555
0.0546647
0.0538212
0.0529697
0.0521102
0.051243
0.0503681
0.0494857
0.0485958
0.0476988
0.0467946
0.0458834
0.0449653
0.0440405
0.0431092
0.0421714
0.0412273
0.040277
0.0393207
0.0383586
0.0373907
0.0364172
0.0354383
0.0344541
0.0334648
0.0324704
0.0314712
0.0304673
0.0294588
0.0284459
0.0274288
0.0264076
0.0253824
0.0243535
0.0233209
0.0222848
0.0212454
0.0202028
0.0191572
0.0181088
0.0170576
0.0160039
0.0149478
0.0138894
0.012829
0.0117667
0.0107026
0.00963688
0.00856974
0.00750133
0.00643179
0.0053613
0.00429
0.00321806
0.00214564
0.0010729
