0.00169792
0.00339582
0.0050937
0.00679154
0.00848934
0.0101871
0.0118847
0.0135823
0.0152798
0.0169771
0.0186744
0.0203715
0.0220685
0.0237653
0.0254619
0.0271583
0.0288546
0.0305506
0.0322465
0.033942
0.0356374
0.0373325
0.0390273
0.0407218
0.0424161
0.04411
0.0458036
0.0474969
0.0491899
0.0508824
0.0525747
0.0542665
0.0559579
0.057649
0.0593396
0.0610298
0.0627195
0.0644088
0.0660977
0.067786
0.0694739
0.0711612
0.072848
0.0745344
0.0762201
0.0779053
0.07959
0.081274
0.0829575
0.0846404
0.0863226
0.0880043
0.0896853
0.0913656
0.0930452
0.0947242
0.0964025
0.0980801
0.099757
0.101433
0.103109
0.104783
0.106457
0.10813
0.109802
0.111474
0.113145
0.114815
0.116484
0.118152
0.119819
0.121485
0.123151
0.124816
0.126479
0.128142
0.129804
0.131465
0.133125
0.134784
0.136441
0.138098
0.139754
0.141409
0.143063
0.144716
0.146367
0.148018
0.149667
0.151316
0.152963
0.154609
0.156254
0.157898
0.15954
0.161182
0.162822
0.164461
0.166099
0.167735
0.169371
0.171005
0.172637
0.174269
0.175899
0.177528
0.179155
0.180781
0.182406
0.18403
0.185652
0.187272
0.188891
0.190509
0.192126
0.19374
0.195354
0.196966
0.198576
0.200185
0.201792
0.203398
0.205003
0.206605
0.208207
0.209806
0.211404
0.213001
0.214595
0.216188
0.21778
0.21937
0.220958
0.222544
0.224129
0.225712
0.227293
0.228872
0.23045
0.232026
0.2336
0.235173
0.236743
0.238312
0.239879
0.241444
0.243007
0.244568
0.246127
0.247685
0.24924
0.250793
0.252345
0.253895
0.255442
0.256988
0.258531
0.260073
0.261612
0.26315
0.264685
0.266218
0.26775
0.269279
0.270806
0.27233
0.273853
0.275373
0.276892
0.278408
0.279922
0.281433
0.282943
0.28445
0.285955
0.287457
0.288958
0.290456
0.291951
0.293445
0.294935
0.296424
0.29791
0.299394
0.300875
0.302354
0.303831
0.305305
0.306777
0.308246
0.309712
0.311176
0.312638
0.314097
0.315553
0.317007
0.318459
0.319907
0.321353
0.322797
0.324238
0.325676
0.327111
0.328544
0.329974
0.331402
0.332826
0.334248
0.335667
0.337084
0.338497
0.339908
0.341316
0.342721
0.344123
0.345523
0.346919
0.348313
0.349703
0.351091
0.352476
0.353858
0.355237
0.356613
0.357986
0.359356
0.360723
0.362087
0.363447
0.364805
0.36616
0.367511
0.36886
0.370205
0.371547
0.372886
0.374222
0.375555
0.376884
0.378211
0.379534
0.380854
0.38217
0.383483
0.384793
0.3861
0.387403
0.388703
0.39
0.391293
0.392583
0.39387
0.395153
0.396433
0.397709
0.398982
0.400251
0.401517
0.402779
0.404038
0.405294
0.406546
0.407794
0.409039
0.41028
0.411517
0.412751
0.413982
0.415208
0.416431
0.417651
0.418866
0.420078
0.421286
0.422491
0.423692
0.424889
0.426082
0.427272
0.428457
0.429639
0.430817
0.431992
0.433162
0.434328
0.435491
0.43665
0.437805
0.438956
0.440103
0.441246
0.442385
0.44352
0.444651
0.445778
0.446901
0.44802
0.449135
0.450246
0.451353
0.452455
0.453554
0.454649
0.455739
0.456825
0.457907
0.458985
0.460059
0.461128
0.462194
0.463255
0.464312
0.465364
0.466413
0.467457
0.468496
0.469532
0.470563
0.47159
0.472612
0.47363
0.474644
0.475653
0.476658
0.477659
0.478655
0.479646
0.480633
0.481616
0.482594
0.483568
0.484537
0.485502
0.486462
0.487418
0.488369
0.489316
0.490257
0.491195
0.492128
0.493056
0.493979
0.494898
0.495812
0.496722
0.497627
0.498527
0.499422
0.500313
0.501199
0.50208
0.502957
0.503829
0.504696
0.505558
0.506415
0.507268
0.508116
0.508958
0.509797
0.51063
0.511458
0.512282
0.5131
0.513914
0.514723
0.515527
0.516325
0.517119
0.517908
0.518692
0.519472
0.520246
0.521015
0.521779
0.522538
0.523292
0.524041
0.524785
0.525523
0.526257
0.526986
0.527709
0.528428
0.529141
0.529849
0.530553
0.53125
0.531943
0.532631
0.533313
0.533991
0.534663
0.535329
0.535991
0.536647
0.537299
0.537945
0.538585
0.539221
0.539851
0.540476
0.541095
0.54171
0.542319
0.542922
0.543521
0.544114
0.544701
0.545283
0.54586
0.546432
0.546998
0.547559
0.548114
0.548665
0.549209
0.549748
0.550282
0.55081
0.551333
0.551851
0.552363
0.552869
0.55337
0.553866
0.554356
0.554841
0.55532
0.555794
0.556262
0.556724
0.557181
0.557633
0.558079
0.558519
0.558954
0.559384
0.559807
0.560226
0.560638
0.561045
0.561447
0.561842
0.562233
0.562617
0.562996
0.56337
0.563738
0.5641
0.564456
0.564807
0.565152
0.565492
0.565826
0.566154
0.566477
0.566793
0.567105
0.56741
0.56771
0.568004
0.568293
0.568576
0.568853
0.569124
0.56939
0.56965
0.569904
0.570152
0.570395
0.570632
0.570864
0.571089
0.571309
0.571523
0.571731
0.571934
0.572131
0.572322
0.572507
0.572687
0.572861
0.573029
0.573191
0.573347
0.573498
0.573643
0.573782
0.573915
0.574043
0.574165
0.574281
0.574391
0.574495
0.574594
0.574687
0.574774
0.574855
0.574931
0.575
0.575064
0.575122
0.575174
0.575221
0.575262
0.575296
0.575325
0.575349
0.575366
0.575378
0.575383
0.575383
0.575378
0.575366
0.575349
0.575325
0.575296
0.575262
0.575221
0.575174
0.575122
0.575064
0.575
0.574931
0.574855
0.574774
0.574687
0.574594
0.574495
0.574391
0.574281
0.574165
0.574043
0.573915
0.573782
0.573643
0.573498
0.573347
0.573191
0.573029
0.572861
0.572687
0.572507
0.572322
0.572131
0.571934
0.571731
0.571523
0.571309
0.571089
0.570864
0.570632
0.570395
0.570152
0.569904
0.56965
0.56939
0.569124
0.568853
0.568576
0.568293
0.568004
0.56771
0.56741
0.567105
0.566793
0.566477
0.566154
0.565826
0.565492
0.565152
0.564807
0.564456
0.5641
0.563738
0.56337
0.562996
0.562617
0.562233
0.561842
0.561447
0.561045
0.560638
0.560226
0.559807
0.559384
0.558954
0.558519
0.558079
0.557633
0.557181
0.556724
0.556262
0.555794
0.55532
0.554841
0.554356
0.553866
0.55337
0.552869
0.552363
0.551851
0.551333
0.55081
0.550282
0.549748
0.549209
0.548665
0.548114
0.547559
0.546998
0.546432
0.54586
0.545283
0.544701
0.544114
0.543521
0.542922
0.542319
0.54171
0.541095
0.540476
0.539851
0.539221
0.538585
0.537945
0.537299
0.536647
0.535991
0.535329
0.534663
0.533991
0.533313
0.532631
0.531943
0.53125
0.530553
0.529849
0.529141
0.528428
0.527709
0.526986
0.526257
0.525523
0.524785
0.524041
0.523292
0.522538
0.521779
0.521015
0.520246
0.519472
0.518692
0.517908
0.517119
0.516325
0.515527
0.514723
0.513914
0.5131
0.512282
0.511458
0.51063
0.509797
0.508958
0.508116
0.507268
0.506415
0.505558
0.504696
0.503829
0.502957
0.50208
0.501199
0.500313
0.499422
0.498527
0.497627
0.496722
0.495812
0.494898
0.493979
0.493056
0.492128
0.491195
0.490257
0.489316
0.488369
0.487418
0.486462
0.485502
0.484537
0.483568
0.482594
0.481616
0.480633
0.479646
0.478655
0.477659
0.476658
0.475653
0.474644
0.47363
0.472612
0.47159
0.470563
0.469532
0.468496
0.467457
0.466413
0.465364
0.464312
0.463255
0.462194
0.461128
0.460059
0.458985
0.457907
0.456825
0.455739
0.454649
0.453554
0.452455
0.451353
0.450246
0.449135
0.44802
0.446901
0.445778
0.444651
0.44352
0.442385
0.441246
0.440103
0.438956
0.437805
0.43665
0.435491
0.434328
0.433162
0.431992
0.430817
0.429639
0.428457
0.427272
0.426082
0.424889
0.423692
0.422491
0.421286
0.420078
0.418866
0.417651
0.416431
0.415208
0.413982
0.412751
0.411517
0.41028
0.409039
0.407794
0.406546
0.405294
0.404038
0.402779
0.401517
0.400251
0.398982
0.397709
0.396433
0.395153
0.39387
0.392583
0.391293
0.39
0.388703
0.387403
0.3861
0.384793
0.383483
0.38217
0.380854
0.379534
0.378211
0.376884
0.375555
0.374222
0.372886
0.371547
0.370205
0.36886
0.367511
0.36616
0.364805
0.363447
0.362087
0.360723
0.359356
0.357986
0.356613
0.355237
0.353858
0.352476
0.351091
0.349703
0.348313
0.346919
0.345523
0.344123
0.342721
0.341316
0.339908
0.338497
0.337084
0.335667
0.334248
0.332826
0.331402
0.329974
0.328544
0.327111
0.325676
0.324238
0.322797
0.321353
0.319907
0.318459
0.317007
0.315553
0.314097
0.312638
0.311176
0.309712
0.308246
0.306777
0.305305
0.303831
0.302354
0.300875
0.299394
0.29791
0.296424
0.294935
0.293445
0.291951
0.290456
0.288958
0.287457
0.285955
0.28445
0.282943
0.281433
0.279922
0.278408
0.276892
0.275373
0.273853
0.27233
0.270806
0.269279
0.26775
0.266218
0.264685
0.26315
0.261612
0.260073
0.258531
0.256988
0.255442
0.253895
0.252345
0.250793
0.24924
0.247685
0.246127
0.244568
0.243007
0.241444
0.239879
0.238312
0.236743
0.235173
0.2336
0.232026
0.23045
0.228872
0.227293
0.225712
0.224129
0.222544
0.220958
0.21937
0.21778
0.216188
0.214595
0.213001
0.211404
0.209806
0.208207
0.206605
0.205003
0.203398
0.201792
0.200185
0.198576
0.196966
0.195354
0.19374
0.192126
0.190509
0.188891
0.187272
0.185652
0.18403
0.182406
0.180781
0.179155
0.177528
0.175899
0.174269
0.172637
0.171005
0.169371
0.167735
0.166099
0.164461
0.162822
0.161182
0.15954
0.157898
0.156254
0.154609
0.152963
0.151316
0.149667
0.148018
0.146367
0.144716
0.143063
0.141409
0.139754
0.138098
0.136441
0.134784
0.133125
0.131465
0.129804
0.128142
0.126479
0.124816
0.123151
0.121485
0.119819
0.118152
0.116484
0.114815
0.113145
0.111474
0.109802
0.10813
0.106457
0.104783
0.103109
0.101433
0.099757
0.0980801
0.0964025
0.0947242
0.0930452
0.0913656
0.0896853
0.0880043
0.0863226
0.0846404
0.0829575
0.081274
0.07959
0.0779053
0.0762201
0.0745344
0.072848
0.0711612
0.0694739
0.067786
0.0660977
0.0644088
0.0627195
0.0610298
0.0593396
0.057649
0.0559579
0.0542665
0.0525747
0.0508824
0.0491899
0.0474969
0.0458036
0.04411
0.0424161
0.0407218
0.0390273
0.0373325
0.0356374
0.033942
0.0322465
0.0305506
0.0288546
0.0271583
0.0254619
0.0237653
0.0220685
0.0203715
0.0186744
0.0169771
0.0152798
0.0135823
0.0118847
0.0101871
0.00848934
0.00679154
0.0050937
0.00339582
0.00169792
