0.0068751
0.0137497
0.0206234
0.0274956
0.034366
0.0412339
0.0480989
0.0549605
0.0618183
0.0686717
0.0755202
0.0823633
0.0892004
0.0960311
0.102855
0.109671
0.116479
0.123278
0.130068
0.136849
0.143618
0.150377
0.157124
0.163858
0.17058
0.177288
0.183981
0.190659
0.197322
0.203968
0.210597
0.217207
0.223799
0.230371
0.236923
0.243453
0.249961
0.256447
0.262908
0.269345
0.275755
0.28214
0.288496
0.294825
0.301123
0.307391
0.313628
0.319832
0.326002
0.332138
0.338238
0.344302
0.350327
0.356314
0.36226
0.368165
0.374028
0.379847
0.385622
0.391351
0.397032
0.402666
0.40825
0.413783
0.419265
0.424693
0.430068
0.435387
0.440649
0.445853
0.450998
0.456083
0.461106
0.466066
0.470962
0.475793
0.480558
0.485255
0.489882
0.49444
0.498927
0.503341
0.507681
0.511947
0.516136
0.520249
0.524283
0.528238
0.532112
0.535905
0.539615
0.543242
0.546783
0.550239
0.553609
0.55689
0.560083
0.563186
0.566199
0.56912
0.571949
0.574685
0.577326
0.579873
0.582325
0.58468
0.586938
0.589098
0.59116
0.593122
0.594985
0.596748
0.59841
0.599971
0.60143
0.602786
0.60404
0.605191
0.606238
0.607182
0.608021
0.608757
0.609387
0.609913
0.610334
0.610649
0.61086
0.610965
0.610965
0.61086
0.610649
0.610334
0.609913
0.609387
0.608757
0.608021
0.607182
0.606238
0.605191
0.60404
0.602786
0.60143
0.599971
0.59841
0.596748
0.594985
0.593122
0.59116
0.589098
0.586938
0.58468
0.582325
0.579873
0.577326
0.574685
0.571949
0.56912
0.566199
0.563186
0.560083
0.55689
0.553609
0.550239
0.546783
0.543242
0.539615
0.535905
0.532112
0.528238
0.524283
0.520249
0.516136
0.511947
0.507681
0.503341
0.498927
0.49444
0.489882
0.485255
0.480558
0.475793
0.470962
0.466066
0.461106
0.456083
0.450998
0.445853
0.440649
0.435387
0.430068
0.424693
0.419265
0.413783
0.40825
0.402666
0.397032
0.391351
0.385622
0.379847
0.374028
0.368165
0.36226
0.356314
0.350327
0.344302
0.338238
0.332138
0.326002
0.319832
0.313628
0.307391
0.301123
0.294825
0.288496
0.28214
0.275755
0.269345
0.262908
0.256447
0.249961
0.243453
0.236923
0.230371
0.223799
0.217207
0.210597
0.203968
0.197322
0.190659
0.183981
0.177288
0.17058
0.163858
0.157124
0.150377
0.143618
0.136849
0.130068
0.123278
0.116479
0.109671
0.102855
0.0960311
0.0892004
0.0823633
0.0755202
0.0686717
0.0618183
0.0549605
0.0480989
0.0412339
0.034366
0.0274956
0.0206234
0.0137497
0.0068751
