0.00395252
0.00791157
0.0118837
0.0158754
0.0198933
0.0239438
0.0280335
0.032169
0.0363567
0.0406031
0.0449148
0.0492982
0.0537598
0.0583061
0.0629434
0.0676783
0.072517
0.0774659
0.0825313
0.0877193
0.0930362
0.0984879
0.104081
0.10982
0.115712
0.121762
0.127976
0.134359
0.140916
0.147652
0.154572
0.16168
0.168981
0.176478
0.184175
0.192075
0.200181
0.208496
0.21702
0.225757
0.234706
0.243869
0.253244
0.262831
0.272628
0.282634
0.292845
0.303257
0.313866
0.324666
0.335651
0.346813
0.358144
0.369636
0.381277
0.393057
0.404964
0.416984
0.429104
0.441308
0.453581
0.465907
0.478268
0.490647
0.503026
0.515387
0.527711
0.539982
0.552183
0.564295
0.576305
0.588195
0.599953
0.611564
0.623017
0.634299
0.645399
0.656309
0.667019
0.677521
0.687808
0.697873
0.707712
0.717319
0.726691
0.735824
0.744715
0.753363
0.761766
0.769924
0.777835
0.785499
0.792918
0.800091
0.807021
0.813708
0.820154
0.826362
0.832332
0.838068
0.843573
0.848847
0.853896
0.85872
0.863323
0.867708
0.871878
0.875835
0.879583
0.883123
0.88646
0.889595
0.892531
0.895271
0.897816
0.90017
0.902334
0.904311
0.906102
0.907708
0.909132
0.910375
0.911438
0.912323
0.913029
0.913558
0.913911
0.914087
0.914087
0.913911
0.913558
0.913029
0.912323
0.911438
0.910375
0.909132
0.907708
0.906102
0.904311
0.902334
0.90017
0.897816
0.895271
0.892531
0.889595
0.88646
0.883123
0.879583
0.875835
0.871878
0.867708
0.863323
0.85872
0.853896
0.848847
0.843573
0.838068
0.832332
0.826362
0.820154
0.813708
0.807021
0.800091
0.792918
0.785499
0.777835
0.769924
0.761766
0.753363
0.744715
0.735824
0.726691
0.717319
0.707712
0.697873
0.687808
0.677521
0.667019
0.656309
0.645399
0.634299
0.623017
0.611564
0.599953
0.588195
0.576305
0.564295
0.552183
0.539982
0.527711
0.515387
0.503026
0.490647
0.478268
0.465907
0.453581
0.441308
0.429104
0.416984
0.404964
0.393057
0.381277
0.369636
0.358144
0.346813
0.335651
0.324666
0.313866
0.303257
0.292845
0.282634
0.272628
0.262831
0.253244
0.243869
0.234706
0.225757
0.21702
0.208496
0.200181
0.192075
0.184175
0.176478
0.168981
0.16168
0.154572
0.147652
0.140916
0.134359
0.127976
0.121762
0.115712
0.10982
0.104081
0.0984879
0.0930362
0.0877193
0.0825313
0.0774659
0.072517
0.0676783
0.0629434
0.0583061
0.0537598
0.0492982
0.0449148
0.0406031
0.0363567
0.032169
0.0280335
0.0239438
0.0198933
0.0158754
0.0118837
0.00791157
0.00395252
