0.00123405
0.00246809
0.0037021
0.00493608
0.00617002
0.00740389
0.0086377
0.00987143
0.0111051
0.0123386
0.013572
0.0148053
0.0160385
0.0172715
0.0185043
0.019737
0.0209695
0.0222018
0.0234339
0.0246658
0.0258974
0.0271289
0.02836
0.0295909
0.0308215
0.0320519
0.0332819
0.0345117
0.0357411
0.0369702
0.0381989
0.0394273
0.0406553
0.041883
0.0431102
0.0443371
0.0455635
0.0467896
0.0480152
0.0492403
0.050465
0.0516892
0.052913
0.0541362
0.055359
0.0565813
0.057803
0.0590242
0.0602448
0.0614649
0.0626844
0.0639033
0.0651217
0.0663394
0.0675566
0.0687731
0.0699889
0.0712041
0.0724187
0.0736326
0.0748458
0.0760583
0.0772701
0.0784812
0.0796916
0.0809012
0.0821101
0.0833182
0.0845255
0.0857321
0.0869379
0.0881428
0.089347
0.0905503
0.0917528
0.0929544
0.0941552
0.0953551
0.0965541
0.0977522
0.0989494
0.100146
0.101341
0.102536
0.103729
0.104922
0.106113
0.107304
0.108493
0.109682
0.110869
0.112056
0.113241
0.114426
0.115609
0.116791
0.117973
0.119153
0.120332
0.12151
0.122686
0.123862
0.125037
0.12621
0.127382
0.128553
0.129723
0.130892
0.132059
0.133225
0.13439
0.135554
0.136716
0.137877
0.139037
0.140196
0.141353
0.142509
0.143663
0.144817
0.145969
0.147119
0.148269
0.149416
0.150563
0.151708
0.152852
0.153994
0.155135
0.156274
0.157412
0.158549
0.159684
0.160817
0.161949
0.16308
0.164209
0.165336
0.166462
0.167587
0.168709
0.169831
0.17095
0.172069
0.173185
0.1743
0.175413
0.176525
0.177635
0.178743
0.17985
0.180955
0.182059
0.18316
0.18426
0.185358
0.186455
0.18755
0.188643
0.189734
0.190824
0.191912
0.192997
0.194082
0.195164
0.196245
0.197323
0.1984
0.199475
0.200549
0.20162
0.202689
0.203757
0.204823
0.205887
0.206948
0.208008
0.209066
0.210122
0.211177
0.212229
0.213279
0.214327
0.215373
0.216417
0.21746
0.2185
0.219538
0.220574
0.221608
0.22264
0.22367
0.224698
0.225723
0.226747
0.227768
0.228788
0.229805
0.23082
0.231833
0.232844
0.233853
0.234859
0.235863
0.236865
0.237865
0.238863
0.239858
0.240851
0.241842
0.242831
0.243817
0.244802
0.245783
0.246763
0.24774
0.248715
0.249688
0.250658
0.251626
0.252592
0.253555
0.254516
0.255475
0.256431
0.257384
0.258336
0.259285
0.260231
0.261175
0.262117
0.263056
0.263993
0.264927
0.265859
0.266788
0.267715
0.26864
0.269562
0.270481
0.271398
0.272312
0.273224
0.274133
0.275039
0.275943
0.276845
0.277744
0.27864
0.279534
0.280425
0.281313
0.282199
0.283082
0.283963
0.284841
0.285716
0.286588
0.287458
0.288325
0.28919
0.290052
0.290911
0.291767
0.292621
0.293472
0.29432
0.295165
0.296008
0.296848
0.297685
0.298519
0.299351
0.300179
0.301005
0.301828
0.302649
0.303466
0.304281
0.305092
0.305901
0.306707
0.30751
0.308311
0.309108
0.309902
0.310694
0.311483
0.312268
0.313051
0.313831
0.314608
0.315382
0.316153
0.316921
0.317686
0.318448
0.319208
0.319964
0.320717
0.321467
0.322214
0.322958
0.3237
0.324438
0.325173
0.325905
0.326634
0.327359
0.328082
0.328802
0.329519
0.330232
0.330943
0.33165
0.332354
0.333055
0.333753
0.334448
0.33514
0.335828
0.336514
0.337196
0.337875
0.338551
0.339224
0.339893
0.34056
0.341223
0.341883
0.34254
0.343193
0.343844
0.344491
0.345135
0.345775
0.346413
0.347047
0.347678
0.348305
0.34893
0.349551
0.350168
0.350783
0.351394
0.352002
0.352606
0.353208
0.353806
0.3544
0.354992
0.35558
0.356164
0.356745
0.357323
0.357898
0.358469
0.359037
0.359601
0.360162
0.36072
0.361274
0.361825
0.362373
0.362917
0.363457
0.363995
0.364528
0.365059
0.365586
0.366109
0.366629
0.367146
0.367659
0.368169
0.368675
0.369178
0.369677
0.370173
0.370665
0.371154
0.371639
0.372121
0.3726
0.373074
0.373546
0.374014
0.374478
0.374939
0.375396
0.37585
0.3763
0.376746
0.377189
0.377629
0.378065
0.378497
0.378926
0.379351
0.379773
0.380191
0.380606
0.381017
0.381424
0.381828
0.382228
0.382625
0.383018
0.383407
0.383793
0.384175
0.384553
0.384928
0.385299
0.385667
0.386031
0.386391
0.386748
0.387101
0.387451
0.387796
0.388138
0.388477
0.388812
0.389143
0.38947
0.389794
0.390114
0.390431
0.390743
0.391052
0.391358
0.391659
0.391957
0.392252
0.392542
0.392829
0.393112
0.393392
0.393668
0.39394
0.394208
0.394473
0.394734
0.394991
0.395244
0.395494
0.39574
0.395982
0.396221
0.396456
0.396687
0.396914
0.397137
0.397357
0.397573
0.397786
0.397994
0.398199
0.3984
0.398597
0.398791
0.398981
0.399167
0.399349
0.399527
0.399702
0.399873
0.40004
0.400203
0.400363
0.400519
0.400671
0.400819
0.400964
0.401104
0.401241
0.401374
0.401504
0.401629
0.401751
0.401869
0.401983
0.402093
0.4022
0.402303
0.402402
0.402497
0.402588
0.402676
0.402759
0.402839
0.402916
0.402988
0.403057
0.403121
0.403182
0.403239
0.403293
0.403342
0.403388
0.40343
0.403468
0.403502
0.403533
0.403559
0.403582
0.403601
0.403617
0.403628
0.403636
0.403639
0.403639
0.403636
0.403628
0.403617
0.403601
0.403582
0.403559
0.403533
0.403502
0.403468
0.40343
0.403388
0.403342
0.403293
0.403239
0.403182
0.403121
0.403057
0.402988
0.402916
0.402839
0.402759
0.402676
0.402588
0.402497
0.402402
0.402303
0.4022
0.402093
0.401983
0.401869
0.401751
0.401629
0.401504
0.401374
0.401241
0.401104
0.400964
0.400819
0.400671
0.400519
0.400363
0.400203
0.40004
0.399873
0.399702
0.399527
0.399349
0.399167
0.398981
0.398791
0.398597
0.3984
0.398199
0.397994
0.397786
0.397573
0.397357
0.397137
0.396914
0.396687
0.396456
0.396221
0.395982
0.39574
0.395494
0.395244
0.394991
0.394734
0.394473
0.394208
0.39394
0.393668
0.393392
0.393112
0.392829
0.392542
0.392252
0.391957
0.391659
0.391358
0.391052
0.390743
0.390431
0.390114
0.389794
0.38947
0.389143
0.388812
0.388477
0.388138
0.387796
0.387451
0.387101
0.386748
0.386391
0.386031
0.385667
0.385299
0.384928
0.384553
0.384175
0.383793
0.383407
0.383018
0.382625
0.382228
0.381828
0.381424
0.381017
0.380606
0.380191
0.379773
0.379351
0.378926
0.378497
0.378065
0.377629
0.377189
0.376746
0.3763
0.37585
0.375396
0.374939
0.374478
0.374014
0.373546
0.373074
0.3726
0.372121
0.371639
0.371154
0.370665
0.370173
0.369677
0.369178
0.368675
0.368169
0.367659
0.367146
0.366629
0.366109
0.365586
0.365059
0.364528
0.363995
0.363457
0.362917
0.362373
0.361825
0.361274
0.36072
0.360162
0.359601
0.359037
0.358469
0.357898
0.357323
0.356745
0.356164
0.35558
0.354992
0.3544
0.353806
0.353208
0.352606
0.352002
0.351394
0.350783
0.350168
0.349551
0.34893
0.348305
0.347678
0.347047
0.346413
0.345775
0.345135
0.344491
0.343844
0.343193
0.34254
0.341883
0.341223
0.34056
0.339893
0.339224
0.338551
0.337875
0.337196
0.336514
0.335828
0.33514
0.334448
0.333753
0.333055
0.332354
0.33165
0.330943
0.330232
0.329519
0.328802
0.328082
0.327359
0.326634
0.325905
0.325173
0.324438
0.3237
0.322958
0.322214
0.321467
0.320717
0.319964
0.319208
0.318448
0.317686
0.316921
0.316153
0.315382
0.314608
0.313831
0.313051
0.312268
0.311483
0.310694
0.309902
0.309108
0.308311
0.30751
0.306707
0.305901
0.305092
0.304281
0.303466
0.302649
0.301828
0.301005
0.300179
0.299351
0.298519
0.297685
0.296848
0.296008
0.295165
0.29432
0.293472
0.292621
0.291767
0.290911
0.290052
0.28919
0.288325
0.287458
0.286588
0.285716
0.284841
0.283963
0.283082
0.282199
0.281313
0.280425
0.279534
0.27864
0.277744
0.276845
0.275943
0.275039
0.274133
0.273224
0.272312
0.271398
0.270481
0.269562
0.26864
0.267715
0.266788
0.265859
0.264927
0.263993
0.263056
0.262117
0.261175
0.260231
0.259285
0.258336
0.257384
0.256431
0.255475
0.254516
0.253555
0.252592
0.251626
0.250658
0.249688
0.248715
0.24774
0.246763
0.245783
0.244802
0.243817
0.242831
0.241842
0.240851
0.239858
0.238863
0.237865
0.236865
0.235863
0.234859
0.233853
0.232844
0.231833
0.23082
0.229805
0.228788
0.227768
0.226747
0.225723
0.224698
0.22367
0.22264
0.221608
0.220574
0.219538
0.2185
0.21746
0.216417
0.215373
0.214327
0.213279
0.212229
0.211177
0.210122
0.209066
0.208008
0.206948
0.205887
0.204823
0.203757
0.202689
0.20162
0.200549
0.199475
0.1984
0.197323
0.196245
0.195164
0.194082
0.192997
0.191912
0.190824
0.189734
0.188643
0.18755
0.186455
0.185358
0.18426
0.18316
0.182059
0.180955
0.17985
0.178743
0.177635
0.176525
0.175413
0.1743
0.173185
0.172069
0.17095
0.169831
0.168709
0.167587
0.166462
0.165336
0.164209
0.16308
0.161949
0.160817
0.159684
0.158549
0.157412
0.156274
0.155135
0.153994
0.152852
0.151708
0.150563
0.149416
0.148269
0.147119
0.145969
0.144817
0.143663
0.142509
0.141353
0.140196
0.139037
0.137877
0.136716
0.135554
0.13439
0.133225
0.132059
0.130892
0.129723
0.128553
0.127382
0.12621
0.125037
0.123862
0.122686
0.12151
0.120332
0.119153
0.117973
0.116791
0.115609
0.114426
0.113241
0.112056
0.110869
0.109682
0.108493
0.107304
0.106113
0.104922
0.103729
0.102536
0.101341
0.100146
0.0989494
0.0977522
0.0965541
0.0953551
0.0941552
0.0929544
0.0917528
0.0905503
0.089347
0.0881428
0.0869379
0.0857321
0.0845255
0.0833182
0.0821101
0.0809012
0.0796916
0.0784812
0.0772701
0.0760583
0.0748458
0.0736326
0.0724187
0.0712041
0.0699889
0.0687731
0.0675566
0.0663394
0.0651217
0.0639033
0.0626844
0.0614649
0.0602448
0.0590242
0.057803
0.0565813
0.055359
0.0541362
0.052913
0.0516892
0.050465
0.0492403
0.0480152
0.0467896
0.0455635
0.0443371
0.0431102
0.041883
0.0406553
0.0394273
0.0381989
0.0369702
0.0357411
0.0345117
0.0332819
0.0320519
0.0308215
0.0295909
0.02836
0.0271289
0.0258974
0.0246658
0.0234339
0.0222018
0.0209695
0.019737
0.0185043
0.0172715
0.0160385
0.0148053
0.013572
0.0123386
0.0111051
0.00987143
0.0086377
0.00740389
0.00617002
0.00493608
0.0037021
0.00246809
0.00123405
