0.00351412
0.00702844
0.0105431
0.0140584
0.0175745
0.0210916
0.0246098
0.0281294
0.0316505
0.0351734
0.0386982
0.0422251
0.0457544
0.0492861
0.0528205
0.0563578
0.0598981
0.0634416
0.0669885
0.0705389
0.0740931
0.0776512
0.0812133
0.0847796
0.0883504
0.0919256
0.0955056
0.0990903
0.10268
0.106275
0.109875
0.11348
0.117091
0.120708
0.12433
0.127959
0.131593
0.135233
0.13888
0.142532
0.146192
0.149857
0.153529
0.157208
0.160894
0.164586
0.168285
0.171991
0.175704
0.179424
0.183151
0.186884
0.190625
0.194374
0.198129
0.201891
0.205661
0.209437
0.213221
0.217012
0.22081
0.224615
0.228427
0.232246
0.236072
0.239904
0.243744
0.24759
0.251444
0.255303
0.25917
0.263042
0.266921
0.270807
0.274698
0.278596
0.282499
0.286408
0.290323
0.294244
0.298169
0.3021
0.306036
0.309977
0.313923
0.317873
0.321827
0.325786
0.329748
0.333715
0.337684
0.341658
0.345634
0.349613
0.353595
0.357579
0.361566
0.365554
0.369544
0.373536
0.377528
0.381522
0.385516
0.389511
0.393505
0.3975
0.401493
0.405486
0.409478
0.413468
0.417457
0.421443
0.425427
0.429409
0.433387
0.437362
0.441333
0.4453
0.449263
0.453221
0.457174
0.461121
0.465062
0.468997
0.472926
0.476848
0.480762
0.484669
0.488568
0.492458
0.496339
0.500211
0.504074
0.507926
0.511768
0.5156
0.51942
0.523229
0.527025
0.53081
0.534581
0.538339
0.542084
0.545815
0.549531
0.553233
0.55692
0.56059
0.564245
0.567884
0.571505
0.57511
0.578696
0.582265
0.585815
0.589347
0.592859
0.596351
0.599823
0.603275
0.606706
0.610116
0.613504
0.61687
0.620213
0.623534
0.626831
0.630105
0.633354
0.636579
0.63978
0.642955
0.646104
0.649228
0.652325
0.655395
0.658438
0.661454
0.664442
0.667401
0.670332
0.673234
0.676107
0.67895
0.681763
0.684546
0.687298
0.690019
0.692708
0.695366
0.697992
0.700585
0.703146
0.705673
0.708167
0.710628
0.713055
0.715447
0.717805
0.720128
0.722415
0.724668
0.726884
0.729065
0.731209
0.733317
0.735388
0.737421
0.739418
0.741377
0.743298
0.745181
0.747025
0.748831
0.750599
0.752327
0.754016
0.755666
0.757276
0.758846
0.760376
0.761865
0.763315
0.764724
0.766092
0.767419
0.768704
0.769949
0.771152
0.772313
0.773433
0.774511
0.775547
0.77654
0.777492
0.778401
0.779267
0.780091
0.780872
0.78161
0.782305
0.782957
0.783566
0.784132
0.784655
0.785134
0.78557
0.785963
0.786312
0.786617
0.786879
0.787098
0.787272
0.787403
0.787491
0.787534
0.787534
0.787491
0.787403
0.787272
0.787098
0.786879
0.786617
0.786312
0.785963
0.78557
0.785134
0.784655
0.784132
0.783566
0.782957
0.782305
0.78161
0.780872
0.780091
0.779267
0.778401
0.777492
0.77654
0.775547
0.774511
0.773433
0.772313
0.771152
0.769949
0.768704
0.767419
0.766092
0.764724
0.763315
0.761865
0.760376
0.758846
0.757276
0.755666
0.754016
0.752327
0.750599
0.748831
0.747025
0.745181
0.743298
0.741377
0.739418
0.737421
0.735388
0.733317
0.731209
0.729065
0.726884
0.724668
0.722415
0.720128
0.717805
0.715447
0.713055
0.710628
0.708167
0.705673
0.703146
0.700585
0.697992
0.695366
0.692708
0.690019
0.687298
0.684546
0.681763
0.67895
0.676107
0.673234
0.670332
0.667401
0.664442
0.661454
0.658438
0.655395
0.652325
0.649228
0.646104
0.642955
0.63978
0.636579
0.633354
0.630105
0.626831
0.623534
0.620213
0.61687
0.613504
0.610116
0.606706
0.603275
0.599823
0.596351
0.592859
0.589347
0.585815
0.582265
0.578696
0.57511
0.571505
0.567884
0.564245
0.56059
0.55692
0.553233
0.549531
0.545815
0.542084
0.538339
0.534581
0.53081
0.527025
0.523229
0.51942
0.5156
0.511768
0.507926
0.504074
0.500211
0.496339
0.492458
0.488568
0.484669
0.480762
0.476848
0.472926
0.468997
0.465062
0.461121
0.457174
0.453221
0.449263
0.4453
0.441333
0.437362
0.433387
0.429409
0.425427
0.421443
0.417457
0.413468
0.409478
0.405486
0.401493
0.3975
0.393505
0.389511
0.385516
0.381522
0.377528
0.373536
0.369544
0.365554
0.361566
0.357579
0.353595
0.349613
0.345634
0.341658
0.337684
0.333715
0.329748
0.325786
0.321827
0.317873
0.313923
0.309977
0.306036
0.3021
0.298169
0.294244
0.290323
0.286408
0.282499
0.278596
0.274698
0.270807
0.266921
0.263042
0.25917
0.255303
0.251444
0.24759
0.243744
0.239904
0.236072
0.232246
0.228427
0.224615
0.22081
0.217012
0.213221
0.209437
0.205661
0.201891
0.198129
0.194374
0.190625
0.186884
0.183151
0.179424
0.175704
0.171991
0.168285
0.164586
0.160894
0.157208
0.153529
0.149857
0.146192
0.142532
0.13888
0.135233
0.131593
0.127959
0.12433
0.120708
0.117091
0.11348
0.109875
0.106275
0.10268
0.0990903
0.0955056
0.0919256
0.0883504
0.0847796
0.0812133
0.0776512
0.0740931
0.0705389
0.0669885
0.0634416
0.0598981
0.0563578
0.0528205
0.0492861
0.0457544
0.0422251
0.0386982
0.0351734
0.0316505
0.0281294
0.0246098
0.0210916
0.0175745
0.0140584
0.0105431
0.00702844
0.00351412
