0.00177603
0.00355209
0.00532819
0.00710435
0.0088806
0.010657
0.0124334
0.0142101
0.0159869
0.0177639
0.0195411
0.0213185
0.0230962
0.0248742
0.0266525
0.0284311
0.03021
0.0319893
0.033769
0.035549
0.0373295
0.0391105
0.0408919
0.0426738
0.0444562
0.0462391
0.0480226
0.0498066
0.0515912
0.0533764
0.0551622
0.0569487
0.0587359
0.0605237
0.0623122
0.0641015
0.0658915
0.0676822
0.0694737
0.071266
0.0730592
0.0748531
0.0766479
0.0784436
0.0802402
0.0820376
0.083836
0.0856353
0.0874356
0.0892368
0.091039
0.0928423
0.0946465
0.0964518
0.0982581
0.100066
0.101874
0.103684
0.105494
0.107306
0.109119
0.110933
0.112748
0.114565
0.116383
0.118201
0.120021
0.121843
0.123665
0.125489
0.127314
0.129141
0.130968
0.132797
0.134628
0.136459
0.138292
0.140127
0.141962
0.143799
0.145638
0.147478
0.149319
0.151161
0.153005
0.154851
0.156698
0.158546
0.160396
0.162247
0.1641
0.165954
0.167809
0.169666
0.171525
0.173385
0.175246
0.177109
0.178974
0.18084
0.182707
0.184576
0.186447
0.188319
0.190193
0.192068
0.193944
0.195822
0.197702
0.199583
0.201465
0.20335
0.205235
0.207122
0.209011
0.210901
0.212793
0.214686
0.216581
0.218477
0.220375
0.222274
0.224175
0.226077
0.22798
0.229885
0.231792
0.2337
0.23561
0.237521
0.239433
0.241347
0.243262
0.245179
0.247097
0.249016
0.250937
0.252859
0.254783
0.256708
0.258634
0.260561
0.26249
0.264421
0.266352
0.268285
0.270219
0.272154
0.274091
0.276029
0.277968
0.279908
0.28185
0.283792
0.285736
0.287681
0.289627
0.291574
0.293522
0.295472
0.297422
0.299373
0.301326
0.303279
0.305233
0.307189
0.309145
0.311102
0.31306
0.315019
0.316979
0.318939
0.320901
0.322863
0.324826
0.32679
0.328754
0.330719
0.332685
0.334651
0.336618
0.338586
0.340554
0.342522
0.344492
0.346461
0.348431
0.350402
0.352373
0.354344
0.356315
0.358287
0.36026
0.362232
0.364205
0.366177
0.36815
0.370124
0.372097
0.37407
0.376043
0.378017
0.37999
0.381963
0.383936
0.385909
0.387882
0.389855
0.391827
0.393799
0.395771
0.397743
0.399714
0.401684
0.403655
0.405625
0.407594
0.409563
0.411531
0.413498
0.415465
0.417431
0.419397
0.421361
0.423325
0.425288
0.42725
0.429211
0.431171
0.43313
0.435088
0.437045
0.439001
0.440956
0.442909
0.444861
0.446812
0.448762
0.45071
0.452657
0.454602
0.456546
0.458488
0.460428
0.462367
0.464305
0.46624
0.468174
0.470106
0.472036
0.473964
0.47589
0.477815
0.479737
0.481657
0.483575
0.485491
0.487405
0.489316
0.491225
0.493132
0.495036
0.496938
0.498838
0.500735
0.502629
0.504521
0.50641
0.508296
0.51018
0.51206
0.513938
0.515813
0.517685
0.519554
0.52142
0.523283
0.525143
0.526999
0.528853
0.530703
0.532549
0.534393
0.536233
0.538069
0.539902
0.541731
0.543557
0.545379
0.547197
0.549012
0.550822
0.552629
0.554432
0.556231
0.558026
0.559817
0.561604
0.563387
0.565165
0.566939
0.568709
0.570475
0.572236
0.573993
0.575745
0.577493
0.579236
0.580974
0.582708
0.584437
0.586161
0.587881
0.589595
0.591305
0.59301
0.594709
0.596404
0.598093
0.599777
0.601457
0.60313
0.604799
0.606462
0.60812
0.609772
0.611419
0.61306
0.614696
0.616326
0.61795
0.619568
0.621181
0.622788
0.624389
0.625984
0.627573
0.629157
0.630734
0.632305
0.633869
0.635428
0.63698
0.638526
0.640066
0.641599
0.643126
0.644647
0.646161
0.647668
0.649169
0.650663
0.65215
0.653631
0.655105
0.656572
0.658032
0.659485
0.660931
0.66237
0.663802
0.665227
0.666645
0.668056
0.66946
0.670856
0.672245
0.673626
0.675001
0.676367
0.677727
0.679078
0.680423
0.681759
0.683088
0.68441
0.685723
0.687029
0.688327
0.689617
0.6909
0.692174
0.69344
0.694699
0.695949
0.697191
0.698426
0.699652
0.70087
0.702079
0.703281
0.704474
0.705659
0.706835
0.708003
0.709162
0.710313
0.711456
0.71259
0.713715
0.714832
0.71594
0.71704
0.71813
0.719212
0.720286
0.72135
0.722405
0.723452
0.72449
0.725518
0.726538
0.727549
0.72855
0.729543
0.730527
0.731501
0.732466
0.733422
0.734369
0.735306
0.736234
0.737153
0.738063
0.738963
0.739854
0.740735
0.741607
0.742469
0.743322
0.744165
0.744999
0.745823
0.746638
0.747443
0.748238
0.749023
0.749799
0.750565
0.751321
0.752068
0.752805
0.753531
0.754248
0.754956
0.755653
0.75634
0.757017
0.757685
0.758342
0.75899
0.759627
0.760254
0.760871
0.761479
0.762076
0.762663
0.763239
0.763806
0.764362
0.764909
0.765445
0.76597
0.766486
0.766991
0.767486
0.767971
0.768445
0.768909
0.769363
0.769806
0.770239
0.770662
0.771074
0.771476
0.771867
0.772248
0.772619
0.772979
0.773328
0.773668
0.773996
0.774314
0.774622
0.774919
0.775206
0.775482
0.775747
0.776002
0.776246
0.77648
0.776703
0.776916
0.777118
0.77731
0.77749
0.777661
0.77782
0.777969
0.778108
0.778235
0.778353
0.778459
0.778555
0.77864
0.778715
0.778779
0.778832
0.778874
0.778906
0.778928
0.778938
0.778938
0.778928
0.778906
0.778874
0.778832
0.778779
0.778715
0.77864
0.778555
0.778459
0.778353
0.778235
0.778108
0.777969
0.77782
0.777661
0.77749
0.77731
0.777118
0.776916
0.776703
0.77648
0.776246
0.776002
0.775747
0.775482
0.775206
0.774919
0.774622
0.774314
0.773996
0.773668
0.773328
0.772979
0.772619
0.772248
0.771867
0.771476
0.771074
0.770662
0.770239
0.769806
0.769363
0.768909
0.768445
0.767971
0.767486
0.766991
0.766486
0.76597
0.765445
0.764909
0.764362
0.763806
0.763239
0.762663
0.762076
0.761479
0.760871
0.760254
0.759627
0.75899
0.758342
0.757685
0.757017
0.75634
0.755653
0.754956
0.754248
0.753531
0.752805
0.752068
0.751321
0.750565
0.749799
0.749023
0.748238
0.747443
0.746638
0.745823
0.744999
0.744165
0.743322
0.742469
0.741607
0.740735
0.739854
0.738963
0.738063
0.737153
0.736234
0.735306
0.734369
0.733422
0.732466
0.731501
0.730527
0.729543
0.72855
0.727549
0.726538
0.725518
0.72449
0.723452
0.722405
0.72135
0.720286
0.719212
0.71813
0.71704
0.71594
0.714832
0.713715
0.71259
0.711456
0.710313
0.709162
0.708003
0.706835
0.705659
0.704474
0.703281
0.702079
0.70087
0.699652
0.698426
0.697191
0.695949
0.694699
0.69344
0.692174
0.6909
0.689617
0.688327
0.687029
0.685723
0.68441
0.683088
0.681759
0.680423
0.679078
0.677727
0.676367
0.675001
0.673626
0.672245
0.670856
0.66946
0.668056
0.666645
0.665227
0.663802
0.66237
0.660931
0.659485
0.658032
0.656572
0.655105
0.653631
0.65215
0.650663
0.649169
0.647668
0.646161
0.644647
0.643126
0.641599
0.640066
0.638526
0.63698
0.635428
0.633869
0.632305
0.630734
0.629157
0.627573
0.625984
0.624389
0.622788
0.621181
0.619568
0.61795
0.616326
0.614696
0.61306
0.611419
0.609772
0.60812
0.606462
0.604799
0.60313
0.601457
0.599777
0.598093
0.596404
0.594709
0.59301
0.591305
0.589595
0.587881
0.586161
0.584437
0.582708
0.580974
0.579236
0.577493
0.575745
0.573993
0.572236
0.570475
0.568709
0.566939
0.565165
0.563387
0.561604
0.559817
0.558026
0.556231
0.554432
0.552629
0.550822
0.549012
0.547197
0.545379
0.543557
0.541731
0.539902
0.538069
0.536233
0.534393
0.532549
0.530703
0.528853
0.526999
0.525143
0.523283
0.52142
0.519554
0.517685
0.515813
0.513938
0.51206
0.51018
0.508296
0.50641
0.504521
0.502629
0.500735
0.498838
0.496938
0.495036
0.493132
0.491225
0.489316
0.487405
0.485491
0.483575
0.481657
0.479737
0.477815
0.47589
0.473964
0.472036
0.470106
0.468174
0.46624
0.464305
0.462367
0.460428
0.458488
0.456546
0.454602
0.452657
0.45071
0.448762
0.446812
0.444861
0.442909
0.440956
0.439001
0.437045
0.435088
0.43313
0.431171
0.429211
0.42725
0.425288
0.423325
0.421361
0.419397
0.417431
0.415465
0.413498
0.411531
0.409563
0.407594
0.405625
0.403655
0.401684
0.399714
0.397743
0.395771
0.393799
0.391827
0.389855
0.387882
0.385909
0.383936
0.381963
0.37999
0.378017
0.376043
0.37407
0.372097
0.370124
0.36815
0.366177
0.364205
0.362232
0.36026
0.358287
0.356315
0.354344
0.352373
0.350402
0.348431
0.346461
0.344492
0.342522
0.340554
0.338586
0.336618
0.334651
0.332685
0.330719
0.328754
0.32679
0.324826
0.322863
0.320901
0.318939
0.316979
0.315019
0.31306
0.311102
0.309145
0.307189
0.305233
0.303279
0.301326
0.299373
0.297422
0.295472
0.293522
0.291574
0.289627
0.287681
0.285736
0.283792
0.28185
0.279908
0.277968
0.276029
0.274091
0.272154
0.270219
0.268285
0.266352
0.264421
0.26249
0.260561
0.258634
0.256708
0.254783
0.252859
0.250937
0.249016
0.247097
0.245179
0.243262
0.241347
0.239433
0.237521
0.23561
0.2337
0.231792
0.229885
0.22798
0.226077
0.224175
0.222274
0.220375
0.218477
0.216581
0.214686
0.212793
0.210901
0.209011
0.207122
0.205235
0.20335
0.201465
0.199583
0.197702
0.195822
0.193944
0.192068
0.190193
0.188319
0.186447
0.184576
0.182707
0.18084
0.178974
0.177109
0.175246
0.173385
0.171525
0.169666
0.167809
0.165954
0.1641
0.162247
0.160396
0.158546
0.156698
0.154851
0.153005
0.151161
0.149319
0.147478
0.145638
0.143799
0.141962
0.140127
0.138292
0.136459
0.134628
0.132797
0.130968
0.129141
0.127314
0.125489
0.123665
0.121843
0.120021
0.118201
0.116383
0.114565
0.112748
0.110933
0.109119
0.107306
0.105494
0.103684
0.101874
0.100066
0.0982581
0.0964518
0.0946465
0.0928423
0.091039
0.0892368
0.0874356
0.0856353
0.083836
0.0820376
0.0802402
0.0784436
0.0766479
0.0748531
0.0730592
0.071266
0.0694737
0.0676822
0.0658915
0.0641015
0.0623122
0.0605237
0.0587359
0.0569487
0.0551622
0.0533764
0.0515912
0.0498066
0.0480226
0.0462391
0.0444562
0.0426738
0.0408919
0.0391105
0.0373295
0.035549
0.033769
0.0319893
0.03021
0.0284311
0.0266525
0.0248742
0.0230962
0.0213185
0.0195411
0.0177639
0.0159869
0.0142101
0.0124334
0.010657
0.0088806
0.00710435
0.00532819
0.00355209
0.00177603
