0.00148559
0.00297116
0.00445671
0.00594222
0.00742768
0.00891307
0.0103984
0.0118836
0.0133687
0.0148537
0.0163386
0.0178233
0.0193079
0.0207923
0.0222765
0.0237606
0.0252444
0.026728
0.0282113
0.0296944
0.0311773
0.0326599
0.0341422
0.0356242
0.0371059
0.0385872
0.0400683
0.0415489
0.0430292
0.0445092
0.0459887
0.0474678
0.0489466
0.0504249
0.0519027
0.0533801
0.054857
0.0563335
0.0578094
0.0592849
0.0607598
0.0622342
0.0637081
0.0651814
0.0666541
0.0681262
0.0695978
0.0710687
0.072539
0.0740087
0.0754777
0.076946
0.0784137
0.0798807
0.081347
0.0828126
0.0842774
0.0857415
0.0872049
0.0886675
0.0901293
0.0915903
0.0930505
0.0945099
0.0959685
0.0974262
0.0988831
0.100339
0.101794
0.103248
0.104702
0.106154
0.107606
0.109056
0.110506
0.111954
0.113402
0.114848
0.116294
0.117739
0.119182
0.120625
0.122066
0.123506
0.124946
0.126384
0.127821
0.129257
0.130692
0.132125
0.133558
0.134989
0.136419
0.137848
0.139276
0.140702
0.142127
0.143551
0.144974
0.146395
0.147815
0.149234
0.150652
0.152068
0.153482
0.154896
0.156308
0.157719
0.159128
0.160536
0.161942
0.163347
0.164751
0.166153
0.167554
0.168953
0.170351
0.171747
0.173141
0.174535
0.175926
0.177316
0.178705
0.180091
0.181477
0.18286
0.184242
0.185623
0.187001
0.188379
0.189754
0.191128
0.1925
0.19387
0.195239
0.196605
0.197971
0.199334
0.200695
0.202055
0.203413
0.204769
0.206124
0.207476
0.208827
0.210176
0.211523
0.212868
0.214211
0.215552
0.216891
0.218229
0.219564
0.220898
0.222229
0.223559
0.224886
0.226212
0.227535
0.228856
0.230176
0.231493
0.232808
0.234122
0.235433
0.236742
0.238049
0.239353
0.240656
0.241956
0.243254
0.244551
0.245844
0.247136
0.248425
0.249713
0.250998
0.25228
0.253561
0.254839
0.256115
0.257388
0.25866
0.259929
0.261195
0.26246
0.263721
0.264981
0.266238
0.267493
0.268745
0.269995
0.271242
0.272487
0.27373
0.27497
0.276208
0.277443
0.278675
0.279905
0.281133
0.282358
0.28358
0.2848
0.286018
0.287232
0.288444
0.289654
0.290861
0.292065
0.293267
0.294466
0.295662
0.296856
0.298046
0.299235
0.30042
0.301603
0.302783
0.30396
0.305135
0.306306
0.307475
0.308641
0.309805
0.310965
0.312123
0.313278
0.31443
0.315579
0.316725
0.317869
0.319009
0.320147
0.321281
0.322413
0.323542
0.324667
0.32579
0.32691
0.328027
0.329141
0.330252
0.33136
0.332464
0.333566
0.334665
0.335761
0.336853
0.337943
0.339029
0.340112
0.341192
0.34227
0.343343
0.344414
0.345482
0.346546
0.347607
0.348665
0.34972
0.350772
0.35182
0.352865
0.353907
0.354946
0.355981
0.357013
0.358042
0.359068
0.36009
0.361109
0.362124
0.363136
0.364145
0.365151
0.366153
0.367152
0.368147
0.369139
0.370127
0.371113
0.372094
0.373073
0.374047
0.375019
0.375986
0.376951
0.377912
0.378869
0.379823
0.380773
0.38172
0.382663
0.383603
0.384539
0.385472
0.386401
0.387326
0.388248
0.389166
0.390081
0.390992
0.391899
0.392803
0.393703
0.394599
0.395492
0.396381
0.397266
0.398148
0.399026
0.3999
0.40077
0.401637
0.4025
0.403359
0.404215
0.405066
0.405914
0.406758
0.407598
0.408435
0.409268
0.410096
0.410921
0.411743
0.41256
0.413373
0.414183
0.414988
0.41579
0.416588
0.417382
0.418172
0.418958
0.419741
0.420519
0.421293
0.422064
0.42283
0.423592
0.424351
0.425105
0.425856
0.426602
0.427345
0.428083
0.428818
0.429548
0.430274
0.430997
0.431715
0.432429
0.433139
0.433845
0.434547
0.435245
0.435939
0.436628
0.437314
0.437995
0.438672
0.439345
0.440014
0.440679
0.44134
0.441996
0.442648
0.443296
0.44394
0.44458
0.445215
0.445847
0.446474
0.447097
0.447715
0.44833
0.44894
0.449546
0.450147
0.450745
0.451338
0.451926
0.452511
0.453091
0.453667
0.454239
0.454806
0.455369
0.455928
0.456482
0.457032
0.457578
0.458119
0.458656
0.459189
0.459717
0.460241
0.46076
0.461275
0.461786
0.462292
0.462794
0.463292
0.463785
0.464274
0.464758
0.465238
0.465713
0.466184
0.466651
0.467113
0.467571
0.468024
0.468473
0.468917
0.469357
0.469792
0.470223
0.470649
0.471071
0.471488
0.471901
0.47231
0.472714
0.473113
0.473508
0.473898
0.474284
0.474665
0.475042
0.475414
0.475782
0.476145
0.476503
0.476857
0.477207
0.477552
0.477892
0.478228
0.478559
0.478885
0.479207
0.479525
0.479838
0.480146
0.48045
0.480749
0.481043
0.481333
0.481618
0.481899
0.482175
0.482446
0.482713
0.482975
0.483232
0.483485
0.483733
0.483977
0.484216
0.48445
0.48468
0.484905
0.485125
0.485341
0.485552
0.485759
0.48596
0.486158
0.48635
0.486538
0.486721
0.486899
0.487073
0.487242
0.487407
0.487566
0.487721
0.487872
0.488017
0.488158
0.488295
0.488426
0.488553
0.488676
0.488793
0.488906
0.489014
0.489118
0.489217
0.489311
0.4894
0.489485
0.489565
0.48964
0.489711
0.489777
0.489838
0.489894
0.489946
0.489993
0.490035
0.490073
0.490106
0.490134
0.490158
0.490177
0.490191
0.4902
0.490205
0.490205
0.4902
0.490191
0.490177
0.490158
0.490134
0.490106
0.490073
0.490035
0.489993
0.489946
0.489894
0.489838
0.489777
0.489711
0.48964
0.489565
0.489485
0.4894
0.489311
0.489217
0.489118
0.489014
0.488906
0.488793
0.488676
0.488553
0.488426
0.488295
0.488158
0.488017
0.487872
0.487721
0.487566
0.487407
0.487242
0.487073
0.486899
0.486721
0.486538
0.48635
0.486158
0.48596
0.485759
0.485552
0.485341
0.485125
0.484905
0.48468
0.48445
0.484216
0.483977
0.483733
0.483485
0.483232
0.482975
0.482713
0.482446
0.482175
0.481899
0.481618
0.481333
0.481043
0.480749
0.48045
0.480146
0.479838
0.479525
0.479207
0.478885
0.478559
0.478228
0.477892
0.477552
0.477207
0.476857
0.476503
0.476145
0.475782
0.475414
0.475042
0.474665
0.474284
0.473898
0.473508
0.473113
0.472714
0.47231
0.471901
0.471488
0.471071
0.470649
0.470223
0.469792
0.469357
0.468917
0.468473
0.468024
0.467571
0.467113
0.466651
0.466184
0.465713
0.465238
0.464758
0.464274
0.463785
0.463292
0.462794
0.462292
0.461786
0.461275
0.46076
0.460241
0.459717
0.459189
0.458656
0.458119
0.457578
0.457032
0.456482
0.455928
0.455369
0.454806
0.454239
0.453667
0.453091
0.452511
0.451926
0.451338
0.450745
0.450147
0.449546
0.44894
0.44833
0.447715
0.447097
0.446474
0.445847
0.445215
0.44458
0.44394
0.443296
0.442648
0.441996
0.44134
0.440679
0.440014
0.439345
0.438672
0.437995
0.437314
0.436628
0.435939
0.435245
0.434547
0.433845
0.433139
0.432429
0.431715
0.430997
0.430274
0.429548
0.428818
0.428083
0.427345
0.426602
0.425856
0.425105
0.424351
0.423592
0.42283
0.422064
0.421293
0.420519
0.419741
0.418958
0.418172
0.417382
0.416588
0.41579
0.414988
0.414183
0.413373
0.41256
0.411743
0.410921
0.410096
0.409268
0.408435
0.407598
0.406758
0.405914
0.405066
0.404215
0.403359
0.4025
0.401637
0.40077
0.3999
0.399026
0.398148
0.397266
0.396381
0.395492
0.394599
0.393703
0.392803
0.391899
0.390992
0.390081
0.389166
0.388248
0.387326
0.386401
0.385472
0.384539
0.383603
0.382663
0.38172
0.380773
0.379823
0.378869
0.377912
0.376951
0.375986
0.375019
0.374047
0.373073
0.372094
0.371113
0.370127
0.369139
0.368147
0.367152
0.366153
0.365151
0.364145
0.363136
0.362124
0.361109
0.36009
0.359068
0.358042
0.357013
0.355981
0.354946
0.353907
0.352865
0.35182
0.350772
0.34972
0.348665
0.347607
0.346546
0.345482
0.344414
0.343343
0.34227
0.341192
0.340112
0.339029
0.337943
0.336853
0.335761
0.334665
0.333566
0.332464
0.33136
0.330252
0.329141
0.328027
0.32691
0.32579
0.324667
0.323542
0.322413
0.321281
0.320147
0.319009
0.317869
0.316725
0.315579
0.31443
0.313278
0.312123
0.310965
0.309805
0.308641
0.307475
0.306306
0.305135
0.30396
0.302783
0.301603
0.30042
0.299235
0.298046
0.296856
0.295662
0.294466
0.293267
0.292065
0.290861
0.289654
0.288444
0.287232
0.286018
0.2848
0.28358
0.282358
0.281133
0.279905
0.278675
0.277443
0.276208
0.27497
0.27373
0.272487
0.271242
0.269995
0.268745
0.267493
0.266238
0.264981
0.263721
0.26246
0.261195
0.259929
0.25866
0.257388
0.256115
0.254839
0.253561
0.25228
0.250998
0.249713
0.248425
0.247136
0.245844
0.244551
0.243254
0.241956
0.240656
0.239353
0.238049
0.236742
0.235433
0.234122
0.232808
0.231493
0.230176
0.228856
0.227535
0.226212
0.224886
0.223559
0.222229
0.220898
0.219564
0.218229
0.216891
0.215552
0.214211
0.212868
0.211523
0.210176
0.208827
0.207476
0.206124
0.204769
0.203413
0.202055
0.200695
0.199334
0.197971
0.196605
0.195239
0.19387
0.1925
0.191128
0.189754
0.188379
0.187001
0.185623
0.184242
0.18286
0.181477
0.180091
0.178705
0.177316
0.175926
0.174535
0.173141
0.171747
0.170351
0.168953
0.167554
0.166153
0.164751
0.163347
0.161942
0.160536
0.159128
0.157719
0.156308
0.154896
0.153482
0.152068
0.150652
0.149234
0.147815
0.146395
0.144974
0.143551
0.142127
0.140702
0.139276
0.137848
0.136419
0.134989
0.133558
0.132125
0.130692
0.129257
0.127821
0.126384
0.124946
0.123506
0.122066
0.120625
0.119182
0.117739
0.116294
0.114848
0.113402
0.111954
0.110506
0.109056
0.107606
0.106154
0.104702
0.103248
0.101794
0.100339
0.0988831
0.0974262
0.0959685
0.0945099
0.0930505
0.0915903
0.0901293
0.0886675
0.0872049
0.0857415
0.0842774
0.0828126
0.081347
0.0798807
0.0784137
0.076946
0.0754777
0.0740087
0.072539
0.0710687
0.0695978
0.0681262
0.0666541
0.0651814
0.0637081
0.0622342
0.0607598
0.0592849
0.0578094
0.0563335
0.054857
0.0533801
0.0519027
0.0504249
0.0489466
0.0474678
0.0459887
0.0445092
0.0430292
0.0415489
0.0400683
0.0385872
0.0371059
0.0356242
0.0341422
0.0326599
0.0311773
0.0296944
0.0282113
0.026728
0.0252444
0.0237606
0.0222765
0.0207923
0.0193079
0.0178233
0.0163386
0.0148537
0.0133687
0.0118836
0.0103984
0.00891307
0.00742768
0.00594222
0.00445671
0.00297116
0.00148559
