0.00326117
0.00652185
0.00978155
0.0130398
0.0162961
0.01955
0.0228009
0.0260485
0.0292922
0.0325315
0.0357659
0.038995
0.0422183
0.0454353
0.0486455
0.0518485
0.0550437
0.0582307
0.061409
0.0645782
0.0677377
0.0708872
0.074026
0.0771538
0.0802701
0.0833744
0.0864663
0.0895453
0.0926109
0.0956627
0.0987002
0.101723
0.104731
0.107723
0.110698
0.113658
0.1166
0.119525
0.122433
0.125321
0.128192
0.131043
0.133874
0.136686
0.139477
0.142247
0.144996
0.147724
0.150429
0.153112
0.155772
0.158409
0.161022
0.163611
0.166176
0.168716
0.171231
0.17372
0.176183
0.17862
0.18103
0.183413
0.185769
0.188097
0.190397
0.192669
0.194911
0.197125
0.199309
0.201464
0.203588
0.205682
0.207745
0.209777
0.211778
0.213747
0.215685
0.21759
0.219462
0.221302
0.223109
0.224882
0.226622
0.228328
0.229999
0.231637
0.23324
0.234808
0.23634
0.237838
0.2393
0.240726
0.242117
0.243471
0.244788
0.246069
0.247314
0.248521
0.249691
0.250824
0.25192
0.252977
0.253997
0.254979
0.255923
0.256829
0.257696
0.258524
0.259314
0.260066
0.260778
0.261452
0.262086
0.262681
0.263237
0.263753
0.26423
0.264668
0.265066
0.265424
0.265743
0.266022
0.266261
0.266461
0.26662
0.26674
0.26682
0.266859
0.266859
0.26682
0.26674
0.26662
0.266461
0.266261
0.266022
0.265743
0.265424
0.265066
0.264668
0.26423
0.263753
0.263237
0.262681
0.262086
0.261452
0.260778
0.260066
0.259314
0.258524
0.257696
0.256829
0.255923
0.254979
0.253997
0.252977
0.25192
0.250824
0.249691
0.248521
0.247314
0.246069
0.244788
0.243471
0.242117
0.240726
0.2393
0.237838
0.23634
0.234808
0.23324
0.231637
0.229999
0.228328
0.226622
0.224882
0.223109
0.221302
0.219462
0.21759
0.215685
0.213747
0.211778
0.209777
0.207745
0.205682
0.203588
0.201464
0.199309
0.197125
0.194911
0.192669
0.190397
0.188097
0.185769
0.183413
0.18103
0.17862
0.176183
0.17372
0.171231
0.168716
0.166176
0.163611
0.161022
0.158409
0.155772
0.153112
0.150429
0.147724
0.144996
0.142247
0.139477
0.136686
0.133874
0.131043
0.128192
0.125321
0.122433
0.119525
0.1166
0.113658
0.110698
0.107723
0.104731
0.101723
0.0987002
0.0956627
0.0926109
0.0895453
0.0864663
0.0833744
0.0802701
0.0771538
0.074026
0.0708872
0.0677377
0.0645782
0.061409
0.0582307
0.0550437
0.0518485
0.0486455
0.0454353
0.0422183
0.038995
0.0357659
0.0325315
0.0292922
0.0260485
0.0228009
0.01955
0.0162961
0.0130398
0.00978155
0.00652185
0.00326117
