0.0025764
0.00515241
0.00772766
0.0103017
0.0128743
0.0154449
0.0180132
0.0205789
0.0231414
0.0257005
0.0282558
0.0308068
0.0333533
0.0358947
0.0384308
0.0409612
0.0434854
0.0460031
0.048514
0.0510176
0.0535136
0.0560016
0.0584813
0.0609522
0.063414
0.0658663
0.0683088
0.0707411
0.0731628
0.0755736
0.0779731
0.0803609
0.0827367
0.0851002
0.087451
0.0897887
0.092113
0.0944235
0.0967199
0.0990019
0.101269
0.103521
0.105758
0.107979
0.110183
0.112371
0.114543
0.116697
0.118834
0.120953
0.123054
0.125137
0.127201
0.129246
0.131271
0.133277
0.135263
0.137229
0.139175
0.141099
0.143003
0.144885
0.146746
0.148584
0.150401
0.152195
0.153966
0.155714
0.157439
0.15914
0.160818
0.162471
0.164101
0.165706
0.167286
0.168841
0.17037
0.171875
0.173353
0.174806
0.176233
0.177633
0.179007
0.180354
0.181674
0.182967
0.184233
0.185471
0.186681
0.187863
0.189018
0.190144
0.191242
0.192311
0.193351
0.194363
0.195345
0.196298
0.197222
0.198117
0.198982
0.199817
0.200622
0.201397
0.202143
0.202858
0.203542
0.204196
0.20482
0.205413
0.205976
0.206507
0.207008
0.207478
0.207917
0.208325
0.208701
0.209047
0.209361
0.209644
0.209895
0.210116
0.210305
0.210462
0.210588
0.210682
0.210745
0.210777
0.210777
0.210745
0.210682
0.210588
0.210462
0.210305
0.210116
0.209895
0.209644
0.209361
0.209047
0.208701
0.208325
0.207917
0.207478
0.207008
0.206507
0.205976
0.205413
0.20482
0.204196
0.203542
0.202858
0.202143
0.201397
0.200622
0.199817
0.198982
0.198117
0.197222
0.196298
0.195345
0.194363
0.193351
0.192311
0.191242
0.190144
0.189018
0.187863
0.186681
0.185471
0.184233
0.182967
0.181674
0.180354
0.179007
0.177633
0.176233
0.174806
0.173353
0.171875
0.17037
0.168841
0.167286
0.165706
0.164101
0.162471
0.160818
0.15914
0.157439
0.155714
0.153966
0.152195
0.150401
0.148584
0.146746
0.144885
0.143003
0.141099
0.139175
0.137229
0.135263
0.133277
0.131271
0.129246
0.127201
0.125137
0.123054
0.120953
0.118834
0.116697
0.114543
0.112371
0.110183
0.107979
0.105758
0.103521
0.101269
0.0990019
0.0967199
0.0944235
0.092113
0.0897887
0.087451
0.0851002
0.0827367
0.0803609
0.0779731
0.0755736
0.0731628
0.0707411
0.0683088
0.0658663
0.063414
0.0609522
0.0584813
0.0560016
0.0535136
0.0510176
0.048514
0.0460031
0.0434854
0.0409612
0.0384308
0.0358947
0.0333533
0.0308068
0.0282558
0.0257005
0.0231414
0.0205789
0.0180132
0.0154449
0.0128743
0.0103017
0.00772766
0.00515241
0.0025764
