0.00203513
0.00406996
0.00610418
0.00813749
0.0101696
0.0122002
0.0142289
0.0162555
0.0182797
0.0203012
0.0223196
0.0243347
0.0263462
0.0283537
0.030357
0.0323558
0.0343497
0.0363385
0.0383218
0.0402994
0.042271
0.0442363
0.046195
0.0481468
0.0500914
0.0520285
0.0539578
0.0558791
0.057792
0.0596963
0.0615916
0.0634778
0.0653545
0.0672214
0.0690782
0.0709248
0.0727607
0.0745858
0.0763997
0.0782022
0.0799931
0.0817719
0.0835386
0.0852928
0.0870342
0.0887626
0.0904778
0.0921794
0.0938673
0.0955411
0.0972007
0.0988457
0.100476
0.102091
0.103691
0.105276
0.106845
0.108397
0.109934
0.111454
0.112958
0.114444
0.115914
0.117366
0.118801
0.120218
0.121617
0.122998
0.12436
0.125704
0.127029
0.128335
0.129622
0.13089
0.132138
0.133366
0.134574
0.135762
0.13693
0.138078
0.139204
0.140311
0.141396
0.14246
0.143502
0.144523
0.145523
0.146501
0.147457
0.148391
0.149302
0.150192
0.151059
0.151903
0.152725
0.153524
0.1543
0.155053
0.155783
0.156489
0.157172
0.157832
0.158468
0.15908
0.159669
0.160233
0.160774
0.161291
0.161784
0.162252
0.162696
0.163116
0.163512
0.163883
0.164229
0.164551
0.164849
0.165122
0.16537
0.165593
0.165792
0.165966
0.166115
0.166239
0.166339
0.166414
0.166463
0.166488
0.166488
0.166463
0.166414
0.166339
0.166239
0.166115
0.165966
0.165792
0.165593
0.16537
0.165122
0.164849
0.164551
0.164229
0.163883
0.163512
0.163116
0.162696
0.162252
0.161784
0.161291
0.160774
0.160233
0.159669
0.15908
0.158468
0.157832
0.157172
0.156489
0.155783
0.155053
0.1543
0.153524
0.152725
0.151903
0.151059
0.150192
0.149302
0.148391
0.147457
0.146501
0.145523
0.144523
0.143502
0.14246
0.141396
0.140311
0.139204
0.138078
0.13693
0.135762
0.134574
0.133366
0.132138
0.13089
0.129622
0.128335
0.127029
0.125704
0.12436
0.122998
0.121617
0.120218
0.118801
0.117366
0.115914
0.114444
0.112958
0.111454
0.109934
0.108397
0.106845
0.105276
0.103691
0.102091
0.100476
0.0988457
0.0972007
0.0955411
0.0938673
0.0921794
0.0904778
0.0887626
0.0870342
0.0852928
0.0835386
0.0817719
0.0799931
0.0782022
0.0763997
0.0745858
0.0727607
0.0709248
0.0690782
0.0672214
0.0653545
0.0634778
0.0615916
0.0596963
0.057792
0.0558791
0.0539578
0.0520285
0.0500914
0.0481468
0.046195
0.0442363
0.042271
0.0402994
0.0383218
0.0363385
0.0343497
0.0323558
0.030357
0.0283537
0.0263462
0.0243347
0.0223196
0.0203012
0.0182797
0.0162555
0.0142289
0.0122002
0.0101696
0.00813749
0.00610418
0.00406996
0.00203513
