0.00134303
0.00268606
0.00402905
0.00537201
0.00671492
0.00805777
0.00940055
0.0107432
0.0120858
0.0134283
0.0147707
0.0161129
0.017455
0.0187969
0.0201386
0.0214802
0.0228216
0.0241627
0.0255037
0.0268444
0.0281849
0.0295251
0.030865
0.0322047
0.033544
0.0348831
0.0362218
0.0375602
0.0388983
0.040236
0.0415733
0.0429103
0.0442469
0.045583
0.0469188
0.0482541
0.049589
0.0509235
0.0522574
0.0535909
0.0549239
0.0562564
0.0575884
0.0589199
0.0602508
0.0615812
0.062911
0.0642402
0.0655689
0.066897
0.0682244
0.0695512
0.0708774
0.072203
0.0735278
0.0748521
0.0761756
0.0774984
0.0788205
0.080142
0.0814626
0.0827826
0.0841017
0.0854202
0.0867378
0.0880546
0.0893707
0.0906859
0.0920003
0.0933138
0.0946265
0.0959383
0.0972493
0.0985594
0.0998685
0.101177
0.102484
0.103791
0.105096
0.1064
0.107704
0.109006
0.110308
0.111609
0.112908
0.114207
0.115504
0.1168
0.118096
0.11939
0.120683
0.121975
0.123266
0.124556
0.125844
0.127132
0.128418
0.129703
0.130987
0.13227
0.133552
0.134832
0.136111
0.137389
0.138666
0.139941
0.141215
0.142488
0.143759
0.145029
0.146298
0.147566
0.148832
0.150097
0.15136
0.152622
0.153883
0.155142
0.1564
0.157656
0.158911
0.160164
0.161416
0.162667
0.163916
0.165163
0.166409
0.167654
0.168897
0.170138
0.171378
0.172616
0.173853
0.175088
0.176321
0.177553
0.178783
0.180012
0.181239
0.182464
0.183687
0.184909
0.18613
0.187348
0.188565
0.18978
0.190993
0.192205
0.193414
0.194622
0.195829
0.197033
0.198236
0.199436
0.200635
0.201832
0.203028
0.204221
0.205412
0.206602
0.20779
0.208976
0.210159
0.211341
0.212521
0.213699
0.214875
0.216049
0.217222
0.218392
0.21956
0.220726
0.22189
0.223052
0.224212
0.22537
0.226525
0.227679
0.228831
0.22998
0.231128
0.232273
0.233416
0.234557
0.235696
0.236832
0.237967
0.239099
0.240229
0.241357
0.242482
0.243606
0.244727
0.245846
0.246962
0.248077
0.249189
0.250298
0.251406
0.252511
0.253613
0.254714
0.255812
0.256908
0.258001
0.259092
0.26018
0.261266
0.26235
0.263431
0.26451
0.265587
0.26666
0.267732
0.268801
0.269867
0.270931
0.271993
0.273052
0.274108
0.275162
0.276214
0.277262
0.278309
0.279352
0.280393
0.281432
0.282468
0.283501
0.284531
0.285559
0.286585
0.287607
0.288627
0.289645
0.290659
0.291671
0.29268
0.293687
0.294691
0.295692
0.29669
0.297686
0.298678
0.299668
0.300656
0.30164
0.302622
0.303601
0.304577
0.30555
0.30652
0.307488
0.308452
0.309414
0.310373
0.311329
0.312282
0.313232
0.314179
0.315124
0.316065
0.317004
0.317939
0.318872
0.319801
0.320728
0.321651
0.322572
0.32349
0.324404
0.325316
0.326224
0.32713
0.328032
0.328932
0.329828
0.330721
0.331612
0.332499
0.333383
0.334264
0.335141
0.336016
0.336887
0.337756
0.338621
0.339483
0.340342
0.341198
0.34205
0.342899
0.343746
0.344588
0.345428
0.346265
0.347098
0.347928
0.348754
0.349578
0.350398
0.351215
0.352029
0.352839
0.353646
0.35445
0.35525
0.356047
0.356841
0.357631
0.358418
0.359202
0.359982
0.360759
0.361533
0.362303
0.36307
0.363833
0.364593
0.36535
0.366103
0.366853
0.367599
0.368342
0.369081
0.369817
0.37055
0.371279
0.372004
0.372726
0.373445
0.37416
0.374871
0.375579
0.376284
0.376985
0.377682
0.378376
0.379066
0.379753
0.380436
0.381115
0.381791
0.382464
0.383133
0.383798
0.38446
0.385118
0.385772
0.386423
0.38707
0.387713
0.388353
0.388989
0.389622
0.390251
0.390876
0.391497
0.392115
0.392729
0.39334
0.393946
0.394549
0.395149
0.395744
0.396336
0.396924
0.397509
0.398089
0.398666
0.399239
0.399809
0.400374
0.400936
0.401494
0.402049
0.402599
0.403146
0.403689
0.404228
0.404763
0.405295
0.405822
0.406346
0.406866
0.407382
0.407894
0.408403
0.408908
0.409408
0.409905
0.410398
0.410887
0.411373
0.411854
0.412331
0.412805
0.413275
0.41374
0.414202
0.41466
0.415114
0.415565
0.416011
0.416453
0.416891
0.417326
0.417756
0.418183
0.418605
0.419024
0.419439
0.419849
0.420256
0.420659
0.421057
0.421452
0.421843
0.42223
0.422613
0.422991
0.423366
0.423737
0.424104
0.424467
0.424825
0.42518
0.425531
0.425878
0.42622
0.426559
0.426894
0.427224
0.427551
0.427873
0.428192
0.428506
0.428816
0.429123
0.429425
0.429723
0.430017
0.430307
0.430593
0.430875
0.431152
0.431426
0.431696
0.431961
0.432223
0.43248
0.432733
0.432982
0.433227
0.433468
0.433705
0.433938
0.434166
0.434391
0.434611
0.434827
0.435039
0.435247
0.435451
0.435651
0.435846
0.436038
0.436225
0.436408
0.436588
0.436762
0.436933
0.4371
0.437262
0.437421
0.437575
0.437725
0.437871
0.438013
0.43815
0.438284
0.438413
0.438538
0.438659
0.438776
0.438889
0.438997
0.439101
0.439201
0.439297
0.439389
0.439477
0.43956
0.43964
0.439715
0.439786
0.439853
0.439915
0.439974
0.440028
0.440078
0.440124
0.440166
0.440204
0.440237
0.440266
0.440291
0.440312
0.440329
0.440341
0.44035
0.440354
0.440354
0.44035
0.440341
0.440329
0.440312
0.440291
0.440266
0.440237
0.440204
0.440166
0.440124
0.440078
0.440028
0.439974
0.439915
0.439853
0.439786
0.439715
0.43964
0.43956
0.439477
0.439389
0.439297
0.439201
0.439101
0.438997
0.438889
0.438776
0.438659
0.438538
0.438413
0.438284
0.43815
0.438013
0.437871
0.437725
0.437575
0.437421
0.437262
0.4371
0.436933
0.436762
0.436588
0.436408
0.436225
0.436038
0.435846
0.435651
0.435451
0.435247
0.435039
0.434827
0.434611
0.434391
0.434166
0.433938
0.433705
0.433468
0.433227
0.432982
0.432733
0.43248
0.432223
0.431961
0.431696
0.431426
0.431152
0.430875
0.430593
0.430307
0.430017
0.429723
0.429425
0.429123
0.428816
0.428506
0.428192
0.427873
0.427551
0.427224
0.426894
0.426559
0.42622
0.425878
0.425531
0.42518
0.424825
0.424467
0.424104
0.423737
0.423366
0.422991
0.422613
0.42223
0.421843
0.421452
0.421057
0.420659
0.420256
0.419849
0.419439
0.419024
0.418605
0.418183
0.417756
0.417326
0.416891
0.416453
0.416011
0.415565
0.415114
0.41466
0.414202
0.41374
0.413275
0.412805
0.412331
0.411854
0.411373
0.410887
0.410398
0.409905
0.409408
0.408908
0.408403
0.407894
0.407382
0.406866
0.406346
0.405822
0.405295
0.404763
0.404228
0.403689
0.403146
0.402599
0.402049
0.401494
0.400936
0.400374
0.399809
0.399239
0.398666
0.398089
0.397509
0.396924
0.396336
0.395744
0.395149
0.394549
0.393946
0.39334
0.392729
0.392115
0.391497
0.390876
0.390251
0.389622
0.388989
0.388353
0.387713
0.38707
0.386423
0.385772
0.385118
0.38446
0.383798
0.383133
0.382464
0.381791
0.381115
0.380436
0.379753
0.379066
0.378376
0.377682
0.376985
0.376284
0.375579
0.374871
0.37416
0.373445
0.372726
0.372004
0.371279
0.37055
0.369817
0.369081
0.368342
0.367599
0.366853
0.366103
0.36535
0.364593
0.363833
0.36307
0.362303
0.361533
0.360759
0.359982
0.359202
0.358418
0.357631
0.356841
0.356047
0.35525
0.35445
0.353646
0.352839
0.352029
0.351215
0.350398
0.349578
0.348754
0.347928
0.347098
0.346265
0.345428
0.344588
0.343746
0.342899
0.34205
0.341198
0.340342
0.339483
0.338621
0.337756
0.336887
0.336016
0.335141
0.334264
0.333383
0.332499
0.331612
0.330721
0.329828
0.328932
0.328032
0.32713
0.326224
0.325316
0.324404
0.32349
0.322572
0.321651
0.320728
0.319801
0.318872
0.317939
0.317004
0.316065
0.315124
0.314179
0.313232
0.312282
0.311329
0.310373
0.309414
0.308452
0.307488
0.30652
0.30555
0.304577
0.303601
0.302622
0.30164
0.300656
0.299668
0.298678
0.297686
0.29669
0.295692
0.294691
0.293687
0.29268
0.291671
0.290659
0.289645
0.288627
0.287607
0.286585
0.285559
0.284531
0.283501
0.282468
0.281432
0.280393
0.279352
0.278309
0.277262
0.276214
0.275162
0.274108
0.273052
0.271993
0.270931
0.269867
0.268801
0.267732
0.26666
0.265587
0.26451
0.263431
0.26235
0.261266
0.26018
0.259092
0.258001
0.256908
0.255812
0.254714
0.253613
0.252511
0.251406
0.250298
0.249189
0.248077
0.246962
0.245846
0.244727
0.243606
0.242482
0.241357
0.240229
0.239099
0.237967
0.236832
0.235696
0.234557
0.233416
0.232273
0.231128
0.22998
0.228831
0.227679
0.226525
0.22537
0.224212
0.223052
0.22189
0.220726
0.21956
0.218392
0.217222
0.216049
0.214875
0.213699
0.212521
0.211341
0.210159
0.208976
0.20779
0.206602
0.205412
0.204221
0.203028
0.201832
0.200635
0.199436
0.198236
0.197033
0.195829
0.194622
0.193414
0.192205
0.190993
0.18978
0.188565
0.187348
0.18613
0.184909
0.183687
0.182464
0.181239
0.180012
0.178783
0.177553
0.176321
0.175088
0.173853
0.172616
0.171378
0.170138
0.168897
0.167654
0.166409
0.165163
0.163916
0.162667
0.161416
0.160164
0.158911
0.157656
0.1564
0.155142
0.153883
0.152622
0.15136
0.150097
0.148832
0.147566
0.146298
0.145029
0.143759
0.142488
0.141215
0.139941
0.138666
0.137389
0.136111
0.134832
0.133552
0.13227
0.130987
0.129703
0.128418
0.127132
0.125844
0.124556
0.123266
0.121975
0.120683
0.11939
0.118096
0.1168
0.115504
0.114207
0.112908
0.111609
0.110308
0.109006
0.107704
0.1064
0.105096
0.103791
0.102484
0.101177
0.0998685
0.0985594
0.0972493
0.0959383
0.0946265
0.0933138
0.0920003
0.0906859
0.0893707
0.0880546
0.0867378
0.0854202
0.0841017
0.0827826
0.0814626
0.080142
0.0788205
0.0774984
0.0761756
0.0748521
0.0735278
0.072203
0.0708774
0.0695512
0.0682244
0.066897
0.0655689
0.0642402
0.062911
0.0615812
0.0602508
0.0589199
0.0575884
0.0562564
0.0549239
0.0535909
0.0522574
0.0509235
0.049589
0.0482541
0.0469188
0.045583
0.0442469
0.0429103
0.0415733
0.040236
0.0388983
0.0375602
0.0362218
0.0348831
0.033544
0.0322047
0.030865
0.0295251
0.0281849
0.0268444
0.0255037
0.0241627
0.0228216
0.0214802
0.0201386
0.0187969
0.017455
0.0161129
0.0147707
0.0134283
0.0120858
0.0107432
0.00940055
0.00805777
0.00671492
0.00537201
0.00402905
0.00268606
0.00134303
