0.00176877
0.00353753
0.00530627
0.00707498
0.00884365
0.0106123
0.0123808
0.0141493
0.0159177
0.017686
0.0194542
0.0212223
0.0229902
0.0247581
0.0265257
0.0282933
0.0300606
0.0318278
0.0335948
0.0353616
0.0371282
0.0388945
0.0406606
0.0424265
0.0441922
0.0459576
0.0477227
0.0494875
0.051252
0.0530162
0.0547802
0.0565437
0.058307
0.0600699
0.0618324
0.0635946
0.0653564
0.0671178
0.0688788
0.0706395
0.0723996
0.0741594
0.0759187
0.0776775
0.0794359
0.0811938
0.0829513
0.0847082
0.0864646
0.0882205
0.0899759
0.0917307
0.093485
0.0952387
0.0969919
0.0987444
0.100496
0.102248
0.103998
0.105749
0.107498
0.109247
0.110995
0.112743
0.114489
0.116235
0.117981
0.119725
0.121469
0.123213
0.124955
0.126697
0.128438
0.130178
0.131917
0.133656
0.135393
0.13713
0.138866
0.140601
0.142336
0.144069
0.145801
0.147533
0.149264
0.150993
0.152722
0.15445
0.156177
0.157903
0.159628
0.161352
0.163075
0.164797
0.166518
0.168237
0.169956
0.171674
0.17339
0.175106
0.17682
0.178534
0.180246
0.181957
0.183667
0.185375
0.187083
0.188789
0.190494
0.192198
0.1939
0.195602
0.197302
0.199001
0.200698
0.202394
0.204089
0.205783
0.207475
0.209166
0.210856
0.212544
0.214231
0.215916
0.2176
0.219282
0.220964
0.222643
0.224321
0.225998
0.227673
0.229347
0.231019
0.232689
0.234358
0.236026
0.237692
0.239356
0.241019
0.24268
0.244339
0.245997
0.247653
0.249308
0.25096
0.252611
0.254261
0.255908
0.257554
0.259198
0.260841
0.262481
0.26412
0.265757
0.267392
0.269025
0.270656
0.272286
0.273913
0.275539
0.277163
0.278785
0.280405
0.282022
0.283638
0.285252
0.286864
0.288474
0.290082
0.291688
0.293292
0.294893
0.296493
0.29809
0.299685
0.301279
0.30287
0.304458
0.306045
0.307629
0.309212
0.310792
0.312369
0.313945
0.315518
0.317089
0.318657
0.320223
0.321787
0.323349
0.324908
0.326465
0.328019
0.329571
0.33112
0.332667
0.334212
0.335754
0.337293
0.33883
0.340365
0.341897
0.343426
0.344953
0.346477
0.347998
0.349517
0.351034
0.352547
0.354058
0.355566
0.357072
0.358574
0.360074
0.361572
0.363066
0.364558
0.366047
0.367533
0.369016
0.370496
0.371973
0.373448
0.374919
0.376388
0.377854
0.379316
0.380776
0.382233
0.383687
0.385137
0.386585
0.38803
0.389471
0.39091
0.392345
0.393777
0.395206
0.396632
0.398054
0.399474
0.40089
0.402303
0.403713
0.405119
0.406522
0.407922
0.409319
0.410712
0.412102
0.413488
0.414871
0.416251
0.417627
0.419
0.420369
0.421735
0.423097
0.424456
0.425812
0.427163
0.428512
0.429856
0.431197
0.432535
0.433868
0.435199
0.436525
0.437848
0.439167
0.440482
0.441794
0.443102
0.444406
0.445706
0.447003
0.448295
0.449584
0.450869
0.45215
0.453428
0.454701
0.45597
0.457236
0.458497
0.459755
0.461008
0.462258
0.463503
0.464745
0.465982
0.467215
0.468444
0.46967
0.470891
0.472107
0.47332
0.474528
0.475733
0.476933
0.478128
0.47932
0.480507
0.48169
0.482869
0.484043
0.485213
0.486379
0.48754
0.488697
0.48985
0.490998
0.492142
0.493281
0.494416
0.495546
0.496672
0.497793
0.49891
0.500022
0.501129
0.502232
0.503331
0.504425
0.505514
0.506598
0.507678
0.508753
0.509824
0.510889
0.51195
0.513007
0.514058
0.515105
0.516147
0.517184
0.518216
0.519244
0.520266
0.521284
0.522297
0.523305
0.524308
0.525306
0.526299
0.527287
0.52827
0.529249
0.530222
0.53119
0.532153
0.533111
0.534064
0.535012
0.535955
0.536892
0.537825
0.538752
0.539674
0.540591
0.541503
0.54241
0.543311
0.544207
0.545098
0.545984
0.546864
0.547739
0.548609
0.549473
0.550332
0.551186
0.552035
0.552878
0.553715
0.554547
0.555374
0.556196
0.557012
0.557822
0.558627
0.559426
0.56022
0.561009
0.561792
0.562569
0.563341
0.564108
0.564868
0.565623
0.566373
0.567117
0.567855
0.568588
0.569315
0.570036
0.570752
0.571462
0.572166
0.572865
0.573558
0.574245
0.574926
0.575602
0.576272
0.576936
0.577594
0.578246
0.578893
0.579534
0.580169
0.580798
0.581421
0.582039
0.58265
0.583256
0.583855
0.584449
0.585037
0.585619
0.586195
0.586765
0.587329
0.587887
0.58844
0.588986
0.589526
0.59006
0.590588
0.59111
0.591626
0.592136
0.59264
0.593138
0.59363
0.594116
0.594596
0.595069
0.595537
0.595998
0.596453
0.596902
0.597345
0.597782
0.598213
0.598637
0.599056
0.599468
0.599874
0.600273
0.600667
0.601054
0.601435
0.60181
0.602179
0.602542
0.602898
0.603248
0.603592
0.603929
0.60426
0.604585
0.604904
0.605216
0.605522
0.605822
0.606116
0.606403
0.606684
0.606958
0.607227
0.607489
0.607744
0.607994
0.608237
0.608473
0.608703
0.608927
0.609145
0.609356
0.609561
0.609759
0.609952
0.610137
0.610317
0.61049
0.610656
0.610817
0.61097
0.611118
0.611259
0.611394
0.611522
0.611644
0.611759
0.611868
0.611971
0.612067
0.612157
0.612241
0.612318
0.612388
0.612452
0.61251
0.612562
0.612607
0.612645
0.612677
0.612703
0.612722
0.612735
0.612741
0.612741
0.612735
0.612722
0.612703
0.612677
0.612645
0.612607
0.612562
0.61251
0.612452
0.612388
0.612318
0.612241
0.612157
0.612067
0.611971
0.611868
0.611759
0.611644
0.611522
0.611394
0.611259
0.611118
0.61097
0.610817
0.610656
0.61049
0.610317
0.610137
0.609952
0.609759
0.609561
0.609356
0.609145
0.608927
0.608703
0.608473
0.608237
0.607994
0.607744
0.607489
0.607227
0.606958
0.606684
0.606403
0.606116
0.605822
0.605522
0.605216
0.604904
0.604585
0.60426
0.603929
0.603592
0.603248
0.602898
0.602542
0.602179
0.60181
0.601435
0.601054
0.600667
0.600273
0.599874
0.599468
0.599056
0.598637
0.598213
0.597782
0.597345
0.596902
0.596453
0.595998
0.595537
0.595069
0.594596
0.594116
0.59363
0.593138
0.59264
0.592136
0.591626
0.59111
0.590588
0.59006
0.589526
0.588986
0.58844
0.587887
0.587329
0.586765
0.586195
0.585619
0.585037
0.584449
0.583855
0.583256
0.58265
0.582039
0.581421
0.580798
0.580169
0.579534
0.578893
0.578246
0.577594
0.576936
0.576272
0.575602
0.574926
0.574245
0.573558
0.572865
0.572166
0.571462
0.570752
0.570036
0.569315
0.568588
0.567855
0.567117
0.566373
0.565623
0.564868
0.564108
0.563341
0.562569
0.561792
0.561009
0.56022
0.559426
0.558627
0.557822
0.557012
0.556196
0.555374
0.554547
0.553715
0.552878
0.552035
0.551186
0.550332
0.549473
0.548609
0.547739
0.546864
0.545984
0.545098
0.544207
0.543311
0.54241
0.541503
0.540591
0.539674
0.538752
0.537825
0.536892
0.535955
0.535012
0.534064
0.533111
0.532153
0.53119
0.530222
0.529249
0.52827
0.527287
0.526299
0.525306
0.524308
0.523305
0.522297
0.521284
0.520266
0.519244
0.518216
0.517184
0.516147
0.515105
0.514058
0.513007
0.51195
0.510889
0.509824
0.508753
0.507678
0.506598
0.505514
0.504425
0.503331
0.502232
0.501129
0.500022
0.49891
0.497793
0.496672
0.495546
0.494416
0.493281
0.492142
0.490998
0.48985
0.488697
0.48754
0.486379
0.485213
0.484043
0.482869
0.48169
0.480507
0.47932
0.478128
0.476933
0.475733
0.474528
0.47332
0.472107
0.470891
0.46967
0.468444
0.467215
0.465982
0.464745
0.463503
0.462258
0.461008
0.459755
0.458497
0.457236
0.45597
0.454701
0.453428
0.45215
0.450869
0.449584
0.448295
0.447003
0.445706
0.444406
0.443102
0.441794
0.440482
0.439167
0.437848
0.436525
0.435199
0.433868
0.432535
0.431197
0.429856
0.428512
0.427163
0.425812
0.424456
0.423097
0.421735
0.420369
0.419
0.417627
0.416251
0.414871
0.413488
0.412102
0.410712
0.409319
0.407922
0.406522
0.405119
0.403713
0.402303
0.40089
0.399474
0.398054
0.396632
0.395206
0.393777
0.392345
0.39091
0.389471
0.38803
0.386585
0.385137
0.383687
0.382233
0.380776
0.379316
0.377854
0.376388
0.374919
0.373448
0.371973
0.370496
0.369016
0.367533
0.366047
0.364558
0.363066
0.361572
0.360074
0.358574
0.357072
0.355566
0.354058
0.352547
0.351034
0.349517
0.347998
0.346477
0.344953
0.343426
0.341897
0.340365
0.33883
0.337293
0.335754
0.334212
0.332667
0.33112
0.329571
0.328019
0.326465
0.324908
0.323349
0.321787
0.320223
0.318657
0.317089
0.315518
0.313945
0.312369
0.310792
0.309212
0.307629
0.306045
0.304458
0.30287
0.301279
0.299685
0.29809
0.296493
0.294893
0.293292
0.291688
0.290082
0.288474
0.286864
0.285252
0.283638
0.282022
0.280405
0.278785
0.277163
0.275539
0.273913
0.272286
0.270656
0.269025
0.267392
0.265757
0.26412
0.262481
0.260841
0.259198
0.257554
0.255908
0.254261
0.252611
0.25096
0.249308
0.247653
0.245997
0.244339
0.24268
0.241019
0.239356
0.237692
0.236026
0.234358
0.232689
0.231019
0.229347
0.227673
0.225998
0.224321
0.222643
0.220964
0.219282
0.2176
0.215916
0.214231
0.212544
0.210856
0.209166
0.207475
0.205783
0.204089
0.202394
0.200698
0.199001
0.197302
0.195602
0.1939
0.192198
0.190494
0.188789
0.187083
0.185375
0.183667
0.181957
0.180246
0.178534
0.17682
0.175106
0.17339
0.171674
0.169956
0.168237
0.166518
0.164797
0.163075
0.161352
0.159628
0.157903
0.156177
0.15445
0.152722
0.150993
0.149264
0.147533
0.145801
0.144069
0.142336
0.140601
0.138866
0.13713
0.135393
0.133656
0.131917
0.130178
0.128438
0.126697
0.124955
0.123213
0.121469
0.119725
0.117981
0.116235
0.114489
0.112743
0.110995
0.109247
0.107498
0.105749
0.103998
0.102248
0.100496
0.0987444
0.0969919
0.0952387
0.093485
0.0917307
0.0899759
0.0882205
0.0864646
0.0847082
0.0829513
0.0811938
0.0794359
0.0776775
0.0759187
0.0741594
0.0723996
0.0706395
0.0688788
0.0671178
0.0653564
0.0635946
0.0618324
0.0600699
0.058307
0.0565437
0.0547802
0.0530162
0.051252
0.0494875
0.0477227
0.0459576
0.0441922
0.0424265
0.0406606
0.0388945
0.0371282
0.0353616
0.0335948
0.0318278
0.0300606
0.0282933
0.0265257
0.0247581
0.0229902
0.0212223
0.0194542
0.017686
0.0159177
0.0141493
0.0123808
0.0106123
0.00884365
0.00707498
0.00530627
0.00353753
0.00176877
