0.00184638
0.00369276
0.00553914
0.00738552
0.00923189
0.0110783
0.0129246
0.014771
0.0166173
0.0184636
0.02031
0.0221563
0.0240026
0.0258488
0.0276951
0.0295413
0.0313876
0.0332338
0.03508
0.0369261
0.0387723
0.0406184
0.0424645
0.0443105
0.0461565
0.0480025
0.0498485
0.0516944
0.0535403
0.0553862
0.057232
0.0590778
0.0609235
0.0627692
0.0646148
0.0664604
0.0683059
0.0701514
0.0719968
0.0738422
0.0756875
0.0775328
0.079378
0.0812231
0.0830681
0.0849131
0.086758
0.0886028
0.0904476
0.0922922
0.0941368
0.0959813
0.0978257
0.09967
0.101514
0.103358
0.105202
0.107046
0.10889
0.110734
0.112577
0.114421
0.116264
0.118107
0.11995
0.121793
0.123636
0.125478
0.127321
0.129163
0.131005
0.132847
0.134689
0.136531
0.138372
0.140214
0.142055
0.143896
0.145736
0.147577
0.149417
0.151257
0.153097
0.154937
0.156776
0.158615
0.160454
0.162293
0.164131
0.16597
0.167807
0.169645
0.171482
0.173319
0.175156
0.176993
0.178829
0.180665
0.1825
0.184335
0.18617
0.188005
0.189839
0.191672
0.193506
0.195339
0.197171
0.199004
0.200835
0.202667
0.204498
0.206328
0.208158
0.209988
0.211817
0.213646
0.215474
0.217302
0.219129
0.220956
0.222782
0.224608
0.226433
0.228258
0.230082
0.231905
0.233728
0.23555
0.237372
0.239193
0.241013
0.242833
0.244652
0.246471
0.248289
0.250106
0.251922
0.253738
0.255553
0.257367
0.259181
0.260993
0.262805
0.264616
0.266427
0.268236
0.270045
0.271853
0.27366
0.275466
0.277271
0.279075
0.280879
0.282681
0.284483
0.286283
0.288083
0.289881
0.291679
0.293475
0.295271
0.297065
0.298859
0.300651
0.302442
0.304232
0.306021
0.307809
0.309595
0.311381
0.313165
0.314948
0.31673
0.31851
0.320289
0.322067
0.323844
0.325619
0.327393
0.329166
0.330937
0.332707
0.334475
0.336242
0.338007
0.339771
0.341534
0.343295
0.345054
0.346812
0.348569
0.350323
0.352076
0.353828
0.355578
0.357326
0.359072
0.360817
0.36256
0.364301
0.366041
0.367778
0.369514
0.371248
0.37298
0.37471
0.376439
0.378165
0.379889
0.381612
0.383332
0.385051
0.386767
0.388482
0.390194
0.391904
0.393612
0.395318
0.397021
0.398723
0.400422
0.402119
0.403814
0.405506
0.407196
0.408884
0.41057
0.412253
0.413933
0.415611
0.417287
0.41896
0.420631
0.422299
0.423965
0.425628
0.427288
0.428946
0.430601
0.432253
0.433903
0.43555
0.437194
0.438836
0.440474
0.44211
0.443743
0.445373
0.447
0.448624
0.450245
0.451863
0.453478
0.45509
0.456699
0.458305
0.459908
0.461508
0.463104
0.464697
0.466287
0.467874
0.469458
0.471038
0.472615
0.474188
0.475758
0.477325
0.478888
0.480447
0.482004
0.483556
0.485105
0.486651
0.488193
0.489731
0.491266
0.492796
0.494324
0.495847
0.497367
0.498882
0.500394
0.501902
0.503407
0.504907
0.506403
0.507896
0.509384
0.510868
0.512349
0.513825
0.515297
0.516765
0.518228
0.519688
0.521143
0.522594
0.524041
0.525484
0.526922
0.528355
0.529785
0.53121
0.53263
0.534046
0.535458
0.536865
0.538267
0.539665
0.541058
0.542447
0.543831
0.54521
0.546584
0.547954
0.549319
0.550679
0.552034
0.553384
0.55473
0.55607
0.557406
0.558736
0.560062
0.561382
0.562698
0.564008
0.565313
0.566613
0.567908
0.569198
0.570482
0.571762
0.573036
0.574304
0.575567
0.576825
0.578078
0.579325
0.580566
0.581803
0.583033
0.584258
0.585478
0.586692
0.5879
0.589103
0.5903
0.591491
0.592677
0.593857
0.595031
0.596199
0.597362
0.598518
0.599669
0.600814
0.601953
0.603086
0.604213
0.605334
0.606449
0.607558
0.608661
0.609757
0.610848
0.611932
0.613011
0.614083
0.615149
0.616208
0.617262
0.618309
0.619349
0.620384
0.621412
0.622433
0.623448
0.624457
0.625459
0.626455
0.627444
0.628427
0.629403
0.630372
0.631335
0.632291
0.633241
0.634184
0.63512
0.63605
0.636972
0.637888
0.638798
0.6397
0.640596
0.641484
0.642366
0.643241
0.644109
0.64497
0.645824
0.646671
0.647512
0.648345
0.649171
0.64999
0.650802
0.651606
0.652404
0.653195
0.653978
0.654754
0.655523
0.656285
0.65704
0.657787
0.658527
0.65926
0.659985
0.660704
0.661414
0.662118
0.662814
0.663503
0.664184
0.664858
0.665524
0.666183
0.666834
0.667478
0.668115
0.668743
0.669365
0.669979
0.670585
0.671183
0.671774
0.672358
0.672934
0.673502
0.674062
0.674615
0.67516
0.675697
0.676227
0.676749
0.677263
0.677769
0.678268
0.678759
0.679242
0.679717
0.680185
0.680644
0.681096
0.68154
0.681976
0.682404
0.682824
0.683237
0.683641
0.684038
0.684426
0.684807
0.685179
0.685544
0.685901
0.68625
0.686591
0.686923
0.687248
0.687565
0.687874
0.688175
0.688467
0.688752
0.689029
0.689297
0.689558
0.68981
0.690054
0.690291
0.690519
0.690739
0.690951
0.691155
0.69135
0.691538
0.691718
0.691889
0.692052
0.692207
0.692354
0.692493
0.692624
0.692746
0.692861
0.692967
0.693065
0.693155
0.693237
0.69331
0.693376
0.693433
0.693482
0.693523
0.693555
0.69358
0.693596
0.693604
0.693604
0.693596
0.69358
0.693555
0.693523
0.693482
0.693433
0.693376
0.69331
0.693237
0.693155
0.693065
0.692967
0.692861
0.692746
0.692624
0.692493
0.692354
0.692207
0.692052
0.691889
0.691718
0.691538
0.69135
0.691155
0.690951
0.690739
0.690519
0.690291
0.690054
0.68981
0.689558
0.689297
0.689029
0.688752
0.688467
0.688175
0.687874
0.687565
0.687248
0.686923
0.686591
0.68625
0.685901
0.685544
0.685179
0.684807
0.684426
0.684038
0.683641
0.683237
0.682824
0.682404
0.681976
0.68154
0.681096
0.680644
0.680185
0.679717
0.679242
0.678759
0.678268
0.677769
0.677263
0.676749
0.676227
0.675697
0.67516
0.674615
0.674062
0.673502
0.672934
0.672358
0.671774
0.671183
0.670585
0.669979
0.669365
0.668743
0.668115
0.667478
0.666834
0.666183
0.665524
0.664858
0.664184
0.663503
0.662814
0.662118
0.661414
0.660704
0.659985
0.65926
0.658527
0.657787
0.65704
0.656285
0.655523
0.654754
0.653978
0.653195
0.652404
0.651606
0.650802
0.64999
0.649171
0.648345
0.647512
0.646671
0.645824
0.64497
0.644109
0.643241
0.642366
0.641484
0.640596
0.6397
0.638798
0.637888
0.636972
0.63605
0.63512
0.634184
0.633241
0.632291
0.631335
0.630372
0.629403
0.628427
0.627444
0.626455
0.625459
0.624457
0.623448
0.622433
0.621412
0.620384
0.619349
0.618309
0.617262
0.616208
0.615149
0.614083
0.613011
0.611932
0.610848
0.609757
0.608661
0.607558
0.606449
0.605334
0.604213
0.603086
0.601953
0.600814
0.599669
0.598518
0.597362
0.596199
0.595031
0.593857
0.592677
0.591491
0.5903
0.589103
0.5879
0.586692
0.585478
0.584258
0.583033
0.581803
0.580566
0.579325
0.578078
0.576825
0.575567
0.574304
0.573036
0.571762
0.570482
0.569198
0.567908
0.566613
0.565313
0.564008
0.562698
0.561382
0.560062
0.558736
0.557406
0.55607
0.55473
0.553384
0.552034
0.550679
0.549319
0.547954
0.546584
0.54521
0.543831
0.542447
0.541058
0.539665
0.538267
0.536865
0.535458
0.534046
0.53263
0.53121
0.529785
0.528355
0.526922
0.525484
0.524041
0.522594
0.521143
0.519688
0.518228
0.516765
0.515297
0.513825
0.512349
0.510868
0.509384
0.507896
0.506403
0.504907
0.503407
0.501902
0.500394
0.498882
0.497367
0.495847
0.494324
0.492796
0.491266
0.489731
0.488193
0.486651
0.485105
0.483556
0.482004
0.480447
0.478888
0.477325
0.475758
0.474188
0.472615
0.471038
0.469458
0.467874
0.466287
0.464697
0.463104
0.461508
0.459908
0.458305
0.456699
0.45509
0.453478
0.451863
0.450245
0.448624
0.447
0.445373
0.443743
0.44211
0.440474
0.438836
0.437194
0.43555
0.433903
0.432253
0.430601
0.428946
0.427288
0.425628
0.423965
0.422299
0.420631
0.41896
0.417287
0.415611
0.413933
0.412253
0.41057
0.408884
0.407196
0.405506
0.403814
0.402119
0.400422
0.398723
0.397021
0.395318
0.393612
0.391904
0.390194
0.388482
0.386767
0.385051
0.383332
0.381612
0.379889
0.378165
0.376439
0.37471
0.37298
0.371248
0.369514
0.367778
0.366041
0.364301
0.36256
0.360817
0.359072
0.357326
0.355578
0.353828
0.352076
0.350323
0.348569
0.346812
0.345054
0.343295
0.341534
0.339771
0.338007
0.336242
0.334475
0.332707
0.330937
0.329166
0.327393
0.325619
0.323844
0.322067
0.320289
0.31851
0.31673
0.314948
0.313165
0.311381
0.309595
0.307809
0.306021
0.304232
0.302442
0.300651
0.298859
0.297065
0.295271
0.293475
0.291679
0.289881
0.288083
0.286283
0.284483
0.282681
0.280879
0.279075
0.277271
0.275466
0.27366
0.271853
0.270045
0.268236
0.266427
0.264616
0.262805
0.260993
0.259181
0.257367
0.255553
0.253738
0.251922
0.250106
0.248289
0.246471
0.244652
0.242833
0.241013
0.239193
0.237372
0.23555
0.233728
0.231905
0.230082
0.228258
0.226433
0.224608
0.222782
0.220956
0.219129
0.217302
0.215474
0.213646
0.211817
0.209988
0.208158
0.206328
0.204498
0.202667
0.200835
0.199004
0.197171
0.195339
0.193506
0.191672
0.189839
0.188005
0.18617
0.184335
0.1825
0.180665
0.178829
0.176993
0.175156
0.173319
0.171482
0.169645
0.167807
0.16597
0.164131
0.162293
0.160454
0.158615
0.156776
0.154937
0.153097
0.151257
0.149417
0.147577
0.145736
0.143896
0.142055
0.140214
0.138372
0.136531
0.134689
0.132847
0.131005
0.129163
0.127321
0.125478
0.123636
0.121793
0.11995
0.118107
0.116264
0.114421
0.112577
0.110734
0.10889
0.107046
0.105202
0.103358
0.101514
0.09967
0.0978257
0.0959813
0.0941368
0.0922922
0.0904476
0.0886028
0.086758
0.0849131
0.0830681
0.0812231
0.079378
0.0775328
0.0756875
0.0738422
0.0719968
0.0701514
0.0683059
0.0664604
0.0646148
0.0627692
0.0609235
0.0590778
0.057232
0.0553862
0.0535403
0.0516944
0.0498485
0.0480025
0.0461565
0.0443105
0.0424645
0.0406184
0.0387723
0.0369261
0.03508
0.0332338
0.0313876
0.0295413
0.0276951
0.0258488
0.0240026
0.0221563
0.02031
0.0184636
0.0166173
0.014771
0.0129246
0.0110783
0.00923189
0.00738552
0.00553914
0.00369276
0.00184638
