0.00168523
0.00337044
0.00505563
0.00674078
0.00842588
0.0101109
0.0117959
0.0134808
0.0151655
0.0168502
0.0185347
0.0202192
0.0219034
0.0235875
0.0252714
0.0269552
0.0286387
0.030322
0.0320051
0.033688
0.0353706
0.037053
0.038735
0.0404168
0.0420983
0.0437795
0.0454604
0.0471409
0.0488211
0.0505009
0.0521803
0.0538594
0.055538
0.0572163
0.0588941
0.0605715
0.0622484
0.0639249
0.0656009
0.0672764
0.0689514
0.0706259
0.0722999
0.0739734
0.0756463
0.0773186
0.0789904
0.0806615
0.0823321
0.0840021
0.0856714
0.0873401
0.0890082
0.0906755
0.0923423
0.0940083
0.0956736
0.0973382
0.0990021
0.100665
0.102328
0.103989
0.10565
0.10731
0.108969
0.110628
0.112285
0.113942
0.115598
0.117253
0.118907
0.120561
0.122213
0.123865
0.125515
0.127165
0.128813
0.130461
0.132108
0.133753
0.135398
0.137042
0.138684
0.140326
0.141966
0.143606
0.145244
0.146881
0.148518
0.150153
0.151786
0.153419
0.155051
0.156681
0.15831
0.159938
0.161565
0.163191
0.164815
0.166438
0.16806
0.16968
0.171299
0.172917
0.174534
0.176149
0.177763
0.179376
0.180987
0.182596
0.184205
0.185812
0.187417
0.189021
0.190624
0.192225
0.193825
0.195423
0.19702
0.198615
0.200208
0.2018
0.203391
0.20498
0.206567
0.208153
0.209737
0.211319
0.2129
0.21448
0.216057
0.217633
0.219207
0.220779
0.22235
0.223919
0.225486
0.227052
0.228615
0.230177
0.231737
0.233295
0.234852
0.236406
0.237959
0.23951
0.241059
0.242606
0.244151
0.245694
0.247235
0.248775
0.250312
0.251847
0.253381
0.254912
0.256441
0.257968
0.259493
0.261017
0.262538
0.264056
0.265573
0.267088
0.2686
0.270111
0.271619
0.273125
0.274629
0.276131
0.27763
0.279127
0.280622
0.282115
0.283605
0.285093
0.286579
0.288062
0.289543
0.291022
0.292498
0.293972
0.295444
0.296913
0.29838
0.299844
0.301306
0.302766
0.304223
0.305677
0.307129
0.308578
0.310025
0.31147
0.312911
0.314351
0.315787
0.317221
0.318652
0.320081
0.321507
0.322931
0.324351
0.325769
0.327185
0.328597
0.330007
0.331414
0.332819
0.33422
0.335619
0.337015
0.338408
0.339799
0.341186
0.342571
0.343952
0.345331
0.346707
0.34808
0.34945
0.350817
0.352181
0.353542
0.354901
0.356256
0.357608
0.358957
0.360303
0.361646
0.362986
0.364323
0.365656
0.366987
0.368314
0.369638
0.37096
0.372277
0.373592
0.374904
0.376212
0.377517
0.378819
0.380117
0.381412
0.382704
0.383993
0.385278
0.38656
0.387839
0.389114
0.390386
0.391654
0.392919
0.394181
0.395439
0.396694
0.397945
0.399193
0.400437
0.401678
0.402915
0.404149
0.405379
0.406606
0.407829
0.409048
0.410264
0.411476
0.412685
0.41389
0.415091
0.416288
0.417482
0.418672
0.419859
0.421041
0.42222
0.423396
0.424567
0.425735
0.426898
0.428058
0.429215
0.430367
0.431515
0.43266
0.433801
0.434937
0.43607
0.437199
0.438324
0.439445
0.440562
0.441675
0.442784
0.44389
0.444991
0.446088
0.447181
0.44827
0.449354
0.450435
0.451512
0.452584
0.453653
0.454717
0.455777
0.456833
0.457885
0.458932
0.459976
0.461015
0.46205
0.46308
0.464107
0.465129
0.466147
0.46716
0.468169
0.469174
0.470175
0.471171
0.472163
0.47315
0.474133
0.475112
0.476086
0.477056
0.478021
0.478982
0.479939
0.480891
0.481838
0.482781
0.48372
0.484654
0.485583
0.486508
0.487428
0.488344
0.489255
0.490162
0.491064
0.491961
0.492854
0.493742
0.494625
0.495504
0.496378
0.497247
0.498112
0.498972
0.499827
0.500677
0.501523
0.502364
0.5032
0.504031
0.504858
0.50568
0.506497
0.507309
0.508116
0.508919
0.509716
0.510509
0.511297
0.51208
0.512858
0.513631
0.514399
0.515163
0.515921
0.516674
0.517423
0.518166
0.518905
0.519638
0.520367
0.52109
0.521809
0.522522
0.52323
0.523934
0.524632
0.525325
0.526013
0.526696
0.527374
0.528046
0.528714
0.529377
0.530034
0.530686
0.531333
0.531975
0.532612
0.533243
0.53387
0.534491
0.535107
0.535717
0.536323
0.536923
0.537518
0.538108
0.538692
0.539271
0.539845
0.540414
0.540977
0.541535
0.542088
0.542635
0.543177
0.543714
0.544245
0.544771
0.545292
0.545807
0.546317
0.546821
0.547321
0.547814
0.548303
0.548786
0.549263
0.549735
0.550202
0.550663
0.551119
0.551569
0.552014
0.552454
0.552888
0.553316
0.553739
0.554156
0.554568
0.554975
0.555376
0.555772
0.556161
0.556546
0.556925
0.557298
0.557666
0.558028
0.558385
0.558736
0.559082
0.559422
0.559757
0.560086
0.560409
0.560727
0.561039
0.561345
0.561646
0.561942
0.562232
0.562516
0.562794
0.563067
0.563335
0.563596
0.563852
0.564103
0.564347
0.564587
0.56482
0.565048
0.56527
0.565487
0.565698
0.565903
0.566102
0.566296
0.566484
0.566667
0.566844
0.567015
0.56718
0.56734
0.567494
0.567643
0.567786
0.567923
0.568054
0.56818
0.5683
0.568414
0.568522
0.568625
0.568722
0.568814
0.568899
0.56898
0.569054
0.569122
0.569185
0.569242
0.569294
0.56934
0.56938
0.569414
0.569443
0.569465
0.569483
0.569494
0.5695
0.5695
0.569494
0.569483
0.569465
0.569443
0.569414
0.56938
0.56934
0.569294
0.569242
0.569185
0.569122
0.569054
0.56898
0.568899
0.568814
0.568722
0.568625
0.568522
0.568414
0.5683
0.56818
0.568054
0.567923
0.567786
0.567643
0.567494
0.56734
0.56718
0.567015
0.566844
0.566667
0.566484
0.566296
0.566102
0.565903
0.565698
0.565487
0.56527
0.565048
0.56482
0.564587
0.564347
0.564103
0.563852
0.563596
0.563335
0.563067
0.562794
0.562516
0.562232
0.561942
0.561646
0.561345
0.561039
0.560727
0.560409
0.560086
0.559757
0.559422
0.559082
0.558736
0.558385
0.558028
0.557666
0.557298
0.556925
0.556546
0.556161
0.555772
0.555376
0.554975
0.554568
0.554156
0.553739
0.553316
0.552888
0.552454
0.552014
0.551569
0.551119
0.550663
0.550202
0.549735
0.549263
0.548786
0.548303
0.547814
0.547321
0.546821
0.546317
0.545807
0.545292
0.544771
0.544245
0.543714
0.543177
0.542635
0.542088
0.541535
0.540977
0.540414
0.539845
0.539271
0.538692
0.538108
0.537518
0.536923
0.536323
0.535717
0.535107
0.534491
0.53387
0.533243
0.532612
0.531975
0.531333
0.530686
0.530034
0.529377
0.528714
0.528046
0.527374
0.526696
0.526013
0.525325
0.524632
0.523934
0.52323
0.522522
0.521809
0.52109
0.520367
0.519638
0.518905
0.518166
0.517423
0.516674
0.515921
0.515163
0.514399
0.513631
0.512858
0.51208
0.511297
0.510509
0.509716
0.508919
0.508116
0.507309
0.506497
0.50568
0.504858
0.504031
0.5032
0.502364
0.501523
0.500677
0.499827
0.498972
0.498112
0.497247
0.496378
0.495504
0.494625
0.493742
0.492854
0.491961
0.491064
0.490162
0.489255
0.488344
0.487428
0.486508
0.485583
0.484654
0.48372
0.482781
0.481838
0.480891
0.479939
0.478982
0.478021
0.477056
0.476086
0.475112
0.474133
0.47315
0.472163
0.471171
0.470175
0.469174
0.468169
0.46716
0.466147
0.465129
0.464107
0.46308
0.46205
0.461015
0.459976
0.458932
0.457885
0.456833
0.455777
0.454717
0.453653
0.452584
0.451512
0.450435
0.449354
0.44827
0.447181
0.446088
0.444991
0.44389
0.442784
0.441675
0.440562
0.439445
0.438324
0.437199
0.43607
0.434937
0.433801
0.43266
0.431515
0.430367
0.429215
0.428058
0.426898
0.425735
0.424567
0.423396
0.42222
0.421041
0.419859
0.418672
0.417482
0.416288
0.415091
0.41389
0.412685
0.411476
0.410264
0.409048
0.407829
0.406606
0.405379
0.404149
0.402915
0.401678
0.400437
0.399193
0.397945
0.396694
0.395439
0.394181
0.392919
0.391654
0.390386
0.389114
0.387839
0.38656
0.385278
0.383993
0.382704
0.381412
0.380117
0.378819
0.377517
0.376212
0.374904
0.373592
0.372277
0.37096
0.369638
0.368314
0.366987
0.365656
0.364323
0.362986
0.361646
0.360303
0.358957
0.357608
0.356256
0.354901
0.353542
0.352181
0.350817
0.34945
0.34808
0.346707
0.345331
0.343952
0.342571
0.341186
0.339799
0.338408
0.337015
0.335619
0.33422
0.332819
0.331414
0.330007
0.328597
0.327185
0.325769
0.324351
0.322931
0.321507
0.320081
0.318652
0.317221
0.315787
0.314351
0.312911
0.31147
0.310025
0.308578
0.307129
0.305677
0.304223
0.302766
0.301306
0.299844
0.29838
0.296913
0.295444
0.293972
0.292498
0.291022
0.289543
0.288062
0.286579
0.285093
0.283605
0.282115
0.280622
0.279127
0.27763
0.276131
0.274629
0.273125
0.271619
0.270111
0.2686
0.267088
0.265573
0.264056
0.262538
0.261017
0.259493
0.257968
0.256441
0.254912
0.253381
0.251847
0.250312
0.248775
0.247235
0.245694
0.244151
0.242606
0.241059
0.23951
0.237959
0.236406
0.234852
0.233295
0.231737
0.230177
0.228615
0.227052
0.225486
0.223919
0.22235
0.220779
0.219207
0.217633
0.216057
0.21448
0.2129
0.211319
0.209737
0.208153
0.206567
0.20498
0.203391
0.2018
0.200208
0.198615
0.19702
0.195423
0.193825
0.192225
0.190624
0.189021
0.187417
0.185812
0.184205
0.182596
0.180987
0.179376
0.177763
0.176149
0.174534
0.172917
0.171299
0.16968
0.16806
0.166438
0.164815
0.163191
0.161565
0.159938
0.15831
0.156681
0.155051
0.153419
0.151786
0.150153
0.148518
0.146881
0.145244
0.143606
0.141966
0.140326
0.138684
0.137042
0.135398
0.133753
0.132108
0.130461
0.128813
0.127165
0.125515
0.123865
0.122213
0.120561
0.118907
0.117253
0.115598
0.113942
0.112285
0.110628
0.108969
0.10731
0.10565
0.103989
0.102328
0.100665
0.0990021
0.0973382
0.0956736
0.0940083
0.0923423
0.0906755
0.0890082
0.0873401
0.0856714
0.0840021
0.0823321
0.0806615
0.0789904
0.0773186
0.0756463
0.0739734
0.0722999
0.0706259
0.0689514
0.0672764
0.0656009
0.0639249
0.0622484
0.0605715
0.0588941
0.0572163
0.055538
0.0538594
0.0521803
0.0505009
0.0488211
0.0471409
0.0454604
0.0437795
0.0420983
0.0404168
0.038735
0.037053
0.0353706
0.033688
0.0320051
0.030322
0.0286387
0.0269552
0.0252714
0.0235875
0.0219034
0.0202192
0.0185347
0.0168502
0.0151655
0.0134808
0.0117959
0.0101109
0.00842588
0.00674078
0.00505563
0.00337044
0.00168523
