0.00110092
0.00220183
0.00330273
0.00440359
0.00550441
0.00660517
0.00770588
0.00880651
0.00990707
0.0110075
0.0121079
0.0132081
0.0143082
0.0154082
0.0165081
0.0176078
0.0187073
0.0198066
0.0209058
0.0220048
0.0231035
0.0242021
0.0253004
0.0263985
0.0274963
0.0285939
0.0296912
0.0307883
0.031885
0.0329815
0.0340776
0.0351735
0.0362689
0.0373641
0.0384589
0.0395534
0.0406475
0.0417412
0.0428345
0.0439274
0.0450199
0.046112
0.0472036
0.0482948
0.0493856
0.0504759
0.0515657
0.0526551
0.0537439
0.0548323
0.0559201
0.0570074
0.0580942
0.0591805
0.0602662
0.0613513
0.0624358
0.0635198
0.0646032
0.065686
0.0667681
0.0678497
0.0689306
0.0700108
0.0710904
0.0721694
0.0732477
0.0743252
0.0754021
0.0764783
0.0775538
0.0786285
0.0797026
0.0807758
0.0818483
0.0829201
0.0839911
0.0850613
0.0861307
0.0871992
0.088267
0.089334
0.0904001
0.0914654
0.0925298
0.0935933
0.094656
0.0957178
0.0967787
0.0978387
0.0988978
0.099956
0.101013
0.102069
0.103125
0.104179
0.105233
0.106285
0.107336
0.108387
0.109436
0.110485
0.111532
0.112578
0.113623
0.114668
0.115711
0.116753
0.117794
0.118834
0.119872
0.12091
0.121946
0.122982
0.124016
0.125049
0.126081
0.127112
0.128141
0.129169
0.130196
0.131222
0.132247
0.13327
0.134293
0.135313
0.136333
0.137352
0.138369
0.139384
0.140399
0.141412
0.142424
0.143434
0.144444
0.145451
0.146458
0.147463
0.148467
0.149469
0.15047
0.15147
0.152468
0.153464
0.15446
0.155454
0.156446
0.157437
0.158426
0.159414
0.160401
0.161386
0.162369
0.163351
0.164331
0.16531
0.166288
0.167263
0.168237
0.16921
0.170181
0.171151
0.172118
0.173085
0.174049
0.175012
0.175974
0.176933
0.177891
0.178848
0.179802
0.180756
0.181707
0.182656
0.183604
0.184551
0.185495
0.186438
0.187379
0.188318
0.189256
0.190191
0.191125
0.192057
0.192988
0.193916
0.194843
0.195768
0.196691
0.197612
0.198532
0.199449
0.200365
0.201279
0.202191
0.203101
0.204009
0.204915
0.205819
0.206721
0.207622
0.20852
0.209417
0.210311
0.211204
0.212095
0.212983
0.21387
0.214755
0.215637
0.216518
0.217396
0.218273
0.219147
0.22002
0.22089
0.221758
0.222625
0.223489
0.224351
0.225211
0.226069
0.226924
0.227778
0.22863
0.229479
0.230326
0.231171
0.232014
0.232855
0.233693
0.234529
0.235363
0.236195
0.237025
0.237853
0.238678
0.239501
0.240322
0.24114
0.241956
0.24277
0.243582
0.244391
0.245199
0.246003
0.246806
0.247606
0.248404
0.2492
0.249993
0.250784
0.251572
0.252358
0.253142
0.253924
0.254703
0.255479
0.256254
0.257026
0.257795
0.258562
0.259327
0.260089
0.260849
0.261606
0.262361
0.263113
0.263863
0.264611
0.265356
0.266098
0.266838
0.267576
0.26831
0.269043
0.269773
0.2705
0.271225
0.271947
0.272667
0.273384
0.274099
0.274811
0.275521
0.276228
0.276932
0.277634
0.278333
0.279029
0.279723
0.280414
0.281103
0.281789
0.282472
0.283153
0.283831
0.284507
0.285179
0.285849
0.286517
0.287181
0.287843
0.288503
0.289159
0.289813
0.290464
0.291112
0.291758
0.292401
0.293041
0.293679
0.294313
0.294945
0.295574
0.296201
0.296824
0.297445
0.298063
0.298678
0.299291
0.2999
0.300507
0.301111
0.301712
0.30231
0.302906
0.303499
0.304088
0.304675
0.305259
0.30584
0.306419
0.306994
0.307567
0.308136
0.308703
0.309267
0.309828
0.310386
0.310941
0.311493
0.312043
0.312589
0.313132
0.313673
0.31421
0.314745
0.315276
0.315805
0.316331
0.316854
0.317373
0.31789
0.318404
0.318915
0.319422
0.319927
0.320429
0.320928
0.321423
0.321916
0.322406
0.322892
0.323376
0.323857
0.324334
0.324809
0.32528
0.325749
0.326214
0.326676
0.327135
0.327591
0.328045
0.328494
0.328941
0.329385
0.329826
0.330263
0.330698
0.331129
0.331557
0.331983
0.332405
0.332823
0.333239
0.333652
0.334061
0.334468
0.334871
0.335271
0.335668
0.336062
0.336452
0.33684
0.337224
0.337605
0.337983
0.338358
0.338729
0.339097
0.339463
0.339825
0.340183
0.340539
0.340891
0.34124
0.341586
0.341929
0.342269
0.342605
0.342938
0.343268
0.343595
0.343918
0.344238
0.344555
0.344869
0.345179
0.345486
0.34579
0.346091
0.346389
0.346683
0.346974
0.347261
0.347546
0.347827
0.348105
0.348379
0.34865
0.348919
0.349183
0.349445
0.349703
0.349958
0.350209
0.350458
0.350703
0.350944
0.351183
0.351418
0.351649
0.351878
0.352103
0.352325
0.352543
0.352759
0.35297
0.353179
0.353384
0.353586
0.353785
0.35398
0.354172
0.354361
0.354546
0.354728
0.354906
0.355082
0.355253
0.355422
0.355587
0.355749
0.355908
0.356063
0.356215
0.356363
0.356508
0.35665
0.356788
0.356923
0.357055
0.357183
0.357308
0.35743
0.357548
0.357663
0.357774
0.357883
0.357987
0.358089
0.358187
0.358281
0.358373
0.358461
0.358545
0.358626
0.358704
0.358778
0.358849
0.358917
0.358981
0.359042
0.3591
0.359154
0.359205
0.359252
0.359296
0.359337
0.359374
0.359408
0.359438
0.359465
0.359489
0.359509
0.359526
0.35954
0.35955
0.359557
0.35956
0.35956
0.359557
0.35955
0.35954
0.359526
0.359509
0.359489
0.359465
0.359438
0.359408
0.359374
0.359337
0.359296
0.359252
0.359205
0.359154
0.3591
0.359042
0.358981
0.358917
0.358849
0.358778
0.358704
0.358626
0.358545
0.358461
0.358373
0.358281
0.358187
0.358089
0.357987
0.357883
0.357774
0.357663
0.357548
0.35743
0.357308
0.357183
0.357055
0.356923
0.356788
0.35665
0.356508
0.356363
0.356215
0.356063
0.355908
0.355749
0.355587
0.355422
0.355253
0.355082
0.354906
0.354728
0.354546
0.354361
0.354172
0.35398
0.353785
0.353586
0.353384
0.353179
0.35297
0.352759
0.352543
0.352325
0.352103
0.351878
0.351649
0.351418
0.351183
0.350944
0.350703
0.350458
0.350209
0.349958
0.349703
0.349445
0.349183
0.348919
0.34865
0.348379
0.348105
0.347827
0.347546
0.347261
0.346974
0.346683
0.346389
0.346091
0.34579
0.345486
0.345179
0.344869
0.344555
0.344238
0.343918
0.343595
0.343268
0.342938
0.342605
0.342269
0.341929
0.341586
0.34124
0.340891
0.340539
0.340183
0.339825
0.339463
0.339097
0.338729
0.338358
0.337983
0.337605
0.337224
0.33684
0.336452
0.336062
0.335668
0.335271
0.334871
0.334468
0.334061
0.333652
0.333239
0.332823
0.332405
0.331983
0.331557
0.331129
0.330698
0.330263
0.329826
0.329385
0.328941
0.328494
0.328045
0.327591
0.327135
0.326676
0.326214
0.325749
0.32528
0.324809
0.324334
0.323857
0.323376
0.322892
0.322406
0.321916
0.321423
0.320928
0.320429
0.319927
0.319422
0.318915
0.318404
0.31789
0.317373
0.316854
0.316331
0.315805
0.315276
0.314745
0.31421
0.313673
0.313132
0.312589
0.312043
0.311493
0.310941
0.310386
0.309828
0.309267
0.308703
0.308136
0.307567
0.306994
0.306419
0.30584
0.305259
0.304675
0.304088
0.303499
0.302906
0.30231
0.301712
0.301111
0.300507
0.2999
0.299291
0.298678
0.298063
0.297445
0.296824
0.296201
0.295574
0.294945
0.294313
0.293679
0.293041
0.292401
0.291758
0.291112
0.290464
0.289813
0.289159
0.288503
0.287843
0.287181
0.286517
0.285849
0.285179
0.284507
0.283831
0.283153
0.282472
0.281789
0.281103
0.280414
0.279723
0.279029
0.278333
0.277634
0.276932
0.276228
0.275521
0.274811
0.274099
0.273384
0.272667
0.271947
0.271225
0.2705
0.269773
0.269043
0.26831
0.267576
0.266838
0.266098
0.265356
0.264611
0.263863
0.263113
0.262361
0.261606
0.260849
0.260089
0.259327
0.258562
0.257795
0.257026
0.256254
0.255479
0.254703
0.253924
0.253142
0.252358
0.251572
0.250784
0.249993
0.2492
0.248404
0.247606
0.246806
0.246003
0.245199
0.244391
0.243582
0.24277
0.241956
0.24114
0.240322
0.239501
0.238678
0.237853
0.237025
0.236195
0.235363
0.234529
0.233693
0.232855
0.232014
0.231171
0.230326
0.229479
0.22863
0.227778
0.226924
0.226069
0.225211
0.224351
0.223489
0.222625
0.221758
0.22089
0.22002
0.219147
0.218273
0.217396
0.216518
0.215637
0.214755
0.21387
0.212983
0.212095
0.211204
0.210311
0.209417
0.20852
0.207622
0.206721
0.205819
0.204915
0.204009
0.203101
0.202191
0.201279
0.200365
0.199449
0.198532
0.197612
0.196691
0.195768
0.194843
0.193916
0.192988
0.192057
0.191125
0.190191
0.189256
0.188318
0.187379
0.186438
0.185495
0.184551
0.183604
0.182656
0.181707
0.180756
0.179802
0.178848
0.177891
0.176933
0.175974
0.175012
0.174049
0.173085
0.172118
0.171151
0.170181
0.16921
0.168237
0.167263
0.166288
0.16531
0.164331
0.163351
0.162369
0.161386
0.160401
0.159414
0.158426
0.157437
0.156446
0.155454
0.15446
0.153464
0.152468
0.15147
0.15047
0.149469
0.148467
0.147463
0.146458
0.145451
0.144444
0.143434
0.142424
0.141412
0.140399
0.139384
0.138369
0.137352
0.136333
0.135313
0.134293
0.13327
0.132247
0.131222
0.130196
0.129169
0.128141
0.127112
0.126081
0.125049
0.124016
0.122982
0.121946
0.12091
0.119872
0.118834
0.117794
0.116753
0.115711
0.114668
0.113623
0.112578
0.111532
0.110485
0.109436
0.108387
0.107336
0.106285
0.105233
0.104179
0.103125
0.102069
0.101013
0.099956
0.0988978
0.0978387
0.0967787
0.0957178
0.094656
0.0935933
0.0925298
0.0914654
0.0904001
0.089334
0.088267
0.0871992
0.0861307
0.0850613
0.0839911
0.0829201
0.0818483
0.0807758
0.0797026
0.0786285
0.0775538
0.0764783
0.0754021
0.0743252
0.0732477
0.0721694
0.0710904
0.0700108
0.0689306
0.0678497
0.0667681
0.065686
0.0646032
0.0635198
0.0624358
0.0613513
0.0602662
0.0591805
0.0580942
0.0570074
0.0559201
0.0548323
0.0537439
0.0526551
0.0515657
0.0504759
0.0493856
0.0482948
0.0472036
0.046112
0.0450199
0.0439274
0.0428345
0.0417412
0.0406475
0.0395534
0.0384589
0.0373641
0.0362689
0.0351735
0.0340776
0.0329815
0.031885
0.0307883
0.0296912
0.0285939
0.0274963
0.0263985
0.0253004
0.0242021
0.0231035
0.0220048
0.0209058
0.0198066
0.0187073
0.0176078
0.0165081
0.0154082
0.0143082
0.0132081
0.0121079
0.0110075
0.00990707
0.00880651
0.00770588
0.00660517
0.00550441
0.00440359
0.00330273
0.00220183
0.00110092
