0.000969748
0.00193935
0.00290866
0.00387754
0.00484584
0.00581342
0.00678012
0.00774582
0.00871035
0.00967359
0.0106354
0.0115956
0.012554
0.0135106
0.0144652
0.0154176
0.0163677
0.0173154
0.0182605
0.0192028
0.0201423
0.0210787
0.0220121
0.0229421
0.0238687
0.0247917
0.025711
0.0266265
0.027538
0.0284454
0.0293486
0.0302473
0.0311416
0.0320312
0.0329159
0.0337958
0.0346707
0.0355403
0.0364046
0.0372635
0.0381169
0.0389645
0.0398063
0.0406422
0.041472
0.0422956
0.0431128
0.0439237
0.0447279
0.0455255
0.0463163
0.0471001
0.047877
0.0486466
0.049409
0.0501641
0.0509116
0.0516515
0.0523837
0.053108
0.0538245
0.0545329
0.0552331
0.0559251
0.0566087
0.0572839
0.0579505
0.0586085
0.0592576
0.059898
0.0605294
0.0611517
0.0617649
0.0623689
0.0629636
0.0635488
0.0641246
0.0646907
0.0652472
0.065794
0.0663309
0.0668579
0.067375
0.0678819
0.0683787
0.0688653
0.0693416
0.0698076
0.0702631
0.0707081
0.0711425
0.0715663
0.0719795
0.0723818
0.0727734
0.073154
0.0735238
0.0738825
0.0742303
0.0745669
0.0748924
0.0752067
0.0755097
0.0758015
0.0760819
0.076351
0.0766087
0.0768549
0.0770896
0.0773129
0.0775245
0.0777246
0.0779131
0.0780899
0.078255
0.0784085
0.0785502
0.0786803
0.0787985
0.078905
0.0789997
0.0790825
0.0791536
0.0792128
0.0792602
0.0792958
0.0793195
0.0793314
0.0793314
0.0793195
0.0792958
0.0792602
0.0792128
0.0791536
0.0790825
0.0789997
0.078905
0.0787985
0.0786803
0.0785502
0.0784085
0.078255
0.0780899
0.0779131
0.0777246
0.0775245
0.0773129
0.0770896
0.0768549
0.0766087
0.076351
0.0760819
0.0758015
0.0755097
0.0752067
0.0748924
0.0745669
0.0742303
0.0738825
0.0735238
0.073154
0.0727734
0.0723818
0.0719795
0.0715663
0.0711425
0.0707081
0.0702631
0.0698076
0.0693416
0.0688653
0.0683787
0.0678819
0.067375
0.0668579
0.0663309
0.065794
0.0652472
0.0646907
0.0641246
0.0635488
0.0629636
0.0623689
0.0617649
0.0611517
0.0605294
0.059898
0.0592576
0.0586085
0.0579505
0.0572839
0.0566087
0.0559251
0.0552331
0.0545329
0.0538245
0.053108
0.0523837
0.0516515
0.0509116
0.0501641
0.049409
0.0486466
0.047877
0.0471001
0.0463163
0.0455255
0.0447279
0.0439237
0.0431128
0.0422956
0.041472
0.0406422
0.0398063
0.0389645
0.0381169
0.0372635
0.0364046
0.0355403
0.0346707
0.0337958
0.0329159
0.0320312
0.0311416
0.0302473
0.0293486
0.0284454
0.027538
0.0266265
0.025711
0.0247917
0.0238687
0.0229421
0.0220121
0.0210787
0.0201423
0.0192028
0.0182605
0.0173154
0.0163677
0.0154176
0.0144652
0.0135106
0.012554
0.0115956
0.0106354
0.00967359
0.00871035
0.00774582
0.00678012
0.00581342
0.00484584
0.00387754
0.00290866
0.00193935
0.000969748
