0.00180789
0.00361577
0.00542364
0.00723148
0.00903928
0.010847
0.0126548
0.0144624
0.01627
0.0180775
0.019885
0.0216923
0.0234996
0.0253067
0.0271137
0.0289206
0.0307274
0.032534
0.0343405
0.0361468
0.037953
0.039759
0.0415648
0.0433704
0.0451758
0.046981
0.048786
0.0505907
0.0523953
0.0541996
0.0560036
0.0578074
0.0596109
0.0614141
0.0632171
0.0650198
0.0668221
0.0686242
0.0704259
0.0722273
0.0740284
0.0758291
0.0776295
0.0794295
0.0812291
0.0830283
0.0848272
0.0866257
0.0884237
0.0902214
0.0920186
0.0938154
0.0956117
0.0974076
0.099203
0.100998
0.102792
0.104586
0.10638
0.108173
0.109965
0.111757
0.113549
0.11534
0.11713
0.11892
0.120709
0.122497
0.124285
0.126073
0.127859
0.129645
0.131431
0.133216
0.135
0.136784
0.138566
0.140349
0.14213
0.143911
0.145691
0.14747
0.149249
0.151027
0.152804
0.15458
0.156356
0.158131
0.159905
0.161678
0.16345
0.165222
0.166992
0.168762
0.170531
0.172299
0.174066
0.175833
0.177598
0.179362
0.181126
0.182889
0.18465
0.186411
0.188171
0.189929
0.191687
0.193444
0.1952
0.196954
0.198708
0.20046
0.202212
0.203962
0.205712
0.20746
0.209207
0.210953
0.212698
0.214441
0.216184
0.217925
0.219665
0.221404
0.223142
0.224878
0.226613
0.228347
0.23008
0.231811
0.233541
0.23527
0.236998
0.238724
0.240449
0.242172
0.243894
0.245615
0.247334
0.249052
0.250768
0.252483
0.254197
0.255909
0.257619
0.259328
0.261036
0.262742
0.264446
0.266149
0.26785
0.26955
0.271248
0.272945
0.274639
0.276333
0.278024
0.279714
0.281402
0.283089
0.284774
0.286457
0.288138
0.289817
0.291495
0.293171
0.294845
0.296518
0.298188
0.299857
0.301523
0.303188
0.304851
0.306512
0.308171
0.309828
0.311483
0.313137
0.314788
0.316437
0.318084
0.319729
0.321372
0.323013
0.324652
0.326289
0.327923
0.329556
0.331186
0.332814
0.33444
0.336063
0.337685
0.339304
0.340921
0.342535
0.344148
0.345758
0.347365
0.348971
0.350574
0.352174
0.353772
0.355368
0.356961
0.358552
0.36014
0.361726
0.36331
0.36489
0.366469
0.368044
0.369617
0.371188
0.372756
0.374321
0.375883
0.377443
0.379
0.380555
0.382107
0.383656
0.385202
0.386745
0.388286
0.389824
0.391359
0.392891
0.39442
0.395946
0.397469
0.39899
0.400507
0.402022
0.403533
0.405042
0.406547
0.40805
0.409549
0.411045
0.412539
0.414029
0.415515
0.416999
0.41848
0.419957
0.421431
0.422902
0.424369
0.425834
0.427295
0.428752
0.430207
0.431658
0.433105
0.434549
0.43599
0.437427
0.438861
0.440291
0.441718
0.443142
0.444561
0.445978
0.44739
0.448799
0.450205
0.451607
0.453005
0.454399
0.45579
0.457177
0.45856
0.45994
0.461315
0.462687
0.464055
0.46542
0.46678
0.468137
0.469489
0.470838
0.472183
0.473524
0.47486
0.476193
0.477522
0.478847
0.480168
0.481484
0.482797
0.484105
0.485409
0.486709
0.488005
0.489297
0.490585
0.491868
0.493147
0.494422
0.495692
0.496958
0.49822
0.499477
0.50073
0.501979
0.503223
0.504463
0.505698
0.506929
0.508155
0.509377
0.510594
0.511807
0.513015
0.514218
0.515417
0.516611
0.517801
0.518986
0.520166
0.521342
0.522512
0.523678
0.52484
0.525996
0.527148
0.528294
0.529436
0.530573
0.531705
0.532833
0.533955
0.535072
0.536185
0.537292
0.538395
0.539492
0.540584
0.541672
0.542754
0.543831
0.544903
0.54597
0.547031
0.548088
0.549139
0.550185
0.551226
0.552262
0.553292
0.554317
0.555337
0.556352
0.557361
0.558365
0.559363
0.560356
0.561343
0.562326
0.563302
0.564274
0.565239
0.5662
0.567154
0.568104
0.569047
0.569985
0.570918
0.571845
0.572766
0.573682
0.574592
0.575496
0.576395
0.577288
0.578175
0.579057
0.579932
0.580802
0.581666
0.582525
0.583377
0.584224
0.585065
0.5859
0.586729
0.587553
0.58837
0.589181
0.589987
0.590786
0.59158
0.592368
0.593149
0.593925
0.594694
0.595458
0.596215
0.596966
0.597712
0.598451
0.599184
0.599911
0.600632
0.601346
0.602055
0.602757
0.603453
0.604143
0.604826
0.605504
0.606175
0.60684
0.607498
0.60815
0.608796
0.609436
0.610069
0.610696
0.611317
0.611931
0.612539
0.613141
0.613736
0.614324
0.614907
0.615482
0.616052
0.616615
0.617171
0.617721
0.618264
0.618801
0.619332
0.619856
0.620373
0.620884
0.621388
0.621886
0.622377
0.622861
0.623339
0.623811
0.624275
0.624734
0.625185
0.62563
0.626068
0.626499
0.626924
0.627342
0.627754
0.628159
0.628557
0.628948
0.629333
0.629711
0.630082
0.630446
0.630804
0.631155
0.631499
0.631837
0.632167
0.632491
0.632808
0.633118
0.633422
0.633719
0.634008
0.634291
0.634568
0.634837
0.635099
0.635355
0.635604
0.635846
0.636081
0.636309
0.636531
0.636745
0.636953
0.637154
0.637348
0.637535
0.637715
0.637888
0.638054
0.638213
0.638366
0.638512
0.63865
0.638782
0.638907
0.639025
0.639136
0.63924
0.639337
0.639427
0.63951
0.639587
0.639656
0.639719
0.639774
0.639823
0.639864
0.639899
0.639927
0.639948
0.639962
0.639968
0.639968
0.639962
0.639948
0.639927
0.639899
0.639864
0.639823
0.639774
0.639719
0.639656
0.639587
0.63951
0.639427
0.639337
0.63924
0.639136
0.639025
0.638907
0.638782
0.63865
0.638512
0.638366
0.638213
0.638054
0.637888
0.637715
0.637535
0.637348
0.637154
0.636953
0.636745
0.636531
0.636309
0.636081
0.635846
0.635604
0.635355
0.635099
0.634837
0.634568
0.634291
0.634008
0.633719
0.633422
0.633118
0.632808
0.632491
0.632167
0.631837
0.631499
0.631155
0.630804
0.630446
0.630082
0.629711
0.629333
0.628948
0.628557
0.628159
0.627754
0.627342
0.626924
0.626499
0.626068
0.62563
0.625185
0.624734
0.624275
0.623811
0.623339
0.622861
0.622377
0.621886
0.621388
0.620884
0.620373
0.619856
0.619332
0.618801
0.618264
0.617721
0.617171
0.616615
0.616052
0.615482
0.614907
0.614324
0.613736
0.613141
0.612539
0.611931
0.611317
0.610696
0.610069
0.609436
0.608796
0.60815
0.607498
0.60684
0.606175
0.605504
0.604826
0.604143
0.603453
0.602757
0.602055
0.601346
0.600632
0.599911
0.599184
0.598451
0.597712
0.596966
0.596215
0.595458
0.594694
0.593925
0.593149
0.592368
0.59158
0.590786
0.589987
0.589181
0.58837
0.587553
0.586729
0.5859
0.585065
0.584224
0.583377
0.582525
0.581666
0.580802
0.579932
0.579057
0.578175
0.577288
0.576395
0.575496
0.574592
0.573682
0.572766
0.571845
0.570918
0.569985
0.569047
0.568104
0.567154
0.5662
0.565239
0.564274
0.563302
0.562326
0.561343
0.560356
0.559363
0.558365
0.557361
0.556352
0.555337
0.554317
0.553292
0.552262
0.551226
0.550185
0.549139
0.548088
0.547031
0.54597
0.544903
0.543831
0.542754
0.541672
0.540584
0.539492
0.538395
0.537292
0.536185
0.535072
0.533955
0.532833
0.531705
0.530573
0.529436
0.528294
0.527148
0.525996
0.52484
0.523678
0.522512
0.521342
0.520166
0.518986
0.517801
0.516611
0.515417
0.514218
0.513015
0.511807
0.510594
0.509377
0.508155
0.506929
0.505698
0.504463
0.503223
0.501979
0.50073
0.499477
0.49822
0.496958
0.495692
0.494422
0.493147
0.491868
0.490585
0.489297
0.488005
0.486709
0.485409
0.484105
0.482797
0.481484
0.480168
0.478847
0.477522
0.476193
0.47486
0.473524
0.472183
0.470838
0.469489
0.468137
0.46678
0.46542
0.464055
0.462687
0.461315
0.45994
0.45856
0.457177
0.45579
0.454399
0.453005
0.451607
0.450205
0.448799
0.44739
0.445978
0.444561
0.443142
0.441718
0.440291
0.438861
0.437427
0.43599
0.434549
0.433105
0.431658
0.430207
0.428752
0.427295
0.425834
0.424369
0.422902
0.421431
0.419957
0.41848
0.416999
0.415515
0.414029
0.412539
0.411045
0.409549
0.40805
0.406547
0.405042
0.403533
0.402022
0.400507
0.39899
0.397469
0.395946
0.39442
0.392891
0.391359
0.389824
0.388286
0.386745
0.385202
0.383656
0.382107
0.380555
0.379
0.377443
0.375883
0.374321
0.372756
0.371188
0.369617
0.368044
0.366469
0.36489
0.36331
0.361726
0.36014
0.358552
0.356961
0.355368
0.353772
0.352174
0.350574
0.348971
0.347365
0.345758
0.344148
0.342535
0.340921
0.339304
0.337685
0.336063
0.33444
0.332814
0.331186
0.329556
0.327923
0.326289
0.324652
0.323013
0.321372
0.319729
0.318084
0.316437
0.314788
0.313137
0.311483
0.309828
0.308171
0.306512
0.304851
0.303188
0.301523
0.299857
0.298188
0.296518
0.294845
0.293171
0.291495
0.289817
0.288138
0.286457
0.284774
0.283089
0.281402
0.279714
0.278024
0.276333
0.274639
0.272945
0.271248
0.26955
0.26785
0.266149
0.264446
0.262742
0.261036
0.259328
0.257619
0.255909
0.254197
0.252483
0.250768
0.249052
0.247334
0.245615
0.243894
0.242172
0.240449
0.238724
0.236998
0.23527
0.233541
0.231811
0.23008
0.228347
0.226613
0.224878
0.223142
0.221404
0.219665
0.217925
0.216184
0.214441
0.212698
0.210953
0.209207
0.20746
0.205712
0.203962
0.202212
0.20046
0.198708
0.196954
0.1952
0.193444
0.191687
0.189929
0.188171
0.186411
0.18465
0.182889
0.181126
0.179362
0.177598
0.175833
0.174066
0.172299
0.170531
0.168762
0.166992
0.165222
0.16345
0.161678
0.159905
0.158131
0.156356
0.15458
0.152804
0.151027
0.149249
0.14747
0.145691
0.143911
0.14213
0.140349
0.138566
0.136784
0.135
0.133216
0.131431
0.129645
0.127859
0.126073
0.124285
0.122497
0.120709
0.11892
0.11713
0.11534
0.113549
0.111757
0.109965
0.108173
0.10638
0.104586
0.102792
0.100998
0.099203
0.0974076
0.0956117
0.0938154
0.0920186
0.0902214
0.0884237
0.0866257
0.0848272
0.0830283
0.0812291
0.0794295
0.0776295
0.0758291
0.0740284
0.0722273
0.0704259
0.0686242
0.0668221
0.0650198
0.0632171
0.0614141
0.0596109
0.0578074
0.0560036
0.0541996
0.0523953
0.0505907
0.048786
0.046981
0.0451758
0.0433704
0.0415648
0.039759
0.037953
0.0361468
0.0343405
0.032534
0.0307274
0.0289206
0.0271137
0.0253067
0.0234996
0.0216923
0.019885
0.0180775
0.01627
0.0144624
0.0126548
0.010847
0.00903928
0.00723148
0.00542364
0.00361577
0.00180789
