0.00150278
0.00300533
0.00450743
0.00600886
0.00750939
0.0090088
0.0105069
0.0120034
0.0134981
0.0149907
0.0164812
0.0179692
0.0194545
0.0209368
0.0224161
0.023892
0.0253643
0.0268329
0.0282974
0.0297577
0.0312136
0.0326648
0.0341111
0.0355524
0.0369883
0.0384187
0.0398433
0.041262
0.0426745
0.0440807
0.0454802
0.046873
0.0482587
0.0496373
0.0510084
0.0523719
0.0537276
0.0550753
0.0564147
0.0577457
0.0590681
0.0603816
0.0616861
0.0629814
0.0642673
0.0655436
0.0668101
0.0680666
0.0693129
0.0705489
0.0717744
0.0729891
0.0741929
0.0753856
0.0765671
0.0777371
0.0788955
0.0800421
0.0811767
0.0822993
0.0834095
0.0845072
0.0855924
0.0866647
0.0877241
0.0887704
0.0898034
0.090823
0.091829
0.0928214
0.0937998
0.0947642
0.0957145
0.0966504
0.097572
0.0984789
0.0993711
0.100248
0.101111
0.101958
0.10279
0.103607
0.104408
0.105194
0.105964
0.106718
0.107456
0.108178
0.108884
0.109573
0.110247
0.110903
0.111544
0.112167
0.112774
0.113364
0.113937
0.114493
0.115032
0.115553
0.116058
0.116545
0.117014
0.117466
0.117901
0.118318
0.118717
0.119099
0.119463
0.119808
0.120136
0.120447
0.120739
0.121013
0.121269
0.121506
0.121726
0.121927
0.122111
0.122276
0.122422
0.122551
0.122661
0.122753
0.122826
0.122881
0.122918
0.122936
0.122936
0.122918
0.122881
0.122826
0.122753
0.122661
0.122551
0.122422
0.122276
0.122111
0.121927
0.121726
0.121506
0.121269
0.121013
0.120739
0.120447
0.120136
0.119808
0.119463
0.119099
0.118717
0.118318
0.117901
0.117466
0.117014
0.116545
0.116058
0.115553
0.115032
0.114493
0.113937
0.113364
0.112774
0.112167
0.111544
0.110903
0.110247
0.109573
0.108884
0.108178
0.107456
0.106718
0.105964
0.105194
0.104408
0.103607
0.10279
0.101958
0.101111
0.100248
0.0993711
0.0984789
0.097572
0.0966504
0.0957145
0.0947642
0.0937998
0.0928214
0.091829
0.090823
0.0898034
0.0887704
0.0877241
0.0866647
0.0855924
0.0845072
0.0834095
0.0822993
0.0811767
0.0800421
0.0788955
0.0777371
0.0765671
0.0753856
0.0741929
0.0729891
0.0717744
0.0705489
0.0693129
0.0680666
0.0668101
0.0655436
0.0642673
0.0629814
0.0616861
0.0603816
0.0590681
0.0577457
0.0564147
0.0550753
0.0537276
0.0523719
0.0510084
0.0496373
0.0482587
0.046873
0.0454802
0.0440807
0.0426745
0.041262
0.0398433
0.0384187
0.0369883
0.0355524
0.0341111
0.0326648
0.0312136
0.0297577
0.0282974
0.0268329
0.0253643
0.023892
0.0224161
0.0209368
0.0194545
0.0179692
0.0164812
0.0149907
0.0134981
0.0120034
0.0105069
0.0090088
0.00750939
0.00600886
0.00450743
0.00300533
0.00150278
