0.00133055
0.00266109
0.00399161
0.00532209
0.00665252
0.00798289
0.00931318
0.0106434
0.0119735
0.0133035
0.0146334
0.0159631
0.0172927
0.0186222
0.0199515
0.0212806
0.0226095
0.0239382
0.0252666
0.0265949
0.0279229
0.0292506
0.0305781
0.0319053
0.0332322
0.0345588
0.0358851
0.037211
0.0385367
0.0398619
0.0411868
0.0425114
0.0438355
0.0451592
0.0464826
0.0478055
0.0491279
0.0504499
0.0517715
0.0530926
0.0544132
0.0557333
0.0570528
0.0583719
0.0596904
0.0610084
0.0623259
0.0636427
0.064959
0.0662747
0.0675897
0.0689042
0.070218
0.0715312
0.0728438
0.0741556
0.0754668
0.0767773
0.0780871
0.0793962
0.0807045
0.0820122
0.083319
0.0846251
0.0859305
0.087235
0.0885387
0.0898417
0.0911438
0.0924451
0.0937455
0.0950451
0.0963438
0.0976416
0.0989385
0.100235
0.10153
0.102824
0.104117
0.105409
0.106701
0.107991
0.10928
0.110569
0.111856
0.113142
0.114428
0.115712
0.116995
0.118277
0.119558
0.120838
0.122117
0.123395
0.124671
0.125947
0.127221
0.128494
0.129766
0.131037
0.132306
0.133574
0.134842
0.136107
0.137372
0.138635
0.139897
0.141158
0.142418
0.143676
0.144933
0.146188
0.147443
0.148695
0.149947
0.151197
0.152446
0.153693
0.154939
0.156183
0.157426
0.158668
0.159908
0.161147
0.162384
0.16362
0.164854
0.166087
0.167318
0.168548
0.169776
0.171002
0.172227
0.173451
0.174672
0.175892
0.177111
0.178328
0.179543
0.180757
0.181969
0.183179
0.184388
0.185595
0.1868
0.188003
0.189205
0.190405
0.191603
0.1928
0.193995
0.195188
0.196379
0.197568
0.198756
0.199941
0.201125
0.202307
0.203487
0.204666
0.205842
0.207016
0.208189
0.20936
0.210528
0.211695
0.21286
0.214023
0.215184
0.216343
0.2175
0.218655
0.219807
0.220958
0.222107
0.223254
0.224399
0.225541
0.226682
0.22782
0.228957
0.230091
0.231223
0.232353
0.233481
0.234607
0.23573
0.236852
0.237971
0.239088
0.240203
0.241315
0.242425
0.243533
0.244639
0.245743
0.246844
0.247943
0.24904
0.250134
0.251226
0.252316
0.253404
0.254489
0.255571
0.256652
0.25773
0.258805
0.259879
0.260949
0.262018
0.263084
0.264147
0.265208
0.266267
0.267323
0.268377
0.269428
0.270477
0.271523
0.272566
0.273608
0.274646
0.275682
0.276716
0.277747
0.278775
0.279801
0.280824
0.281845
0.282863
0.283878
0.284891
0.285901
0.286908
0.287913
0.288915
0.289914
0.290911
0.291905
0.292896
0.293885
0.29487
0.295854
0.296834
0.297811
0.298786
0.299758
0.300727
0.301694
0.302658
0.303618
0.304576
0.305531
0.306484
0.307433
0.30838
0.309324
0.310264
0.311202
0.312137
0.31307
0.313999
0.314925
0.315848
0.316769
0.317686
0.318601
0.319512
0.320421
0.321327
0.322229
0.323129
0.324025
0.324919
0.325809
0.326697
0.327581
0.328463
0.329341
0.330216
0.331088
0.331957
0.332823
0.333686
0.334546
0.335403
0.336256
0.337106
0.337954
0.338798
0.339639
0.340476
0.341311
0.342142
0.34297
0.343795
0.344617
0.345435
0.346251
0.347063
0.347871
0.348677
0.349479
0.350278
0.351074
0.351866
0.352655
0.353441
0.354224
0.355003
0.355779
0.356551
0.35732
0.358086
0.358849
0.359608
0.360364
0.361116
0.361865
0.362611
0.363353
0.364092
0.364827
0.365559
0.366287
0.367013
0.367734
0.368452
0.369167
0.369878
0.370586
0.371291
0.371991
0.372689
0.373383
0.374073
0.37476
0.375443
0.376123
0.376799
0.377472
0.378141
0.378807
0.379469
0.380127
0.380782
0.381434
0.382081
0.382726
0.383366
0.384003
0.384636
0.385266
0.385892
0.386515
0.387134
0.387749
0.38836
0.388968
0.389573
0.390173
0.39077
0.391363
0.391953
0.392539
0.393121
0.393699
0.394274
0.394845
0.395412
0.395976
0.396536
0.397092
0.397644
0.398193
0.398738
0.399279
0.399816
0.40035
0.40088
0.401406
0.401928
0.402447
0.402961
0.403472
0.403979
0.404483
0.404982
0.405478
0.405969
0.406457
0.406942
0.407422
0.407898
0.408371
0.40884
0.409305
0.409766
0.410223
0.410676
0.411126
0.411571
0.412013
0.41245
0.412884
0.413314
0.41374
0.414162
0.414581
0.414995
0.415405
0.415812
0.416214
0.416613
0.417008
0.417398
0.417785
0.418168
0.418547
0.418922
0.419293
0.41966
0.420023
0.420382
0.420737
0.421088
0.421435
0.421778
0.422118
0.422453
0.422784
0.423111
0.423434
0.423753
0.424069
0.42438
0.424687
0.42499
0.425289
0.425584
0.425875
0.426162
0.426445
0.426724
0.426999
0.42727
0.427537
0.427799
0.428058
0.428313
0.428563
0.42881
0.429052
0.429291
0.429525
0.429755
0.429982
0.430204
0.430422
0.430636
0.430846
0.431051
0.431253
0.431451
0.431644
0.431834
0.432019
0.432201
0.432378
0.432551
0.43272
0.432885
0.433046
0.433202
0.433355
0.433504
0.433648
0.433788
0.433924
0.434057
0.434184
0.434308
0.434428
0.434544
0.434655
0.434762
0.434866
0.434965
0.43506
0.435151
0.435237
0.43532
0.435399
0.435473
0.435543
0.435609
0.435671
0.435729
0.435783
0.435833
0.435878
0.435919
0.435957
0.43599
0.436019
0.436043
0.436064
0.436081
0.436093
0.436101
0.436105
0.436105
0.436101
0.436093
0.436081
0.436064
0.436043
0.436019
0.43599
0.435957
0.435919
0.435878
0.435833
0.435783
0.435729
0.435671
0.435609
0.435543
0.435473
0.435399
0.43532
0.435237
0.435151
0.43506
0.434965
0.434866
0.434762
0.434655
0.434544
0.434428
0.434308
0.434184
0.434057
0.433924
0.433788
0.433648
0.433504
0.433355
0.433202
0.433046
0.432885
0.43272
0.432551
0.432378
0.432201
0.432019
0.431834
0.431644
0.431451
0.431253
0.431051
0.430846
0.430636
0.430422
0.430204
0.429982
0.429755
0.429525
0.429291
0.429052
0.42881
0.428563
0.428313
0.428058
0.427799
0.427537
0.42727
0.426999
0.426724
0.426445
0.426162
0.425875
0.425584
0.425289
0.42499
0.424687
0.42438
0.424069
0.423753
0.423434
0.423111
0.422784
0.422453
0.422118
0.421778
0.421435
0.421088
0.420737
0.420382
0.420023
0.41966
0.419293
0.418922
0.418547
0.418168
0.417785
0.417398
0.417008
0.416613
0.416214
0.415812
0.415405
0.414995
0.414581
0.414162
0.41374
0.413314
0.412884
0.41245
0.412013
0.411571
0.411126
0.410676
0.410223
0.409766
0.409305
0.40884
0.408371
0.407898
0.407422
0.406942
0.406457
0.405969
0.405478
0.404982
0.404483
0.403979
0.403472
0.402961
0.402447
0.401928
0.401406
0.40088
0.40035
0.399816
0.399279
0.398738
0.398193
0.397644
0.397092
0.396536
0.395976
0.395412
0.394845
0.394274
0.393699
0.393121
0.392539
0.391953
0.391363
0.39077
0.390173
0.389573
0.388968
0.38836
0.387749
0.387134
0.386515
0.385892
0.385266
0.384636
0.384003
0.383366
0.382726
0.382081
0.381434
0.380782
0.380127
0.379469
0.378807
0.378141
0.377472
0.376799
0.376123
0.375443
0.37476
0.374073
0.373383
0.372689
0.371991
0.371291
0.370586
0.369878
0.369167
0.368452
0.367734
0.367013
0.366287
0.365559
0.364827
0.364092
0.363353
0.362611
0.361865
0.361116
0.360364
0.359608
0.358849
0.358086
0.35732
0.356551
0.355779
0.355003
0.354224
0.353441
0.352655
0.351866
0.351074
0.350278
0.349479
0.348677
0.347871
0.347063
0.346251
0.345435
0.344617
0.343795
0.34297
0.342142
0.341311
0.340476
0.339639
0.338798
0.337954
0.337106
0.336256
0.335403
0.334546
0.333686
0.332823
0.331957
0.331088
0.330216
0.329341
0.328463
0.327581
0.326697
0.325809
0.324919
0.324025
0.323129
0.322229
0.321327
0.320421
0.319512
0.318601
0.317686
0.316769
0.315848
0.314925
0.313999
0.31307
0.312137
0.311202
0.310264
0.309324
0.30838
0.307433
0.306484
0.305531
0.304576
0.303618
0.302658
0.301694
0.300727
0.299758
0.298786
0.297811
0.296834
0.295854
0.29487
0.293885
0.292896
0.291905
0.290911
0.289914
0.288915
0.287913
0.286908
0.285901
0.284891
0.283878
0.282863
0.281845
0.280824
0.279801
0.278775
0.277747
0.276716
0.275682
0.274646
0.273608
0.272566
0.271523
0.270477
0.269428
0.268377
0.267323
0.266267
0.265208
0.264147
0.263084
0.262018
0.260949
0.259879
0.258805
0.25773
0.256652
0.255571
0.254489
0.253404
0.252316
0.251226
0.250134
0.24904
0.247943
0.246844
0.245743
0.244639
0.243533
0.242425
0.241315
0.240203
0.239088
0.237971
0.236852
0.23573
0.234607
0.233481
0.232353
0.231223
0.230091
0.228957
0.22782
0.226682
0.225541
0.224399
0.223254
0.222107
0.220958
0.219807
0.218655
0.2175
0.216343
0.215184
0.214023
0.21286
0.211695
0.210528
0.20936
0.208189
0.207016
0.205842
0.204666
0.203487
0.202307
0.201125
0.199941
0.198756
0.197568
0.196379
0.195188
0.193995
0.1928
0.191603
0.190405
0.189205
0.188003
0.1868
0.185595
0.184388
0.183179
0.181969
0.180757
0.179543
0.178328
0.177111
0.175892
0.174672
0.173451
0.172227
0.171002
0.169776
0.168548
0.167318
0.166087
0.164854
0.16362
0.162384
0.161147
0.159908
0.158668
0.157426
0.156183
0.154939
0.153693
0.152446
0.151197
0.149947
0.148695
0.147443
0.146188
0.144933
0.143676
0.142418
0.141158
0.139897
0.138635
0.137372
0.136107
0.134842
0.133574
0.132306
0.131037
0.129766
0.128494
0.127221
0.125947
0.124671
0.123395
0.122117
0.120838
0.119558
0.118277
0.116995
0.115712
0.114428
0.113142
0.111856
0.110569
0.10928
0.107991
0.106701
0.105409
0.104117
0.102824
0.10153
0.100235
0.0989385
0.0976416
0.0963438
0.0950451
0.0937455
0.0924451
0.0911438
0.0898417
0.0885387
0.087235
0.0859305
0.0846251
0.083319
0.0820122
0.0807045
0.0793962
0.0780871
0.0767773
0.0754668
0.0741556
0.0728438
0.0715312
0.070218
0.0689042
0.0675897
0.0662747
0.064959
0.0636427
0.0623259
0.0610084
0.0596904
0.0583719
0.0570528
0.0557333
0.0544132
0.0530926
0.0517715
0.0504499
0.0491279
0.0478055
0.0464826
0.0451592
0.0438355
0.0425114
0.0411868
0.0398619
0.0385367
0.037211
0.0358851
0.0345588
0.0332322
0.0319053
0.0305781
0.0292506
0.0279229
0.0265949
0.0252666
0.0239382
0.0226095
0.0212806
0.0199515
0.0186222
0.0172927
0.0159631
0.0146334
0.0133035
0.0119735
0.0106434
0.00931318
0.00798289
0.00665252
0.00532209
0.00399161
0.00266109
0.00133055
