0.00140673
0.00281344
0.00422013
0.00562678
0.00703338
0.00843992
0.00984638
0.0112528
0.012659
0.0140652
0.0154712
0.0168771
0.0182829
0.0196884
0.0210938
0.022499
0.023904
0.0253088
0.0267134
0.0281177
0.0295218
0.0309256
0.0323291
0.0337324
0.0351353
0.0365379
0.0379402
0.0393422
0.0407438
0.042145
0.0435458
0.0449463
0.0463464
0.047746
0.0491452
0.050544
0.0519423
0.0533401
0.0547375
0.0561344
0.0575307
0.0589266
0.0603219
0.0617167
0.0631109
0.0645046
0.0658976
0.0672901
0.068682
0.0700732
0.0714639
0.0728539
0.0742432
0.0756318
0.0770198
0.0784071
0.0797937
0.0811795
0.0825647
0.0839491
0.0853327
0.0867156
0.0880976
0.0894789
0.0908594
0.0922391
0.0936179
0.0949959
0.096373
0.0977493
0.0991247
0.100499
0.101873
0.103245
0.104617
0.105988
0.107358
0.108727
0.110095
0.111461
0.112827
0.114192
0.115556
0.116919
0.118281
0.119641
0.121001
0.122359
0.123717
0.125073
0.126428
0.127782
0.129135
0.130487
0.131837
0.133187
0.134535
0.135882
0.137227
0.138572
0.139915
0.141257
0.142597
0.143937
0.145275
0.146612
0.147947
0.149281
0.150614
0.151945
0.153275
0.154604
0.155931
0.157257
0.158581
0.159904
0.161225
0.162546
0.163864
0.165181
0.166497
0.167811
0.169123
0.170434
0.171744
0.173052
0.174358
0.175663
0.176966
0.178268
0.179567
0.180866
0.182162
0.183457
0.184751
0.186043
0.187333
0.188621
0.189907
0.191192
0.192475
0.193757
0.195036
0.196314
0.19759
0.198864
0.200137
0.201408
0.202676
0.203943
0.205208
0.206472
0.207733
0.208992
0.21025
0.211506
0.212759
0.214011
0.215261
0.216509
0.217755
0.218999
0.220241
0.221481
0.222719
0.223954
0.225188
0.22642
0.22765
0.228877
0.230103
0.231326
0.232548
0.233767
0.234984
0.236199
0.237412
0.238622
0.239831
0.241037
0.242241
0.243443
0.244642
0.24584
0.247035
0.248228
0.249418
0.250607
0.251793
0.252976
0.254158
0.255337
0.256514
0.257688
0.25886
0.26003
0.261197
0.262362
0.263524
0.264684
0.265842
0.266997
0.26815
0.2693
0.270448
0.271593
0.272736
0.273877
0.275014
0.27615
0.277282
0.278413
0.27954
0.280665
0.281788
0.282908
0.284025
0.28514
0.286252
0.287361
0.288468
0.289572
0.290674
0.291773
0.292869
0.293962
0.295053
0.296141
0.297226
0.298309
0.299388
0.300466
0.30154
0.302611
0.30368
0.304746
0.305809
0.306869
0.307927
0.308981
0.310033
0.311082
0.312128
0.313171
0.314211
0.315248
0.316283
0.317314
0.318343
0.319368
0.320391
0.321411
0.322427
0.323441
0.324452
0.32546
0.326464
0.327466
0.328465
0.32946
0.330453
0.331442
0.332429
0.333412
0.334392
0.33537
0.336344
0.337314
0.338282
0.339247
0.340208
0.341167
0.342122
0.343074
0.344023
0.344968
0.345911
0.34685
0.347786
0.348719
0.349648
0.350574
0.351497
0.352417
0.353334
0.354247
0.355157
0.356063
0.356966
0.357866
0.358763
0.359656
0.360546
0.361432
0.362316
0.363195
0.364072
0.364945
0.365814
0.36668
0.367543
0.368403
0.369258
0.370111
0.37096
0.371805
0.372647
0.373486
0.374321
0.375153
0.375981
0.376805
0.377626
0.378444
0.379258
0.380068
0.380875
0.381678
0.382478
0.383274
0.384067
0.384856
0.385641
0.386423
0.387201
0.387975
0.388746
0.389513
0.390277
0.391037
0.391793
0.392546
0.393295
0.39404
0.394781
0.395519
0.396253
0.396983
0.39771
0.398433
0.399152
0.399867
0.400579
0.401287
0.401991
0.402691
0.403388
0.404081
0.40477
0.405455
0.406136
0.406814
0.407487
0.408157
0.408823
0.409485
0.410144
0.410798
0.411449
0.412095
0.412738
0.413377
0.414012
0.414643
0.415271
0.415894
0.416513
0.417129
0.41774
0.418348
0.418952
0.419551
0.420147
0.420739
0.421327
0.42191
0.42249
0.423066
0.423638
0.424206
0.42477
0.425329
0.425885
0.426437
0.426985
0.427529
0.428068
0.428604
0.429135
0.429663
0.430186
0.430706
0.431221
0.431732
0.43224
0.432743
0.433242
0.433737
0.434227
0.434714
0.435197
0.435675
0.436149
0.436619
0.437086
0.437547
0.438005
0.438459
0.438908
0.439354
0.439795
0.440232
0.440664
0.441093
0.441517
0.441938
0.442354
0.442766
0.443173
0.443577
0.443976
0.444371
0.444762
0.445148
0.445531
0.445909
0.446283
0.446652
0.447018
0.447379
0.447736
0.448089
0.448437
0.448781
0.449121
0.449457
0.449788
0.450115
0.450438
0.450757
0.451071
0.451381
0.451687
0.451988
0.452285
0.452578
0.452866
0.453151
0.45343
0.453706
0.453977
0.454244
0.454507
0.454765
0.455019
0.455269
0.455514
0.455755
0.455992
0.456224
0.456452
0.456676
0.456895
0.45711
0.45732
0.457526
0.457728
0.457926
0.458119
0.458308
0.458492
0.458672
0.458848
0.459019
0.459186
0.459349
0.459507
0.459661
0.45981
0.459955
0.460096
0.460232
0.460364
0.460492
0.460615
0.460734
0.460848
0.460958
0.461064
0.461165
0.461262
0.461354
0.461442
0.461526
0.461605
0.46168
0.461751
0.461817
0.461878
0.461936
0.461988
0.462037
0.462081
0.46212
0.462156
0.462187
0.462213
0.462235
0.462253
0.462266
0.462275
0.462279
0.462279
0.462275
0.462266
0.462253
0.462235
0.462213
0.462187
0.462156
0.46212
0.462081
0.462037
0.461988
0.461936
0.461878
0.461817
0.461751
0.46168
0.461605
0.461526
0.461442
0.461354
0.461262
0.461165
0.461064
0.460958
0.460848
0.460734
0.460615
0.460492
0.460364
0.460232
0.460096
0.459955
0.45981
0.459661
0.459507
0.459349
0.459186
0.459019
0.458848
0.458672
0.458492
0.458308
0.458119
0.457926
0.457728
0.457526
0.45732
0.45711
0.456895
0.456676
0.456452
0.456224
0.455992
0.455755
0.455514
0.455269
0.455019
0.454765
0.454507
0.454244
0.453977
0.453706
0.45343
0.453151
0.452866
0.452578
0.452285
0.451988
0.451687
0.451381
0.451071
0.450757
0.450438
0.450115
0.449788
0.449457
0.449121
0.448781
0.448437
0.448089
0.447736
0.447379
0.447018
0.446652
0.446283
0.445909
0.445531
0.445148
0.444762
0.444371
0.443976
0.443577
0.443173
0.442766
0.442354
0.441938
0.441517
0.441093
0.440664
0.440232
0.439795
0.439354
0.438908
0.438459
0.438005
0.437547
0.437086
0.436619
0.436149
0.435675
0.435197
0.434714
0.434227
0.433737
0.433242
0.432743
0.43224
0.431732
0.431221
0.430706
0.430186
0.429663
0.429135
0.428604
0.428068
0.427529
0.426985
0.426437
0.425885
0.425329
0.42477
0.424206
0.423638
0.423066
0.42249
0.42191
0.421327
0.420739
0.420147
0.419551
0.418952
0.418348
0.41774
0.417129
0.416513
0.415894
0.415271
0.414643
0.414012
0.413377
0.412738
0.412095
0.411449
0.410798
0.410144
0.409485
0.408823
0.408157
0.407487
0.406814
0.406136
0.405455
0.40477
0.404081
0.403388
0.402691
0.401991
0.401287
0.400579
0.399867
0.399152
0.398433
0.39771
0.396983
0.396253
0.395519
0.394781
0.39404
0.393295
0.392546
0.391793
0.391037
0.390277
0.389513
0.388746
0.387975
0.387201
0.386423
0.385641
0.384856
0.384067
0.383274
0.382478
0.381678
0.380875
0.380068
0.379258
0.378444
0.377626
0.376805
0.375981
0.375153
0.374321
0.373486
0.372647
0.371805
0.37096
0.370111
0.369258
0.368403
0.367543
0.36668
0.365814
0.364945
0.364072
0.363195
0.362316
0.361432
0.360546
0.359656
0.358763
0.357866
0.356966
0.356063
0.355157
0.354247
0.353334
0.352417
0.351497
0.350574
0.349648
0.348719
0.347786
0.34685
0.345911
0.344968
0.344023
0.343074
0.342122
0.341167
0.340208
0.339247
0.338282
0.337314
0.336344
0.33537
0.334392
0.333412
0.332429
0.331442
0.330453
0.32946
0.328465
0.327466
0.326464
0.32546
0.324452
0.323441
0.322427
0.321411
0.320391
0.319368
0.318343
0.317314
0.316283
0.315248
0.314211
0.313171
0.312128
0.311082
0.310033
0.308981
0.307927
0.306869
0.305809
0.304746
0.30368
0.302611
0.30154
0.300466
0.299388
0.298309
0.297226
0.296141
0.295053
0.293962
0.292869
0.291773
0.290674
0.289572
0.288468
0.287361
0.286252
0.28514
0.284025
0.282908
0.281788
0.280665
0.27954
0.278413
0.277282
0.27615
0.275014
0.273877
0.272736
0.271593
0.270448
0.2693
0.26815
0.266997
0.265842
0.264684
0.263524
0.262362
0.261197
0.26003
0.25886
0.257688
0.256514
0.255337
0.254158
0.252976
0.251793
0.250607
0.249418
0.248228
0.247035
0.24584
0.244642
0.243443
0.242241
0.241037
0.239831
0.238622
0.237412
0.236199
0.234984
0.233767
0.232548
0.231326
0.230103
0.228877
0.22765
0.22642
0.225188
0.223954
0.222719
0.221481
0.220241
0.218999
0.217755
0.216509
0.215261
0.214011
0.212759
0.211506
0.21025
0.208992
0.207733
0.206472
0.205208
0.203943
0.202676
0.201408
0.200137
0.198864
0.19759
0.196314
0.195036
0.193757
0.192475
0.191192
0.189907
0.188621
0.187333
0.186043
0.184751
0.183457
0.182162
0.180866
0.179567
0.178268
0.176966
0.175663
0.174358
0.173052
0.171744
0.170434
0.169123
0.167811
0.166497
0.165181
0.163864
0.162546
0.161225
0.159904
0.158581
0.157257
0.155931
0.154604
0.153275
0.151945
0.150614
0.149281
0.147947
0.146612
0.145275
0.143937
0.142597
0.141257
0.139915
0.138572
0.137227
0.135882
0.134535
0.133187
0.131837
0.130487
0.129135
0.127782
0.126428
0.125073
0.123717
0.122359
0.121001
0.119641
0.118281
0.116919
0.115556
0.114192
0.112827
0.111461
0.110095
0.108727
0.107358
0.105988
0.104617
0.103245
0.101873
0.100499
0.0991247
0.0977493
0.096373
0.0949959
0.0936179
0.0922391
0.0908594
0.0894789
0.0880976
0.0867156
0.0853327
0.0839491
0.0825647
0.0811795
0.0797937
0.0784071
0.0770198
0.0756318
0.0742432
0.0728539
0.0714639
0.0700732
0.068682
0.0672901
0.0658976
0.0645046
0.0631109
0.0617167
0.0603219
0.0589266
0.0575307
0.0561344
0.0547375
0.0533401
0.0519423
0.050544
0.0491452
0.047746
0.0463464
0.0449463
0.0435458
0.042145
0.0407438
0.0393422
0.0379402
0.0365379
0.0351353
0.0337324
0.0323291
0.0309256
0.0295218
0.0281177
0.0267134
0.0253088
0.023904
0.022499
0.0210938
0.0196884
0.0182829
0.0168771
0.0154712
0.0140652
0.012659
0.0112528
0.00984638
0.00843992
0.00703338
0.00562678
0.00422013
0.00281344
0.00140673
