0.00373046
0.00746036
0.0111892
0.0149163
0.0186412
0.0223633
0.0260821
0.0297971
0.0335076
0.0372131
0.040913
0.0446069
0.0482942
0.0519742
0.0556466
0.0593106
0.0629658
0.0666117
0.0702476
0.0738731
0.0774876
0.0810906
0.0846815
0.0882598
0.0918249
0.0953764
0.0989137
0.102436
0.105944
0.109435
0.11291
0.116369
0.11981
0.123233
0.126638
0.130024
0.133391
0.136738
0.140064
0.14337
0.146654
0.149916
0.153156
0.156374
0.159567
0.162738
0.165884
0.169005
0.172101
0.175171
0.178215
0.181233
0.184224
0.187187
0.190122
0.193029
0.195907
0.198756
0.201575
0.204365
0.207123
0.209851
0.212548
0.215212
0.217845
0.220445
0.223013
0.225547
0.228047
0.230513
0.232945
0.235342
0.237704
0.240031
0.242322
0.244576
0.246794
0.248975
0.251119
0.253225
0.255294
0.257325
0.259317
0.26127
0.263184
0.265059
0.266894
0.26869
0.270445
0.27216
0.273834
0.275467
0.277059
0.27861
0.280119
0.281586
0.283011
0.284394
0.285734
0.287031
0.288286
0.289497
0.290665
0.29179
0.292871
0.293908
0.294901
0.29585
0.296755
0.297616
0.298432
0.299203
0.299929
0.300611
0.301248
0.301839
0.302386
0.302887
0.303343
0.303753
0.304118
0.304438
0.304712
0.30494
0.305123
0.30526
0.305351
0.305397
0.305397
0.305351
0.30526
0.305123
0.30494
0.304712
0.304438
0.304118
0.303753
0.303343
0.302887
0.302386
0.301839
0.301248
0.300611
0.299929
0.299203
0.298432
0.297616
0.296755
0.29585
0.294901
0.293908
0.292871
0.29179
0.290665
0.289497
0.288286
0.287031
0.285734
0.284394
0.283011
0.281586
0.280119
0.27861
0.277059
0.275467
0.273834
0.27216
0.270445
0.26869
0.266894
0.265059
0.263184
0.26127
0.259317
0.257325
0.255294
0.253225
0.251119
0.248975
0.246794
0.244576
0.242322
0.240031
0.237704
0.235342
0.232945
0.230513
0.228047
0.225547
0.223013
0.220445
0.217845
0.215212
0.212548
0.209851
0.207123
0.204365
0.201575
0.198756
0.195907
0.193029
0.190122
0.187187
0.184224
0.181233
0.178215
0.175171
0.172101
0.169005
0.165884
0.162738
0.159567
0.156374
0.153156
0.149916
0.146654
0.14337
0.140064
0.136738
0.133391
0.130024
0.126638
0.123233
0.11981
0.116369
0.11291
0.109435
0.105944
0.102436
0.0989137
0.0953764
0.0918249
0.0882598
0.0846815
0.0810906
0.0774876
0.0738731
0.0702476
0.0666117
0.0629658
0.0593106
0.0556466
0.0519742
0.0482942
0.0446069
0.040913
0.0372131
0.0335076
0.0297971
0.0260821
0.0223633
0.0186412
0.0149163
0.0111892
0.00746036
0.00373046
