0.00597521
0.0119541
0.0179402
0.0239372
0.0299488
0.0359785
0.0420297
0.0481062
0.0542112
0.0603482
0.0665205
0.0727315
0.0789843
0.085282
0.0916278
0.0980244
0.104475
0.110982
0.117548
0.124175
0.130867
0.137624
0.14445
0.151346
0.158315
0.165356
0.172473
0.179666
0.186937
0.194286
0.201714
0.209222
0.216809
0.224477
0.232224
0.240051
0.247958
0.255942
0.264004
0.272142
0.280355
0.288641
0.296997
0.305423
0.313916
0.322473
0.331091
0.339767
0.348498
0.35728
0.366111
0.374985
0.383899
0.392849
0.40183
0.410837
0.419867
0.428912
0.43797
0.447034
0.4561
0.465161
0.474213
0.48325
0.492265
0.501255
0.510212
0.519132
0.528008
0.536835
0.545607
0.554319
0.562965
0.57154
0.580038
0.588454
0.596783
0.60502
0.61316
0.621198
0.629129
0.636949
0.644653
0.652237
0.659697
0.66703
0.674231
0.681296
0.688223
0.695007
0.701647
0.708138
0.714478
0.720665
0.726695
0.732567
0.738278
0.743826
0.749209
0.754425
0.759473
0.764351
0.769057
0.773591
0.777951
0.782135
0.786144
0.789975
0.793628
0.797102
0.800397
0.803512
0.806445
0.809198
0.811769
0.814157
0.816363
0.818387
0.820227
0.821883
0.823357
0.824646
0.825751
0.826673
0.82741
0.827963
0.828332
0.828516
0.828516
0.828332
0.827963
0.82741
0.826673
0.825751
0.824646
0.823357
0.821883
0.820227
0.818387
0.816363
0.814157
0.811769
0.809198
0.806445
0.803512
0.800397
0.797102
0.793628
0.789975
0.786144
0.782135
0.777951
0.773591
0.769057
0.764351
0.759473
0.754425
0.749209
0.743826
0.738278
0.732567
0.726695
0.720665
0.714478
0.708138
0.701647
0.695007
0.688223
0.681296
0.674231
0.66703
0.659697
0.652237
0.644653
0.636949
0.629129
0.621198
0.61316
0.60502
0.596783
0.588454
0.580038
0.57154
0.562965
0.554319
0.545607
0.536835
0.528008
0.519132
0.510212
0.501255
0.492265
0.48325
0.474213
0.465161
0.4561
0.447034
0.43797
0.428912
0.419867
0.410837
0.40183
0.392849
0.383899
0.374985
0.366111
0.35728
0.348498
0.339767
0.331091
0.322473
0.313916
0.305423
0.296997
0.288641
0.280355
0.272142
0.264004
0.255942
0.247958
0.240051
0.232224
0.224477
0.216809
0.209222
0.201714
0.194286
0.186937
0.179666
0.172473
0.165356
0.158315
0.151346
0.14445
0.137624
0.130867
0.124175
0.117548
0.110982
0.104475
0.0980244
0.0916278
0.085282
0.0789843
0.0727315
0.0665205
0.0603482
0.0542112
0.0481062
0.0420297
0.0359785
0.0299488
0.0239372
0.0179402
0.0119541
0.00597521
