0.00513936
0.0102839
0.0154388
0.0206092
0.0258002
0.031017
0.0362646
0.0415481
0.0468725
0.0522428
0.0576638
0.0631404
0.0686774
0.0742794
0.079951
0.0856969
0.0915212
0.0974285
0.103423
0.109508
0.115689
0.121968
0.128349
0.134837
0.141433
0.148142
0.154965
0.161907
0.168968
0.176152
0.18346
0.190894
0.198455
0.206145
0.213965
0.221914
0.229993
0.238202
0.246541
0.255009
0.263604
0.272325
0.28117
0.290137
0.299223
0.308425
0.317739
0.327162
0.336689
0.346316
0.356037
0.365847
0.37574
0.38571
0.39575
0.405853
0.416011
0.426218
0.436466
0.446745
0.457048
0.467366
0.47769
0.488012
0.498323
0.508613
0.518873
0.529095
0.539269
0.549387
0.55944
0.56942
0.579317
0.589125
0.598835
0.608439
0.617931
0.627303
0.636548
0.645661
0.654634
0.663463
0.672142
0.680666
0.68903
0.69723
0.705261
0.713121
0.720805
0.72831
0.735634
0.742774
0.749727
0.756493
0.763068
0.769451
0.775642
0.781638
0.78744
0.793045
0.798455
0.803667
0.808683
0.813502
0.818123
0.822547
0.826774
0.830805
0.834639
0.838278
0.84172
0.844968
0.848021
0.85088
0.853546
0.856018
0.858298
0.860386
0.862282
0.863988
0.865502
0.866827
0.867961
0.868906
0.869662
0.870228
0.870606
0.870795
0.870795
0.870606
0.870228
0.869662
0.868906
0.867961
0.866827
0.865502
0.863988
0.862282
0.860386
0.858298
0.856018
0.853546
0.85088
0.848021
0.844968
0.84172
0.838278
0.834639
0.830805
0.826774
0.822547
0.818123
0.813502
0.808683
0.803667
0.798455
0.793045
0.78744
0.781638
0.775642
0.769451
0.763068
0.756493
0.749727
0.742774
0.735634
0.72831
0.720805
0.713121
0.705261
0.69723
0.68903
0.680666
0.672142
0.663463
0.654634
0.645661
0.636548
0.627303
0.617931
0.608439
0.598835
0.589125
0.579317
0.56942
0.55944
0.549387
0.539269
0.529095
0.518873
0.508613
0.498323
0.488012
0.47769
0.467366
0.457048
0.446745
0.436466
0.426218
0.416011
0.405853
0.39575
0.38571
0.37574
0.365847
0.356037
0.346316
0.336689
0.327162
0.317739
0.308425
0.299223
0.290137
0.28117
0.272325
0.263604
0.255009
0.246541
0.238202
0.229993
0.221914
0.213965
0.206145
0.198455
0.190894
0.18346
0.176152
0.168968
0.161907
0.154965
0.148142
0.141433
0.134837
0.128349
0.121968
0.115689
0.109508
0.103423
0.0974285
0.0915212
0.0856969
0.079951
0.0742794
0.0686774
0.0631404
0.0576638
0.0522428
0.0468725
0.0415481
0.0362646
0.031017
0.0258002
0.0206092
0.0154388
0.0102839
0.00513936
