0.00111148
0.00222295
0.00333441
0.00444582
0.0055572
0.00666853
0.00777979
0.00889099
0.0100021
0.0111131
0.012224
0.0133348
0.0144455
0.015556
0.0166664
0.0177767
0.0188867
0.0199966
0.0211063
0.0222159
0.0233252
0.0244342
0.0255431
0.0266517
0.0277601
0.0288682
0.029976
0.0310836
0.0321909
0.0332979
0.0344045
0.0355109
0.0366169
0.0377225
0.0388279
0.0399328
0.0410374
0.0421416
0.0432454
0.0443488
0.0454518
0.0465543
0.0476565
0.0487582
0.0498594
0.0509601
0.0520604
0.0531602
0.0542595
0.0553583
0.0564566
0.0575544
0.0586516
0.0597483
0.0608444
0.0619399
0.0630349
0.0641293
0.065223
0.0663162
0.0674088
0.0685007
0.069592
0.0706826
0.0717726
0.0728619
0.0739505
0.0750384
0.0761257
0.0772122
0.078298
0.079383
0.0804674
0.081551
0.0826338
0.0837158
0.0847971
0.0858775
0.0869572
0.0880361
0.0891141
0.0901913
0.0912677
0.0923432
0.0934178
0.0944916
0.0955645
0.0966365
0.0977076
0.0987778
0.099847
0.100915
0.101983
0.103049
0.104115
0.105179
0.106243
0.107305
0.108367
0.109427
0.110487
0.111545
0.112603
0.113659
0.114714
0.115768
0.116822
0.117874
0.118925
0.119974
0.121023
0.122071
0.123117
0.124163
0.125207
0.12625
0.127291
0.128332
0.129371
0.13041
0.131447
0.132482
0.133517
0.13455
0.135582
0.136613
0.137642
0.138671
0.139697
0.140723
0.141747
0.14277
0.143792
0.144812
0.145831
0.146849
0.147865
0.14888
0.149893
0.150905
0.151916
0.152925
0.153932
0.154939
0.155944
0.156947
0.157949
0.158949
0.159948
0.160946
0.161942
0.162936
0.163929
0.164921
0.16591
0.166899
0.167885
0.168871
0.169854
0.170836
0.171817
0.172795
0.173773
0.174748
0.175722
0.176694
0.177665
0.178634
0.179601
0.180567
0.181531
0.182493
0.183454
0.184412
0.185369
0.186325
0.187278
0.18823
0.18918
0.190129
0.191075
0.19202
0.192963
0.193904
0.194843
0.195781
0.196717
0.19765
0.198582
0.199513
0.200441
0.201367
0.202292
0.203214
0.204135
0.205054
0.205971
0.206886
0.207799
0.20871
0.209619
0.210526
0.211431
0.212335
0.213236
0.214135
0.215032
0.215927
0.216821
0.217712
0.218601
0.219488
0.220373
0.221256
0.222137
0.223016
0.223892
0.224767
0.22564
0.22651
0.227378
0.228244
0.229108
0.22997
0.23083
0.231688
0.232543
0.233396
0.234247
0.235096
0.235943
0.236787
0.237629
0.238469
0.239307
0.240142
0.240976
0.241807
0.242635
0.243462
0.244286
0.245108
0.245927
0.246745
0.24756
0.248372
0.249183
0.249991
0.250796
0.2516
0.2524
0.253199
0.253995
0.254789
0.25558
0.25637
0.257156
0.25794
0.258722
0.259502
0.260278
0.261053
0.261825
0.262595
0.263362
0.264126
0.264889
0.265648
0.266406
0.26716
0.267912
0.268662
0.269409
0.270154
0.270896
0.271636
0.272373
0.273107
0.273839
0.274568
0.275295
0.276019
0.276741
0.27746
0.278176
0.27889
0.279601
0.28031
0.281016
0.281719
0.28242
0.283118
0.283813
0.284506
0.285196
0.285883
0.286568
0.28725
0.287929
0.288606
0.289279
0.289951
0.290619
0.291285
0.291948
0.292608
0.293265
0.29392
0.294572
0.295221
0.295868
0.296511
0.297152
0.29779
0.298426
0.299058
0.299688
0.300315
0.300939
0.30156
0.302178
0.302794
0.303406
0.304016
0.304623
0.305227
0.305829
0.306427
0.307023
0.307615
0.308205
0.308792
0.309376
0.309957
0.310535
0.31111
0.311682
0.312252
0.312818
0.313382
0.313942
0.3145
0.315054
0.315606
0.316155
0.316701
0.317243
0.317783
0.31832
0.318854
0.319385
0.319912
0.320437
0.320959
0.321478
0.321994
0.322506
0.323016
0.323523
0.324026
0.324527
0.325025
0.325519
0.326011
0.326499
0.326984
0.327466
0.327946
0.328422
0.328895
0.329364
0.329831
0.330295
0.330756
0.331213
0.331667
0.332119
0.332567
0.333012
0.333454
0.333892
0.334328
0.33476
0.33519
0.335616
0.336039
0.336459
0.336875
0.337289
0.337699
0.338106
0.33851
0.338911
0.339309
0.339703
0.340094
0.340482
0.340867
0.341249
0.341627
0.342002
0.342374
0.342743
0.343108
0.343471
0.34383
0.344186
0.344538
0.344888
0.345234
0.345577
0.345916
0.346253
0.346586
0.346915
0.347242
0.347565
0.347885
0.348202
0.348516
0.348826
0.349133
0.349436
0.349737
0.350034
0.350328
0.350618
0.350905
0.351189
0.35147
0.351747
0.352021
0.352292
0.352559
0.352823
0.353084
0.353341
0.353595
0.353846
0.354093
0.354337
0.354578
0.354815
0.355049
0.35528
0.355507
0.355731
0.355952
0.356169
0.356383
0.356594
0.356801
0.357005
0.357206
0.357403
0.357597
0.357787
0.357974
0.358158
0.358338
0.358515
0.358689
0.358859
0.359026
0.359189
0.359349
0.359506
0.359659
0.359809
0.359956
0.360099
0.360239
0.360375
0.360508
0.360638
0.360764
0.360887
0.361006
0.361122
0.361235
0.361344
0.36145
0.361552
0.361651
0.361747
0.361839
0.361927
0.362013
0.362095
0.362173
0.362248
0.36232
0.362388
0.362453
0.362515
0.362573
0.362628
0.362679
0.362727
0.362771
0.362812
0.36285
0.362884
0.362915
0.362942
0.362966
0.362986
0.363003
0.363017
0.363027
0.363034
0.363038
0.363038
0.363034
0.363027
0.363017
0.363003
0.362986
0.362966
0.362942
0.362915
0.362884
0.36285
0.362812
0.362771
0.362727
0.362679
0.362628
0.362573
0.362515
0.362453
0.362388
0.36232
0.362248
0.362173
0.362095
0.362013
0.361927
0.361839
0.361747
0.361651
0.361552
0.36145
0.361344
0.361235
0.361122
0.361006
0.360887
0.360764
0.360638
0.360508
0.360375
0.360239
0.360099
0.359956
0.359809
0.359659
0.359506
0.359349
0.359189
0.359026
0.358859
0.358689
0.358515
0.358338
0.358158
0.357974
0.357787
0.357597
0.357403
0.357206
0.357005
0.356801
0.356594
0.356383
0.356169
0.355952
0.355731
0.355507
0.35528
0.355049
0.354815
0.354578
0.354337
0.354093
0.353846
0.353595
0.353341
0.353084
0.352823
0.352559
0.352292
0.352021
0.351747
0.35147
0.351189
0.350905
0.350618
0.350328
0.350034
0.349737
0.349436
0.349133
0.348826
0.348516
0.348202
0.347885
0.347565
0.347242
0.346915
0.346586
0.346253
0.345916
0.345577
0.345234
0.344888
0.344538
0.344186
0.34383
0.343471
0.343108
0.342743
0.342374
0.342002
0.341627
0.341249
0.340867
0.340482
0.340094
0.339703
0.339309
0.338911
0.33851
0.338106
0.337699
0.337289
0.336875
0.336459
0.336039
0.335616
0.33519
0.33476
0.334328
0.333892
0.333454
0.333012
0.332567
0.332119
0.331667
0.331213
0.330756
0.330295
0.329831
0.329364
0.328895
0.328422
0.327946
0.327466
0.326984
0.326499
0.326011
0.325519
0.325025
0.324527
0.324026
0.323523
0.323016
0.322506
0.321994
0.321478
0.320959
0.320437
0.319912
0.319385
0.318854
0.31832
0.317783
0.317243
0.316701
0.316155
0.315606
0.315054
0.3145
0.313942
0.313382
0.312818
0.312252
0.311682
0.31111
0.310535
0.309957
0.309376
0.308792
0.308205
0.307615
0.307023
0.306427
0.305829
0.305227
0.304623
0.304016
0.303406
0.302794
0.302178
0.30156
0.300939
0.300315
0.299688
0.299058
0.298426
0.29779
0.297152
0.296511
0.295868
0.295221
0.294572
0.29392
0.293265
0.292608
0.291948
0.291285
0.290619
0.289951
0.289279
0.288606
0.287929
0.28725
0.286568
0.285883
0.285196
0.284506
0.283813
0.283118
0.28242
0.281719
0.281016
0.28031
0.279601
0.27889
0.278176
0.27746
0.276741
0.276019
0.275295
0.274568
0.273839
0.273107
0.272373
0.271636
0.270896
0.270154
0.269409
0.268662
0.267912
0.26716
0.266406
0.265648
0.264889
0.264126
0.263362
0.262595
0.261825
0.261053
0.260278
0.259502
0.258722
0.25794
0.257156
0.25637
0.25558
0.254789
0.253995
0.253199
0.2524
0.2516
0.250796
0.249991
0.249183
0.248372
0.24756
0.246745
0.245927
0.245108
0.244286
0.243462
0.242635
0.241807
0.240976
0.240142
0.239307
0.238469
0.237629
0.236787
0.235943
0.235096
0.234247
0.233396
0.232543
0.231688
0.23083
0.22997
0.229108
0.228244
0.227378
0.22651
0.22564
0.224767
0.223892
0.223016
0.222137
0.221256
0.220373
0.219488
0.218601
0.217712
0.216821
0.215927
0.215032
0.214135
0.213236
0.212335
0.211431
0.210526
0.209619
0.20871
0.207799
0.206886
0.205971
0.205054
0.204135
0.203214
0.202292
0.201367
0.200441
0.199513
0.198582
0.19765
0.196717
0.195781
0.194843
0.193904
0.192963
0.19202
0.191075
0.190129
0.18918
0.18823
0.187278
0.186325
0.185369
0.184412
0.183454
0.182493
0.181531
0.180567
0.179601
0.178634
0.177665
0.176694
0.175722
0.174748
0.173773
0.172795
0.171817
0.170836
0.169854
0.168871
0.167885
0.166899
0.16591
0.164921
0.163929
0.162936
0.161942
0.160946
0.159948
0.158949
0.157949
0.156947
0.155944
0.154939
0.153932
0.152925
0.151916
0.150905
0.149893
0.14888
0.147865
0.146849
0.145831
0.144812
0.143792
0.14277
0.141747
0.140723
0.139697
0.138671
0.137642
0.136613
0.135582
0.13455
0.133517
0.132482
0.131447
0.13041
0.129371
0.128332
0.127291
0.12625
0.125207
0.124163
0.123117
0.122071
0.121023
0.119974
0.118925
0.117874
0.116822
0.115768
0.114714
0.113659
0.112603
0.111545
0.110487
0.109427
0.108367
0.107305
0.106243
0.105179
0.104115
0.103049
0.101983
0.100915
0.099847
0.0987778
0.0977076
0.0966365
0.0955645
0.0944916
0.0934178
0.0923432
0.0912677
0.0901913
0.0891141
0.0880361
0.0869572
0.0858775
0.0847971
0.0837158
0.0826338
0.081551
0.0804674
0.079383
0.078298
0.0772122
0.0761257
0.0750384
0.0739505
0.0728619
0.0717726
0.0706826
0.069592
0.0685007
0.0674088
0.0663162
0.065223
0.0641293
0.0630349
0.0619399
0.0608444
0.0597483
0.0586516
0.0575544
0.0564566
0.0553583
0.0542595
0.0531602
0.0520604
0.0509601
0.0498594
0.0487582
0.0476565
0.0465543
0.0454518
0.0443488
0.0432454
0.0421416
0.0410374
0.0399328
0.0388279
0.0377225
0.0366169
0.0355109
0.0344045
0.0332979
0.0321909
0.0310836
0.029976
0.0288682
0.0277601
0.0266517
0.0255431
0.0244342
0.0233252
0.0222159
0.0211063
0.0199966
0.0188867
0.0177767
0.0166664
0.015556
0.0144455
0.0133348
0.012224
0.0111131
0.0100021
0.00889099
0.00777979
0.00666853
0.0055572
0.00444582
0.00333441
0.00222295
0.00111148
