0.00155261
0.00310521
0.00465779
0.00621032
0.0077628
0.00931522
0.0108676
0.0124198
0.0139719
0.015524
0.0170759
0.0186276
0.0201792
0.0217306
0.0232818
0.0248329
0.0263837
0.0279343
0.0294847
0.0310348
0.0325846
0.0341342
0.0356835
0.0372325
0.0387812
0.0403295
0.0418775
0.0434252
0.0449725
0.0465194
0.0480659
0.049612
0.0511577
0.0527029
0.0542477
0.055792
0.0573359
0.0588793
0.0604222
0.0619645
0.0635064
0.0650477
0.0665885
0.0681286
0.0696683
0.0712073
0.0727457
0.0742835
0.0758207
0.0773572
0.0788931
0.0804283
0.0819628
0.0834966
0.0850297
0.0865621
0.0880938
0.0896247
0.0911548
0.0926842
0.0942128
0.0957406
0.0972675
0.0987937
0.100319
0.101843
0.103367
0.10489
0.106412
0.107932
0.109452
0.110971
0.11249
0.114007
0.115523
0.117038
0.118552
0.120065
0.121578
0.123089
0.124599
0.126108
0.127616
0.129123
0.130628
0.132133
0.133636
0.135139
0.13664
0.13814
0.139639
0.141137
0.142633
0.144128
0.145622
0.147115
0.148607
0.150097
0.151586
0.153073
0.15456
0.156045
0.157528
0.159011
0.160491
0.161971
0.163449
0.164926
0.166401
0.167875
0.169348
0.170819
0.172288
0.173756
0.175223
0.176688
0.178152
0.179614
0.181074
0.182533
0.18399
0.185446
0.1869
0.188353
0.189804
0.191253
0.1927
0.194146
0.195591
0.197033
0.198474
0.199913
0.201351
0.202786
0.20422
0.205653
0.207083
0.208511
0.209938
0.211363
0.212786
0.214208
0.215627
0.217045
0.21846
0.219874
0.221286
0.222696
0.224104
0.22551
0.226914
0.228316
0.229716
0.231114
0.23251
0.233904
0.235296
0.236686
0.238074
0.23946
0.240844
0.242225
0.243605
0.244982
0.246358
0.247731
0.249102
0.25047
0.251837
0.253201
0.254563
0.255923
0.257281
0.258636
0.259989
0.26134
0.262689
0.264035
0.265379
0.26672
0.268059
0.269396
0.270731
0.272063
0.273392
0.27472
0.276045
0.277367
0.278687
0.280004
0.281319
0.282632
0.283942
0.285249
0.286554
0.287857
0.289157
0.290454
0.291749
0.293041
0.294331
0.295618
0.296902
0.298184
0.299463
0.300739
0.302013
0.303284
0.304552
0.305818
0.307081
0.308341
0.309598
0.310853
0.312105
0.313354
0.3146
0.315844
0.317084
0.318322
0.319557
0.320789
0.322018
0.323245
0.324468
0.325689
0.326906
0.328121
0.329333
0.330542
0.331747
0.33295
0.33415
0.335347
0.336541
0.337731
0.338919
0.340104
0.341286
0.342464
0.34364
0.344812
0.345981
0.347147
0.34831
0.34947
0.350627
0.35178
0.35293
0.354078
0.355221
0.356362
0.3575
0.358634
0.359765
0.360892
0.362017
0.363138
0.364256
0.36537
0.366481
0.367589
0.368694
0.369795
0.370893
0.371987
0.373078
0.374166
0.37525
0.37633
0.377408
0.378482
0.379552
0.380619
0.381682
0.382742
0.383799
0.384852
0.385901
0.386947
0.387989
0.389028
0.390063
0.391095
0.392123
0.393147
0.394168
0.395185
0.396198
0.397208
0.398215
0.399217
0.400216
0.401211
0.402203
0.40319
0.404174
0.405155
0.406131
0.407104
0.408073
0.409038
0.41
0.410957
0.411911
0.412861
0.413807
0.41475
0.415688
0.416623
0.417554
0.418481
0.419404
0.420323
0.421238
0.422149
0.423057
0.42396
0.42486
0.425755
0.426647
0.427534
0.428418
0.429297
0.430173
0.431045
0.431912
0.432776
0.433635
0.434491
0.435342
0.436189
0.437032
0.437871
0.438706
0.439537
0.440364
0.441187
0.442005
0.44282
0.44363
0.444436
0.445238
0.446035
0.446829
0.447618
0.448403
0.449184
0.44996
0.450733
0.451501
0.452265
0.453024
0.45378
0.454531
0.455277
0.45602
0.456758
0.457492
0.458221
0.458947
0.459667
0.460384
0.461096
0.461804
0.462507
0.463206
0.463901
0.464591
0.465277
0.465958
0.466635
0.467308
0.467976
0.46864
0.469299
0.469954
0.470604
0.47125
0.471891
0.472528
0.473161
0.473789
0.474412
0.475031
0.475645
0.476255
0.47686
0.477461
0.478057
0.478649
0.479236
0.479818
0.480396
0.480969
0.481538
0.482102
0.482662
0.483217
0.483767
0.484313
0.484854
0.48539
0.485922
0.486449
0.486971
0.487489
0.488002
0.488511
0.489014
0.489513
0.490008
0.490498
0.490982
0.491463
0.491938
0.492409
0.492875
0.493337
0.493793
0.494245
0.494692
0.495135
0.495572
0.496005
0.496433
0.496856
0.497275
0.497689
0.498098
0.498502
0.498901
0.499296
0.499686
0.500071
0.500451
0.500826
0.501196
0.501562
0.501923
0.502279
0.50263
0.502976
0.503318
0.503654
0.503986
0.504313
0.504635
0.504952
0.505264
0.505572
0.505874
0.506172
0.506464
0.506752
0.507035
0.507313
0.507586
0.507854
0.508118
0.508376
0.508629
0.508878
0.509122
0.50936
0.509594
0.509823
0.510047
0.510266
0.51048
0.510689
0.510893
0.511092
0.511286
0.511476
0.51166
0.511839
0.512014
0.512183
0.512348
0.512507
0.512662
0.512811
0.512956
0.513096
0.51323
0.51336
0.513485
0.513605
0.513719
0.513829
0.513934
0.514034
0.514129
0.514219
0.514304
0.514383
0.514458
0.514528
0.514593
0.514653
0.514708
0.514758
0.514803
0.514843
0.514878
0.514908
0.514933
0.514953
0.514968
0.514978
0.514983
0.514983
0.514978
0.514968
0.514953
0.514933
0.514908
0.514878
0.514843
0.514803
0.514758
0.514708
0.514653
0.514593
0.514528
0.514458
0.514383
0.514304
0.514219
0.514129
0.514034
0.513934
0.513829
0.513719
0.513605
0.513485
0.51336
0.51323
0.513096
0.512956
0.512811
0.512662
0.512507
0.512348
0.512183
0.512014
0.511839
0.51166
0.511476
0.511286
0.511092
0.510893
0.510689
0.51048
0.510266
0.510047
0.509823
0.509594
0.50936
0.509122
0.508878
0.508629
0.508376
0.508118
0.507854
0.507586
0.507313
0.507035
0.506752
0.506464
0.506172
0.505874
0.505572
0.505264
0.504952
0.504635
0.504313
0.503986
0.503654
0.503318
0.502976
0.50263
0.502279
0.501923
0.501562
0.501196
0.500826
0.500451
0.500071
0.499686
0.499296
0.498901
0.498502
0.498098
0.497689
0.497275
0.496856
0.496433
0.496005
0.495572
0.495135
0.494692
0.494245
0.493793
0.493337
0.492875
0.492409
0.491938
0.491463
0.490982
0.490498
0.490008
0.489513
0.489014
0.488511
0.488002
0.487489
0.486971
0.486449
0.485922
0.48539
0.484854
0.484313
0.483767
0.483217
0.482662
0.482102
0.481538
0.480969
0.480396
0.479818
0.479236
0.478649
0.478057
0.477461
0.47686
0.476255
0.475645
0.475031
0.474412
0.473789
0.473161
0.472528
0.471891
0.47125
0.470604
0.469954
0.469299
0.46864
0.467976
0.467308
0.466635
0.465958
0.465277
0.464591
0.463901
0.463206
0.462507
0.461804
0.461096
0.460384
0.459667
0.458947
0.458221
0.457492
0.456758
0.45602
0.455277
0.454531
0.45378
0.453024
0.452265
0.451501
0.450733
0.44996
0.449184
0.448403
0.447618
0.446829
0.446035
0.445238
0.444436
0.44363
0.44282
0.442005
0.441187
0.440364
0.439537
0.438706
0.437871
0.437032
0.436189
0.435342
0.434491
0.433635
0.432776
0.431912
0.431045
0.430173
0.429297
0.428418
0.427534
0.426647
0.425755
0.42486
0.42396
0.423057
0.422149
0.421238
0.420323
0.419404
0.418481
0.417554
0.416623
0.415688
0.41475
0.413807
0.412861
0.411911
0.410957
0.41
0.409038
0.408073
0.407104
0.406131
0.405155
0.404174
0.40319
0.402203
0.401211
0.400216
0.399217
0.398215
0.397208
0.396198
0.395185
0.394168
0.393147
0.392123
0.391095
0.390063
0.389028
0.387989
0.386947
0.385901
0.384852
0.383799
0.382742
0.381682
0.380619
0.379552
0.378482
0.377408
0.37633
0.37525
0.374166
0.373078
0.371987
0.370893
0.369795
0.368694
0.367589
0.366481
0.36537
0.364256
0.363138
0.362017
0.360892
0.359765
0.358634
0.3575
0.356362
0.355221
0.354078
0.35293
0.35178
0.350627
0.34947
0.34831
0.347147
0.345981
0.344812
0.34364
0.342464
0.341286
0.340104
0.338919
0.337731
0.336541
0.335347
0.33415
0.33295
0.331747
0.330542
0.329333
0.328121
0.326906
0.325689
0.324468
0.323245
0.322018
0.320789
0.319557
0.318322
0.317084
0.315844
0.3146
0.313354
0.312105
0.310853
0.309598
0.308341
0.307081
0.305818
0.304552
0.303284
0.302013
0.300739
0.299463
0.298184
0.296902
0.295618
0.294331
0.293041
0.291749
0.290454
0.289157
0.287857
0.286554
0.285249
0.283942
0.282632
0.281319
0.280004
0.278687
0.277367
0.276045
0.27472
0.273392
0.272063
0.270731
0.269396
0.268059
0.26672
0.265379
0.264035
0.262689
0.26134
0.259989
0.258636
0.257281
0.255923
0.254563
0.253201
0.251837
0.25047
0.249102
0.247731
0.246358
0.244982
0.243605
0.242225
0.240844
0.23946
0.238074
0.236686
0.235296
0.233904
0.23251
0.231114
0.229716
0.228316
0.226914
0.22551
0.224104
0.222696
0.221286
0.219874
0.21846
0.217045
0.215627
0.214208
0.212786
0.211363
0.209938
0.208511
0.207083
0.205653
0.20422
0.202786
0.201351
0.199913
0.198474
0.197033
0.195591
0.194146
0.1927
0.191253
0.189804
0.188353
0.1869
0.185446
0.18399
0.182533
0.181074
0.179614
0.178152
0.176688
0.175223
0.173756
0.172288
0.170819
0.169348
0.167875
0.166401
0.164926
0.163449
0.161971
0.160491
0.159011
0.157528
0.156045
0.15456
0.153073
0.151586
0.150097
0.148607
0.147115
0.145622
0.144128
0.142633
0.141137
0.139639
0.13814
0.13664
0.135139
0.133636
0.132133
0.130628
0.129123
0.127616
0.126108
0.124599
0.123089
0.121578
0.120065
0.118552
0.117038
0.115523
0.114007
0.11249
0.110971
0.109452
0.107932
0.106412
0.10489
0.103367
0.101843
0.100319
0.0987937
0.0972675
0.0957406
0.0942128
0.0926842
0.0911548
0.0896247
0.0880938
0.0865621
0.0850297
0.0834966
0.0819628
0.0804283
0.0788931
0.0773572
0.0758207
0.0742835
0.0727457
0.0712073
0.0696683
0.0681286
0.0665885
0.0650477
0.0635064
0.0619645
0.0604222
0.0588793
0.0573359
0.055792
0.0542477
0.0527029
0.0511577
0.049612
0.0480659
0.0465194
0.0449725
0.0434252
0.0418775
0.0403295
0.0387812
0.0372325
0.0356835
0.0341342
0.0325846
0.0310348
0.0294847
0.0279343
0.0263837
0.0248329
0.0232818
0.0217306
0.0201792
0.0186276
0.0170759
0.015524
0.0139719
0.0124198
0.0108676
0.00931522
0.0077628
0.00621032
0.00465779
0.00310521
0.00155261
