0.000264971
0.000530073
0.000795438
0.0010612
0.00132748
0.00159442
0.00186214
0.00213079
0.00240049
0.00267137
0.00294357
0.00321722
0.00349245
0.0037694
0.0040482
0.00432898
0.00461188
0.00489704
0.00518459
0.00547466
0.0057674
0.00606294
0.00636143
0.00666299
0.00696777
0.00727591
0.00758755
0.00790283
0.0082219
0.0085449
0.00887197
0.00920326
0.00953892
0.00987909
0.0102239
0.0105736
0.0109282
0.0112879
0.0116528
0.0120232
0.0123992
0.0127809
0.0131684
0.013562
0.0139618
0.014368
0.0147807
0.0152001
0.0156263
0.0160595
0.0164999
0.0169477
0.017403
0.0178659
0.0183367
0.0188156
0.0193026
0.019798
0.020302
0.0208147
0.0213364
0.0218671
0.0224071
0.0229565
0.0235157
0.0240846
0.0246635
0.0252527
0.0258523
0.0264624
0.0270834
0.0277153
0.0283583
0.0290128
0.0296788
0.0303566
0.0310464
0.0317483
0.0324626
0.0331895
0.0339291
0.0346818
0.0354477
0.0362269
0.0370198
0.0378265
0.0386473
0.0394823
0.0403317
0.0411959
0.042075
0.0429692
0.0438787
0.0448037
0.0457446
0.0467014
0.0476745
0.0486639
0.0496701
0.0506931
0.0517332
0.0527907
0.0538657
0.0549584
0.0560692
0.0571981
0.0583456
0.0595116
0.0606966
0.0619007
0.0631241
0.0643671
0.0656299
0.0669126
0.0682156
0.0695391
0.0708832
0.0722482
0.0736343
0.0750417
0.0764707
0.0779214
0.0793941
0.0808889
0.0824062
0.083946
0.0855087
0.0870944
0.0887033
0.0903356
0.0919916
0.0936713
0.0953751
0.0971031
0.0988555
0.100632
0.102434
0.104261
0.106113
0.10799
0.109893
0.111821
0.113775
0.115755
0.117761
0.119794
0.121853
0.123938
0.12605
0.12819
0.130356
0.132549
0.134769
0.137017
0.139293
0.141596
0.143926
0.146285
0.148671
0.151085
0.153528
0.155998
0.158497
0.161023
0.163579
0.166162
0.168774
0.171414
0.174083
0.17678
0.179506
0.182261
0.185043
0.187855
0.190694
0.193563
0.196459
0.199384
0.202338
0.205319
0.208329
0.211367
0.214433
0.217528
0.22065
0.223799
0.226977
0.230182
0.233414
0.236674
0.239961
0.243275
0.246616
0.249983
0.253377
0.256797
0.260244
0.263716
0.267214
0.270737
0.274285
0.277859
0.281457
0.285079
0.288726
0.292396
0.29609
0.299808
0.303548
0.307311
0.311097
0.314904
0.318733
0.322584
0.326455
0.330347
0.334259
0.338191
0.342143
0.346113
0.350102
0.35411
0.358135
0.362177
0.366237
0.370313
0.374405
0.378513
0.382635
0.386773
0.390924
0.39509
0.399268
0.403459
0.407663
0.411878
0.416104
0.420341
0.424588
0.428845
0.433111
0.437386
0.441668
0.445959
0.450256
0.454559
0.458868
0.463183
0.467502
0.471826
0.476153
0.480484
0.484817
0.489152
0.493488
0.497825
0.502162
0.506499
0.510836
0.515171
0.519503
0.523834
0.528161
0.532484
0.536804
0.541118
0.545428
0.549731
0.554028
0.558318
0.5626
0.566874
0.57114
0.575397
0.579644
0.583881
0.588107
0.592321
0.596525
0.600716
0.604894
0.609059
0.61321
0.617347
0.621469
0.625576
0.629668
0.633744
0.637803
0.641845
0.645869
0.649876
0.653865
0.657835
0.661786
0.665717
0.669629
0.67352
0.67739
0.68124
0.685069
0.688875
0.69266
0.696422
0.700162
0.703878
0.707571
0.711241
0.714887
0.718508
0.722105
0.725677
0.729225
0.732747
0.736243
0.739714
0.743159
0.746578
0.749971
0.753337
0.756676
0.759988
0.763274
0.766532
0.769763
0.772966
0.776142
0.77929
0.78241
0.785503
0.788567
0.791603
0.794611
0.79759
0.800541
0.803464
0.806359
0.809224
0.812062
0.81487
0.817651
0.820402
0.823125
0.82582
0.828485
0.831123
0.833731
0.836312
0.838864
0.841387
0.843882
0.846349
0.848787
0.851198
0.85358
0.855934
0.858261
0.860559
0.86283
0.865074
0.867289
0.869478
0.871639
0.873773
0.87588
0.87796
0.880013
0.88204
0.88404
0.886014
0.887962
0.889883
0.891779
0.89365
0.895494
0.897314
0.899108
0.900877
0.902622
0.904341
0.906037
0.907708
0.909355
0.910978
0.912578
0.914154
0.915706
0.917236
0.918742
0.920226
0.921688
0.923127
0.924544
0.92594
0.927313
0.928665
0.929996
0.931306
0.932595
0.933863
0.935111
0.936339
0.937547
0.938735
0.939903
0.941052
0.942182
0.943293
0.944385
0.945459
0.946515
0.947552
0.948572
0.949573
0.950558
0.951525
0.952475
0.953408
0.954325
0.955225
0.956109
0.956976
0.957828
0.958665
0.959486
0.960291
0.961082
0.961857
0.962618
0.963365
0.964097
0.964815
0.96552
0.96621
0.966887
0.96755
0.968201
0.968838
0.969462
0.970074
0.970673
0.97126
0.971835
0.972398
0.972948
0.973487
0.974015
0.974531
0.975036
0.97553
0.976013
0.976485
0.976947
0.977398
0.977838
0.978269
0.978689
0.9791
0.9795
0.979891
0.980273
0.980644
0.981007
0.98136
0.981705
0.98204
0.982367
0.982685
0.982994
0.983294
0.983587
0.98387
0.984146
0.984414
0.984673
0.984925
0.985168
0.985404
0.985633
0.985853
0.986067
0.986272
0.986471
0.986662
0.986845
0.987022
0.987192
0.987354
0.98751
0.987658
0.9878
0.987935
0.988063
0.988185
0.9883
0.988408
0.98851
0.988605
0.988693
0.988776
0.988851
0.988921
0.988983
0.98904
0.98909
0.989134
0.989172
0.989203
0.989228
0.989247
0.989259
0.989266
0.989266
0.989259
0.989247
0.989228
0.989203
0.989172
0.989134
0.98909
0.98904
0.988983
0.988921
0.988851
0.988776
0.988693
0.988605
0.98851
0.988408
0.9883
0.988185
0.988063
0.987935
0.9878
0.987658
0.98751
0.987354
0.987192
0.987022
0.986845
0.986662
0.986471
0.986272
0.986067
0.985853
0.985633
0.985404
0.985168
0.984925
0.984673
0.984414
0.984146
0.98387
0.983587
0.983294
0.982994
0.982685
0.982367
0.98204
0.981705
0.98136
0.981007
0.980644
0.980273
0.979891
0.9795
0.9791
0.978689
0.978269
0.977838
0.977398
0.976947
0.976485
0.976013
0.97553
0.975036
0.974531
0.974015
0.973487
0.972948
0.972398
0.971835
0.97126
0.970673
0.970074
0.969462
0.968838
0.968201
0.96755
0.966887
0.96621
0.96552
0.964815
0.964097
0.963365
0.962618
0.961857
0.961082
0.960291
0.959486
0.958665
0.957828
0.956976
0.956109
0.955225
0.954325
0.953408
0.952475
0.951525
0.950558
0.949573
0.948572
0.947552
0.946515
0.945459
0.944385
0.943293
0.942182
0.941052
0.939903
0.938735
0.937547
0.936339
0.935111
0.933863
0.932595
0.931306
0.929996
0.928665
0.927313
0.92594
0.924544
0.923127
0.921688
0.920226
0.918742
0.917236
0.915706
0.914154
0.912578
0.910978
0.909355
0.907708
0.906037
0.904341
0.902622
0.900877
0.899108
0.897314
0.895494
0.89365
0.891779
0.889883
0.887962
0.886014
0.88404
0.88204
0.880013
0.87796
0.87588
0.873773
0.871639
0.869478
0.867289
0.865074
0.86283
0.860559
0.858261
0.855934
0.85358
0.851198
0.848787
0.846349
0.843882
0.841387
0.838864
0.836312
0.833731
0.831123
0.828485
0.82582
0.823125
0.820402
0.817651
0.81487
0.812062
0.809224
0.806359
0.803464
0.800541
0.79759
0.794611
0.791603
0.788567
0.785503
0.78241
0.77929
0.776142
0.772966
0.769763
0.766532
0.763274
0.759988
0.756676
0.753337
0.749971
0.746578
0.743159
0.739714
0.736243
0.732747
0.729225
0.725677
0.722105
0.718508
0.714887
0.711241
0.707571
0.703878
0.700162
0.696422
0.69266
0.688875
0.685069
0.68124
0.67739
0.67352
0.669629
0.665717
0.661786
0.657835
0.653865
0.649876
0.645869
0.641845
0.637803
0.633744
0.629668
0.625576
0.621469
0.617347
0.61321
0.609059
0.604894
0.600716
0.596525
0.592321
0.588107
0.583881
0.579644
0.575397
0.57114
0.566874
0.5626
0.558318
0.554028
0.549731
0.545428
0.541118
0.536804
0.532484
0.528161
0.523834
0.519503
0.515171
0.510836
0.506499
0.502162
0.497825
0.493488
0.489152
0.484817
0.480484
0.476153
0.471826
0.467502
0.463183
0.458868
0.454559
0.450256
0.445959
0.441668
0.437386
0.433111
0.428845
0.424588
0.420341
0.416104
0.411878
0.407663
0.403459
0.399268
0.39509
0.390924
0.386773
0.382635
0.378513
0.374405
0.370313
0.366237
0.362177
0.358135
0.35411
0.350102
0.346113
0.342143
0.338191
0.334259
0.330347
0.326455
0.322584
0.318733
0.314904
0.311097
0.307311
0.303548
0.299808
0.29609
0.292396
0.288726
0.285079
0.281457
0.277859
0.274285
0.270737
0.267214
0.263716
0.260244
0.256797
0.253377
0.249983
0.246616
0.243275
0.239961
0.236674
0.233414
0.230182
0.226977
0.223799
0.22065
0.217528
0.214433
0.211367
0.208329
0.205319
0.202338
0.199384
0.196459
0.193563
0.190694
0.187855
0.185043
0.182261
0.179506
0.17678
0.174083
0.171414
0.168774
0.166162
0.163579
0.161023
0.158497
0.155998
0.153528
0.151085
0.148671
0.146285
0.143926
0.141596
0.139293
0.137017
0.134769
0.132549
0.130356
0.12819
0.12605
0.123938
0.121853
0.119794
0.117761
0.115755
0.113775
0.111821
0.109893
0.10799
0.106113
0.104261
0.102434
0.100632
0.0988555
0.0971031
0.0953751
0.0936713
0.0919916
0.0903356
0.0887033
0.0870944
0.0855087
0.083946
0.0824062
0.0808889
0.0793941
0.0779214
0.0764707
0.0750417
0.0736343
0.0722482
0.0708832
0.0695391
0.0682156
0.0669126
0.0656299
0.0643671
0.0631241
0.0619007
0.0606966
0.0595116
0.0583456
0.0571981
0.0560692
0.0549584
0.0538657
0.0527907
0.0517332
0.0506931
0.0496701
0.0486639
0.0476745
0.0467014
0.0457446
0.0448037
0.0438787
0.0429692
0.042075
0.0411959
0.0403317
0.0394823
0.0386473
0.0378265
0.0370198
0.0362269
0.0354477
0.0346818
0.0339291
0.0331895
0.0324626
0.0317483
0.0310464
0.0303566
0.0296788
0.0290128
0.0283583
0.0277153
0.0270834
0.0264624
0.0258523
0.0252527
0.0246635
0.0240846
0.0235157
0.0229565
0.0224071
0.0218671
0.0213364
0.0208147
0.020302
0.019798
0.0193026
0.0188156
0.0183367
0.0178659
0.017403
0.0169477
0.0164999
0.0160595
0.0156263
0.0152001
0.0147807
0.014368
0.0139618
0.013562
0.0131684
0.0127809
0.0123992
0.0120232
0.0116528
0.0112879
0.0109282
0.0105736
0.0102239
0.00987909
0.00953892
0.00920326
0.00887197
0.0085449
0.0082219
0.00790283
0.00758755
0.00727591
0.00696777
0.00666299
0.00636143
0.00606294
0.0057674
0.00547466
0.00518459
0.00489704
0.00461188
0.00432898
0.0040482
0.0037694
0.00349245
0.00321722
0.00294357
0.00267137
0.00240049
0.00213079
0.00186214
0.00159442
0.00132748
0.0010612
0.000795438
0.000530073
0.000264971
