0.00651884
0.01304
0.019566
0.026099
0.0326415
0.0391957
0.0457639
0.0523484
0.0589514
0.0655751
0.0722216
0.0788929
0.0855911
0.0923181
0.0990758
0.105866
0.11269
0.11955
0.126448
0.133384
0.140361
0.147379
0.154439
0.161543
0.168692
0.175885
0.183125
0.190411
0.197744
0.205124
0.212551
0.220026
0.227547
0.235116
0.242731
0.250391
0.258097
0.265847
0.27364
0.281476
0.289351
0.297267
0.305219
0.313208
0.32123
0.329285
0.337369
0.34548
0.353617
0.361775
0.369954
0.378149
0.386358
0.394577
0.402804
0.411036
0.419268
0.427498
0.435721
0.443935
0.452135
0.460318
0.46848
0.476616
0.484724
0.492799
0.500837
0.508834
0.516787
0.52469
0.53254
0.540334
0.548066
0.555734
0.563332
0.570858
0.578307
0.585675
0.592959
0.600155
0.60726
0.614268
0.621178
0.627986
0.634688
0.641281
0.647761
0.654126
0.660373
0.666498
0.672499
0.678373
0.684117
0.689729
0.695205
0.700545
0.705745
0.710803
0.715716
0.720484
0.725104
0.729574
0.733893
0.738058
0.742068
0.745922
0.749617
0.753154
0.75653
0.759744
0.762795
0.765683
0.768405
0.770962
0.773352
0.775574
0.777628
0.779513
0.781229
0.782774
0.784149
0.785353
0.786386
0.787247
0.787936
0.788454
0.788798
0.788971
0.788971
0.788798
0.788454
0.787936
0.787247
0.786386
0.785353
0.784149
0.782774
0.781229
0.779513
0.777628
0.775574
0.773352
0.770962
0.768405
0.765683
0.762795
0.759744
0.75653
0.753154
0.749617
0.745922
0.742068
0.738058
0.733893
0.729574
0.725104
0.720484
0.715716
0.710803
0.705745
0.700545
0.695205
0.689729
0.684117
0.678373
0.672499
0.666498
0.660373
0.654126
0.647761
0.641281
0.634688
0.627986
0.621178
0.614268
0.60726
0.600155
0.592959
0.585675
0.578307
0.570858
0.563332
0.555734
0.548066
0.540334
0.53254
0.52469
0.516787
0.508834
0.500837
0.492799
0.484724
0.476616
0.46848
0.460318
0.452135
0.443935
0.435721
0.427498
0.419268
0.411036
0.402804
0.394577
0.386358
0.378149
0.369954
0.361775
0.353617
0.34548
0.337369
0.329285
0.32123
0.313208
0.305219
0.297267
0.289351
0.281476
0.27364
0.265847
0.258097
0.250391
0.242731
0.235116
0.227547
0.220026
0.212551
0.205124
0.197744
0.190411
0.183125
0.175885
0.168692
0.161543
0.154439
0.147379
0.140361
0.133384
0.126448
0.11955
0.11269
0.105866
0.0990758
0.0923181
0.0855911
0.0788929
0.0722216
0.0655751
0.0589514
0.0523484
0.0457639
0.0391957
0.0326415
0.026099
0.019566
0.01304
0.00651884
