0.00128154
0.00256307
0.00384458
0.00512605
0.00640747
0.00768883
0.00897013
0.0102513
0.0115325
0.0128135
0.0140944
0.0153751
0.0166557
0.0179362
0.0192165
0.0204966
0.0217766
0.0230563
0.0243358
0.0256151
0.0268942
0.028173
0.0294516
0.0307299
0.0320079
0.0332856
0.034563
0.0358401
0.0371168
0.0383932
0.0396693
0.040945
0.0422203
0.0434952
0.0447698
0.0460439
0.0473176
0.0485908
0.0498636
0.051136
0.0524079
0.0536793
0.0549502
0.0562206
0.0574905
0.0587598
0.0600286
0.0612969
0.0625646
0.0638317
0.0650982
0.0663641
0.0676295
0.0688941
0.0701582
0.0714216
0.0726844
0.0739465
0.0752079
0.0764686
0.0777286
0.0789879
0.0802464
0.0815043
0.0827613
0.0840177
0.0852732
0.0865279
0.0877819
0.089035
0.0902874
0.0915389
0.0927895
0.0940393
0.0952882
0.0965363
0.0977835
0.0990297
0.100275
0.101519
0.102763
0.104006
0.105247
0.106488
0.107727
0.108966
0.110204
0.11144
0.112676
0.11391
0.115144
0.116376
0.117608
0.118838
0.120067
0.121295
0.122522
0.123748
0.124973
0.126196
0.127419
0.12864
0.12986
0.131079
0.132296
0.133512
0.134728
0.135942
0.137154
0.138366
0.139576
0.140784
0.141992
0.143198
0.144403
0.145607
0.146809
0.14801
0.149209
0.150407
0.151604
0.152799
0.153993
0.155186
0.156377
0.157566
0.158754
0.159941
0.161126
0.16231
0.163492
0.164673
0.165852
0.16703
0.168206
0.16938
0.170553
0.171725
0.172895
0.174063
0.175229
0.176394
0.177558
0.178719
0.179879
0.181038
0.182195
0.18335
0.184503
0.185655
0.186805
0.187953
0.189099
0.190244
0.191387
0.192528
0.193667
0.194805
0.195941
0.197075
0.198207
0.199337
0.200466
0.201592
0.202717
0.20384
0.204961
0.20608
0.207197
0.208312
0.209426
0.210537
0.211646
0.212754
0.213859
0.214963
0.216064
0.217164
0.218261
0.219357
0.22045
0.221542
0.222631
0.223718
0.224803
0.225887
0.226968
0.228046
0.229123
0.230198
0.23127
0.232341
0.233409
0.234475
0.235539
0.236601
0.23766
0.238718
0.239773
0.240826
0.241876
0.242924
0.243971
0.245014
0.246056
0.247095
0.248132
0.249167
0.250199
0.251229
0.252257
0.253282
0.254305
0.255326
0.256344
0.25736
0.258374
0.259385
0.260394
0.2614
0.262404
0.263405
0.264404
0.2654
0.266394
0.267386
0.268375
0.269362
0.270346
0.271327
0.272306
0.273283
0.274256
0.275228
0.276197
0.277163
0.278126
0.279087
0.280046
0.281002
0.281955
0.282906
0.283853
0.284799
0.285741
0.286681
0.287619
0.288553
0.289485
0.290415
0.291341
0.292265
0.293186
0.294104
0.29502
0.295933
0.296843
0.29775
0.298655
0.299557
0.300456
0.301352
0.302245
0.303136
0.304023
0.304908
0.30579
0.306669
0.307546
0.308419
0.30929
0.310157
0.311022
0.311884
0.312743
0.313599
0.314452
0.315302
0.316149
0.316994
0.317835
0.318673
0.319508
0.320341
0.32117
0.321996
0.32282
0.32364
0.324457
0.325272
0.326083
0.326891
0.327696
0.328498
0.329297
0.330093
0.330886
0.331675
0.332462
0.333245
0.334026
0.334803
0.335577
0.336348
0.337116
0.33788
0.338642
0.3394
0.340155
0.340907
0.341656
0.342401
0.343144
0.343883
0.344619
0.345351
0.346081
0.346807
0.34753
0.348249
0.348966
0.349679
0.350389
0.351095
0.351798
0.352498
0.353195
0.353888
0.354578
0.355265
0.355948
0.356628
0.357305
0.357978
0.358648
0.359315
0.359978
0.360638
0.361294
0.361947
0.362597
0.363243
0.363886
0.364525
0.365161
0.365794
0.366423
0.367049
0.367671
0.368289
0.368905
0.369517
0.370125
0.37073
0.371331
0.371929
0.372523
0.373114
0.373702
0.374286
0.374866
0.375443
0.376016
0.376586
0.377152
0.377715
0.378274
0.378829
0.379381
0.37993
0.380475
0.381016
0.381553
0.382088
0.382618
0.383145
0.383668
0.384188
0.384704
0.385216
0.385725
0.38623
0.386732
0.38723
0.387724
0.388214
0.388701
0.389185
0.389664
0.39014
0.390612
0.391081
0.391546
0.392007
0.392464
0.392918
0.393368
0.393815
0.394257
0.394696
0.395131
0.395563
0.395991
0.396415
0.396835
0.397252
0.397664
0.398073
0.398479
0.39888
0.399278
0.399672
0.400062
0.400449
0.400831
0.40121
0.401585
0.401957
0.402324
0.402688
0.403048
0.403404
0.403756
0.404105
0.40445
0.404791
0.405128
0.405461
0.40579
0.406116
0.406438
0.406756
0.40707
0.40738
0.407686
0.407989
0.408287
0.408582
0.408873
0.40916
0.409444
0.409723
0.409998
0.41027
0.410538
0.410802
0.411062
0.411318
0.41157
0.411818
0.412063
0.412303
0.41254
0.412773
0.413001
0.413226
0.413447
0.413665
0.413878
0.414087
0.414293
0.414494
0.414692
0.414885
0.415075
0.415261
0.415443
0.415621
0.415795
0.415965
0.416131
0.416293
0.416451
0.416606
0.416756
0.416903
0.417045
0.417184
0.417318
0.417449
0.417576
0.417699
0.417818
0.417932
0.418043
0.41815
0.418253
0.418353
0.418448
0.418539
0.418626
0.418709
0.418789
0.418864
0.418935
0.419003
0.419066
0.419126
0.419181
0.419233
0.41928
0.419324
0.419364
0.419399
0.419431
0.419459
0.419483
0.419503
0.419519
0.41953
0.419538
0.419542
0.419542
0.419538
0.41953
0.419519
0.419503
0.419483
0.419459
0.419431
0.419399
0.419364
0.419324
0.41928
0.419233
0.419181
0.419126
0.419066
0.419003
0.418935
0.418864
0.418789
0.418709
0.418626
0.418539
0.418448
0.418353
0.418253
0.41815
0.418043
0.417932
0.417818
0.417699
0.417576
0.417449
0.417318
0.417184
0.417045
0.416903
0.416756
0.416606
0.416451
0.416293
0.416131
0.415965
0.415795
0.415621
0.415443
0.415261
0.415075
0.414885
0.414692
0.414494
0.414293
0.414087
0.413878
0.413665
0.413447
0.413226
0.413001
0.412773
0.41254
0.412303
0.412063
0.411818
0.41157
0.411318
0.411062
0.410802
0.410538
0.41027
0.409998
0.409723
0.409444
0.40916
0.408873
0.408582
0.408287
0.407989
0.407686
0.40738
0.40707
0.406756
0.406438
0.406116
0.40579
0.405461
0.405128
0.404791
0.40445
0.404105
0.403756
0.403404
0.403048
0.402688
0.402324
0.401957
0.401585
0.40121
0.400831
0.400449
0.400062
0.399672
0.399278
0.39888
0.398479
0.398073
0.397664
0.397252
0.396835
0.396415
0.395991
0.395563
0.395131
0.394696
0.394257
0.393815
0.393368
0.392918
0.392464
0.392007
0.391546
0.391081
0.390612
0.39014
0.389664
0.389185
0.388701
0.388214
0.387724
0.38723
0.386732
0.38623
0.385725
0.385216
0.384704
0.384188
0.383668
0.383145
0.382618
0.382088
0.381553
0.381016
0.380475
0.37993
0.379381
0.378829
0.378274
0.377715
0.377152
0.376586
0.376016
0.375443
0.374866
0.374286
0.373702
0.373114
0.372523
0.371929
0.371331
0.37073
0.370125
0.369517
0.368905
0.368289
0.367671
0.367049
0.366423
0.365794
0.365161
0.364525
0.363886
0.363243
0.362597
0.361947
0.361294
0.360638
0.359978
0.359315
0.358648
0.357978
0.357305
0.356628
0.355948
0.355265
0.354578
0.353888
0.353195
0.352498
0.351798
0.351095
0.350389
0.349679
0.348966
0.348249
0.34753
0.346807
0.346081
0.345351
0.344619
0.343883
0.343144
0.342401
0.341656
0.340907
0.340155
0.3394
0.338642
0.33788
0.337116
0.336348
0.335577
0.334803
0.334026
0.333245
0.332462
0.331675
0.330886
0.330093
0.329297
0.328498
0.327696
0.326891
0.326083
0.325272
0.324457
0.32364
0.32282
0.321996
0.32117
0.320341
0.319508
0.318673
0.317835
0.316994
0.316149
0.315302
0.314452
0.313599
0.312743
0.311884
0.311022
0.310157
0.30929
0.308419
0.307546
0.306669
0.30579
0.304908
0.304023
0.303136
0.302245
0.301352
0.300456
0.299557
0.298655
0.29775
0.296843
0.295933
0.29502
0.294104
0.293186
0.292265
0.291341
0.290415
0.289485
0.288553
0.287619
0.286681
0.285741
0.284799
0.283853
0.282906
0.281955
0.281002
0.280046
0.279087
0.278126
0.277163
0.276197
0.275228
0.274256
0.273283
0.272306
0.271327
0.270346
0.269362
0.268375
0.267386
0.266394
0.2654
0.264404
0.263405
0.262404
0.2614
0.260394
0.259385
0.258374
0.25736
0.256344
0.255326
0.254305
0.253282
0.252257
0.251229
0.250199
0.249167
0.248132
0.247095
0.246056
0.245014
0.243971
0.242924
0.241876
0.240826
0.239773
0.238718
0.23766
0.236601
0.235539
0.234475
0.233409
0.232341
0.23127
0.230198
0.229123
0.228046
0.226968
0.225887
0.224803
0.223718
0.222631
0.221542
0.22045
0.219357
0.218261
0.217164
0.216064
0.214963
0.213859
0.212754
0.211646
0.210537
0.209426
0.208312
0.207197
0.20608
0.204961
0.20384
0.202717
0.201592
0.200466
0.199337
0.198207
0.197075
0.195941
0.194805
0.193667
0.192528
0.191387
0.190244
0.189099
0.187953
0.186805
0.185655
0.184503
0.18335
0.182195
0.181038
0.179879
0.178719
0.177558
0.176394
0.175229
0.174063
0.172895
0.171725
0.170553
0.16938
0.168206
0.16703
0.165852
0.164673
0.163492
0.16231
0.161126
0.159941
0.158754
0.157566
0.156377
0.155186
0.153993
0.152799
0.151604
0.150407
0.149209
0.14801
0.146809
0.145607
0.144403
0.143198
0.141992
0.140784
0.139576
0.138366
0.137154
0.135942
0.134728
0.133512
0.132296
0.131079
0.12986
0.12864
0.127419
0.126196
0.124973
0.123748
0.122522
0.121295
0.120067
0.118838
0.117608
0.116376
0.115144
0.11391
0.112676
0.11144
0.110204
0.108966
0.107727
0.106488
0.105247
0.104006
0.102763
0.101519
0.100275
0.0990297
0.0977835
0.0965363
0.0952882
0.0940393
0.0927895
0.0915389
0.0902874
0.089035
0.0877819
0.0865279
0.0852732
0.0840177
0.0827613
0.0815043
0.0802464
0.0789879
0.0777286
0.0764686
0.0752079
0.0739465
0.0726844
0.0714216
0.0701582
0.0688941
0.0676295
0.0663641
0.0650982
0.0638317
0.0625646
0.0612969
0.0600286
0.0587598
0.0574905
0.0562206
0.0549502
0.0536793
0.0524079
0.051136
0.0498636
0.0485908
0.0473176
0.0460439
0.0447698
0.0434952
0.0422203
0.040945
0.0396693
0.0383932
0.0371168
0.0358401
0.034563
0.0332856
0.0320079
0.0307299
0.0294516
0.028173
0.0268942
0.0256151
0.0243358
0.0230563
0.0217766
0.0204966
0.0192165
0.0179362
0.0166557
0.0153751
0.0140944
0.0128135
0.0115325
0.0102513
0.00897013
0.00768883
0.00640747
0.00512605
0.00384458
0.00256307
0.00128154
