0.00294794
0.00589545
0.00884207
0.0117874
0.0147309
0.0176723
0.020611
0.0235466
0.0264787
0.0294069
0.0323306
0.0352496
0.0381633
0.0410713
0.0439731
0.0468684
0.0497567
0.0526375
0.0555105
0.0583752
0.0612312
0.0640781
0.0669154
0.0697427
0.0725595
0.0753656
0.0781604
0.0809435
0.0837145
0.0864731
0.0892187
0.091951
0.0946695
0.097374
0.100064
0.102739
0.105398
0.108042
0.11067
0.113281
0.115876
0.118453
0.121012
0.123553
0.126076
0.12858
0.131064
0.13353
0.135975
0.1384
0.140804
0.143187
0.145549
0.147889
0.150207
0.152503
0.154775
0.157025
0.159251
0.161454
0.163632
0.165786
0.167915
0.170019
0.172098
0.174151
0.176177
0.178178
0.180152
0.182099
0.184019
0.185911
0.187776
0.189612
0.19142
0.1932
0.194951
0.196672
0.198364
0.200027
0.20166
0.203262
0.204834
0.206376
0.207887
0.209366
0.210815
0.212232
0.213617
0.21497
0.216291
0.21758
0.218836
0.22006
0.221251
0.222408
0.223533
0.224624
0.225681
0.226705
0.227694
0.22865
0.229572
0.230459
0.231312
0.23213
0.232914
0.233663
0.234377
0.235055
0.235699
0.236307
0.236881
0.237418
0.237921
0.238387
0.238818
0.239214
0.239573
0.239897
0.240185
0.240437
0.240653
0.240833
0.240978
0.241086
0.241158
0.241194
0.241194
0.241158
0.241086
0.240978
0.240833
0.240653
0.240437
0.240185
0.239897
0.239573
0.239214
0.238818
0.238387
0.237921
0.237418
0.236881
0.236307
0.235699
0.235055
0.234377
0.233663
0.232914
0.23213
0.231312
0.230459
0.229572
0.22865
0.227694
0.226705
0.225681
0.224624
0.223533
0.222408
0.221251
0.22006
0.218836
0.21758
0.216291
0.21497
0.213617
0.212232
0.210815
0.209366
0.207887
0.206376
0.204834
0.203262
0.20166
0.200027
0.198364
0.196672
0.194951
0.1932
0.19142
0.189612
0.187776
0.185911
0.184019
0.182099
0.180152
0.178178
0.176177
0.174151
0.172098
0.170019
0.167915
0.165786
0.163632
0.161454
0.159251
0.157025
0.154775
0.152503
0.150207
0.147889
0.145549
0.143187
0.140804
0.1384
0.135975
0.13353
0.131064
0.12858
0.126076
0.123553
0.121012
0.118453
0.115876
0.113281
0.11067
0.108042
0.105398
0.102739
0.100064
0.097374
0.0946695
0.091951
0.0892187
0.0864731
0.0837145
0.0809435
0.0781604
0.0753656
0.0725595
0.0697427
0.0669154
0.0640781
0.0612312
0.0583752
0.0555105
0.0526375
0.0497567
0.0468684
0.0439731
0.0410713
0.0381633
0.0352496
0.0323306
0.0294069
0.0264787
0.0235466
0.020611
0.0176723
0.0147309
0.0117874
0.00884207
0.00589545
0.00294794
