0.000734232
0.00146862
0.00220331
0.00293845
0.00367421
0.00441073
0.00514816
0.00588667
0.00662639
0.00736748
0.0081101
0.00885439
0.00960052
0.0103486
0.0110989
0.0118514
0.0126063
0.0133639
0.0141242
0.0148873
0.0156536
0.016423
0.0171957
0.017972
0.0187519
0.0195356
0.0203232
0.0211149
0.0219109
0.0227113
0.0235162
0.0243259
0.0251403
0.0259598
0.0267844
0.0276143
0.0284496
0.0292906
0.0301372
0.0309897
0.0318483
0.0327131
0.0335841
0.0344616
0.0353458
0.0362367
0.0371345
0.0380393
0.0389514
0.0398707
0.0407976
0.0417321
0.0426743
0.0436244
0.0445826
0.045549
0.0465237
0.0475068
0.0484986
0.0494991
0.0505085
0.0515269
0.0525545
0.0535913
0.0546376
0.0556934
0.0567589
0.0578343
0.0589196
0.060015
0.0611206
0.0622366
0.0633631
0.0645001
0.0656479
0.0668066
0.0679763
0.069157
0.070349
0.0715524
0.0727672
0.0739937
0.0752319
0.0764819
0.0777438
0.0790179
0.0803041
0.0816026
0.0829136
0.0842371
0.0855732
0.0869221
0.0882838
0.0896585
0.0910462
0.0924471
0.0938613
0.0952889
0.09673
0.0981846
0.0996529
0.101135
0.102631
0.104141
0.105665
0.107203
0.108755
0.110321
0.111902
0.113498
0.115108
0.116732
0.118371
0.120026
0.121694
0.123378
0.125077
0.126791
0.12852
0.130264
0.132023
0.133798
0.135588
0.137394
0.139215
0.141051
0.142903
0.144771
0.146654
0.148553
0.150468
0.152398
0.154344
0.156306
0.158284
0.160278
0.162288
0.164314
0.166355
0.168413
0.170487
0.172576
0.174682
0.176804
0.178941
0.181095
0.183265
0.185451
0.187652
0.18987
0.192104
0.194354
0.196619
0.198901
0.201199
0.203512
0.205841
0.208187
0.210547
0.212924
0.215317
0.217725
0.220148
0.222588
0.225042
0.227513
0.229998
0.232499
0.235016
0.237547
0.240094
0.242656
0.245233
0.247825
0.250431
0.253053
0.255689
0.258339
0.261004
0.263684
0.266378
0.269086
0.271808
0.274544
0.277294
0.280058
0.282836
0.285626
0.288431
0.291249
0.294079
0.296923
0.29978
0.30265
0.305532
0.308426
0.311333
0.314253
0.317184
0.320127
0.323082
0.326048
0.329026
0.332015
0.335015
0.338027
0.341048
0.344081
0.347124
0.350177
0.35324
0.356313
0.359396
0.362488
0.36559
0.368701
0.37182
0.374949
0.378086
0.381231
0.384384
0.387546
0.390715
0.393891
0.397075
0.400267
0.403465
0.406669
0.409881
0.413098
0.416321
0.419551
0.422786
0.426026
0.429272
0.432522
0.435777
0.439037
0.442301
0.445569
0.44884
0.452116
0.455394
0.458676
0.461961
0.465248
0.468538
0.471829
0.475123
0.478419
0.481716
0.485014
0.488313
0.491613
0.494913
0.498214
0.501515
0.504815
0.508115
0.511414
0.514713
0.51801
0.521306
0.5246
0.527893
0.531183
0.534471
0.537756
0.541039
0.544318
0.547594
0.550867
0.554136
0.557401
0.560661
0.563918
0.567169
0.570416
0.573657
0.576894
0.580124
0.583349
0.586568
0.58978
0.592986
0.596185
0.599378
0.602563
0.605741
0.608911
0.612074
0.615228
0.618375
0.621513
0.624642
0.627763
0.630875
0.633977
0.63707
0.640154
0.643228
0.646291
0.649345
0.652388
0.655421
0.658443
0.661454
0.664454
0.667443
0.670421
0.673386
0.676341
0.679283
0.682213
0.685131
0.688036
0.690929
0.693809
0.696677
0.699531
0.702372
0.7052
0.708015
0.710816
0.713603
0.716376
0.719136
0.721881
0.724612
0.727329
0.730031
0.732718
0.735391
0.738049
0.740693
0.743321
0.745934
0.748532
0.751114
0.753681
0.756233
0.758769
0.761289
0.763794
0.766282
0.768755
0.771212
0.773652
0.776077
0.778485
0.780877
0.783252
0.785612
0.787954
0.79028
0.79259
0.794883
0.797159
0.799419
0.801661
0.803887
0.806096
0.808288
0.810464
0.812622
0.814763
0.816888
0.818995
0.821085
0.823158
0.825214
0.827253
0.829275
0.83128
0.833268
0.835238
0.837191
0.839128
0.841047
0.842948
0.844833
0.846701
0.848551
0.850385
0.852201
0.854
0.855782
0.857547
0.859295
0.861027
0.862741
0.864438
0.866118
0.867781
0.869427
0.871057
0.872669
0.874265
0.875844
0.877407
0.878952
0.880481
0.881994
0.883489
0.884969
0.886432
0.887878
0.889308
0.890722
0.892119
0.8935
0.894865
0.896214
0.897546
0.898863
0.900163
0.901448
0.902717
0.90397
0.905207
0.906428
0.907634
0.908824
0.909999
0.911158
0.912302
0.91343
0.914543
0.91564
0.916723
0.91779
0.918843
0.91988
0.920902
0.92191
0.922902
0.92388
0.924843
0.925791
0.926725
0.927645
0.928549
0.92944
0.930316
0.931178
0.932025
0.932859
0.933678
0.934483
0.935275
0.936052
0.936816
0.937565
0.938301
0.939023
0.939732
0.940427
0.941108
0.941777
0.942431
0.943072
0.9437
0.944315
0.944916
0.945505
0.94608
0.946642
0.947191
0.947728
0.948251
0.948761
0.949259
0.949744
0.950216
0.950676
0.951122
0.951557
0.951978
0.952388
0.952784
0.953169
0.953541
0.9539
0.954247
0.954582
0.954905
0.955215
0.955514
0.9558
0.956074
0.956336
0.956585
0.956823
0.957049
0.957262
0.957464
0.957654
0.957831
0.957997
0.958151
0.958293
0.958423
0.958541
0.958648
0.958742
0.958825
0.958896
0.958955
0.959002
0.959037
0.959061
0.959073
0.959073
0.959061
0.959037
0.959002
0.958955
0.958896
0.958825
0.958742
0.958648
0.958541
0.958423
0.958293
0.958151
0.957997
0.957831
0.957654
0.957464
0.957262
0.957049
0.956823
0.956585
0.956336
0.956074
0.9558
0.955514
0.955215
0.954905
0.954582
0.954247
0.9539
0.953541
0.953169
0.952784
0.952388
0.951978
0.951557
0.951122
0.950676
0.950216
0.949744
0.949259
0.948761
0.948251
0.947728
0.947191
0.946642
0.94608
0.945505
0.944916
0.944315
0.9437
0.943072
0.942431
0.941777
0.941108
0.940427
0.939732
0.939023
0.938301
0.937565
0.936816
0.936052
0.935275
0.934483
0.933678
0.932859
0.932025
0.931178
0.930316
0.92944
0.928549
0.927645
0.926725
0.925791
0.924843
0.92388
0.922902
0.92191
0.920902
0.91988
0.918843
0.91779
0.916723
0.91564
0.914543
0.91343
0.912302
0.911158
0.909999
0.908824
0.907634
0.906428
0.905207
0.90397
0.902717
0.901448
0.900163
0.898863
0.897546
0.896214
0.894865
0.8935
0.892119
0.890722
0.889308
0.887878
0.886432
0.884969
0.883489
0.881994
0.880481
0.878952
0.877407
0.875844
0.874265
0.872669
0.871057
0.869427
0.867781
0.866118
0.864438
0.862741
0.861027
0.859295
0.857547
0.855782
0.854
0.852201
0.850385
0.848551
0.846701
0.844833
0.842948
0.841047
0.839128
0.837191
0.835238
0.833268
0.83128
0.829275
0.827253
0.825214
0.823158
0.821085
0.818995
0.816888
0.814763
0.812622
0.810464
0.808288
0.806096
0.803887
0.801661
0.799419
0.797159
0.794883
0.79259
0.79028
0.787954
0.785612
0.783252
0.780877
0.778485
0.776077
0.773652
0.771212
0.768755
0.766282
0.763794
0.761289
0.758769
0.756233
0.753681
0.751114
0.748532
0.745934
0.743321
0.740693
0.738049
0.735391
0.732718
0.730031
0.727329
0.724612
0.721881
0.719136
0.716376
0.713603
0.710816
0.708015
0.7052
0.702372
0.699531
0.696677
0.693809
0.690929
0.688036
0.685131
0.682213
0.679283
0.676341
0.673386
0.670421
0.667443
0.664454
0.661454
0.658443
0.655421
0.652388
0.649345
0.646291
0.643228
0.640154
0.63707
0.633977
0.630875
0.627763
0.624642
0.621513
0.618375
0.615228
0.612074
0.608911
0.605741
0.602563
0.599378
0.596185
0.592986
0.58978
0.586568
0.583349
0.580124
0.576894
0.573657
0.570416
0.567169
0.563918
0.560661
0.557401
0.554136
0.550867
0.547594
0.544318
0.541039
0.537756
0.534471
0.531183
0.527893
0.5246
0.521306
0.51801
0.514713
0.511414
0.508115
0.504815
0.501515
0.498214
0.494913
0.491613
0.488313
0.485014
0.481716
0.478419
0.475123
0.471829
0.468538
0.465248
0.461961
0.458676
0.455394
0.452116
0.44884
0.445569
0.442301
0.439037
0.435777
0.432522
0.429272
0.426026
0.422786
0.419551
0.416321
0.413098
0.409881
0.406669
0.403465
0.400267
0.397075
0.393891
0.390715
0.387546
0.384384
0.381231
0.378086
0.374949
0.37182
0.368701
0.36559
0.362488
0.359396
0.356313
0.35324
0.350177
0.347124
0.344081
0.341048
0.338027
0.335015
0.332015
0.329026
0.326048
0.323082
0.320127
0.317184
0.314253
0.311333
0.308426
0.305532
0.30265
0.29978
0.296923
0.294079
0.291249
0.288431
0.285626
0.282836
0.280058
0.277294
0.274544
0.271808
0.269086
0.266378
0.263684
0.261004
0.258339
0.255689
0.253053
0.250431
0.247825
0.245233
0.242656
0.240094
0.237547
0.235016
0.232499
0.229998
0.227513
0.225042
0.222588
0.220148
0.217725
0.215317
0.212924
0.210547
0.208187
0.205841
0.203512
0.201199
0.198901
0.196619
0.194354
0.192104
0.18987
0.187652
0.185451
0.183265
0.181095
0.178941
0.176804
0.174682
0.172576
0.170487
0.168413
0.166355
0.164314
0.162288
0.160278
0.158284
0.156306
0.154344
0.152398
0.150468
0.148553
0.146654
0.144771
0.142903
0.141051
0.139215
0.137394
0.135588
0.133798
0.132023
0.130264
0.12852
0.126791
0.125077
0.123378
0.121694
0.120026
0.118371
0.116732
0.115108
0.113498
0.111902
0.110321
0.108755
0.107203
0.105665
0.104141
0.102631
0.101135
0.0996529
0.0981846
0.09673
0.0952889
0.0938613
0.0924471
0.0910462
0.0896585
0.0882838
0.0869221
0.0855732
0.0842371
0.0829136
0.0816026
0.0803041
0.0790179
0.0777438
0.0764819
0.0752319
0.0739937
0.0727672
0.0715524
0.070349
0.069157
0.0679763
0.0668066
0.0656479
0.0645001
0.0633631
0.0622366
0.0611206
0.060015
0.0589196
0.0578343
0.0567589
0.0556934
0.0546376
0.0535913
0.0525545
0.0515269
0.0505085
0.0494991
0.0484986
0.0475068
0.0465237
0.045549
0.0445826
0.0436244
0.0426743
0.0417321
0.0407976
0.0398707
0.0389514
0.0380393
0.0371345
0.0362367
0.0353458
0.0344616
0.0335841
0.0327131
0.0318483
0.0309897
0.0301372
0.0292906
0.0284496
0.0276143
0.0267844
0.0259598
0.0251403
0.0243259
0.0235162
0.0227113
0.0219109
0.0211149
0.0203232
0.0195356
0.0187519
0.017972
0.0171957
0.016423
0.0156536
0.0148873
0.0141242
0.0133639
0.0126063
0.0118514
0.0110989
0.0103486
0.00960052
0.00885439
0.0081101
0.00736748
0.00662639
0.00588667
0.00514816
0.00441073
0.00367421
0.00293845
0.00220331
0.00146862
0.000734232
