1
1
1
1
1
1
1
1
1
1
1
1
1
1
1
1
1
1
1
1
1
1
1
1
1
1
1
1
1
1
1
1
1
1
1
1
1
1
1
1
1
1
1
1
1
1
1
1
1
1
1
1
1
1
1
1
1
1
1
0.999999
0.999998
0.999996
0.999991
0.999981
0.999959
0.999914
0.999825
0.999652
0.999326
0.99873
0.997673
0.995857
0.992834
0.98796
0.98036
0.968903
0.952224
0.928792
0.897057
0.855662
0.80372
0.741092
0.668621
0.588252
0.502953
0.416454
0.332784
0.255729
0.188307
0.13238
0.0885113
0.0560603
0.0334921
0.018787
0.00984473
0.00479214
0.00215307
0.000886311
0.000331405
0.000111398
3.32375e-05
8.66304e-06
1.93178e-06
3.58244e-07
5.30312e-08
5.8739e-09
4.32669e-10
1.5894e-11
0
0
0
0
0
0
0
0
0
0
0
0
0
0
0
0
0
0
0
0
1e-236
2.125e-233
2.24825e-230
1.57903e-227
8.28208e-225
3.46028e-222
1.19958e-219
3.54909e-217
9.14793e-215
2.08678e-212
4.26548e-210
7.89132e-208
1.33235e-205
2.06726e-203
2.96514e-201
3.95168e-199
4.91509e-197
5.72775e-195
6.27535e-193
6.48373e-191
6.33492e-189
5.86765e-187
5.16383e-185
4.32665e-183
3.45793e-181
2.64065e-179
1.92984e-177
1.3517e-175
9.08607e-174
5.86882e-172
3.6468e-170
2.18239e-168
1.25908e-166
7.00957e-165
3.76905e-163
1.95903e-161
9.85065e-160
4.79541e-158
2.26168e-156
1.03412e-154
4.58689e-153
1.97486e-151
8.25791e-150
3.35549e-148
1.32561e-146
5.09405e-145
1.90503e-143
6.93622e-142
2.45988e-140
8.50058e-139
2.8635e-137
9.40636e-136
3.01422e-134
9.42553e-133
2.87711e-131
8.57555e-130
2.49663e-128
7.10162e-127
1.97421e-125
5.36507e-124
1.42566e-122
3.70529e-121
9.42101e-120
2.3439e-118
5.70747e-117
1.36051e-115
3.17542e-114
7.2582e-113
1.62504e-111
3.56442e-110
7.66084e-109
1.61362e-107
3.33144e-106
6.74279e-105
1.3381e-103
2.60399e-102
4.96999e-101
9.30455e-100
1.70889e-98
3.07941e-97
5.44512e-96
9.44896e-95
1.60933e-93
2.69054e-92
4.4158e-91
7.1154e-90
1.12577e-88
1.74905e-87
2.66867e-86
3.99911e-85
5.88631e-84
8.51075e-83
1.20884e-81
1.68686e-80
2.31275e-79
3.1156e-78
4.12428e-77
5.36503e-76
6.85865e-75
8.61729e-74
1.06412e-72
1.29156e-71
1.54088e-70
1.80704e-69
2.08319e-68
2.36084e-67
2.63026e-66
2.88096e-65
3.10237e-64
3.28459e-63
3.41908e-62
3.49936e-61
3.52148e-60
3.4844e-59
3.39002e-58
3.24305e-57
3.05061e-56
2.82165e-55
2.56629e-54
2.29506e-53
2.01823e-52
1.74515e-51
1.48382e-50
1.24053e-49
1.01979e-48
8.24302e-48
6.55129e-47
5.11948e-46
3.93345e-45
2.97141e-44
2.20689e-43
1.61145e-42
1.15681e-41
8.16386e-41
5.6638e-40
3.86262e-39
2.58941e-38
1.70627e-37
1.1051e-36
7.0346e-36
4.40093e-35
2.70578e-34
1.63478e-33
9.70548e-33
5.66165e-32
3.24494e-31
1.82718e-30
1.01073e-29
5.49205e-29
2.93123e-28
1.53654e-27
7.91007e-27
3.99874e-26
1.98487e-25
9.67313e-25
4.62792e-24
2.17342e-23
1.00183e-22
4.53205e-22
2.01183e-21
8.76261e-21
3.7443e-20
1.56944e-19
6.45214e-19
2.60127e-18
1.02832e-17
3.98542e-17
1.51409e-16
5.63765e-16
2.05703e-15
7.35372e-15
2.57528e-14
8.83309e-14
2.96683e-13
9.75625e-13
3.14048e-12
9.89335e-12
3.04953e-11
9.1954e-11
2.7118e-10
7.81974e-10
2.2043e-09
6.0727e-09
1.63462e-08
4.2979e-08
1.10353e-07
2.76614e-07
6.76708e-07
1.61523e-06
3.76041e-06
8.53627e-06
1.88881e-05
4.07241e-05
8.55274e-05
0.000174903
0.000348154
0.000674327
0.00127038
0.00232701
0.00414294
0.00716645
0.0120402
0.0196403
0.0310966
0.0477757
0.0712078
0.102943
0.144338
0.19628
0.258908
0.331379
0.411748
0.497047
0.583546
0.667216
0.744271
0.811693
0.86762
0.911489
0.94394
0.966508
0.981213
0.990155
0.995208
0.997847
0.999114
0.999669
0.999889
0.999967
0.999991
0.999998
1
1
1
1
1
1
1
1
1
1
1
1
1
1
1
1
1
1
1
1
1
1
1
1
1
1
1
1
1
1
1
1
1
1
1
1
1
1
1
1
1
1
1
1
1
1
1
1
1
1
1
1
1
1
1
1
1
1
1
1
1
1
1
1
1
1
1
1
1
1
1
1
1
1
1
1
1
1
1
1
1
1
1
1
1
1
1
1
1
1
1
1
1
1
1
1
1
1
1
1
1
1
1
1
1
1
1
1
1
1
1
1
1
1
1
1
1
1
1
1
1
1
1
1
1
1
1
1
1
1
1
1
1
1
1
1
1
1
1
1
1
1
1
1
1
1
1
1
1
1
1
1
1
