1
1
1
1
1
1
1
1
1
1
1
1
1
1
1
1
1
1
1
1
1
1
1
1
1
1
1
1
1
1
1
1
1
1
1
1
1
1
1
1
1
1
1
1
1
1
1
1
1
1
1
1
1
1
1
1
1
1
1
1
1
1
1
1
1
1
1
1
1
1
1
1
1
1
1
1
1
1
1
1
1
1
1
1
1
1
1
1
1
1
1
1
1
1
1
1
1
1
1
1
1
1
1
1
1
1
1
1
1
1
1
1
1
1
1
1
1
1
1
1
1
1
1
1
1
1
1
1
1
1
1
1
1
1
1
1
1
1
1
1
1
1
1
1
1
1
1
1
1
1
1
1
1
1
1
1
1
1
1
1
1
1
1
1
1
1
1
1
1
1
1
1
1
1
1
1
1
1
1
1
1
1
1
1
1
1
1
1
0.999999
0.999998
0.999997
0.999994
0.999988
0.999977
0.999957
0.999921
0.999859
0.999752
0.999572
0.999274
0.998792
0.998028
0.99684
0.995032
0.992335
0.988399
0.982778
0.974925
0.964197
0.949873
0.931183
0.907366
0.877735
0.841761
0.79916
0.749976
0.694644
0.63402
0.569365
0.502289
0.434634
0.368336
0.305258
0.247033
0.194927
0.14976
0.111865
0.0811217
0.0570282
0.0388062
0.0255215
0.0161963
0.00990177
0.00582167
0.00328569
0.00177668
0.00091853
0.000453015
0.000212626
9.47243e-05
3.99383e-05
1.58859e-05
5.93994e-06
2.07951e-06
6.78545e-07
2.05297e-07
5.72488e-08
1.46109e-08
3.38444e-09
7.04383e-10
1.30085e-10
2.0984e-11
2.89611e-12
3.32477e-13
3.04777e-14
2.0914e-15
9.54912e-17
2.17575e-18
6.45727e-157
1.13648e-155
1.9773e-154
3.40097e-153
5.78321e-152
9.72276e-151
1.61615e-149
2.65619e-148
4.31659e-147
6.93653e-146
1.10225e-144
1.73207e-143
2.69163e-142
4.13661e-141
6.28735e-140
9.45143e-139
1.40523e-137
2.06647e-136
3.00578e-135
4.32456e-134
6.15456e-133
8.66429e-132
1.2066e-130
1.66224e-129
2.26538e-128
3.0543e-127
4.07397e-126
5.37611e-125
7.01895e-124
9.0665e-123
1.15872e-121
1.4652e-120
1.83318e-119
2.2694e-118
2.77985e-117
3.36932e-116
4.04095e-115
4.79569e-114
5.63185e-113
6.54471e-112
7.52618e-111
8.56467e-110
9.64503e-109
1.07488e-107
1.18544e-106
1.29382e-105
1.39748e-104
1.49382e-103
1.58029e-102
1.65448e-101
1.71428e-100
1.75791e-99
1.78406e-98
1.79195e-97
1.78134e-96
1.75257e-95
1.70652e-94
1.6446e-93
1.56863e-92
1.48079e-91
1.38351e-90
1.27935e-89
1.17088e-88
1.0606e-87
9.50844e-87
8.43693e-86
7.4093e-85
6.44001e-84
5.54003e-83
4.71686e-82
3.97473e-81
3.31493e-80
2.73623e-79
2.23532e-78
1.80731e-77
1.44621e-76
1.14533e-75
8.97699e-75
6.96347e-74
5.3458e-73
4.06153e-72
3.05387e-71
2.27244e-70
1.67344e-69
1.21956e-68
8.79548e-68
6.27739e-67
4.43359e-66
3.09873e-65
2.14317e-64
1.46679e-63
9.93374e-63
6.65708e-62
4.41442e-61
2.89651e-60
1.88054e-59
1.20805e-58
7.67852e-58
4.82892e-57
3.00466e-56
1.84971e-55
1.12659e-54
6.78846e-54
4.04681e-53
2.3866e-52
1.39239e-51
8.03611e-51
4.58801e-50
2.5911e-49
1.44749e-48
7.99843e-48
4.3716e-47
2.36325e-46
1.26357e-45
6.68189e-45
3.49456e-44
1.80745e-43
9.24499e-43
4.67626e-42
2.33899e-41
1.15685e-40
5.65764e-40
2.73578e-39
1.30798e-38
6.18272e-38
2.88933e-37
1.33486e-36
6.09647e-36
2.75237e-35
1.22829e-34
5.41808e-34
2.3622e-33
1.01788e-32
4.33471e-32
1.82428e-31
7.58696e-31
3.11793e-30
1.26609e-29
5.07971e-29
2.01357e-28
7.88542e-28
3.05061e-27
1.16581e-26
4.40072e-26
1.64077e-25
6.04186e-25
2.19719e-24
7.89059e-24
2.79813e-23
9.7975e-23
3.38703e-22
1.15598e-21
3.89472e-21
1.29529e-20
4.25196e-20
1.37755e-19
4.40445e-19
1.38965e-18
4.32624e-18
1.32884e-17
4.02677e-17
1.20371e-16
3.54921e-16
1.03215e-15
2.96019e-15
8.37177e-15
2.3345e-14
6.41812e-14
1.73945e-13
4.64692e-13
1.22354e-12
3.17487e-12
8.1178e-12
2.04506e-11
5.07554e-11
1.24083e-10
2.98775e-10
7.08476e-10
1.65425e-09
3.80289e-09
8.60616e-09
1.91702e-08
4.20252e-08
9.0656e-08
1.92409e-07
4.01729e-07
8.25007e-07
1.66622e-06
3.30897e-06
6.46057e-06
1.23994e-05
2.33889e-05
4.33544e-05
7.89586e-05
0.000141266
0.000248242
0.000428396
0.000725898
0.00120753
0.00197169
0.00315961
0.00496841
0.00766527
0.0116012
0.0172223
0.0250751
0.0358026
0.0501271
0.0688167
0.0926336
0.122265
0.158239
0.20084
0.250024
0.305356
0.36598
0.430635
0.497711
0.565366
0.631664
0.694742
0.752967
0.805073
0.85024
0.888135
0.918878
0.942972
0.961194
0.974478
0.983804
0.990098
0.994178
0.996714
0.998223
0.999081
0.999547
0.999787
0.999905
0.99996
0.999984
0.999994
0.999998
0.999999
1
1
1
1
1
1
1
1
1
1
1
