0
0
0
0
0
0
0
0
0
0
0
0
0
0
0
0
0
0
0
0
0
0
0
0
0
0
0
0
0
0
0
0
4.66028e+21
-1.67104e+23
2.95769e+24
-3.44483e+25
2.96965e+26
-2.02074e+27
1.13039e+28
-5.34578e+28
2.18132e+29
-7.80019e+29
2.47439e+30
-7.032e+30
1.80485e+31
-4.21193e+31
8.98815e+31
-1.76247e+32
3.18906e+32
-5.3441e+32
8.32041e+32
-1.20697e+33
1.63532e+33
-2.07408e+33
2.46725e+33
-2.75756e+33
2.90026e+33
-2.87444e+33
2.68792e+33
-2.37412e+33
1.98265e+33
-1.56683e+33
1.17264e+33
-8.31705e+32
5.59359e+32
-3.569e+32
2.16132e+32
-1.24269e+32
6.78563e+31
-3.51961e+31
1.73433e+31
-8.11957e+30
3.61156e+30
-1.52612e+30
6.12565e+29
-2.33507e+29
8.45099e+28
-2.90286e+28
9.4595e+27
-2.92291e+27
8.55879e+26
-2.37335e+26
6.22774e+25
-1.54502e+25
3.62031e+24
-8.00351e+23
1.66724e+23
-3.26808e+22
6.01846e+21
-1.03948e+21
1.68047e+20
-2.5373e+19
3.56911e+18
-4.66415e+17
5.64442e+16
-6.30252e+15
-4.66028e+21
1.67104e+23
-2.95769e+24
3.44483e+25
-2.96965e+26
2.02074e+27
-1.13039e+28
5.34578e+28
-2.18132e+29
7.80019e+29
-2.47439e+30
7.032e+30
-1.80485e+31
4.21193e+31
-8.98815e+31
1.76247e+32
-3.18906e+32
5.3441e+32
-8.32041e+32
1.20697e+33
-1.63532e+33
2.07408e+33
-2.46725e+33
2.75756e+33
-2.90026e+33
2.87444e+33
-2.68792e+33
2.37412e+33
-1.98265e+33
1.56683e+33
-1.17264e+33
8.31705e+32
