2.54366e-28
8.478e-28
2.79876e-27
9.1507e-27
2.96308e-26
9.50198e-26
3.01749e-25
9.48903e-25
2.95475e-24
9.1101e-24
2.78105e-23
8.40537e-23
2.51505e-22
7.45001e-22
2.18457e-21
6.34093e-21
1.82177e-20
5.18044e-20
1.45797e-19
4.06084e-19
1.1193e-18
3.0529e-18
8.23933e-18
2.20018e-17
5.81284e-17
1.51934e-16
3.92854e-16
1.00483e-15
2.54218e-15
6.36138e-15
1.57433e-14
3.85313e-14
9.32552e-14
2.23175e-13
5.28083e-13
1.23541e-12
2.85722e-12
6.53228e-12
1.4762e-11
3.29724e-11
7.27861e-11
1.58784e-10
3.42286e-10
7.29059e-10
1.53423e-09
3.18963e-09
6.55046e-09
1.32877e-08
2.66219e-08
5.26743e-08
1.02918e-07
1.98555e-07
3.78203e-07
7.11189e-07
1.32014e-06
2.41876e-06
4.37379e-06
7.80507e-06
1.37438e-05
2.38786e-05
4.09297e-05
6.92076e-05
0.000115429
0.000189879
0.000308035
0.00049277
0.000777261
0.00120873
0.00185307
0.00280037
0.00417125
0.00612362
0.00885951
0.0126311
0.0177449
0.0245634
0.0335016
0.0450184
0.0596014
0.0777435
0.0999129
0.126516
0.157858
0.194099
0.235218
0.280984
0.330937
0.38439
0.440448
0.498047
0.55601
0.613119
0.668188
0.72014
0.768071
0.811299
0.849393
0.882181
0.909732
0.932319
0.95038
0.964457
0.975144
0.983045
0.988727
0.992701
0.995402
0.997185
0.998326
0.999034
0.99946
0.999707
0.999847
0.999923
0.999962
0.999982
0.999992
0.999997
0.999999
0.999999
1
1
1
1
1
1
1
1
1
1
1
1
1
1
1
1
1
1
1
1
1
1
1
1
1
1
1
1
1
1
1
1
1
1
1
1
1
1
1
1
1
1
1
1
1
1
1
1
1
1
1
1
1
1
1
1
1
1
1
1
1
1
1
1
1
1
1
1
1
1
1
1
1
1
1
1
1
1
1
1
1
1
1
1
1
1
1
1
1
1
1
1
1
1
1
1
1
1
1
1
1
1
1
1
1
1
1
1
1
1
1
1
1
1
1
1
1
1
1
1
1
1
1
1
1
1
1
1
1
1
1
1
1
1
1
1
1
1
1
1
1
1
1
1
1
1
1
1
1
1
1
1
1
1
1
1
1
1
1
1
1
1
1
1
1
1
1
1
1
1
1
1
1
1
1
1
1
1
1
1
1
1
1
1
1
1
1
1
1
0.999999
0.999999
0.999998
0.999996
0.999992
0.999986
0.999976
0.999959
0.999931
0.999885
0.99981
0.999692
0.999507
0.999223
0.998791
0.998147
0.9972
0.995829
0.993876
0.99114
0.987369
0.982255
0.975437
0.966498
0.954982
0.940399
0.922256
0.900087
0.873484
0.842142
0.805901
0.764782
0.719016
0.669063
0.61561
0.559552
0.501953
0.44399
0.386881
0.331812
0.27986
0.231929
0.188701
0.150607
0.117819
0.0902683
0.0676806
0.0496197
0.0355434
0.0248558
0.0169553
0.0112728
0.00729858
0.0045977
0.00281545
0.00167437
0.000966118
0.000540306
0.000292561
0.000153204
7.74971e-05
3.78194e-05
1.77818e-05
8.0435e-06
3.49508e-06
1.45644e-06
5.81004e-07
2.21449e-07
8.04754e-08
2.78191e-08
9.1246e-09
2.83175e-09
8.2892e-10
2.2807e-10
5.87507e-11
1.41059e-11
3.14052e-12
6.44509e-13
1.21073e-13
2.06465e-14
3.16413e-15
4.30396e-16
5.11497e-17
5.20258e-18
4.40307e-19
2.97659e-20
1.50687e-21
5.07775e-23
8.54201e-25
3.17377e-112
2.70101e-111
2.28129e-110
1.91222e-109
1.59074e-108
1.3133e-107
1.07604e-106
8.74964e-106
7.06077e-105
5.65472e-104
4.49434e-103
3.54499e-102
2.77496e-101
2.15571e-100
1.66193e-99
1.27151e-98
9.65416e-98
7.27431e-97
5.43939e-96
4.03633e-95
2.97235e-94
2.17213e-93
1.57523e-92
1.13363e-91
8.09583e-91
5.7374e-90
4.03487e-89
2.81579e-88
1.94995e-87
1.33998e-86
9.13732e-86
6.18277e-85
4.15132e-84
2.76583e-83
1.82851e-82
1.19949e-81
7.80764e-81
5.0427e-80
3.23163e-79
2.05491e-78
1.29649e-77
8.1161e-77
5.04108e-76
3.10665e-75
1.89954e-74
1.15236e-73
6.93593e-73
4.14184e-72
2.45386e-71
1.44233e-70
8.41082e-70
4.86587e-69
2.79272e-68
1.59012e-67
8.98187e-67
5.03302e-66
2.79775e-65
1.54278e-64
8.43922e-64
4.57932e-63
2.46486e-62
1.31604e-61
6.96985e-61
3.66142e-60
1.90782e-59
9.86014e-59
5.05448e-58
2.56986e-57
1.29591e-56
6.48134e-56
3.21492e-55
1.58155e-54
7.71605e-54
3.73333e-53
1.79135e-52
8.52383e-52
4.0221e-51
1.88202e-50
8.73252e-50
4.01781e-49
1.833e-48
8.29185e-48
3.71915e-47
1.65398e-46
7.29289e-46
3.18817e-45
1.3818e-44
5.93745e-44
2.52926e-43
1.06811e-42
4.47148e-42
1.85564e-41
7.63355e-41
3.11272e-40
1.25812e-39
5.04032e-39
2.00141e-38
7.87668e-38
3.07232e-37
1.18766e-36
4.54993e-36
1.7274e-35
6.49893e-35
2.42291e-34
8.95083e-34
3.27647e-33
1.18837e-32
4.27051e-32
1.52048e-31
5.36335e-31
1.87426e-30
6.48852e-30
2.22519e-29
7.55922e-29
