0
0
0
0
0
0
0
0
0
0
0
0
0
0
0
0
0
0
0
0
0
0
0
0
0
0
0
0
0
0
0
0
1.14451e+38
-7.29471e+39
2.30775e+41
-4.83148e+42
7.53024e+43
-9.31919e+44
9.53876e+45
-8.30536e+46
6.27923e+47
-4.18745e+48
2.49376e+49
-1.33955e+50
6.54398e+50
-2.92751e+51
1.20637e+52
-4.6023e+52
1.63265e+53
-5.40629e+53
1.67676e+54
-4.88564e+54
1.34098e+55
-3.47557e+55
8.5249e+55
-1.98279e+56
4.38101e+56
-9.21094e+56
1.84555e+57
-3.52897e+57
6.44806e+57
-1.12717e+58
1.88713e+58
-3.02913e+58
4.66604e+58
-6.90363e+58
9.81892e+58
-1.34351e+59
1.7698e+59
-2.24598e+59
2.74762e+59
-3.24216e+59
3.69216e+59
-4.05994e+59
4.31282e+59
-4.42797e+59
4.39577e+59
-4.22111e+59
3.92232e+59
-3.52805e+59
3.07289e+59
-2.59246e+59
2.11912e+59
-1.67878e+59
1.28923e+59
-9.60004e+58
6.93282e+58
-4.85655e+58
3.30069e+58
-2.17678e+58
1.39323e+58
-8.6554e+57
5.2199e+57
-3.05629e+57
1.7375e+57
-9.59161e+56
5.14188e+56
-2.67696e+56
1.35353e+56
-6.64687e+55
3.17026e+55
-1.4686e+55
6.60759e+54
-2.88737e+54
1.22537e+54
-5.05033e+53
2.0211e+53
-7.84241e+52
2.89897e+52
-7.93278e+51
-8.2013e+51
4.46898e+52
-1.62818e+53
5.40484e+53
-1.67672e+54
4.88563e+54
-1.34098e+55
3.47557e+55
-8.5249e+55
1.98279e+56
-4.38101e+56
9.21094e+56
-1.84555e+57
3.52897e+57
-6.44806e+57
1.12717e+58
-1.88713e+58
3.02913e+58
