1
1
1
1
1
1
1
1
1
1
1
1
1
1
1
1
1
1
1
1
1
1
1
1
1
1
1
1
1
1
1
1
1
1
1
1
1
1
1
1
1
1
1
1
1
1
1
1
1
1
1
1
0.999999
0.999998
0.999996
0.999992
0.999984
0.999969
0.999941
0.999892
0.999805
0.999655
0.999404
0.998989
0.998321
0.997268
0.995647
0.993206
0.989613
0.984448
0.977191
0.96723
0.95388
0.936407
0.914083
0.886247
0.852378
0.81218
0.765653
0.713147
0.655397
0.593507
0.528901
0.463232
0.398259
0.335711
0.277143
0.223824
0.176653
0.136113
0.102287
0.0748957
0.0533825
0.0370031
0.024921
0.0162919
0.0103287
0.0063441
0.00377146
0.00216783
0.00120354
0.000644669
0.000332782
0.00016535
7.89808e-05
3.6218e-05
1.59217e-05
6.69965e-06
2.69398e-06
1.03335e-06
3.77372e-07
1.30934e-07
4.30625e-08
1.3391e-08
3.92628e-09
1.08207e-09
2.79336e-10
6.72804e-11
1.50524e-11
3.11211e-12
5.91095e-13
1.0242e-13
1.6056e-14
2.2545e-15
2.80045e-16
3.02924e-17
2.79523e-18
2.13918e-19
1.30346e-20
5.92849e-22
1.78911e-23
2.68686e-25
2.41383e-32
1.34459e-31
7.32594e-31
3.90468e-30
2.0362e-29
1.03901e-28
5.18855e-28
2.53598e-27
1.21331e-26
5.68286e-26
2.60604e-25
1.17018e-24
5.1455e-24
2.21584e-23
9.34598e-23
3.86117e-22
1.56262e-21
6.19524e-21
2.40636e-20
9.15777e-20
3.41481e-19
1.24772e-18
4.46743e-18
1.56751e-17
5.39005e-17
1.81644e-16
5.99937e-16
1.94206e-15
6.16172e-15
1.91616e-14
5.84066e-14
1.74501e-13
5.11024e-13
1.4669e-12
4.12737e-12
1.13831e-11
3.07727e-11
8.1542e-11
2.1179e-10
5.3918e-10
1.34542e-09
3.29059e-09
7.88805e-09
1.85326e-08
4.26741e-08
9.6303e-08
2.12986e-07
4.61618e-07
9.80442e-07
2.04057e-06
4.16156e-06
8.31607e-06
1.62825e-05
3.12355e-05
5.87058e-05
0.000108094
0.000194982
0.000344543
0.000596392
0.00101122
0.00167948
0.00273216
0.00435346
0.00679447
0.0103865
0.015552
0.0228093
0.0327696
0.04612
0.0635928
0.0859167
0.113753
0.147622
0.18782
0.234347
0.286853
0.344603
0.406493
0.471099
0.536768
0.601741
0.664289
0.722857
0.776176
0.823347
0.863887
0.897713
0.925104
0.946617
0.962997
0.975079
0.983708
0.989671
0.993656
0.996229
0.997832
0.998796
0.999355
0.999667
0.999835
0.999921
0.999964
0.999984
0.999993
0.999997
0.999999
1
1
1
1
1
1
1
1
1
1
1
1
1
1
1
1
1
1
