0.194463
0.235035
0.280033
0.328995
0.38125
0.435945
0.492079
0.548558
0.604255
0.658079
0.709042
0.756305
0.799231
0.837402
0.870626
0.898925
0.922506
0.941725
0.957041
0.968971
0.978052
0.984805
0.989708
0.993184
0.995589
0.997211
0.998279
0.998963
0.999391
0.999651
0.999806
0.999894
0.999944
0.999971
0.999986
0.999993
0.999997
0.999999
0.999999
1
1
1
1
1
1
1
1
1
1
1
1
1
1
1
1
1
1
1
1
1
1
1
1
1
1
1
1
1
1
1
1
1
1
1
1
1
1
1
1
1
1
1
1
1
1
1
1
1
1
1
1
1
1
1
1
1
1
1
0.999999
0.999999
0.999998
0.999996
0.999994
0.999988
0.999979
0.999964
0.999937
0.999893
0.999822
0.999707
0.999526
0.999243
0.998812
0.998165
0.997208
0.995818
0.993834
0.99105
0.987209
0.982004
0.975071
0.966
0.954341
0.939623
0.921373
0.899155
0.872597
0.841432
0.805537
0.764965
0.719967
0.671005
0.61875
0.564055
0.507921
0.451442
0.395745
0.341921
0.290958
0.243695
0.200769
0.162598
0.129374
0.101075
0.0774938
0.0582748
0.0429592
0.031029
0.0219478
0.0151952
0.0102918
0.00681592
0.00441148
0.00278898
0.00172139
0.0010367
0.000608876
0.00034855
0.000194362
0.000105513
5.57299e-05
2.86204e-05
1.42817e-05
6.91995e-06
3.25334e-06
1.48296e-06
6.54875e-07
2.79932e-07
1.15725e-07
4.62246e-08
1.78224e-08
6.62587e-09
2.37257e-09
8.17285e-10
2.70488e-10
8.58904e-11
2.61287e-11
7.60275e-12
2.11226e-12
5.59275e-13
1.40834e-13
3.36515e-14
7.61085e-15
1.62476e-15
3.26383e-16
6.14819e-17
1.08181e-17
1.77015e-18
2.681e-19
3.77555e-20
6.23453e-21
5.45165e-21
1.59645e-20
5.0833e-20
1.59998e-19
4.96198e-19
1.51611e-18
4.564e-18
1.35363e-17
3.95544e-17
1.13876e-16
3.23007e-16
9.0268e-16
2.48541e-15
6.74222e-15
1.80196e-14
4.74488e-14
1.23094e-13
3.14614e-13
7.92215e-13
1.9653e-12
4.80317e-12
1.15648e-11
2.74313e-11
6.4099e-11
1.47551e-10
3.34592e-10
7.47408e-10
1.64461e-09
3.56467e-09
7.61059e-09
1.60048e-08
3.31515e-08
6.76342e-08
1.35903e-07
2.68955e-07
5.24209e-07
1.00622e-06
1.9021e-06
3.54088e-06
6.49105e-06
1.17174e-05
2.08281e-05
3.6455e-05
6.28262e-05
0.000106608
0.000178111
0.000292978
0.000474475
0.000756514
0.00118751
0.00183513
0.00279193
0.00418164
0.00616583
0.00895039
0.012791
0.0179965
0.024929
0.0339997
0.0456585
0.0603773
0.0786265
0.100845
0.127403
0.158568
