1
1
1
1
1
1
1
1
1
1
1
1
1
1
1
1
1
1
1
1
1
1
1
1
1
1
1
1
1
1
1
1
1
1
1
1
1
1
1
1
1
1
1
1
1
1
1
1
1
1
1
1
1
1
1
1
1
1
1
1
1
1
1
1
1
1
1
1
1
1
1
1
1
1
1
1
1
1
1
1
1
1
1
1
1
1
1
1
1
1
1
1
1
1
1
1
1
1
1
1
1
1
1
1
1
1
1
1
1
1
1
1
1
1
1
1
1
1
1
1
1
1
1
1
1
1
1
1
1
1
1
1
1
1
1
1
1
1
1
1
1
1
1
1
1
1
1
1
1
1
1
1
1
1
1
1
1
1
1
1
1
1
1
1
1
1
1
1
1
1
1
1
1
1
1
1
1
1
1
0.999999
0.999999
0.999997
0.999995
0.99999
0.999981
0.999964
0.999934
0.99988
0.999787
0.999628
0.999362
0.998928
0.998231
0.997138
0.995457
0.992928
0.989204
0.983842
0.976293
0.965903
0.951935
0.933593
0.910082
0.880676
0.844804
0.802146
0.752718
0.696946
0.635696
0.570266
0.50232
0.433772
0.366635
0.302846
0.244092
0.191677
0.146422
0.108645
0.0781828
0.0544803
0.0367034
0.0238673
0.0149554
0.00901419
0.00521651
0.00289272
0.00153389
0.00077601
0.000373652
0.000170782
7.38804e-05
3.01532e-05
1.15692e-05
4.1562e-06
1.39167e-06
4.32087e-07
1.23648e-07
3.23841e-08
7.69791e-09
1.64408e-09
3.11574e-10
5.15744e-11
7.30406e-12
8.60403e-13
8.09288e-14
5.69803e-15
2.66933e-16
6.23999e-18
2.72972e-161
5.20124e-160
9.79092e-159
1.82092e-157
3.34604e-156
6.07527e-155
1.08997e-153
1.93242e-152
3.38565e-151
5.86218e-150
1.00316e-148
1.69666e-147
2.83628e-146
4.68655e-145
7.65462e-144
1.23588e-142
1.97256e-141
3.11242e-140
4.85509e-139
7.48762e-138
1.1417e-136
1.72121e-135
2.56571e-134
3.78167e-133
5.51159e-132
7.94329e-131
1.13205e-129
1.59547e-128
2.22369e-127
3.06507e-126
4.17827e-125
5.63317e-124
7.51139e-123
9.90625e-122
1.2922e-120
1.66721e-119
2.12766e-118
2.6858e-117
3.35361e-116
4.14217e-115
5.0609e-114
6.11675e-113
7.31329e-112
8.64993e-111
1.01211e-109
1.17155e-108
1.3416e-107
1.5199e-106
1.70353e-105
1.88898e-104
2.07231e-103
2.24925e-102
2.41534e-101
2.56617e-100
2.69748e-99
2.80546e-98
2.88685e-97
2.93916e-96
2.96077e-95
2.95102e-94
2.91022e-93
2.83967e-92
2.7416e-91
2.61898e-90
2.47546e-89
2.31513e-88
2.14236e-87
1.96159e-86
1.77714e-85
1.59307e-84
1.41302e-83
1.2401e-82
1.07688e-81
9.25276e-81
7.86635e-80
6.61714e-79
5.50757e-78
4.53568e-77
3.69584e-76
2.9797e-75
2.37693e-74
1.87603e-73
1.46502e-72
1.13194e-71
8.65315e-71
6.54475e-70
4.89751e-69
3.6259e-68
2.6559e-67
1.92468e-66
1.3799e-65
9.78758e-65
6.8681e-64
4.76788e-63
3.27442e-62
2.22462e-61
1.49516e-60
9.94068e-60
6.5379e-59
4.25348e-58
2.73733e-57
1.74252e-56
1.09721e-55
6.8336e-55
4.20971e-54
2.56499e-53
1.54576e-52
9.21315e-52
5.43095e-51
3.16617e-50
1.82545e-49
1.04082e-48
5.86861e-48
3.27219e-47
1.80415e-46
9.83614e-46
5.30251e-45
2.82637e-44
1.48955e-43
7.76144e-43
3.99833e-42
2.03633e-41
1.02526e-40
5.10298e-40
2.51072e-39
1.22107e-38
5.86997e-38
2.78911e-37
1.30982e-36
6.07932e-36
2.78855e-35
1.26404e-34
5.6622e-34
2.50628e-33
1.09616e-32
4.7369e-32
2.02243e-31
8.53075e-31
3.55478e-30
1.46328e-29
5.94989e-29
2.38963e-28
9.47916e-28
3.71364e-27
1.4368e-26
5.48946e-26
2.07098e-25
7.71448e-25
2.83722e-24
1.03017e-23
3.69248e-23
1.30646e-22
4.56259e-22
1.57264e-21
5.34961e-21
1.79578e-20
5.94827e-20
1.94401e-19
6.26819e-19
1.99382e-18
6.25593e-18
1.93608e-17
5.90936e-17
1.77871e-16
5.27929e-16
1.54494e-15
4.45729e-15
1.26768e-14
3.55374e-14
9.81863e-14
2.67339e-13
7.17248e-13
1.89595e-12
4.93724e-12
1.26646e-11
3.19961e-11
7.96065e-11
1.95026e-10
4.70405e-10
1.11695e-09
2.61046e-09
6.00436e-09
1.35901e-08
3.02636e-08
6.62981e-08
1.42857e-07
3.02729e-07
6.30806e-07
1.29229e-06
2.6024e-06
5.15079e-06
1.00181e-05
1.91444e-05
3.5939e-05
6.62656e-05
0.000119987
0.00021332
0.000372309
0.000637791
0.00107222
0.00176865
0.00286212
0.00454308
0.00707233
0.0107959
0.0161579
0.0237075
0.0340968
0.0480653
0.066407
0.0899177
0.119324
0.155196
0.197854
0.247282
0.303054
0.364304
0.429734
0.49768
0.566228
0.633365
0.697154
0.755908
0.808323
0.853578
0.891355
0.921817
0.94552
0.963297
0.976133
0.985045
0.990986
0.994783
0.997107
0.998466
0.999224
0.999626
0.999829
0.999926
0.99997
0.999988
0.999996
0.999999
1
1
1
1
1
1
1
1
1
1
1
1
1
1
1
1
1
1
1
1
1
