0
0
0
0
0
0
0
0
0
0
0
0
0
0
0
0
0
0
0
0
0
0
0
0
0
0
0
0
0
0
0
0
3.61089e+25
-1.53364e+27
3.22159e+28
-4.46211e+29
4.58385e+30
-3.72485e+31
2.49372e+32
-1.41456e+33
6.93938e+33
-2.99036e+34
1.14594e+35
-3.94395e+35
1.22906e+36
-3.49172e+36
9.09577e+36
-2.18335e+37
4.85008e+37
-1.00079e+38
1.92454e+38
-3.45915e+38
5.82624e+38
-9.21696e+38
1.37235e+39
-1.92678e+39
2.55515e+39
-3.20536e+39
3.80902e+39
-4.29306e+39
4.59443e+39
-4.67362e+39
4.52314e+39
-4.1683e+39
3.66056e+39
-3.06554e+39
2.44969e+39
-1.86898e+39
1.36211e+39
-9.48694e+38
6.31714e+38
-4.02297e+38
2.45096e+38
-1.42889e+38
7.97304e+37
-4.25879e+37
2.17789e+37
-1.06638e+37
4.99954e+36
-2.24435e+36
9.64657e+35
-3.96957e+35
1.56367e+35
-5.89533e+34
2.12686e+34
-7.34051e+33
2.42292e+33
-7.64582e+32
2.30573e+32
-6.64194e+31
1.82668e+31
-4.79361e+30
1.19956e+30
-2.86046e+29
6.49486e+28
-1.40298e+28
2.84445e+27
9.72079e+26
-3.21121e+28
4.46193e+29
-4.58384e+30
3.72485e+31
-2.49372e+32
1.41456e+33
-6.93938e+33
2.99036e+34
-1.14594e+35
3.94395e+35
-1.22906e+36
3.49172e+36
-9.09577e+36
2.18335e+37
-4.85008e+37
1.00079e+38
-1.92454e+38
3.45915e+38
-5.82624e+38
9.21696e+38
-1.37235e+39
1.92678e+39
-2.55515e+39
3.20536e+39
-3.80902e+39
4.29306e+39
-4.59443e+39
4.67362e+39
-4.52314e+39
4.1683e+39
