5.63734e-13
1.35571e-12
3.22076e-12
7.55807e-12
1.75182e-11
4.01015e-11
9.06531e-11
2.02358e-10
4.46e-10
9.70482e-10
2.08467e-09
4.42024e-09
9.25062e-09
1.91061e-08
3.89407e-08
7.83119e-08
1.55381e-07
3.04137e-07
5.87219e-07
1.11826e-06
2.10016e-06
3.8894e-06
7.1021e-06
1.27855e-05
2.26897e-05
3.9689e-05
6.8422e-05
0.00011624
0.000194584
0.000320919
0.000521409
0.000834462
0.00131533
0.00204182
0.00312113
0.00469759
0.00696093
0.0101543
0.0145812
0.0206093
0.0286705
0.0392543
0.0528941
0.0701434
0.0915438
0.117583
0.148649
0.184977
0.226603
0.273323
0.324673
0.379918
0.438077
0.497966
0.558266
0.617604
0.67465
0.728202
0.777272
0.821136
0.859369
0.891845
0.918715
0.940355
0.957309
0.970223
0.97978
0.986645
0.991429
0.994661
0.996776
0.998114
0.998933
0.999416
0.999692
0.999843
0.999923
0.999964
0.999984
0.999993
0.999997
0.999999
1
1
1
1
1
1
1
1
1
1
1
1
1
1
1
1
1
1
1
1
1
1
1
1
1
1
1
1
1
1
1
1
1
1
1
1
1
1
1
1
1
1
1
1
1
1
1
1
1
1
1
1
1
1
1
1
1
1
1
1
1
1
1
1
1
1
1
1
1
1
1
1
1
1
1
1
1
1
1
1
1
1
1
1
1
1
1
1
1
1
1
1
1
1
1
1
1
1
1
1
1
1
1
1
1
1
1
1
1
1
1
1
1
1
1
1
1
1
1
1
1
1
1
1
1
1
1
1
1
1
1
1
1
1
1
1
1
1
1
1
1
1
1
1
1
1
1
1
1
1
1
1
1
1
1
1
1
1
1
1
1
1
1
1
1
1
1
1
1
1
1
1
1
1
1
1
1
1
1
1
1
1
1
1
1
1
1
1
1
1
1
1
0.999999
0.999999
0.999998
0.999996
0.999993
0.999987
0.999977
0.99996
0.999932
0.999884
0.999805
0.999679
0.999479
0.999166
0.998685
0.997958
0.996879
0.995302
0.993039
0.989846
0.985419
0.979391
0.97133
0.960746
0.947106
0.929857
0.908456
0.882417
0.851351
0.815023
0.773397
0.726677
0.675327
0.620082
0.561923
0.502034
0.441734
0.382396
0.32535
0.271798
0.222728
0.178864
0.140631
0.108155
0.0812851
0.0596452
0.0426908
0.0297768
0.0202204
0.013355
0.00857053
0.00533863
0.00322437
0.00188611
0.00106731
0.000583553
0.000307876
0.000156523
7.65694e-05
3.59856e-05
1.62208e-05
7e-06
2.88643e-06
1.13485e-06
4.24444e-07
1.50626e-07
5.05768e-08
1.60183e-08
4.7684e-09
1.32894e-09
3.45196e-10
8.31421e-11
1.84578e-11
3.75065e-12
6.91808e-13
1.14668e-13
1.68685e-14
2.16789e-15
2.3843e-16
2.18177e-17
1.59458e-18
8.72643e-20
3.1785e-21
5.77909e-23
1.19849e-122
1.19647e-121
1.18466e-120
1.16337e-119
1.13311e-118
1.0946e-117
1.04876e-116
9.96613e-116
9.39318e-115
8.7808e-114
8.14125e-113
7.4866e-112
6.82833e-111
6.17706e-110
5.54224e-109
4.93203e-108
4.35315e-107
3.81082e-106
3.30878e-105
2.84941e-104
2.43375e-103
2.06173e-102
1.73229e-101
1.44359e-100
1.19315e-99
9.78094e-99
7.95232e-98
6.4126e-97
5.12863e-96
4.0681e-95
3.20041e-94
2.49712e-93
1.93238e-92
1.48307e-91
1.12887e-90
8.52196e-90
6.38034e-89
4.73755e-88
3.48874e-87
2.54791e-86
1.84542e-85
1.32557e-84
9.44283e-84
6.67096e-83
4.67368e-82
3.24721e-81
2.23737e-80
1.52876e-79
1.03588e-78
6.96054e-78
4.63807e-77
3.0647e-76
2.00812e-75
1.30478e-74
8.40669e-74
5.37094e-73
3.40257e-72
2.13742e-71
1.33135e-70
8.22265e-70
5.03546e-69
3.05752e-68
1.84076e-67
1.0988e-66
6.50311e-66
3.81595e-65
2.22002e-64
1.28049e-63
7.3224e-63
4.15127e-62
2.3332e-61
1.30005e-60
7.1812e-60
3.93237e-59
2.13464e-58
1.14868e-57
6.12736e-57
3.23992e-56
1.69815e-55
8.8224e-55
4.54319e-54
2.31893e-53
1.17316e-52
5.88252e-52
2.92343e-51
1.43992e-50
7.02889e-50
3.40041e-49
1.63027e-48
7.74571e-48
3.64692e-47
1.70154e-46
7.86682e-46
3.60401e-45
1.63602e-44
7.35866e-44
3.27945e-43
1.44806e-42
6.33489e-42
2.74567e-41
1.17896e-40
5.01514e-40
2.1134e-39
8.82233e-39
3.64816e-38
1.49431e-37
6.06269e-37
2.43633e-36
9.69703e-36
3.82258e-35
1.49236e-34
5.77001e-34
2.20926e-33
8.37663e-33
3.14505e-32
1.16924e-31
4.3041e-31
1.56871e-30
5.66072e-30
2.02231e-29
7.15243e-29
2.50421e-28
8.67919e-28
2.97756e-27
1.0111e-26
3.39829e-26
1.13042e-25
3.72143e-25
1.21241e-24
3.90876e-24
1.24697e-23
3.93618e-23
1.22935e-22
3.79873e-22
1.16127e-21
3.51189e-21
1.0506e-20
3.10879e-20
9.09882e-20
2.63384e-19
7.54014e-19
2.13465e-18
5.97595e-18
1.65421e-17
4.52741e-17
1.22506e-16
3.27703e-16
8.66551e-16
2.26499e-15
5.85149e-15
1.49404e-14
3.76986e-14
9.39981e-14
2.31587e-13
