0
0
0
0
0
0
0
0
0
0
0
0
0
0
0
0
0
0
0
0
0
0
0
0
0
0
0
0
0
0
0
0
52796.2
-371314
1.23192e+06
-2.55593e+06
3.70859e+06
-3.98782e+06
3.28571e+06
-2.1152e+06
1.07489e+06
-432515
137319
-34029.8
6453.68
-903.839
89.4838
-4.39066
1.15412
1
1
1
1
1
1
1
1
1
1
1
1
1
1
1
1
1
1
1
1
1
1
1
1
1
1
1
1
1
1
1
1
1
1
1
1
1
1
1
1
1
1
1
1
1
1
1
-52795.2
371315
-1.23191e+06
2.55594e+06
-3.70859e+06
3.98783e+06
-3.28571e+06
2.11521e+06
-1.07489e+06
432516
-137318
34030.8
-6452.68
904.839
-88.4838
5.39066
-0.154121
0
0
0
0
0
0
0
0
0
0
0
0
0
0
0
