0
0
0
0
0
0
0
0
0
0
0
0
0
0
0
0
0
0
0
0
0
0
0
0
0
0
0
0
0
0
0
0
5.29924e+24
-2.1756e+26
4.41596e+27
-5.90785e+28
5.85983e+29
-4.59578e+30
2.96836e+31
-1.62378e+32
7.67852e+32
-3.18818e+33
1.17665e+34
-3.89838e+34
1.16892e+35
-3.19376e+35
7.99716e+35
-1.84429e+36
3.93403e+36
-7.7907e+36
1.43703e+37
-2.47607e+37
3.9956e+37
-6.05226e+37
8.62304e+37
-1.15774e+38
1.46721e+38
-1.75773e+38
1.99334e+38
-2.14245e+38
2.18487e+38
-2.11622e+38
1.94855e+38
-1.707e+38
1.42381e+38
-1.13151e+38
8.5725e+37
-6.19489e+37
4.2721e+37
-2.81262e+37
1.76848e+37
-1.06228e+37
6.09734e+36
-3.34499e+36
1.75417e+36
-8.79463e+35
4.21565e+35
-1.93206e+35
8.46598e+34
-3.54652e+34
1.42019e+34
-5.43548e+33
1.98787e+33
-6.94518e+32
2.31734e+32
-7.38159e+31
2.24379e+31
-6.50552e+30
1.79811e+30
-4.73504e+29
1.18717e+29
-2.83179e+28
6.4211e+27
-1.38281e+27
2.82541e+26
-5.47121e+25
4.72922e+24
2.15823e+26
-4.41567e+27
5.90784e+28
-5.85983e+29
4.59578e+30
-2.96836e+31
1.62378e+32
-7.67852e+32
3.18818e+33
-1.17665e+34
3.89838e+34
-1.16892e+35
3.19376e+35
-7.99716e+35
1.84429e+36
-3.93403e+36
7.7907e+36
-1.43703e+37
2.47607e+37
-3.9956e+37
6.05226e+37
-8.62304e+37
1.15774e+38
-1.46721e+38
1.75773e+38
-1.99334e+38
2.14245e+38
-2.18487e+38
2.11622e+38
-1.94855e+38
1.707e+38
