0
0
0
0
0
0
0
0
0
0
0
0
0
0
0
0
0
0
0
0
0
0
0
0
0
0
0
0
0
0
0
0
2.26243e-20
3.91401e-18
3.2184e-16
1.67268e-14
6.16329e-13
1.71174e-11
3.7189e-10
6.47397e-09
9.17506e-08
1.06959e-06
1.03199e-05
8.26409e-05
0.000549111
0.00301781
0.0136332
0.0501503
0.14829
0.346878
0.631522
0.889199
1
1
1
1
1
1
1
1
1
1
1
1
1
1
1
1
1
1
1
1
1
1
1
1
1
1
1
1
1
1
1
1
1
1
1
1
1
1
1
1
1
1
1
1
1
1
1
1
1
1
1
1
1
0.999999
0.99999
0.999917
0.999451
0.996982
0.986367
0.94985
0.85171
0.653122
0.368478
0.110801
0
0
0
0
0
0
0
0
0
0
0
0
