0
0
0
0
0
0
0
0
0
0
0
0
0
0
0
0
0
0
0
0
0
0
0
0
0
0
0
0
0
0
0
0
1.29542e+16
-3.42075e+17
4.43911e+18
-3.77334e+19
2.36272e+20
-1.16206e+21
4.67457e+21
-1.58132e+22
4.59034e+22
-1.16112e+23
2.59016e+23
-5.14475e+23
9.1705e+23
-1.47649e+24
2.15891e+24
-2.88004e+24
3.51901e+24
-3.95138e+24
4.08909e+24
-3.90953e+24
3.46063e+24
-2.84122e+24
2.1669e+24
-1.53715e+24
1.01532e+24
-6.24992e+23
3.58778e+23
-1.92165e+23
9.60639e+22
-4.48285e+22
1.95278e+22
-7.93939e+21
3.01166e+21
-1.06535e+21
3.51194e+20
-1.07793e+20
3.07718e+19
-8.15965e+18
2.00667e+18
-4.56854e+17
9.60851e+16
-1.86226e+16
3.31652e+15
-5.40912e+14
8.04772e+13
-1.08723e+13
1.32652e+12
-1.45218e+11
1.41526e+10
-1.21614e+09
9.10439e+07
-5.84746e+06
315752
-13940.5
484.378
-11.3423
1.20636
0.998305
1
1
1
1
1
1
-1.29542e+16
3.42075e+17
-4.43911e+18
3.77334e+19
-2.36272e+20
1.16206e+21
-4.67457e+21
1.58132e+22
-4.59034e+22
1.16112e+23
-2.59016e+23
5.14475e+23
-9.1705e+23
1.47649e+24
-2.15891e+24
2.88004e+24
-3.51901e+24
3.95138e+24
-4.08909e+24
3.90953e+24
-3.46063e+24
2.84122e+24
-2.1669e+24
1.53715e+24
-1.01532e+24
6.24992e+23
-3.58778e+23
1.92165e+23
-9.60639e+22
4.48285e+22
-1.95278e+22
7.93939e+21
