0.47522
0.261236
0.098859
0.0190625
0
0
0
0
0
0
0
0
0
0
0
0
0
0
0
0
0
0
0
0
0
0
0
0
0
0
0
0
4.34746e-36
1.35032e-33
2.03919e-31
1.99476e-29
1.42077e-27
7.85218e-26
3.50438e-24
1.29772e-22
4.06615e-21
1.09386e-19
2.55492e-18
5.22659e-17
9.42921e-16
1.50838e-14
2.14874e-13
2.73489e-12
3.11796e-11
3.18973e-10
2.9315e-09
2.42167e-08
1.79812e-07
1.19933e-06
7.17741e-06
3.84714e-05
0.000184249
0.000786019
0.00297554
0.00994956
0.0292277
0.0749636
0.16674
0.319504
0.52478
0.738764
0.901141
0.980938
1
1
1
1
1
1
1
1
1
1
1
1
1
1
1
1
1
1
1
1
1
1
1
1
1
1
1
1
1
1
1
1
1
1
1
1
1
1
1
1
1
1
1
1
1
1
1
1
1
0.999999
0.999993
0.999962
0.999816
0.999214
0.997024
0.99005
0.970772
0.925036
0.83326
0.680496
