0
0
0
0
0
0
0
0
0
0
0
0
0
0
0
0
0
0
0
0
0
0
0
0
0
0
0
0
0
0
0
0
4.66461e+26
-2.06934e+28
4.54241e+29
-6.57757e+30
7.06758e+31
-6.01004e+32
4.2127e+33
-2.50323e+34
1.28705e+35
-5.81601e+35
2.33846e+36
-8.44914e+36
2.76577e+37
-8.25856e+37
2.26251e+38
-5.71521e+38
1.33689e+39
-2.90676e+39
5.89402e+39
-1.11782e+40
1.98801e+40
-3.32326e+40
5.2326e+40
-7.77493e+40
1.09204e+41
-1.45217e+41
1.83079e+41
-2.19107e+41
2.49215e+41
-2.69683e+41
2.77916e+41
-2.72983e+41
2.55782e+41
-2.28788e+41
1.95485e+41
-1.59652e+41
1.24696e+41
-9.31886e+40
6.66648e+40
-4.56695e+40
2.9971e+40
-1.88476e+40
1.13607e+40
-6.56512e+39
3.6379e+39
-1.93327e+39
9.85405e+38
-4.8178e+38
2.25949e+38
-1.01648e+38
4.38627e+37
-1.8154e+37
7.20576e+36
-2.74254e+36
1.00072e+36
-3.49995e+35
1.17296e+35
-3.76569e+34
1.15769e+34
-3.40688e+33
9.59276e+32
-2.58308e+32
6.64817e+31
-1.63445e+31
3.83536e+30
-8.38012e+29
-2.71019e+29
6.54035e+30
-7.06686e+31
6.01003e+32
-4.2127e+33
2.50323e+34
-1.28705e+35
5.81601e+35
-2.33846e+36
8.44914e+36
-2.76577e+37
8.25856e+37
-2.26251e+38
5.71521e+38
-1.33689e+39
2.90676e+39
-5.89402e+39
1.11782e+40
-1.98801e+40
3.32326e+40
-5.2326e+40
7.77493e+40
-1.09204e+41
1.45217e+41
-1.83079e+41
2.19107e+41
-2.49215e+41
2.69683e+41
-2.77916e+41
2.72983e+41
