0.0277459
0.0385982
0.052768
0.0708922
0.0935941
0.121432
0.154837
0.194051
0.239068
0.289583
0.34497
0.404284
0.466293
0.529552
0.592493
0.653541
0.711231
0.764318
0.811858
0.853264
0.888316
0.917136
0.940136
0.957936
0.971286
0.980981
0.987791
0.992414
0.995443
0.997358
0.998523
0.999205
0.999589
0.999796
0.999903
0.999956
0.999981
0.999992
0.999997
0.999999
1
1
1
1
1
1
1
1
1
1
1
1
1
1
1
1
1
1
1
1
1
1
1
1
1
1
1
1
1
1
1
1
1
1
1
1
1
1
1
1
1
1
1
1
1
1
1
1
1
1
1
1
1
1
1
1
1
1
1
1
1
1
1
1
1
1
1
1
1
1
1
1
1
1
1
1
1
1
1
1
1
1
1
1
1
1
1
1
1
1
1
1
1
1
1
1
1
1
1
1
1
1
1
1
1
1
1
1
1
1
1
1
1
1
1
1
1
1
1
1
1
1
1
1
1
1
1
1
1
1
1
1
1
1
1
1
1
1
1
1
1
1
1
1
1
1
1
1
1
1
1
1
1
1
1
1
1
1
1
1
1
1
1
1
1
1
1
1
1
1
1
1
1
1
1
1
1
1
1
1
1
1
1
1
1
1
1
1
1
1
1
1
1
1
1
0.999999
0.999999
0.999998
0.999996
0.999992
0.999986
0.999974
0.999954
0.999919
0.99986
0.999762
0.999601
0.999343
0.998934
0.9983
0.997335
0.99589
0.993768
0.990711
0.98639
0.980399
0.972254
0.961402
0.947232
0.929108
0.906406
0.878568
0.845163
0.805949
0.760932
0.710417
0.65503
0.595716
0.533707
0.470448
0.407507
0.346459
0.288769
0.235682
0.188142
0.146736
0.111684
0.0828639
0.0598645
0.0420639
0.0287135
0.019019
0.0122092
0.00758643
0.00455698
0.00264248
0.00147713
0.000794767
0.00041094
0.000203838
9.68195e-05
4.39486e-05
1.90238e-05
7.83422e-06
3.06143e-06
1.13201e-06
3.94821e-07
1.29434e-07
3.97256e-08
1.13635e-08
3.01395e-09
7.3679e-10
1.64852e-10
3.34787e-11
6.10926e-12
9.89344e-13
1.39957e-13
1.69419e-14
1.70611e-15
1.37213e-16
8.26198e-18
3.31068e-19
6.62135e-21
2.61471e-136
3.24149e-135
3.98145e-134
4.84527e-133
5.84225e-132
6.97965e-131
8.26198e-130
9.69028e-129
1.12615e-127
1.29678e-126
1.47962e-125
1.67285e-124
1.87407e-123
2.08039e-122
2.28842e-121
2.49437e-120
2.69418e-119
2.8836e-118
3.05836e-117
3.21434e-116
3.3477e-115
3.45505e-114
3.53362e-113
3.58133e-112
3.59691e-111
3.57996e-110
3.53096e-109
3.45122e-108
3.34289e-107
3.20878e-106
3.05231e-105
2.87733e-104
2.68797e-103
2.48846e-102
2.28303e-101
2.07571e-100
1.87024e-99
1.66995e-98
1.47768e-97
1.29579e-96
1.12606e-95
9.6976e-95
8.27633e-94
6.99976e-93
5.86678e-92
4.87288e-91
4.01088e-90
3.2716e-89
2.64451e-88
2.11833e-87
1.68153e-86
1.32273e-85
1.03109e-84
7.96485e-84
6.09689e-83
4.62474e-82
3.47627e-81
2.58929e-80
1.91112e-79
1.39775e-78
1.01299e-77
7.27456e-77
5.17647e-76
3.6499e-75
2.55002e-74
1.76529e-73
1.21087e-72
8.22959e-72
5.54187e-71
3.69765e-70
2.44445e-69
1.6011e-68
1.03903e-67
6.68047e-67
4.25548e-66
2.68563e-65
1.67917e-64
1.04012e-63
6.38279e-63
3.88031e-62
2.33692e-61
1.39423e-60
8.24012e-60
4.82426e-59
2.79781e-58
1.60727e-57
9.14602e-57
5.15515e-56
2.87811e-55
1.59155e-54
8.71706e-54
4.72878e-53
2.54066e-52
1.35192e-51
7.12453e-51
3.71833e-50
1.92184e-49
9.83676e-49
4.98589e-48
2.50251e-47
1.24378e-46
6.12108e-46
2.98278e-45
1.43916e-44
6.87515e-44
3.2518e-43
1.52273e-42
7.05934e-42
3.23993e-41
1.47205e-40
6.62077e-40
2.9477e-39
1.29906e-38
5.66669e-38
2.44665e-37
1.04554e-36
4.42197e-36
1.85091e-35
7.66708e-35
3.14292e-34
1.2749e-33
5.11735e-33
2.03244e-32
7.98691e-32
3.10532e-31
1.19449e-30
4.54559e-30
1.71122e-29
6.3725e-29
2.34738e-28
8.5527e-28
3.08211e-27
1.0985e-26
3.87195e-26
1.34964e-25
4.65204e-25
1.58555e-24
5.34324e-24
1.78029e-23
5.8643e-23
1.90965e-22
6.1472e-22
1.95596e-21
6.15143e-21
1.91204e-20
5.87348e-20
1.78296e-19
5.34819e-19
1.58511e-18
4.64167e-18
1.34281e-17
3.83753e-17
1.08331e-16
3.02055e-16
8.31796e-16
2.2621e-15
6.07483e-15
1.61083e-14
4.21721e-14
1.08998e-13
2.78098e-13
7.00357e-13
1.7408e-12
4.27014e-12
1.03362e-11
2.46868e-11
5.81715e-11
1.35224e-10
3.10067e-10
7.01239e-10
1.56402e-09
3.43985e-09
7.45948e-09
1.59479e-08
3.36103e-08
6.98183e-08
1.42936e-07
2.88365e-07
5.73212e-07
1.12256e-06
2.16557e-06
4.1148e-06
7.6999e-06
1.41881e-05
2.57404e-05
4.59724e-05
8.08195e-05
0.000139835
0.000238088
0.000398866
0.000657397
0.00106582
0.00169958
0.00266531
0.00411009
0.00623163
0.00928865
0.0136101
0.0196014
