4.86257e-08
1.57697e-07
4.92702e-07
1.48215e-06
4.2902e-06
1.19415e-05
3.19397e-05
8.20325e-05
0.000202159
0.000477648
0.00108113
0.00234223
0.00485275
0.00960662
0.0181549
0.0327256
0.0562208
0.0919834
0.143243
0.212243
0.299207
0.401482
0.513292
0.626417
0.731812
0.821702
0.891404
0.940139
0.970558
0.987301
0.995301
0.998551
0.999643
0.999934
0.999992
1
1
1
1
1
1
1
1
1
1
1
1
1
1
1
1
1
1
1
1
1
1
1
1
1
1
1
1
1
1
1
1
0.999999
0.999996
0.999988
0.999968
0.999918
0.999798
0.999522
0.998919
0.997658
0.995147
0.990393
0.981845
0.967274
0.943779
0.908017
0.856757
0.787757
0.700793
0.598518
0.486708
0.373583
0.268188
0.178298
0.108596
0.0598615
0.0294416
0.0126985
0.00469907
0.00144889
0.000357028
6.58657e-05
8.08127e-06
4.94302e-07
3.11059e-28
2.4917e-27
1.93699e-26
1.46123e-25
1.06966e-24
7.59766e-24
5.23586e-23
3.50049e-22
2.27015e-21
1.42795e-20
8.71055e-20
5.15211e-19
2.95435e-18
1.64208e-17
8.84497e-17
4.61612e-16
2.33364e-15
1.14251e-14
5.4155e-14
2.48453e-13
1.10292e-12
4.73586e-12
1.96632e-11
7.89132e-11
3.05995e-10
1.14596e-09
4.143e-09
1.44529e-08
