0
0
0
0
0
0
0
0
0
0
0
0
0
0
0
0
0
0
0
0
0
0
0
0
0
0
0
0
0
0
0
0
1.47576e+29
-7.17447e+30
1.72739e+32
-2.74607e+33
3.2424e+34
-3.03276e+35
2.34052e+36
-1.53277e+37
8.69439e+37
-4.33904e+38
1.9288e+39
-7.71321e+39
2.79764e+40
-9.26682e+40
2.81955e+41
-7.91965e+41
2.06248e+42
-4.9989e+42
1.13138e+43
-2.39817e+43
4.77342e+43
-8.94304e+43
1.58041e+44
-2.63949e+44
4.17341e+44
-6.25707e+44
8.90813e+44
-1.2059e+45
1.55406e+45
-1.9087e+45
2.23646e+45
-2.50233e+45
2.67584e+45
-2.73684e+45
2.67934e+45
-2.51237e+45
2.25779e+45
-1.94568e+45
1.60867e+45
-1.27667e+45
9.72947e+44
-7.12306e+44
5.01146e+44
-3.38936e+44
2.20419e+44
-1.37869e+44
8.29585e+43
-4.80303e+43
2.67605e+43
-1.43501e+43
7.40691e+42
-3.6802e+42
1.76026e+42
-8.10509e+41
3.59259e+41
-1.53288e+41
6.29552e+40
-2.48847e+40
9.46575e+39
-3.46444e+39
1.21979e+39
-4.13065e+38
1.345e+38
-4.20997e+37
1.26633e+37
-3.65911e+36
1.01513e+36
-2.67664e+35
3.66715e+34
2.86346e+35
-2.33654e+36
1.53268e+37
-8.69437e+37
4.33904e+38
-1.9288e+39
7.71321e+39
-2.79764e+40
9.26682e+40
-2.81955e+41
7.91965e+41
-2.06248e+42
4.9989e+42
-1.13138e+43
2.39817e+43
-4.77342e+43
8.94304e+43
-1.58041e+44
2.63949e+44
-4.17341e+44
6.25707e+44
-8.90813e+44
1.2059e+45
-1.55406e+45
1.9087e+45
-2.23646e+45
2.50233e+45
