0.999848
0.999676
0.999334
0.998678
0.997466
0.995314
0.991639
0.985607
0.976093
0.961682
0.940733
0.911517
0.872458
0.822433
0.761104
0.689186
0.608592
0.522363
0.434373
0.348837
0.269718
0.200178
0.142184
0.096367
0.0621375
0.0380015
0.0219732
0.0119724
0.00612515
0.00293101
0.00130628
0.000539657
0.000205558
7.17505e-05
2.27872e-05
6.52934e-06
1.67089e-06
3.77133e-07
7.38988e-08
1.2314e-08
1.69639e-09
1.85472e-10
1.50875e-11
8.11689e-13
2.16596e-14
0
0
0
0
0
0
0
0
0
0
0
0
0
0
0
0
0
0
0
3.26041e-66
1.06528e-63
1.72446e-61
1.84391e-59
1.46501e-57
9.22457e-56
4.79454e-54
2.11563e-52
8.0898e-51
2.72296e-49
8.16775e-48
2.20519e-46
5.40295e-45
1.2096e-43
2.48892e-42
4.73058e-41
8.34142e-40
1.36975e-38
2.1017e-37
3.02224e-36
4.0838e-35
5.19775e-34
6.24474e-33
7.09588e-32
7.63939e-31
7.80494e-30
7.57839e-29
7.00272e-28
6.16558e-27
5.17836e-26
4.15313e-25
3.18378e-24
2.33497e-23
1.63964e-22
1.10325e-21
7.11814e-21
4.40662e-20
2.61911e-19
1.49539e-18
8.20595e-18
4.32999e-17
2.19795e-16
1.07373e-15
5.04992e-15
2.28734e-14
9.98092e-14
4.19688e-13
1.70102e-12
6.64695e-12
2.50469e-11
9.10299e-11
3.19142e-10
1.07948e-09
3.52315e-09
1.10962e-08
3.37273e-08
9.8942e-08
2.80152e-07
7.65654e-07
2.01979e-06
5.14297e-06
1.26402e-05
2.99855e-05
6.86556e-05
0.000151715
0.000323553
0.000665899
0.00132249
0.00253439
0.00468637
0.00836117
0.0143934
0.0239073
0.0383176
0.0592674
0.0884835
0.127542
0.177567
0.238896
0.310814
0.391408
0.477637
0.565627
0.651163
0.730282
0.799822
0.857816
0.903633
0.937863
0.961999
0.978027
0.988028
0.993875
0.997069
0.998694
0.99946
0.999794
0.999928
0.999977
0.999993
0.999998
1
1
1
1
1
1
1
1
1
1
1
1
1
1
1
1
1
1
1
1
1
1
1
1
1
1
1
1
1
1
1
1
1
1
1
1
1
1
1
1
1
1
1
1
1
1
1
1
1
1
1
1
1
1
1
1
1
1
1
1
1
1
1
1
1
1
1
1
1
1
1
1
1
1
1
1
1
1
1
1
1
1
1
1
1
0.999999
0.999998
0.999995
0.999987
0.99997
0.999931
