0
0
0
0
0
0
0
0
0
0
0
0
0
0
0
0
0
0
0
0
0
0
0
0
0
0
0
0
0
0
0
0
1.14133e+23
-4.36215e+24
8.23598e+25
-1.02406e+27
9.43221e+27
-6.86336e+28
4.10914e+29
-2.08168e+30
9.10759e+30
-3.49527e+31
1.19113e+32
-3.64016e+32
1.00574e+33
-2.52922e+33
5.8226e+33
-1.23311e+34
2.4126e+34
-4.37686e+34
7.38655e+34
-1.16295e+35
1.71244e+35
-2.36366e+35
3.06436e+35
-3.73817e+35
4.29779e+35
-4.66363e+35
4.7826e+35
-4.64057e+35
4.26484e+35
-3.71594e+35
3.07211e+35
-2.41175e+35
1.79907e+35
-1.27597e+35
8.60856e+34
-5.52734e+34
3.37879e+34
-1.967e+34
1.09083e+34
-5.76373e+33
2.90206e+33
-1.39251e+33
6.36789e+32
-2.77512e+32
1.15245e+32
-4.55986e+31
1.71864e+31
-6.16895e+30
2.10809e+30
-6.85573e+29
2.12084e+29
-6.23773e+28
1.74322e+28
-4.62587e+27
1.16472e+27
-2.78013e+26
6.28516e+25
-1.34436e+25
2.71742e+24
-5.18405e+23
9.32016e+22
-1.57659e+22
2.5048e+21
-3.73003e+20
-1.14081e+23
4.36215e+24
-8.23598e+25
1.02406e+27
-9.43221e+27
6.86336e+28
-4.10914e+29
2.08168e+30
-9.10759e+30
3.49527e+31
-1.19113e+32
3.64016e+32
-1.00574e+33
2.52922e+33
-5.8226e+33
1.23311e+34
-2.4126e+34
4.37686e+34
-7.38655e+34
1.16295e+35
-1.71244e+35
2.36366e+35
-3.06436e+35
3.73817e+35
-4.29779e+35
4.66363e+35
-4.7826e+35
4.64057e+35
-4.26484e+35
3.71594e+35
-3.07211e+35
2.41175e+35
