1
1
1
1
1
1
1
1
1
1
1
1
1
1
1
1
1
1
1
1
1
1
1
1
1
1
1
1
1
1
1
1
1
1
1
1
1
1
1
1
1
1
1
1
1
1
1
1
1
1
1
1
1
1
1
1
1
1
1
1
1
1
1
1
1
1
1
1
1
1
1
1
1
1
1
1
1
1
1
1
1
1
1
1
1
1
1
1
1
1
1
1
1
0.999999
0.999999
0.999997
0.999994
0.999986
0.999972
0.999943
0.999886
0.99978
0.999585
0.999235
0.998624
0.997585
0.995867
0.993105
0.988785
0.982223
0.972546
0.958699
0.939485
0.913655
0.880033
0.837694
0.786158
0.725577
0.65687
0.581764
0.502722
0.422727
0.344972
0.272484
0.207762
0.152505
0.107473
0.0725074
0.0466926
0.0286123
0.0166287
0.00913328
0.00472248
0.00228893
0.00103501
0.00043427
0.000168033
5.95286e-05
1.91455e-05
5.5332e-06
1.41904e-06
3.17848e-07
6.09041e-08
9.70494e-09
1.23449e-09
1.17507e-10
7.43935e-12
2.34927e-13
1.63835e-227
1.79835e-225
1.8769e-223
1.86637e-221
1.77157e-219
1.60795e-217
1.39775e-215
1.16537e-213
9.3318e-212
7.18589e-210
5.32746e-208
3.80679e-206
2.62447e-204
1.74738e-202
1.12457e-200
7.00175e-199
4.22082e-197
2.46538e-195
1.3963e-193
7.67311e-192
4.09396e-190
2.12206e-188
1.06921e-186
5.23965e-185
2.49861e-183
1.16003e-181
5.2459e-180
2.31179e-178
9.9322e-177
4.16187e-175
1.70158e-173
6.79046e-172
2.646e-170
1.00711e-168
3.74546e-167
1.36149e-165
4.83885e-164
1.68196e-162
5.71952e-161
1.90325e-159
6.19922e-158
1.97696e-156
6.17424e-155
1.88886e-153
5.66167e-152
1.66309e-150
4.78857e-149
1.35178e-147
3.74197e-146
1.01596e-144
2.7059e-143
7.07114e-142
1.81335e-140
4.5642e-139
1.12773e-137
2.73577e-136
6.51699e-135
1.52467e-133
3.5037e-132
7.90974e-131
1.75444e-129
3.82397e-128
8.19114e-127
1.72457e-125
3.56924e-124
7.26238e-123
1.45291e-121
2.85827e-120
5.5299e-119
1.05226e-117
1.96955e-116
3.62648e-115
6.56935e-114
1.17089e-112
2.05353e-111
3.54418e-110
6.01999e-109
1.00641e-107
1.65609e-106
2.68261e-105
4.27785e-104
6.71609e-103
1.03815e-101
1.58009e-100
2.36817e-99
3.49523e-98
5.08036e-97
7.2727e-96
1.02542e-94
1.42407e-93
1.9481e-92
2.62517e-91
3.48491e-90
4.55757e-89
5.87218e-88
7.45429e-87
9.32336e-86
1.14898e-84
1.39521e-83
1.66944e-82
1.96843e-81
2.28716e-80
2.61887e-79
2.95518e-78
3.28638e-77
3.60184e-76
3.89057e-75
4.14182e-74
4.34579e-73
4.4942e-72
4.58086e-71
4.60214e-70
4.55718e-69
4.44795e-68
4.27912e-67
4.05774e-66
3.79273e-65
3.49428e-64
3.17325e-63
2.84048e-62
2.50623e-61
2.17966e-60
1.86852e-59
1.57886e-58
1.31499e-57
1.07953e-56
8.73517e-56
6.96678e-55
5.4766e-54
4.24328e-53
3.24039e-52
2.43888e-51
1.80915e-50
1.32264e-49
9.52968e-49
6.76673e-48
4.73513e-47
3.26531e-46
2.21895e-45
1.48589e-44
9.80453e-44
6.37466e-43
4.08376e-42
2.57764e-41
1.60297e-40
9.82097e-40
5.92775e-39
3.52463e-38
2.06446e-37
1.19109e-36
6.76884e-36
3.78868e-35
2.08855e-34
1.13386e-33
6.06191e-33
3.1913e-32
1.65428e-31
8.44319e-31
4.24259e-30
2.09871e-29
1.02198e-28
4.89857e-28
2.311e-27
1.07301e-26
4.90277e-26
2.20435e-25
9.75182e-25
4.24441e-24
1.81734e-23
7.65424e-23
3.17084e-22
1.29185e-21
5.17566e-21
2.0389e-20
7.8968e-20
3.00667e-19
1.12525e-18
4.13896e-18
1.49609e-17
5.31369e-17
1.85417e-16
6.35562e-16
2.13976e-15
7.07472e-15
2.29682e-14
7.32071e-14
2.29045e-13
7.03335e-13
2.11936e-12
6.26582e-12
1.81721e-11
5.16902e-11
1.44181e-10
3.94298e-10
1.05699e-09
2.77691e-09
7.14836e-09
1.80266e-08
4.45237e-08
1.07681e-07
2.54953e-07
5.90812e-07
1.33969e-06
2.97177e-06
6.44722e-06
1.36762e-05
2.83579e-05
5.74628e-05
0.000113758
0.000219956
0.000415269
0.000765309
0.00137637
0.00241492
0.00413251
0.00689527
0.011215
0.0177767
0.0274537
0.0413012
0.0605145
0.086345
0.119967
0.162306
0.213842
0.274423
0.34313
0.418236
0.497278
0.577273
0.655028
0.727516
0.792238
0.847495
0.892527
0.927493
0.953307
0.971388
0.983371
0.990867
0.995278
0.997711
0.998965
0.999566
0.999832
0.99994
0.999981
0.999994
0.999999
1
1
1
1
1
1
1
1
1
1
1
1
1
1
1
1
1
1
1
1
1
1
1
1
1
1
1
1
1
1
1
1
1
1
1
1
1
1
1
1
1
1
1
1
1
1
1
1
1
1
1
1
1
1
1
1
1
1
1
1
1
1
1
1
1
1
1
1
1
1
1
1
1
1
1
1
1
1
1
1
1
1
1
1
1
1
1
1
1
1
1
1
1
1
1
1
1
1
1
1
1
1
1
1
1
1
1
1
1
1
1
1
1
1
1
