1
1
1
1
1
1
1
1
1
1
1
1
1
1
1
1
1
1
1
1
1
1
1
1
1
1
1
1
1
1
1
1
1
1
1
1
1
1
1
1
1
1
1
1
1
1
1
1
1
1
1
1
1
1
1
1
1
1
1
1
1
1
1
1
0.999999
0.999998
0.999997
0.999993
0.999987
0.999975
0.999955
0.999918
0.999854
0.999745
0.999564
0.999268
0.998794
0.99805
0.996908
0.995189
0.992656
0.989002
0.983842
0.976708
0.967057
0.954282
0.937739
0.916786
0.890834
0.859406
0.822204
0.77917
0.730532
0.676836
0.618948
0.55802
0.495431
0.432698
0.371365
0.312894
0.258556
0.209349
0.165944
0.128661
0.0974914
0.072138
0.0520825
0.036661
0.0251398
0.0167811
0.0108953
0.00687493
0.00421267
0.00250464
0.00144365
0.000805983
0.000435451
0.000227452
0.000114748
5.58538e-05
2.62021e-05
1.18328e-05
5.13775e-06
2.142e-06
8.56281e-07
3.27723e-07
1.19891e-07
4.18493e-08
1.39118e-08
4.39508e-09
1.31658e-09
3.73021e-10
9.96816e-11
2.50466e-11
5.89694e-12
1.29583e-12
2.64592e-13
4.99452e-14
8.66403e-15
1.37161e-15
1.96528e-16
2.52312e-17
2.86667e-18
2.83732e-19
2.39649e-20
1.67939e-21
9.37367e-23
3.90689e-24
1.08378e-25
2.8553e-27
6.16018e-27
2.72351e-26
1.18127e-25
5.02663e-25
2.09869e-24
8.59782e-24
3.45639e-23
1.36357e-22
5.27928e-22
2.00603e-21
7.48139e-21
2.73862e-20
9.84017e-20
3.47064e-19
1.20162e-18
4.08407e-18
1.36268e-17
4.46359e-17
1.4354e-16
4.53176e-16
1.40467e-15
4.27467e-15
1.27719e-14
3.74658e-14
1.07906e-13
3.05133e-13
8.4716e-13
2.30926e-12
6.1803e-12
1.62395e-11
4.18948e-11
1.06112e-10
2.63865e-10
6.44172e-10
1.5439e-09
3.63267e-09
8.39091e-09
1.90266e-08
4.23514e-08
9.25378e-08
1.98473e-07
4.17831e-07
8.63383e-07
1.75103e-06
3.48544e-06
6.80893e-06
1.30539e-05
2.45601e-05
4.53448e-05
8.21523e-05
0.000146046
0.000254755
0.00043602
0.000732194
0.00120634
0.00194998
0.00309242
0.00481136
0.00734412
0.010998
0.0161585
0.0232922
0.032943
0.0457178
0.0622607
0.0832138
0.109166
0.140594
0.177796
0.22083
0.269468
0.323164
0.381052
0.44198
0.504569
0.567302
0.628635
0.687106
0.741444
0.790651
0.834056
0.871339
0.902509
0.927862
0.947917
0.963339
0.97486
0.983219
0.989105
0.993125
0.995787
0.997495
0.998556
0.999194
0.999565
0.999773
0.999885
0.999944
0.999974
0.999988
0.999995
0.999998
0.999999
1
1
1
