4.25555e-24
1.3194e-23
4.04955e-23
1.23035e-22
3.70015e-22
1.10143e-21
3.24505e-21
9.46208e-21
2.73043e-20
7.79709e-20
2.20326e-19
6.16036e-19
1.70424e-18
4.6646e-18
1.26308e-17
3.3834e-17
8.96515e-17
2.34972e-16
6.09117e-16
1.56166e-15
3.95951e-15
9.9275e-15
2.46123e-14
6.0332e-14
1.46217e-13
3.50325e-13
8.2973e-13
1.94251e-12
4.49488e-12
1.02794e-11
2.32318e-11
5.1883e-11
1.14489e-10
2.49609e-10
5.37628e-10
1.14391e-09
2.40412e-09
4.99038e-09
1.02303e-08
2.07102e-08
4.13981e-08
8.1703e-08
1.59191e-07
3.06181e-07
5.81273e-07
1.08913e-06
2.01392e-06
3.67466e-06
6.61556e-06
1.17503e-05
2.05881e-05
3.55819e-05
6.06518e-05
0.000101957
0.000169007
0.000276226
0.000445097
0.000707018
0.00110701
0.00170835
0.00259818
0.00389393
0.00575039
0.00836688
0.0119938
0.0169373
0.0235616
0.0322864
0.0435783
0.0579363
0.075868
0.097859
0.124335
0.155619
0.19189
0.23314
0.279141
0.329434
0.383319
0.439881
0.498028
0.556549
0.614192
0.669736
0.722076
0.770287
0.813676
0.851815
0.88454
0.911937
0.934306
0.952107
0.965907
0.976321
0.983969
0.989429
0.993217
0.995769
0.997436
0.998493
0.999141
0.999526
0.999747
0.99987
0.999935
0.999969
0.999986
0.999994
0.999997
0.999999
1
1
1
1
1
1
1
1
1
1
1
1
1
1
1
1
1
1
1
1
1
1
1
1
1
1
1
1
1
1
1
1
1
1
1
1
1
1
1
1
1
1
1
1
1
1
1
1
1
1
1
1
1
1
1
1
1
1
1
1
1
1
1
1
1
1
1
1
1
1
1
1
1
1
1
1
1
1
1
1
1
1
1
1
1
1
1
1
1
1
1
1
1
1
1
1
1
1
1
1
1
1
1
1
1
1
1
1
1
1
1
1
1
1
1
1
1
1
1
1
1
1
1
1
1
1
1
1
1
1
1
1
1
1
1
1
1
1
1
1
1
1
1
1
1
1
1
1
1
1
1
1
1
1
1
1
1
1
1
1
1
1
1
1
1
1
1
1
1
1
1
1
1
1
1
1
1
1
1
1
1
1
1
1
1
1
1
1
1
1
0.999999
0.999999
0.999998
0.999996
0.999993
0.999988
0.999979
0.999964
0.999939
0.999898
0.999831
0.999724
0.999555
0.999293
0.998893
0.998292
0.997402
0.996106
0.99425
0.991633
0.988006
0.983063
0.976438
0.967714
0.956422
0.942064
0.924132
0.902141
0.875665
0.844381
0.80811
0.76686
0.720859
0.670566
0.616681
0.560119
0.501972
0.443451
0.385808
0.330264
0.277924
0.229713
0.186324
0.148185
0.11546
0.0880628
0.0656939
0.0478929
0.0340935
0.0236788
0.0160312
0.0105709
0.00678282
0.00423118
0.00256362
0.00150715
0.000858858
0.000473895
0.000252898
0.000130374
6.4844e-05
3.10737e-05
1.43265e-05
6.34509e-06
2.69506e-06
1.09586e-06
4.25752e-07
1.57708e-07
5.55708e-08
1.85792e-08
5.87733e-09
1.75367e-09
4.91824e-10
1.29139e-10
3.16042e-11
7.17197e-12
1.50022e-12
2.87246e-13
4.99262e-14
7.79836e-15
1.08113e-15
1.30949e-16
1.35744e-17
1.17083e-18
8.06641e-20
4.16152e-21
1.42906e-22
2.44982e-24
1.05913e-114
9.35872e-114
8.20593e-113
7.13974e-112
6.16424e-111
5.28103e-110
4.48951e-109
3.78722e-108
3.17016e-107
2.63318e-106
2.17029e-105
1.77498e-104
1.44047e-103
1.15998e-102
9.26886e-102
7.34913e-101
5.78195e-100
4.5138e-99
3.49651e-98
2.68753e-97
2.04971e-96
1.55115e-95
1.16475e-94
8.67814e-94
6.41555e-93
4.70601e-92
3.42514e-91
2.47349e-90
1.77233e-89
1.26002e-88
8.88808e-88
6.22059e-87
4.31961e-86
2.97608e-85
2.03436e-84
1.37972e-83
9.28384e-83
6.1978e-82
4.10502e-81
2.69747e-80
1.75857e-79
1.13741e-78
7.29832e-78
4.64598e-77
2.93409e-76
1.83826e-75
1.14254e-74
7.04473e-74
4.30902e-73
2.61463e-72
1.57381e-71
9.39728e-71
5.5661e-70
3.27036e-69
1.90602e-68
1.1019e-67
6.31881e-67
3.59416e-66
2.02779e-65
1.13477e-64
6.29858e-64
3.46754e-63
1.89338e-62
1.02538e-61
5.50748e-61
2.93385e-60
1.54999e-59
8.12125e-59
4.21996e-58
2.1746e-57
1.11129e-56
5.63173e-56
2.8302e-55
1.41041e-54
6.96971e-54
3.41522e-53
1.65939e-52
7.99453e-52
3.81896e-51
1.80881e-50
8.49433e-50
3.95496e-49
1.82568e-48
8.3553e-48
3.79094e-47
1.70518e-46
7.60355e-46
3.36108e-45
1.4728e-44
6.3974e-44
2.7545e-43
1.17558e-42
4.973e-42
2.08512e-41
8.66514e-41
3.56896e-40
1.45685e-39
5.89365e-39
2.36284e-38
9.3876e-38
3.69598e-37
1.44193e-36
5.57428e-36
2.13523e-35
8.10401e-35
3.04747e-34
1.13539e-33
4.19091e-33
1.53253e-32
5.55177e-32
1.99233e-31
7.08239e-31
2.49387e-30
8.69808e-30
3.00479e-29
1.02808e-28
3.48373e-28
1.1691e-27
3.8853e-27
1.27864e-26
4.16682e-26
1.34454e-25
4.2957e-25
1.35884e-24
