0
0
0
0
0
0
0
0
0
0
0
0
0
0
0
0
0
0
0
0
0
0
0
0
0
0
0
0
0
0
0
0
2.45361e+11
-4.50818e+12
4.04154e+13
-2.35544e+14
1.00324e+15
-3.32842e+15
8.95255e+15
-2.00629e+16
3.82072e+16
-6.27516e+16
8.99069e+16
-1.13384e+17
1.26767e+17
-1.26376e+17
1.12858e+17
-9.06221e+16
6.56218e+16
-4.2951e+16
2.54538e+16
-1.36742e+16
6.66378e+15
-2.94648e+15
1.1818e+15
-4.29668e+14
1.4143e+14
-4.20743e+13
1.12862e+13
-2.72172e+12
5.87854e+11
-1.13188e+11
1.93164e+10
-2.90081e+09
3.79895e+08
-4.28929e+07
4.11381e+06
-328590
21269.5
-1070.75
40.4469
0.0567248
1.011
1
1
1
1
1
1
1
1
1
1
1
1
1
1
1
1
1
1
1
1
1
1
1
-2.45361e+11
4.50818e+12
-4.04154e+13
2.35544e+14
-1.00324e+15
3.32842e+15
-8.95255e+15
2.00629e+16
-3.82072e+16
6.27516e+16
-8.99069e+16
1.13384e+17
-1.26767e+17
1.26376e+17
-1.12858e+17
9.06221e+16
-6.56218e+16
4.2951e+16
-2.54538e+16
1.36742e+16
-6.66378e+15
2.94648e+15
-1.1818e+15
4.29668e+14
-1.4143e+14
4.20743e+13
-1.12862e+13
2.72172e+12
-5.87854e+11
1.13188e+11
-1.93164e+10
2.90081e+09
