0.105599
0.136108
0.172387
0.214573
0.26252
0.315768
0.373521
0.434672
0.49785
0.561511
0.624041
0.683879
0.739638
0.7902
0.834791
0.873012
0.904831
0.93054
0.950685
0.965981
0.977226
0.985223
0.990718
0.994363
0.996695
0.998132
0.998984
0.999469
0.999734
0.999872
0.999941
0.999974
0.999989
0.999996
0.999998
0.999999
1
1
1
1
1
1
1
1
1
1
1
1
1
1
1
1
1
1
1
1
1
1
1
1
1
1
1
1
1
1
1
1
1
1
1
1
1
1
1
1
1
1
1
1
1
1
1
1
1
1
1
1
1
1
1
1
1
1
1
1
1
1
1
1
1
1
1
1
1
1
1
1
1
1
1
1
1
1
1
1
1
1
1
1
1
1
1
1
1
1
1
1
1
1
1
1
1
1
1
1
1
1
1
1
1
1
1
1
1
1
1
1
1
1
1
1
1
1
1
1
1
1
1
1
1
1
1
1
1
1
1
1
1
1
1
1
1
1
1
1
1
1
1
1
1
1
1
1
1
1
1
1
1
1
1
1
1
1
1
1
1
1
1
1
1
1
1
1
1
1
1
1
1
1
1
1
1
1
1
1
1
1
1
1
1
1
1
1
1
1
1
1
1
1
1
0.999999
0.999999
0.999997
0.999995
0.99999
0.999982
0.999968
0.999944
0.999901
0.999829
0.99971
0.999516
0.999206
0.998718
0.997964
0.996821
0.995121
0.992638
0.989082
0.984086
0.977205
0.967916
0.955628
0.939705
0.9195
0.894401
0.863892
0.827613
0.785427
0.73748
0.684232
0.626479
0.565328
0.50215
0.438489
0.375959
0.316121
0.260362
0.2098
0.165209
0.126988
0.0951692
0.0694601
0.049315
0.0340186
0.0227736
0.0147771
0.00928193
0.00563651
0.00330451
0.00186769
0.0010161
0.000531259
0.000266478
0.000127997
5.87562e-05
2.57209e-05
1.07121e-05
4.2335e-06
1.58316e-06
5.58443e-07
1.85154e-07
5.74726e-08
1.66269e-08
4.46004e-09
1.10268e-09
2.49518e-10
5.12478e-11
9.45782e-12
1.54896e-12
2.21602e-13
2.71284e-14
2.76279e-15
2.24701e-16
1.36823e-17
5.54436e-19
1.12133e-20
5.55997e-138
7.0831e-137
8.93892e-136
1.11754e-134
1.38409e-133
1.69823e-132
2.06424e-131
2.48581e-130
2.96566e-129
3.5053e-128
4.10475e-127
4.76223e-126
5.47394e-125
6.23391e-124
7.03392e-123
7.86346e-122
8.70991e-121
9.55875e-120
1.03939e-118
1.11984e-117
1.19544e-116
1.26445e-115
1.32519e-114
1.37615e-113
1.41599e-112
1.44367e-111
1.45845e-110
1.45993e-109
1.44807e-108
1.42321e-107
1.38603e-106
1.33751e-105
1.27893e-104
1.21178e-103
1.13771e-102
1.05843e-101
9.75719e-101
8.91284e-100
8.06746e-99
7.23581e-98
6.43084e-97
5.6634e-96
4.94216e-95
4.27351e-94
3.66169e-93
3.10888e-92
2.6155e-91
2.18037e-90
1.80106e-89
1.47418e-88
1.19561e-87
9.60841e-87
7.65119e-86
6.037e-85
4.71982e-84
3.65628e-83
2.80648e-82
2.13446e-81
1.60848e-80
1.20099e-79
8.88505e-79
6.51286e-78
4.7301e-77
3.40371e-76
2.4267e-75
1.71417e-74
1.19967e-73
8.31835e-73
5.71445e-72
3.88927e-71
2.62249e-70
1.75188e-69
1.15941e-68
7.60159e-68
4.93743e-67
3.17702e-66
2.02515e-65
1.2788e-64
7.99936e-64
4.95682e-63
3.04257e-62
1.84996e-61
1.11418e-60
6.64692e-60
3.92775e-59
2.29889e-58
1.33272e-57
7.65228e-57
4.35182e-56
2.45114e-55
1.36733e-54
7.55401e-54
4.13305e-53
2.23947e-52
1.20168e-51
6.38542e-51
3.36001e-50
1.75077e-49
9.03326e-49
4.61505e-48
2.3346e-47
1.16934e-46
5.79896e-46
2.84727e-45
1.38408e-44
6.66098e-44
3.17355e-43
1.49682e-42
6.98869e-42
3.23007e-41
1.47776e-40
6.692e-40
2.99954e-39
1.33071e-38
5.8429e-38
2.53906e-37
1.09195e-36
4.64728e-36
1.95725e-35
8.15697e-35
3.36378e-34
1.37254e-33
5.54122e-33
2.21334e-32
8.74649e-32
3.41937e-31
1.3224e-30
5.05903e-30
1.91442e-29
7.16558e-29
2.65271e-28
9.71251e-28
3.51685e-27
1.25932e-26
4.45916e-26
1.56129e-25
5.40509e-25
1.85007e-24
6.26057e-24
2.09438e-23
6.92608e-23
2.26404e-22
7.31507e-22
2.33595e-21
7.37212e-21
2.2992e-20
7.08578e-20
2.15773e-19
6.49192e-19
1.92969e-18
5.66641e-18
1.64363e-17
4.70916e-17
1.33258e-16
3.72407e-16
1.02775e-15
2.80068e-15
7.53552e-15
2.0017e-14
5.24909e-14
1.35873e-13
3.47138e-13
8.75303e-13
2.17801e-12
5.34767e-12
1.29549e-11
3.09615e-11
7.29942e-11
1.69742e-10
3.89295e-10
8.80468e-10
1.96357e-09
4.31746e-09
9.35866e-09
1.99964e-08
4.2111e-08
8.73963e-08
1.78728e-07
3.60115e-07
7.14807e-07
1.39759e-06
2.69128e-06
5.10354e-06
9.52935e-06
1.75177e-05
3.16997e-05
5.64602e-05
9.89645e-05
0.000170691
0.000289651
0.000483524
0.00079393
0.00128207
0.00203587
0.00317866
0.00487914
0.00736202
0.0109184
0.0159143
0.0227951
0.0320843
0.0443723
0.0602952
0.0805003
