3.03745e-42
1.22465e-41
4.89632e-41
1.94122e-40
7.63162e-40
2.97495e-39
1.14989e-38
4.40685e-38
1.67451e-37
6.30841e-37
2.35621e-36
8.72476e-36
3.20279e-35
1.16553e-34
4.20462e-34
1.50356e-33
5.32962e-33
1.87256e-32
6.52117e-32
2.25087e-31
7.70008e-31
2.61063e-30
8.77173e-30
2.92078e-29
9.63763e-29
3.15126e-28
1.02099e-27
3.27771e-27
1.04258e-26
3.28566e-26
1.02587e-25
3.17323e-25
9.72373e-25
2.95166e-24
8.87531e-24
2.64342e-23
7.79821e-23
2.2785e-22
6.59344e-22
1.88956e-21
5.36259e-21
1.50707e-20
4.19391e-20
1.1556e-19
3.15264e-19
8.51533e-19
2.27701e-18
6.02757e-18
1.57947e-17
4.0968e-17
1.05177e-16
2.67251e-16
6.72063e-16
1.67251e-15
4.11882e-15
1.00368e-14
2.41995e-14
5.77276e-14
1.36238e-13
3.1807e-13
7.34564e-13
1.67799e-12
3.79119e-12
8.47142e-12
1.87199e-11
4.09058e-11
8.83838e-11
1.88814e-10
3.98784e-10
8.32629e-10
1.71848e-09
3.50575e-09
7.06853e-09
1.40849e-08
2.77348e-08
5.39639e-08
1.03742e-07
1.97036e-07
3.6969e-07
6.85166e-07
1.25425e-06
2.26758e-06
4.04852e-06
7.13751e-06
1.24244e-05
2.13525e-05
3.62262e-05
6.06684e-05
0.000100283
0.0001636
0.000263385
0.000418418
0.000655854
0.00101425
0.00154734
0.00232861
0.00345658
0.00506058
0.00730686
0.0104042
0.0146087
0.0202262
0.0276121
0.0371669
0.0493257
0.0645429
0.0832693
0.105924
0.132861
0.164333
0.200456
0.241177
0.286248
0.335219
0.387435
0.442058
0.498101
0.55448
0.610072
0.663786
0.714622
0.761734
0.804469
0.8424
0.875328
0.903275
0.926455
0.945234
0.960089
0.971556
0.98019
0.986527
0.991059
0.994214
0.996352
0.997761
0.998663
0.999225
0.999563
0.999761
0.999874
0.999935
0.999968
0.999985
0.999993
0.999997
0.999999
0.999999
1
1
1
1
1
1
1
1
1
1
1
1
1
1
1
1
1
1
1
1
1
1
1
1
1
1
1
1
1
1
1
1
1
1
1
1
1
1
1
1
1
1
1
1
1
1
1
1
1
1
1
1
1
1
1
1
1
1
1
1
1
1
1
1
1
1
1
1
1
1
1
1
1
1
1
1
1
1
1
1
1
1
1
1
1
1
1
1
1
1
1
1
1
1
1
1
1
1
1
1
1
1
1
1
1
1
1
1
1
1
1
1
1
1
1
1
1
1
1
1
1
1
1
1
1
1
1
1
1
1
1
1
1
1
1
1
1
1
1
1
1
1
1
1
1
1
1
1
1
1
1
1
1
1
1
1
1
1
1
1
1
1
1
1
1
1
1
1
1
1
1
1
1
1
1
1
1
1
1
1
1
1
1
1
1
1
1
0.999999
0.999999
0.999998
0.999996
0.999993
0.999988
0.999979
0.999964
0.999939
0.9999
0.999836
0.999737
0.999582
0.999344
0.998986
0.998453
0.997671
0.996543
0.994939
0.992693
0.989596
0.985391
0.979774
0.972388
0.962833
0.950674
0.935457
0.916731
0.894076
0.867139
0.835667
0.799544
0.758823
0.713752
0.664781
0.612565
0.557942
0.501899
0.44552
0.389928
0.336214
0.285378
0.238266
0.195531
0.1576
0.124672
0.0967246
0.073545
0.0547655
0.0399106
0.0284437
0.01981
0.0134731
0.00894146
0.00578596
0.00364777
0.0022388
0.00133651
0.000775393
0.000436789
0.000238676
0.000126387
6.47887e-05
3.21157e-05
1.53762e-05
7.10159e-06
3.1598e-06
1.35252e-06
5.56096e-07
2.19262e-07
8.27587e-08
2.98446e-08
1.02614e-08
3.35611e-09
1.0415e-09
3.05815e-10
8.46995e-11
2.20502e-11
5.37456e-12
1.22105e-12
2.57246e-13
4.99586e-14
8.88142e-15
1.43336e-15
2.07902e-16
2.67664e-17
3.01098e-18
2.89902e-19
2.32264e-20
1.4865e-21
7.12476e-23
2.27322e-24
3.62106e-26
3.01552e-105
2.31072e-104
1.7579e-103
1.32772e-102
9.9558e-102
7.41148e-101
5.47759e-100
4.01909e-99
2.92764e-98
2.11718e-97
1.52e-96
1.08336e-95
7.66558e-95
5.38462e-94
3.75493e-93
2.59945e-92
1.78645e-91
1.21879e-90
8.25448e-90
5.54973e-89
3.704e-88
2.45406e-87
1.61402e-86
1.05375e-85
6.82926e-85
4.39346e-84
2.80567e-83
1.77851e-82
1.11909e-81
6.98968e-81
4.3334e-80
2.6667e-79
1.62889e-78
9.87582e-78
5.94315e-77
3.5499e-76
2.10459e-75
1.23842e-74
7.2328e-74
4.1926e-73
2.41208e-72
1.37729e-71
7.80512e-71
4.38984e-70
2.45035e-69
1.3574e-68
7.46258e-68
4.07156e-67
2.20454e-66
1.18455e-65
6.3163e-65
3.34225e-64
1.75499e-63
9.14457e-63
4.72823e-62
2.4259e-61
1.23504e-60
6.239e-60
3.12727e-59
1.55535e-58
7.67526e-58
3.75798e-57
1.82559e-56
8.79896e-56
4.20757e-55
1.99616e-54
9.3954e-54
4.38714e-53
2.03229e-52
9.33943e-52
4.25771e-51
1.92549e-50
8.63797e-50
3.84392e-49
1.69676e-48
7.42919e-48
3.22646e-47
1.38985e-46
5.93815e-46
2.51634e-45
1.05758e-44
4.40828e-44
1.82233e-43
7.47099e-43
