0.969456
0.950719
0.92357
0.886031
0.836541
0.774381
0.700079
0.61564
0.524519
0.431265
0.340883
0.258053
0.186401
0.128004
0.0832575
0.051097
0.0294728
0.0159103
0.00800209
0.00373112
0.00160391
0.000631674
0.000226271
7.30934e-05
2.10761e-05
5.35677e-06
1.18119e-06
2.21332e-07
3.42616e-08
4.20587e-09
3.83831e-10
2.31472e-11
6.91804e-13
0
0
0
0
0
0
0
0
0
0
0
0
0
0
0
0
0
0
0
0
0
0
0
0
0
0
0
0
0
0
0
5.28226e-59
1.53646e-56
2.21172e-54
2.10057e-52
1.48063e-50
8.26122e-49
3.8002e-47
1.48224e-45
5.00364e-44
1.48489e-42
3.92183e-41
9.31058e-40
2.00313e-38
3.93238e-37
7.08491e-36
1.17736e-34
1.81241e-33
2.59423e-32
3.46427e-31
4.32856e-30
5.0739e-29
5.59275e-28
5.80913e-27
5.69673e-26
5.28346e-25
4.64162e-24
3.8681e-23
3.06173e-22
2.30459e-21
1.65138e-20
1.12762e-19
7.34406e-19
4.56592e-18
2.71189e-17
1.53983e-16
8.36396e-16
4.34853e-15
2.1652e-14
1.03298e-13
4.7241e-13
2.07182e-12
8.71669e-12
3.51931e-11
1.36395e-10
5.07558e-10
1.81392e-09
6.22701e-09
2.05373e-08
6.50838e-08
1.98205e-07
5.80109e-07
1.63187e-06
4.41225e-06
1.14669e-05
2.86448e-05
6.87786e-05
0.00015873
0.000352082
0.000750572
0.00153773
0.00302754
0.005728
0.0104138
0.0181932
0.0305435
0.0492811
0.0764302
0.113969
0.163459
0.225619
0.299921
0.38436
0.475481
0.568735
0.659117
0.741947
0.813599
0.871996
0.916743
0.948903
0.970527
0.98409
0.991998
0.996269
0.998396
0.999368
0.999774
0.999927
0.999979
0.999995
0.999999
1
1
1
1
1
1
1
1
1
1
1
1
1
1
1
1
1
1
1
1
1
1
1
1
1
1
1
1
1
1
1
1
1
1
1
1
1
1
1
1
1
1
1
1
1
1
1
1
1
1
1
1
1
1
1
1
1
1
1
1
1
1
1
1
1
1
1
1
1
1
1
1
1
1
1
1
1
1
1
1
1
1
1
1
1
1
1
0.999999
0.999998
0.999996
0.999989
0.999971
0.999931
0.999841
0.999648
0.999249
0.998462
0.996972
0.994272
0.989586
0.981807
