1
1
1
1
1
1
1
1
1
1
1
1
1
1
1
1
1
1
1
1
1
1
1
1
1
1
1
1
1
1
0.999999
0.999998
0.999995
0.999989
0.999977
0.999954
0.999909
0.999826
0.999675
0.999409
0.998949
0.998176
0.996914
0.994903
0.991788
0.987091
0.980201
0.970368
0.956727
0.938328
0.914212
0.883506
0.845535
0.799953
0.746852
0.686844
0.621092
0.551264
0.479426
0.407867
0.338885
0.274567
0.216601
0.166134
0.123717
0.0893258
0.0624464
0.0422117
0.0275526
0.017342
0.0105107
0.00612537
0.00342728
0.00183825
0.000943576
0.000462711
0.000216368
9.62847e-05
4.06876e-05
1.62886e-05
6.16181e-06
2.19635e-06
7.35363e-07
2.30453e-07
6.73331e-08
1.82597e-08
4.57242e-09
1.05099e-09
2.20202e-10
4.17064e-11
7.06928e-12
1.05912e-12
1.3806e-13
1.53389e-14
1.41217e-15
1.03425e-16
5.64909e-18
2.0455e-19
3.68263e-21
2.83984e-46
3.02842e-45
3.11792e-44
3.1012e-43
2.98185e-42
2.77326e-41
2.49626e-40
2.17577e-39
1.8373e-38
1.50382e-37
1.1936e-36
9.19069e-36
6.86822e-35
4.98324e-34
3.51163e-33
2.40427e-32
1.59985e-31
1.03498e-30
6.51127e-30
3.98478e-29
2.3728e-28
1.37514e-27
7.75825e-27
4.26197e-26
2.28023e-25
1.18838e-24
6.0343e-24
2.98585e-23
1.43998e-22
6.76951e-22
3.1027e-21
1.38664e-20
6.04351e-20
2.56903e-19
1.06525e-18
4.30913e-18
1.70068e-17
6.54925e-17
2.46113e-16
9.0258e-16
3.23054e-15
1.12858e-14
3.84842e-14
1.28099e-13
4.16242e-13
1.32037e-12
4.08897e-12
1.23626e-11
3.64914e-11
1.05164e-10
2.95896e-10
8.12854e-10
2.18015e-09
5.70894e-09
1.45955e-08
3.64307e-08
8.87754e-08
2.11195e-07
4.9049e-07
1.11203e-06
2.46107e-06
5.31669e-06
1.12111e-05
2.30739e-05
4.63496e-05
9.08658e-05
0.000173845
0.000324575
0.000591337
0.00105125
0.00182353
0.00308632
0.00509661
0.00821159
0.0129087
0.0197994
0.0296315
0.0432733
0.0616724
0.0857879
0.116494
0.154465
0.200047
0.253148
0.313156
0.378908
0.448736
0.520574
0.592133
0.661115
0.725433
0.783399
0.833866
0.876283
0.910674
0.937554
0.957788
0.972447
0.982658
0.989489
0.993875
0.996573
0.998162
0.999056
0.999537
0.999784
0.999904
0.999959
0.999984
0.999994
0.999998
0.999999
1
1
1
1
1
1
1
1
1
1
1
1
1
1
1
1
1
1
1
1
1
1
1
1
1
1
1
1
1
1
1
1
1
1
1
1
1
1
1
1
1
1
1
1
1
