0
0
0
0
0
0
0
0
0
0
0
0
0
0
0
0
0
0
0
0
0
0
0
0
0
0
0
0
0
0
0
0
4.09456e+13
-9.07103e+14
9.8444e+15
-6.97482e+16
3.62763e+17
-1.4766e+18
4.89716e+18
-1.36038e+19
3.22927e+19
-6.65052e+19
1.20234e+20
-1.92615e+20
2.75512e+20
-3.54065e+20
4.10916e+20
-4.32524e+20
4.14391e+20
-3.6245e+20
2.90135e+20
-2.12986e+20
1.43621e+20
-8.90783e+19
5.0867e+19
-2.67615e+19
1.29769e+19
-5.8006e+18
2.38976e+18
-9.07052e+17
3.16959e+17
-1.01867e+17
3.0071e+16
-8.14e+15
2.01636e+15
-4.55931e+14
9.38233e+13
-1.75083e+13
2.95006e+12
-4.46505e+11
6.0328e+10
-7.22112e+09
7.58582e+08
-6.91173e+07
5.37992e+06
-350637
18614.8
-772.035
24.5578
0.531516
1.00456
1
1
1
1
1
1
1
1
1
1
1
1
1
1
1
-4.09456e+13
9.07103e+14
-9.8444e+15
6.97482e+16
-3.62763e+17
1.4766e+18
-4.89716e+18
1.36038e+19
-3.22927e+19
6.65052e+19
-1.20234e+20
1.92615e+20
-2.75512e+20
3.54065e+20
-4.10916e+20
4.32524e+20
-4.14391e+20
3.6245e+20
-2.90135e+20
2.12986e+20
-1.43621e+20
8.90783e+19
-5.0867e+19
2.67615e+19
-1.29769e+19
5.8006e+18
-2.38976e+18
9.07052e+17
-3.16959e+17
1.01867e+17
-3.0071e+16
8.14e+15
