0
0
0
0
0
0
0
0
0
0
0
0
0
0
0
0
0
0
0
0
0
0
0
0
0
0
0
0
0
0
0
0
3.16962e+12
-6.42283e+13
6.36414e+14
-4.10896e+15
1.94354e+16
-7.17925e+16
2.15592e+17
-5.40992e+17
1.15717e+18
-2.1417e+18
3.46999e+18
-4.96716e+18
6.32874e+18
-7.22062e+18
7.41354e+18
-6.87754e+18
5.7842e+18
-4.42213e+18
3.07996e+18
-1.95759e+18
1.1369e+18
-6.03854e+17
2.93479e+17
-1.30536e+17
5.31262e+16
-1.97734e+16
6.72435e+15
-2.08666e+15
5.89841e+14
-1.51547e+14
3.52939e+13
-7.42575e+12
1.40571e+12
-2.38239e+11
3.59301e+10
-4.78635e+09
5.58003e+08
-5.62721e+07
4.83561e+06
-347098
20247.5
-920.896
31.7381
0.332539
1.00708
1
1
1
1
1
1
1
1
1
1
1
1
1
1
1
1
1
1
1
-3.16962e+12
6.42283e+13
-6.36414e+14
4.10896e+15
-1.94354e+16
7.17925e+16
-2.15592e+17
5.40992e+17
-1.15717e+18
2.1417e+18
-3.46999e+18
4.96716e+18
-6.32874e+18
7.22062e+18
-7.41354e+18
6.87754e+18
-5.7842e+18
4.42213e+18
-3.07996e+18
1.95759e+18
-1.1369e+18
6.03854e+17
-2.93479e+17
1.30536e+17
-5.31262e+16
1.97734e+16
-6.72435e+15
2.08666e+15
-5.89841e+14
1.51547e+14
-3.52939e+13
7.42575e+12
