0
0
0
0
0
0
0
0
0
0
0
0
0
0
0
0
0
0
0
0
0
0
0
0
0
0
0
0
0
0
0
0
0
0
0
0
0
0
0
0
0
0
0
0
0
0
0
0
0
0
0
0
0
0
0
0
0
0
0
0
0
0
0
0
0
0
0
0
0
0
0
0
0
0
0
0
0
0
0
0
0
0
0
0
0
0
0
0
0
0
0
0
0
0
0
0
0
0
0
0
0
0
0
0
0
0
0
0
0
0
0
0
0
0
0
0
0
0
0
0
0
0
0
0
0
0
0
0
1e-56
5.05e-54
1.25245e-51
2.03331e-49
2.43012e-47
2.27986e-45
1.7483e-43
1.12674e-41
6.22743e-40
2.99736e-38
1.27151e-36
4.79986e-35
1.62504e-33
4.96641e-32
1.3776e-30
3.48416e-29
8.06605e-28
1.71498e-26
3.35843e-25
6.07232e-24
1.01585e-22
1.5752e-21
2.26747e-20
3.0339e-19
3.77724e-18
4.3796e-17
4.73229e-16
4.76755e-15
4.47968e-14
3.92637e-13
3.21014e-12
2.44778e-11
1.74016e-10
1.15281e-09
7.11194e-09
4.08236e-08
2.1781e-07
1.07882e-06
4.95339e-06
2.10477e-05
8.26085e-05
0.000298822
0.000993795
0.00303023
0.00844528
0.0214414
0.0494113
0.102971
0.193352
0.326158
0.493493
0.670671
0.823999
0.928145
0.980219
0.997261
1
1
1
1
1
1
1
1
1
1
1
1
1
1
1
1
1
1
1
1
1
1
1
1
1
1
1
1
1
1
1
1
1
1
1
1
1
1
1
1
1
1
1
1
1
1
1
1
1
1
1
1
1
1
1
1
1
1
1
1
1
1
1
1
1
1
1
1
1
1
1
1
1
1
1
1
1
1
1
1
1
1
1
1
1
1
1
1
1
1
1
1
1
1
1
1
1
1
1
1
1
1
1
1
1
1
1
1
1
1
1
1
1
1
1
1
1
1
1
1
1
1
1
1
1
1
1
1
1
1
1
1
1
1
1
1
1
1
1
1
1
1
1
1
1
1
1
1
1
1
1
1
1
1
1
1
1
1
1
1
1
1
1
1
1
1
1
1
1
1
1
1
1
1
1
1
1
1
1
1
1
1
1
1
1
1
1
1
1
1
1
1
1
1
1
1
1
1
1
1
1
1
1
1
1
1
1
1
1
1
1
1
1
1
1
1
1
1
1
1
1
1
1
1
1
1
1
1
1
1
1
1
1
1
1
1
1
0.999999
0.999995
0.999979
0.999917
0.999701
0.999006
0.99697
0.991555
0.978559
0.950589
0.897029
0.806648
0.673842
0.506507
0.329329
0.176001
0.0718546
0.0197811
0.00273893
0
0
0
0
0
0
0
0
0
0
0
0
0
0
0
0
0
0
0
0
0
0
0
0
0
0
0
0
0
0
0
0
0
0
0
0
0
0
0
0
0
0
0
0
0
0
0
0
0
0
0
0
0
0
0
0
0
0
0
0
0
0
0
0
0
0
0
0
0
0
0
0
