1
1
1
1
1
1
1
1
1
1
1
1
1
1
1
1
1
1
1
1
1
1
1
1
1
1
1
1
1
1
1
1
1
1
1
1
1
1
1
1
1
1
1
1
1
1
1
1
1
1
0.999999
0.999998
0.999996
0.999991
0.999983
0.999968
0.999939
0.999887
0.999796
0.999638
0.999372
0.998933
0.998225
0.997109
0.99539
0.992801
0.988992
0.983518
0.975835
0.965304
0.951213
0.93281
0.909355
0.880194
0.84483
0.803015
0.754816
0.700674
0.641426
0.57828
0.512757
0.446589
0.381579
0.319465
0.261772
0.209703
0.16406
0.125217
0.0931438
0.0674593
0.0475229
0.0325325
0.0216204
0.0139354
0.00870276
0.00526061
0.00307474
0.00173585
0.000945507
0.000496323
0.000250775
0.000121806
5.67977e-05
2.53888e-05
1.08627e-05
4.44115e-06
1.73198e-06
6.43048e-07
2.2682e-07
7.58334e-08
2.39708e-08
7.14388e-09
2.00109e-09
5.2501e-10
1.28509e-10
2.92164e-11
6.13797e-12
1.18453e-12
2.08529e-13
3.3211e-14
4.73725e-15
5.97734e-16
6.56734e-17
6.15487e-18
4.7837e-19
2.96006e-20
1.36711e-21
4.18912e-23
6.38745e-25
2.30554e-33
1.3425e-32
7.64111e-32
4.25183e-31
2.31334e-30
1.23086e-29
6.40546e-29
3.26077e-28
1.62396e-27
7.91352e-27
3.77358e-26
1.76106e-25
8.04416e-25
3.59678e-24
1.5744e-23
6.74721e-23
2.83125e-22
1.16335e-21
4.68117e-21
1.84476e-20
7.12026e-20
2.69184e-19
9.96834e-19
3.6161e-18
1.28506e-17
4.47396e-17
1.52602e-16
5.09972e-16
1.66979e-15
5.357e-15
1.68397e-14
5.18691e-14
1.5655e-13
4.62992e-13
1.34175e-12
3.81025e-12
1.06028e-11
2.89112e-11
7.72494e-11
2.02256e-10
5.18899e-10
1.30446e-09
3.21322e-09
7.75537e-09
1.83403e-08
4.24954e-08
9.64712e-08
2.14566e-07
4.67537e-07
9.98043e-07
2.08711e-06
4.27551e-06
8.57944e-06
1.68633e-05
3.24653e-05
6.12171e-05
0.000113054
0.000204475
0.000362175
0.000628214
0.00106707
0.00177483
0.00289066
0.00461001
0.00719896
0.0110078
0.0164817
0.0241651
0.034696
0.0487871
0.0671905
0.0906448
0.119806
0.15517
0.196985
0.245184
0.299326
0.358574
0.42172
0.487243
0.553411
0.618421
0.680535
0.738228
0.790297
0.83594
0.874783
0.906856
0.932541
0.952477
0.967467
0.97838
0.986065
0.991297
0.994739
0.996925
0.998264
0.999054
0.999504
0.999749
0.999878
0.999943
0.999975
0.999989
0.999996
0.999998
0.999999
1
1
1
1
1
1
1
1
1
1
1
1
1
1
1
1
1
1
1
1
