1
1
1
1
1
1
1
1
1
1
1
1
1
1
1
1
1
1
1
1
1
1
1
1
1
1
1
1
1
1
1
1
1
1
1
1
1
1
1
1
1
1
1
1
1
1
0.999999
0.999999
0.999997
0.999992
0.999983
0.999962
0.999919
0.99983
0.999654
0.999317
0.99869
0.997562
0.995598
0.992289
0.986902
0.978438
0.965608
0.946867
0.920512
0.884872
0.838576
0.780884
0.712007
0.63334
0.547522
0.458254
0.369879
0.28678
0.212731
0.150355
0.100821
0.0638517
0.0380091
0.0211552
0.0109457
0.00523029
0.00229094
0.000911821
0.000326344
0.000103698
2.87886e-05
6.83855e-06
1.35103e-06
2.13062e-07
2.51411e-08
1.97279e-09
7.7196e-11
0
0
0
0
0
0
0
0
0
0
0
0
0
0
0
0
0
0
0
0
0
0
0
0
0
0
0
0
0
0
0
0
0
0
0
1e-221
1.99e-218
1.9711e-215
1.29568e-212
6.35858e-210
2.48496e-207
8.05552e-205
2.22796e-202
5.3667e-200
1.14373e-197
2.18343e-195
3.77149e-193
5.94342e-191
8.60453e-189
1.15121e-186
1.43062e-184
1.6587e-182
1.80124e-180
1.83836e-178
1.76879e-176
1.60881e-174
1.38672e-172
1.1353e-170
8.84605e-169
6.57236e-167
4.6641e-165
3.16646e-163
2.05955e-161
1.28513e-159
7.70262e-158
4.43971e-156
2.46358e-154
1.31738e-152
6.79527e-151
3.38404e-149
1.6284e-147
7.57756e-146
3.4124e-144
1.48819e-142
6.28945e-141
2.57748e-139
1.02486e-137
3.95612e-136
1.48333e-134
5.40496e-133
1.91489e-131
6.59927e-130
2.21328e-128
7.22686e-127
2.29831e-125
7.12166e-124
2.15093e-122
6.33424e-121
1.81942e-119
5.09896e-118
1.39468e-116
3.72424e-115
9.71169e-114
2.4738e-112
6.15686e-111
1.49757e-109
3.56085e-108
8.27863e-107
1.88234e-105
4.18661e-104
9.11051e-103
1.9401e-101
4.04378e-100
8.25112e-99
1.64845e-97
3.22513e-96
6.18016e-95
1.16011e-93
2.13359e-92
3.845e-91
6.79071e-90
1.17551e-88
1.99472e-87
3.31846e-86
5.41303e-85
8.65849e-84
1.35828e-82
2.08989e-81
3.15421e-80
4.67014e-79
6.78392e-78
9.66897e-77
1.35227e-75
1.85594e-74
2.49986e-73
3.30482e-72
4.28834e-71
5.46219e-70
6.8298e-69
8.38371e-68
1.01036e-66
1.19549e-65
1.38889e-64
1.58438e-63
1.77476e-62
1.9522e-61
2.10875e-60
2.23697e-59
2.33044e-58
2.38436e-57
2.39589e-56
2.36448e-55
2.29184e-54
2.1818e-53
2.04003e-52
1.87348e-51
1.68987e-50
1.49711e-49
1.30271e-48
1.11336e-47
9.34563e-47
7.7049e-46
6.23884e-45
4.96149e-44
3.87511e-43
2.97241e-42
2.23912e-41
1.65645e-40
1.20336e-39
8.58452e-39
6.01346e-38
4.13621e-37
2.79339e-36
1.85222e-35
1.20576e-34
7.70583e-34
4.83436e-33
2.97712e-32
1.79955e-31
1.06761e-30
6.21599e-30
3.55163e-29
1.99128e-28
1.09543e-27
5.91227e-27
3.13039e-26
1.62584e-25
8.28229e-25
4.13784e-24
2.02722e-23
9.73832e-23
4.58643e-22
2.11749e-21
9.5823e-21
4.24976e-20
1.84692e-19
7.86427e-19
3.28046e-18
1.34033e-17
5.36317e-17
2.10133e-16
8.06043e-16
3.02647e-15
1.11212e-14
3.99873e-14
1.40658e-13
4.83938e-13
1.62821e-12
5.35585e-12
1.72207e-11
5.41095e-11
1.66109e-10
4.98085e-10
1.45844e-09
4.16904e-09
1.16311e-08
3.1661e-08
8.40647e-08
2.17649e-07
5.49306e-07
1.35097e-06
3.2367e-06
7.5515e-06
1.71507e-05
3.79043e-05
8.14869e-05
0.000170338
0.000346086
0.000683178
0.00130973
0.00243752
0.00440206
0.00771131
0.0130976
0.0215619
0.0343919
0.0531331
0.079488
0.115128
0.161424
0.219116
0.287993
0.36666
0.452478
0.541746
0.630121
0.71322
0.787269
0.849645
0.899179
0.936148
0.961991
0.978845
0.989054
0.99477
0.997709
0.999088
0.999674
0.999896
0.999971
0.999993
0.999999
1
1
1
1
1
1
1
1
1
1
1
1
1
1
1
1
1
1
1
1
1
1
1
1
1
1
1
1
1
1
1
1
1
1
1
1
1
1
1
1
1
1
1
1
1
1
1
1
1
1
1
1
1
1
1
1
1
1
1
1
1
1
1
1
1
1
1
1
1
1
1
1
1
1
1
1
1
1
1
1
1
1
1
1
1
1
1
1
1
1
1
1
1
1
1
1
1
1
1
1
1
1
1
1
1
1
1
1
1
1
1
1
1
1
1
1
1
1
1
1
1
1
1
1
1
1
1
1
1
1
1
1
1
1
1
1
1
1
1
1
1
1
1
1
1
1
1
1
1
1
1
1
1
1
1
1
1
1
1
1
1
1
1
1
1
1
1
