0.99991
0.999956
0.999979
0.99999
0.999996
0.999998
0.999999
1
1
1
1
1
1
1
1
1
1
1
1
1
1
1
1
1
1
1
1
1
1
1
1
1
1
1
1
1
1
1
1
1
1
1
1
1
1
1
1
1
1
1
1
1
1
1
1
1
1
1
1
1
1
1
1
1
1
1
1
1
1
1
1
1
0.999999
0.999998
0.999997
0.999994
0.999989
0.999979
0.999962
0.999932
0.99988
0.999792
0.999647
0.99941
0.999032
0.998441
0.997535
0.996171
0.994161
0.991256
0.98714
0.981427
0.973656
0.963302
0.94979
0.932521
0.910911
0.884438
0.852696
0.815451
0.772695
0.724684
0.671961
0.615354
0.555946
0.495018
0.433969
0.374223
0.317131
0.263876
0.2154
0.172356
0.135081
0.103615
0.0777297
0.0569864
0.0408005
0.0285077
0.0194247
0.0128985
0.00834074
0.00524859
0.00321171
0.00190968
0.00110252
0.000617547
0.000335319
0.000176353
8.97554e-05
4.41662e-05
2.09918e-05
9.62711e-06
4.25557e-06
1.81108e-06
7.41147e-07
2.91268e-07
1.09773e-07
3.96152e-08
1.36675e-08
4.50002e-09
1.41128e-09
4.20707e-10
1.1894e-10
3.18101e-11
8.02578e-12
1.90436e-12
4.23492e-13
8.79174e-14
1.69631e-14
3.02631e-15
4.96279e-16
7.42876e-17
1.00666e-17
1.22254e-18
1.31421e-19
1.23098e-20
9.84174e-22
6.53028e-23
3.4763e-24
2.40378e-25
4.30623e-25
1.72043e-24
6.80791e-24
2.64649e-23
1.01068e-22
3.79192e-22
1.39774e-21
5.06214e-21
1.80133e-20
6.29823e-20
2.16383e-19
7.30498e-19
2.42335e-18
7.89991e-18
2.53074e-17
7.96707e-17
2.4648e-16
7.49379e-16
2.23905e-15
6.5746e-15
1.89724e-14
5.3805e-14
1.49958e-13
4.10739e-13
1.10563e-12
2.92478e-12
7.60356e-12
1.94257e-11
4.87715e-11
1.20332e-10
2.91749e-10
6.95104e-10
1.62739e-09
3.74388e-09
8.46322e-09
1.87983e-08
4.10263e-08
8.79737e-08
1.85343e-07
3.83639e-07
7.80144e-07
1.55855e-06
3.05876e-06
5.89703e-06
1.11679e-05
2.0775e-05
3.79604e-05
6.81278e-05
0.00012009
0.000207905
0.000353496
0.000590275
0.000967971
0.00155883
0.00246523
0.00382853
0.00583875
0.00874423
0.01286
0.0185734
0.0263441
0.0366977
0.0502096
0.0674786
0.0890885
0.115562
0.147304
0.184549
0.227305
0.275316
0.328039
0.384646
0.444054
0.504982
0.566031
0.625777
0.682869
0.736124
0.7846
0.827644
0.864919
0.896385
0.92227
0.943014
0.9592
0.971492
0.980575
0.987102
0.991659
0.994751
0.996788
0.99809
0.998897
0.999382
0.999665
0.999824
