1
1
1
1
1
1
1
1
1
1
1
1
1
0.999998
0.999992
0.999971
0.999898
0.999668
0.998997
0.997184
0.992688
0.982474
0.961328
0.92165
0.854622
0.753493
0.618537
0.461165
0.303269
0.169704
0.0770701
0.0264891
0.00609869
0.000703066
2.35546e-60
4.32961e-58
5.87585e-56
6.2786e-54
5.501e-52
4.06375e-50
2.58318e-48
1.43497e-46
7.05107e-45
3.09477e-43
1.22301e-41
4.38072e-40
1.43023e-38
4.2764e-37
1.17583e-35
2.98356e-34
7.00793e-33
1.52782e-31
3.09888e-30
5.85978e-29
1.03487e-27
1.70967e-26
2.64583e-25
3.84027e-24
5.23321e-23
6.70154e-22
8.07077e-21
9.14681e-20
9.76036e-19
9.8103e-18
9.29076e-17
8.292e-16
6.97508e-15
5.52992e-14
4.13166e-13
2.90856e-12
1.92863e-11
1.20408e-10
7.0742e-10
3.90878e-09
2.02967e-08
9.89587e-08
4.5258e-07
1.93936e-06
7.7766e-06
2.91384e-05
0.000101858
0.000331591
0.00100333
0.00281571
0.00731181
0.0175256
0.0386719
0.07835
0.145378
0.246507
0.381463
0.538835
0.696731
0.830296
0.92293
0.973511
0.993901
0.999297
1
1
1
1
1
1
1
1
1
1
1
1
1
1
1
1
1
1
1
1
1
1
1
1
1
1
1
1
1
1
