1.86269e-14
4.3921e-14
1.02366e-13
2.35819e-13
5.36962e-13
1.20848e-12
2.6882e-12
5.91023e-12
1.28428e-11
2.75819e-11
5.85449e-11
1.22814e-10
2.54619e-10
5.21691e-10
1.05635e-09
2.1138e-09
4.17999e-09
8.16833e-09
1.57736e-08
3.00993e-08
5.67549e-08
1.05746e-07
1.94682e-07
3.54147e-07
6.36542e-07
1.13044e-06
1.98351e-06
3.43858e-06
5.88944e-06
9.96573e-06
1.66601e-05
2.75149e-05
4.48925e-05
7.23581e-05
0.000115213
0.00018122
0.000281578
0.000432185
0.000655264
0.000981371
0.00145183
0.0021216
0.00306249
0.00436665
0.00615017
0.00855646
0.0117591
0.0159638
0.0214088
0.028363
0.0371223
0.048002
0.0613269
0.0774173
0.0965728
0.119053
0.145058
0.174707
0.208022
0.24491
0.285154
0.328411
0.374215
0.421989
0.471064
0.52071
0.570164
0.618665
0.665492
0.709992
0.751613
0.78992
0.82461
0.855514
0.882594
0.905933
0.925711
0.94219
0.955687
0.966552
0.975147
0.981826
0.986926
0.990749
0.993565
0.9956
0.997043
0.998049
0.998735
0.999195
0.999497
0.999692
0.999815
0.999891
0.999937
0.999964
0.99998
0.999989
0.999994
0.999997
0.999998
0.999999
1
1
1
1
1
1
1
1
1
1
1
1
1
1
1
1
1
1
1
1
1
1
1
1
1
1
1
1
1
1
1
1
1
1
1
1
1
1
1
1
1
1
1
1
1
1
1
1
1
1
0.999999
0.999999
0.999998
0.999997
0.999994
0.99999
0.999983
0.999972
0.999955
0.999928
0.999885
0.999819
0.999718
0.999568
0.999345
0.999019
0.998548
0.997878
0.996938
0.995633
0.99385
0.991444
0.988241
0.984036
0.978591
0.971637
0.962878
0.951998
0.938673
0.922583
0.903427
0.880947
0.854942
0.825293
0.791978
0.75509
0.714846
0.671589
0.625785
0.578011
0.528936
0.47929
0.429836
0.381335
0.334508
0.290008
0.248387
0.21008
0.17539
0.144486
0.117406
0.094067
0.0742887
0.0578097
0.0443128
0.0334479
0.0248534
0.0181738
0.0130743
0.00925054
0.00643528
0.00440035
0.00295663
0.00195149
0.00126492
0.000804929
0.000502704
0.000308031
0.000185124
0.000109089
6.30085e-05
3.56595e-05
1.97677e-05
1.07298e-05
5.70055e-06
2.96328e-06
1.50656e-06
7.48838e-07
3.63742e-07
1.72591e-07
7.99589e-08
3.61525e-08
1.5945e-08
6.85652e-09
2.8731e-09
1.17254e-09
4.65785e-10
1.79996e-10
6.76218e-11
2.46814e-11
8.74603e-12
3.0067e-12
1.00201e-12
3.23448e-13
1.01045e-13
3.05246e-14
8.91721e-15
2.54003e-15
7.6517e-16
3.92414e-16
5.81151e-16
1.33595e-15
3.23795e-15
7.80889e-15
