1.07367e-06
1.94313e-06
3.46995e-06
6.11398e-06
1.0629e-05
1.82315e-05
3.08532e-05
5.15129e-05
8.48519e-05
0.000137889
0.000221058
0.000349614
0.000545467
0.000839536
0.00127466
0.00190912
0.00282065
0.00411097
0.00591041
0.00838249
0.0117278
0.0161865
0.0220392
0.0296048
0.0392343
0.051302
0.0661903
0.0842714
0.105885
0.131311
0.160746
0.194274
0.231847
0.273267
0.318177
0.366066
0.416281
0.468048
0.520512
0.572772
0.623932
0.673144
0.719652
0.762825
0.802186
0.837424
0.868396
0.895117
0.917742
0.936538
0.951858
0.964103
0.973702
0.981078
0.986633
0.990733
0.993697
0.995796
0.997251
0.998239
0.998895
0.999321
0.999591
0.99976
0.999862
0.999922
0.999957
0.999977
0.999988
0.999994
0.999997
0.999999
0.999999
1
1
1
1
1
1
1
1
1
1
1
1
1
1
1
1
1
1
1
1
1
1
1
1
1
1
1
1
1
1
1
1
1
1
1
1
1
1
1
1
1
1
1
1
1
1
1
1
1
1
1
1
1
1
0.999999
0.999999
0.999998
0.999997
0.999994
0.999989
0.999982
0.999969
0.999948
0.999915
0.999862
0.999779
0.99965
0.999455
0.99916
0.998725
0.998091
0.997179
0.995889
0.99409
0.991618
0.988272
0.983814
0.977961
0.970395
0.960766
0.948698
0.93381
0.915729
0.894115
0.868689
0.839254
0.805726
0.768153
0.726733
0.681823
0.633934
0.583719
0.531952
0.479488
0.427228
0.376068
0.326856
0.280348
0.237175
0.197814
0.162576
0.131604
0.104883
0.0822583
0.0634618
0.0481424
0.0358967
0.0262981
0.0189222
0.0133669
0.00926694
0.00630272
0.00420379
0.0027486
0.00176106
0.00110525
0.000679204
0.000408528
0.000240408
0.000138357
7.78382e-05
4.27893e-05
2.29738e-05
1.20416e-05
6.15854e-06
3.07186e-06
1.49359e-06
7.07506e-07
3.26332e-07
1.46475e-07
6.39411e-08
2.71288e-08
1.11796e-08
4.47157e-09
1.73465e-09
6.52143e-10
2.37409e-10
8.36171e-11
2.84667e-11
9.3583e-12
2.96771e-12
9.06832e-13
2.66683e-13
7.53831e-14
2.04534e-14
5.31899e-15
1.32366e-15
3.1474e-16
7.15804e-17
1.6136e-17
5.28132e-18
6.54775e-18
1.64302e-17
4.42965e-17
1.18605e-16
3.13625e-16
8.1872e-16
2.1099e-15
5.36771e-15
1.34807e-14
3.34214e-14
8.17948e-14
1.9761e-13
4.71269e-13
1.10943e-12
2.5781e-12
5.91368e-12
1.33896e-11
2.99245e-11
6.60121e-11
1.43731e-10
3.0889e-10
6.55197e-10
1.37166e-09
2.83414e-09
5.77942e-09
1.16313e-08
2.31017e-08
4.52813e-08
8.75884e-08
1.67192e-07
3.14931e-07
5.85379e-07
