0
0
0
0
0
0
0
0
0
0
0
0
0
0
0
0
0
0
0
0
0
0
0
0
0
0
0
0
0
0
0
0
3.6925e-32
1.01987e-29
1.36476e-27
1.17857e-25
7.38116e-24
3.57182e-22
1.38945e-20
4.46314e-19
1.20676e-17
2.78582e-16
5.55024e-15
9.62227e-14
1.46084e-12
1.95158e-11
2.30243e-10
2.40495e-09
2.22763e-08
1.83118e-07
1.33581e-06
8.64027e-06
4.94722e-05
0.000250132
0.00111297
0.00433923
0.0147439
0.0433776
0.109676
0.236378
0.430958
0.661769
0.860267
0.970401
1
1
1
1
1
1
1
1
1
1
1
1
1
1
1
1
1
1
1
1
1
1
1
1
1
1
1
1
1
1
1
1
1
1
1
1
1
1
1
1
1
1
1
1
1
1
1
1
1
1
0.999999
0.999991
0.999951
0.99975
0.998887
0.995661
0.985256
0.956622
0.890324
0.763622
0.569042
0.338231
0.139733
0.0295986
