0
0
0
0
0
0
0
0
0
0
0
0
0
0
0
0
0
0
0
0
0
0
0
0
0
0
0
0
0
0
0
0
7.76981e+18
-2.41889e+20
3.71012e+21
-3.73734e+22
2.7809e+23
-1.62994e+24
7.83683e+24
-3.17839e+25
1.10971e+26
-3.38732e+26
9.14999e+26
-2.20868e+27
4.80244e+27
-9.46872e+27
1.70237e+28
-2.80425e+28
4.24972e+28
-5.94593e+28
7.70429e+28
-9.26967e+28
1.0381e+29
-1.0843e+29
1.05824e+29
-9.66574e+28
8.27387e+28
-6.64558e+28
5.01379e+28
-3.55634e+28
2.37346e+28
-1.49136e+28
8.82744e+27
-4.92402e+27
2.58923e+27
-1.28373e+27
6.00173e+26
-2.6459e+26
1.09982e+26
-4.30953e+25
1.59134e+25
-5.53525e+24
1.81268e+24
-5.5851e+23
1.61781e+23
-4.40163e+22
1.12364e+22
-2.68807e+21
6.01786e+20
-1.25875e+20
2.45551e+19
-4.4581e+18
7.51519e+17
-1.17312e+17
1.69051e+16
-2.24093e+15
2.72138e+14
-3.01323e+13
3.02496e+12
-2.73504e+11
2.2095e+10
-1.57934e+09
9.86812e+07
-5.30705e+06
240710
-8953.3
-7.76981e+18
2.41889e+20
-3.71012e+21
3.73734e+22
-2.7809e+23
1.62994e+24
-7.83683e+24
3.17839e+25
-1.10971e+26
3.38732e+26
-9.14999e+26
2.20868e+27
-4.80244e+27
9.46872e+27
-1.70237e+28
2.80425e+28
-4.24972e+28
5.94593e+28
-7.70429e+28
9.26967e+28
-1.0381e+29
1.0843e+29
-1.05824e+29
9.66574e+28
-8.27387e+28
6.64558e+28
-5.01379e+28
3.55634e+28
-2.37346e+28
1.49136e+28
-8.82744e+27
4.92402e+27
