0
0
0
0
0
0
0
0
0
0
0
0
0
0
0
0
0
0
0
0
0
0
0
0
0
0
0
0
0
0
0
0
4.64733e+06
-4.80565e+07
2.3834e+08
-7.5408e+08
1.70788e+09
-2.9455e+09
4.01753e+09
-4.44304e+09
4.0524e+09
-3.08419e+09
1.97416e+09
-1.06792e+09
4.89334e+08
-1.89909e+08
6.22743e+07
-1.71682e+07
3.94738e+06
-748000
114826
-13924.2
1285.28
-83.655
4.55305
0.92864
1
1
1
1
1
1
1
1
1
1
1
1
1
1
1
1
1
1
1
1
1
1
1
1
1
1
1
1
1
1
1
1
1
1
1
1
1
1
1
1
-4.64733e+06
4.80565e+07
-2.3834e+08
7.5408e+08
-1.70788e+09
2.9455e+09
-4.01753e+09
4.44304e+09
-4.0524e+09
3.08419e+09
-1.97416e+09
1.06792e+09
-4.89334e+08
1.89909e+08
-6.22743e+07
1.71682e+07
-3.94738e+06
748001
-114825
13925.2
-1284.28
84.655
-3.55305
0.0713597
0
0
0
0
0
0
0
0
