0.972528
0.953224
0.923823
0.881405
0.823562
0.749193
0.659284
0.557387
0.449497
0.343181
0.24611
0.164403
0.101371
0.0571154
0.0290658
0.0131776
0.00523346
0.00178189
0.000505274
0.000114475
1.94158e-05
2.19026e-06
1.23202e-07
0
0
0
0
0
0
0
0
0
0
0
0
0
0
0
0
0
0
0
0
0
0
0
0
0
0
0
0
0
0
0
0
0
0
0
0
0
0
0
0
0
0
0
0
0
0
0
0
0
0
0
0
0
0
0
0
0
0
0
0
0
0
0
0
0
0
0
0
0
0
0
0
0
0
0
0
0
0
0
0
0
0
0
0
0
0
0
0
0
0
0
0
0
0
0
0
0
0
0
0
0
0
0
0
0
1e-151
1.36e-148
9.18685e-146
4.10963e-143
1.36956e-140
3.62667e-138
7.94868e-136
1.48305e-133
2.40449e-131
3.44126e-129
4.40161e-127
5.08218e-125
5.34089e-123
5.14409e-121
4.5676e-119
3.75796e-117
2.87747e-115
2.05846e-113
1.38048e-111
8.70537e-110
5.17604e-108
2.90886e-106
1.54855e-104
7.82482e-103
3.75983e-101
1.72082e-99
7.51351e-98
3.13406e-96
1.25054e-94
4.77904e-93
1.75115e-91
6.15885e-90
2.0811e-88
6.76234e-87
2.11486e-85
6.37073e-84
1.84989e-82
5.18147e-81
1.40087e-79
3.65799e-78
9.23093e-77
2.25237e-75
5.31682e-74
1.21476e-72
2.68754e-71
5.76012e-70
1.19646e-68
2.40949e-67
4.70614e-66
8.91802e-65
1.64012e-63
2.92834e-62
5.07725e-61
8.55096e-60
1.39924e-58
2.22517e-57
3.43975e-56
5.16983e-55
7.55607e-54
1.07416e-52
1.48548e-51
1.99877e-50
2.6171e-49
3.33503e-48
4.13674e-47
4.99511e-46
5.87229e-45
6.72182e-44
7.4924e-43
8.13287e-42
8.59774e-41
8.85255e-40
8.87803e-39
8.67254e-38
8.25224e-37
7.64895e-36
6.90625e-35
6.07428e-34
5.20424e-33
4.34334e-32
3.5309e-31
2.79593e-30
2.15641e-29
1.61986e-28
1.18506e-27
8.44289e-27
5.85725e-26
3.95651e-25
2.60198e-24
1.66581e-23
1.03806e-22
6.29565e-22
3.71554e-21
2.13355e-20
1.19182e-19
6.47555e-19
3.42151e-18
1.75773e-17
8.77783e-17
4.2602e-16
2.00899e-15
9.20288e-15
4.09406e-14
1.76828e-13
7.41281e-13
3.01522e-12
1.18965e-11
4.55124e-11
1.68771e-10
6.06394e-10
2.11023e-09
7.10946e-09
2.31784e-08
7.30917e-08
2.22832e-07
6.56426e-07
1.8675e-06
5.12809e-06
1.35835e-05
3.46865e-05
8.53338e-05
0.000202115
0.000460567
0.00100899
0.00212352
0.00429017
0.00831395
0.0154427
0.0274725
0.046776
0.0761769
0.118595
0.176438
0.250807
0.340716
0.442613
0.550503
0.656819
0.75389
0.835597
0.898629
0.942885
0.970934
0.986822
0.994767
0.998218
0.999495
0.999886
0.999981
0.999998
1
1
1
1
1
1
1
1
1
1
1
1
1
1
1
1
1
1
1
1
1
1
1
1
1
1
1
1
1
1
1
1
1
1
1
1
1
1
1
1
1
1
1
1
1
1
1
1
1
1
1
1
1
1
1
1
1
1
1
1
1
1
1
1
1
1
1
1
1
1
1
1
1
1
1
1
1
1
1
1
1
1
1
1
1
1
1
1
1
1
1
1
1
1
1
1
1
1
1
1
1
1
1
1
1
1
1
1
1
1
1
1
1
1
1
1
1
1
1
1
1
1
1
1
1
1
1
1
1
1
1
1
1
1
1
1
1
1
1
1
1
1
1
1
1
1
1
1
1
1
1
1
1
1
1
1
1
1
1
1
1
1
1
1
1
1
1
1
1
1
1
1
1
1
1
1
1
1
1
1
1
1
1
1
1
1
1
1
1
1
1
1
1
1
1
1
1
1
1
1
1
1
1
1
1
1
1
1
1
1
1
1
1
1
1
1
1
1
1
1
1
0.999999
0.999998
0.999995
0.999986
0.999965
0.999915
0.999798
0.999539
0.998991
0.997876
0.99571
0.991686
0.984557
