1
1
1
1
1
1
1
1
1
1
1
1
1
1
1
1
1
1
1
1
1
1
1
1
1
1
1
1
1
1
1
1
1
1
1
1
1
1
1
1
1
1
1
1
1
1
1
1
1
1
1
1
1
1
1
1
0.999999
0.999998
0.999996
0.999992
0.999985
0.999971
0.999946
0.999901
0.999823
0.999688
0.999463
0.999092
0.998496
0.997559
0.996117
0.993946
0.99075
0.986149
0.979673
0.970762
0.95878
0.943034
0.92282
0.897475
0.866443
0.829348
0.78607
0.736801
0.682086
0.622828
0.560257
0.495865
0.431301
0.368248
0.308294
0.252811
0.202858
0.159119
0.121893
0.0911078
0.0663835
0.0471091
0.0325315
0.0218411
0.014244
0.00901546
0.0055328
0.00328927
0.0018925
0.00105275
0.00056561
0.000293189
0.000146463
7.04273e-05
3.25568e-05
1.44494e-05
6.14822e-06
2.50424e-06
9.74805e-07
3.61998e-07
1.27999e-07
4.30042e-08
1.3697e-08
4.12526e-09
1.17161e-09
3.12802e-10
7.82353e-11
1.82592e-11
3.95884e-12
7.93306e-13
1.46057e-13
2.45349e-14
3.72929e-15
5.07788e-16
6.11734e-17
6.41841e-18
5.74548e-19
4.26607e-20
2.52236e-21
1.11337e-22
3.26117e-24
4.75425e-26
2.05695e-30
1.05439e-29
5.29252e-29
2.60172e-28
1.25269e-27
5.90821e-27
2.72986e-26
1.23577e-25
5.48131e-25
2.38244e-24
1.0148e-23
4.2364e-23
1.73341e-22
6.95216e-22
2.73328e-21
1.05346e-20
3.98055e-20
1.47464e-19
5.35631e-19
1.90766e-18
6.66206e-18
2.28142e-17
7.66137e-17
2.52304e-16
8.14832e-16
2.58078e-15
8.0164e-15
2.44209e-14
7.2963e-14
2.138e-13
6.14438e-13
1.73188e-12
4.78768e-12
1.29807e-11
3.45176e-11
9.00207e-11
2.30251e-10
5.77581e-10
1.42092e-09
3.42815e-09
8.11109e-09
1.88198e-08
4.28211e-08
9.55418e-08
2.0903e-07
4.48428e-07
9.43252e-07
1.94536e-06
3.93362e-06
7.79813e-06
1.51557e-05
2.88757e-05
5.39314e-05
9.87391e-05
0.000177197
0.000311695
0.000537394
0.000908096
0.00150396
0.00244114
0.00388327
0.00605404
0.00924988
0.0138508
0.0203269
0.0292375
0.0412204
0.0569662
0.0771797
0.102525
0.133557
0.170652
0.21393
0.263199
0.317914
0.377172
0.439743
0.504135
0.568699
0.631752
0.691706
0.747189
0.797142
0.840881
0.878107
0.908892
0.933616
0.952891
0.967469
0.978159
0.985756
0.990985
0.994467
0.996711
0.998107
0.998947
0.999434
0.999707
0.999854
0.99993
0.999967
0.999986
0.999994
0.999997
0.999999
1
1
1
1
1
1
1
1
1
1
1
1
1
