0.40708
0.463237
0.52033
0.577201
0.632696
0.685731
0.735359
0.78082
0.821576
0.857326
0.888002
0.913742
0.934857
0.951787
0.965049
0.975196
0.982777
0.988305
0.992238
0.994968
0.996815
0.998033
0.998815
0.999304
0.999602
0.999778
0.99988
0.999937
0.999968
0.999984
0.999992
0.999996
0.999998
0.999999
1
1
1
1
1
1
1
1
1
1
1
1
1
1
1
1
1
1
1
1
1
1
1
1
1
1
1
1
1
1
1
1
1
1
1
1
1
1
1
1
1
1
1
1
1
1
1
1
1
1
1
1
1
1
1
1
1
1
1
1
0.999999
0.999999
0.999998
0.999996
0.999993
0.999987
0.999977
0.99996
0.999931
0.999882
0.999802
0.999674
0.999471
0.999155
0.998672
0.997946
0.996875
0.995319
0.9931
0.989991
0.985711
0.979922
0.972234
0.962207
0.949365
0.933217
0.913285
0.889138
0.860428
0.826936
0.788605
0.745574
0.698198
0.647052
0.59292
0.536763
0.47967
0.422799
0.367304
0.314269
0.264641
0.21918
0.178424
0.142674
0.111998
0.0862582
0.0651428
0.0482133
0.0349515
0.0248043
0.0172235
0.0116953
0.00776199
0.00503231
0.00318537
0.00196749
0.00118518
0.000695858
0.000397989
0.000221601
0.000120047
6.3231e-05
3.23606e-05
1.60808e-05
7.75328e-06
3.62426e-06
1.6412e-06
7.19362e-07
3.04923e-07
1.24877e-07
4.9362e-08
1.88132e-08
6.9056e-09
2.43832e-09
8.27123e-10
2.69179e-10
8.39185e-11
2.50221e-11
7.12328e-12
1.93244e-12
4.98542e-13
1.22034e-13
2.82721e-14
6.18199e-15
1.27189e-15
2.45367e-16
4.42111e-17
7.40734e-18
1.14813e-18
1.63683e-19
2.13943e-20
2.82105e-21
1.31693e-21
3.54694e-21
1.1622e-20
3.77558e-20
1.20817e-19
3.80764e-19
1.18186e-18
3.61294e-18
1.08779e-17
3.22569e-17
9.42092e-17
2.70994e-16
7.67752e-16
2.14229e-15
5.88747e-15
1.59358e-14
4.24823e-14
1.1154e-13
2.88429e-13
7.34561e-13
1.84244e-12
4.55123e-12
1.10721e-11
2.65272e-11
6.25898e-11
1.45432e-10
3.32778e-10
7.49855e-10
1.66387e-09
3.63555e-09
7.82204e-09
1.65714e-08
3.45683e-08
7.10009e-08
1.43584e-07
2.85884e-07
5.6041e-07
1.08154e-06
2.05486e-06
3.84341e-06
7.07671e-06
1.28267e-05
2.28851e-05
4.01913e-05
6.9477e-05
0.000118214
0.000197971
0.000326311
0.000529354
0.000845157
0.001328
0.00205363
0.00312539
0.00468104
0.00689982
0.0100091
0.0142894
0.0200777
0.0277655
0.0377928
0.0506351
0.066783
0.0867148
0.110862
0.139572
0.173064
0.211395
0.254426
0.301802
0.352948
