0
0
0
0
0
0
0
0
0
0
0
0
0
0
0
0
0
0
0
0
0
0
0
0
0
0
0
0
0
0
0
0
1.67189e+12
-3.30887e+13
3.20056e+14
-2.01613e+15
9.29896e+15
-3.34746e+16
9.79013e+16
-2.39097e+17
4.97393e+17
-8.94655e+17
1.40758e+18
-1.95492e+18
2.41448e+18
-2.66777e+18
2.64984e+18
-2.37559e+18
1.92847e+18
-1.4213e+18
9.52991e+17
-5.82263e+17
3.24549e+17
-1.65158e+17
7.67602e+16
-3.25826e+16
1.26264e+16
-4.46358e+15
1.43775e+15
-4.21281e+14
1.12058e+14
-2.69863e+13
5.86481e+12
-1.1456e+12
2.00148e+11
-3.1089e+10
4.26176e+09
-5.10867e+08
5.29323e+07
-4.67004e+06
343929
-20568.7
960.741
-31.7709
1.72834
0.992093
1
1
1
1
1
1
1
1
1
1
1
1
1
1
1
1
1
1
1
1
-1.67189e+12
3.30887e+13
-3.20056e+14
2.01613e+15
-9.29896e+15
3.34746e+16
-9.79013e+16
2.39097e+17
-4.97393e+17
8.94655e+17
-1.40758e+18
1.95492e+18
-2.41448e+18
2.66777e+18
-2.64984e+18
2.37559e+18
-1.92847e+18
1.4213e+18
-9.52991e+17
5.82263e+17
-3.24549e+17
1.65158e+17
-7.67602e+16
3.25826e+16
-1.26264e+16
4.46358e+15
-1.43775e+15
4.21281e+14
-1.12058e+14
2.69863e+13
-5.86481e+12
1.1456e+12
