0
0
0
0
0
0
0
0
0
0
0
0
0
0
0
0
0
0
0
0
0
0
0
0
0
0
0
0
0
0
0
0
4.10217e+23
-1.60661e+25
3.10925e+26
-3.96391e+27
3.74456e+28
-2.79542e+29
1.7176e+30
-8.93276e+30
4.0135e+31
-1.58233e+32
5.54147e+32
-1.74098e+33
4.94684e+33
-1.27988e+34
3.03256e+34
-6.61277e+34
1.33271e+35
-2.49157e+35
4.33517e+35
-7.0401e+35
1.06978e+36
-1.52454e+36
2.04168e+36
-2.57413e+36
3.06037e+36
-3.43602e+36
3.64796e+36
-3.66668e+36
3.49294e+36
-3.15663e+36
2.70863e+36
-2.20854e+36
1.71236e+36
-1.26324e+36
8.87193e+35
-5.93468e+35
3.78272e+35
-2.29823e+35
1.33135e+35
-7.35537e+34
3.87623e+34
-1.94879e+34
9.34765e+33
-4.27793e+33
1.86787e+33
-7.7805e+32
3.09142e+32
-1.17143e+32
4.23234e+31
-1.45753e+31
4.78273e+30
-1.49477e+30
4.44733e+29
-1.25897e+29
3.38885e+28
-8.66776e+27
2.10493e+27
-4.84917e+26
1.0587e+26
-2.18823e+25
4.27663e+24
-7.89273e+23
1.37351e+23
-2.25011e+22
-4.06753e+23
1.60656e+25
-3.10925e+26
3.96391e+27
-3.74456e+28
2.79542e+29
-1.7176e+30
8.93276e+30
-4.0135e+31
1.58233e+32
-5.54147e+32
1.74098e+33
-4.94684e+33
1.27988e+34
-3.03256e+34
6.61277e+34
-1.33271e+35
2.49157e+35
-4.33517e+35
7.0401e+35
-1.06978e+36
1.52454e+36
-2.04168e+36
2.57413e+36
-3.06037e+36
3.43602e+36
-3.64796e+36
3.66668e+36
-3.49294e+36
3.15663e+36
-2.70863e+36
2.20854e+36
