1
1
1
1
1
1
1
1
1
1
1
1
1
1
1
1
1
1
1
0.999999
0.999996
0.999986
0.99995
0.999841
0.999521
0.998652
0.996461
0.991352
0.980366
0.958684
0.919587
0.855541
0.760874
0.635622
0.488735
0.337902
0.204371
0.104513
0.0431711
0.0134507
0.00280089
0.000291618
3.31976e-52
1.66463e-50
7.53239e-49
3.09649e-47
1.16304e-45
4.01063e-44
1.2751e-42
3.75111e-41
1.02434e-39
2.60378e-38
6.17607e-37
1.36997e-35
2.84738e-34
5.55466e-33
1.01862e-31
1.75836e-30
2.86063e-29
4.39082e-28
6.36459e-27
8.71966e-26
1.12993e-24
1.3858e-23
1.60947e-22
1.7709e-21
1.84671e-20
1.82567e-19
1.71143e-18
1.5215e-17
1.2829e-16
1.02593e-15
7.78065e-15
5.59534e-14
3.81463e-13
2.46473e-12
1.50874e-11
8.74575e-11
4.79829e-10
2.49011e-09
1.22148e-08
5.65913e-08
2.4741e-07
1.01967e-06
3.9572e-06
1.44437e-05
4.95151e-05
0.000159193
0.000479217
0.00134834
0.00353911
0.00864845
0.0196335
0.0413155
0.0804131
0.144459
0.239126
0.364378
0.511265
0.662098
0.795629
0.895487
0.956829
0.986549
0.997199
0.999708
1
1
1
1
1
1
1
1
1
1
1
1
1
1
1
1
1
1
1
1
1
1
