0
0
0
0
0
0
0
0
0
0
0
0
0
0
0
0
0
0
0
0
0
0
0
0
0
0
0
0
0
0
0
0
5.30416e+29
-2.62876e+31
6.45343e+32
-1.04624e+34
1.26004e+35
-1.20237e+36
9.46841e+36
-6.32839e+37
3.66434e+38
-1.86716e+39
8.47608e+39
-3.46225e+40
1.283e+41
-4.34284e+41
1.35062e+42
-3.87855e+42
1.03293e+43
-2.56082e+43
5.9299e+43
-1.28636e+44
2.62104e+44
-5.02814e+44
9.10105e+44
-1.55727e+45
2.52339e+45
-3.87831e+45
5.66201e+45
-7.86219e+45
1.03965e+46
-1.31066e+46
1.57687e+46
-1.81222e+46
1.9912e+46
-2.09339e+46
2.10737e+46
-2.03272e+46
1.87989e+46
-1.66784e+46
1.42027e+46
-1.16142e+46
9.1244e+45
-6.88952e+45
5.00151e+45
-3.49208e+45
2.34567e+45
-1.51623e+45
9.43358e+44
-5.65057e+44
3.25902e+44
-1.81019e+44
9.68405e+43
-4.99026e+43
2.47714e+43
-1.18456e+43
5.45694e+42
-2.42169e+42
1.03526e+42
-4.26297e+41
1.6907e+41
-6.45745e+40
2.37483e+40
-8.40817e+39
2.86538e+39
-9.39664e+38
2.96453e+38
-8.99508e+37
2.624e+37
-7.34664e+36
1.85564e+36
6.89815e+35
-9.34117e+36
6.32536e+37
-3.66427e+38
1.86715e+39
-8.47608e+39
3.46225e+40
-1.283e+41
4.34284e+41
-1.35062e+42
3.87855e+42
-1.03293e+43
2.56082e+43
-5.9299e+43
1.28636e+44
-2.62104e+44
5.02814e+44
-9.10105e+44
1.55727e+45
-2.52339e+45
3.87831e+45
-5.66201e+45
7.86219e+45
-1.03965e+46
1.31066e+46
-1.57687e+46
1.81222e+46
