0
0
0
0
0
0
0
0
0
0
0
0
0
0
0
0
0
0
0
0
0
0
0
0
0
0
0
0
0
0
0
0
2.45817e+21
-8.69814e+22
1.519e+24
-1.74528e+25
1.48394e+26
-9.95765e+26
5.49199e+27
-2.56024e+28
1.02961e+29
-3.62787e+29
1.13375e+30
-3.17346e+30
8.02055e+30
-1.84268e+31
3.87028e+31
-7.46776e+31
1.32927e+32
-2.19075e+32
3.3536e+32
-4.78174e+32
6.36636e+32
-7.93191e+32
9.26601e+32
-1.01669e+33
1.04939e+33
-1.02032e+33
9.35671e+32
-8.10155e+32
6.62971e+32
-5.13186e+32
3.76041e+32
-2.61012e+32
1.71711e+32
-1.07117e+32
6.33883e+31
-3.55955e+31
1.89725e+31
-9.59997e+30
4.61189e+30
-2.10361e+30
9.10986e+29
-3.74518e+29
1.46141e+29
-5.41127e+28
1.90069e+28
-6.33048e+27
1.9983e+27
-5.97503e+26
1.69116e+26
-4.52759e+25
1.14555e+25
-2.73653e+24
6.16527e+23
-1.30838e+23
2.61181e+22
-4.89672e+21
8.60736e+20
-1.41575e+20
2.17421e+19
-3.10984e+18
4.13123e+17
-5.08089e+16
5.76416e+15
-6.00683e+14
-2.45817e+21
8.69814e+22
-1.519e+24
1.74528e+25
-1.48394e+26
9.95765e+26
-5.49199e+27
2.56024e+28
-1.02961e+29
3.62787e+29
-1.13375e+30
3.17346e+30
-8.02055e+30
1.84268e+31
-3.87028e+31
7.46776e+31
-1.32927e+32
2.19075e+32
-3.3536e+32
4.78174e+32
-6.36636e+32
7.93191e+32
-9.26601e+32
1.01669e+33
-1.04939e+33
1.02032e+33
-9.35671e+32
8.10155e+32
-6.62971e+32
5.13186e+32
-3.76041e+32
2.61012e+32
