0
0
0
0
0
0
0
0
0
0
0
0
0
0
0
0
0
0
0
0
0
0
0
0
0
0
0
0
0
0
0
0
0
0
0
0
0
0
0
0
0
0
0
0
0
0
0
0
0
0
0
0
0
0
0
0
0
0
0
0
0
0
0
0
0
0
0
0
0
0
0
0
0
0
0
0
0
0
0
0
0
0
0
0
0
0
0
0
0
0
0
0
0
0
0
0
0
0
0
0
0
0
0
0
0
0
0
0
0
0
0
0
0
0
0
0
0
0
0
0
0
0
0
0
0
0
0
0
1e-81
7.3e-79
2.6317e-76
6.24614e-74
1.09783e-71
1.52391e-69
1.73998e-67
1.68054e-65
1.40137e-63
1.02475e-61
6.65202e-60
3.87121e-58
2.03618e-56
9.74535e-55
4.26855e-53
1.71947e-51
6.397e-50
2.20612e-48
7.07549e-47
2.1164e-45
5.91898e-44
1.55125e-42
3.81746e-41
8.83696e-40
1.92738e-38
3.96638e-37
7.7117e-36
1.41821e-34
2.46958e-33
4.07572e-32
6.38044e-31
9.48174e-30
1.33846e-28
1.79581e-27
2.29125e-26
2.78123e-25
3.21304e-24
3.53385e-23
3.7012e-22
3.69218e-21
3.50856e-20
3.17627e-19
2.73941e-18
2.25079e-17
1.76163e-16
1.31321e-15
9.32198e-15
6.29978e-14
4.05181e-13
2.47923e-12
1.44258e-11
7.97803e-11
4.19121e-10
2.09021e-09
9.88865e-09
4.43436e-08
1.88316e-07
7.56627e-07
2.8731e-06
1.02987e-05
3.48031e-05
0.000110727
0.00033115
0.000929441
0.00244387
0.00600859
0.0137862
0.0294574
0.0584953
0.107733
0.183701
0.289627
0.422036
0.568954
0.711902
0.831978
0.917295
0.967156
0.990169
0.998034
0.999803
1
1
1
1
1
1
1
1
1
1
1
1
1
1
1
1
1
1
1
1
1
1
1
1
1
1
1
1
1
1
1
1
1
1
1
1
1
1
1
1
1
1
1
1
1
1
1
1
1
1
1
1
1
1
1
1
1
1
1
1
1
1
1
1
1
1
1
1
1
1
1
1
1
1
1
1
1
1
1
1
1
1
1
1
1
1
1
1
1
1
1
1
1
1
1
1
1
1
1
1
1
1
1
1
1
1
1
1
1
1
1
1
1
1
1
1
1
1
1
1
1
1
1
1
1
1
1
1
1
1
1
1
1
1
1
1
1
1
1
1
1
1
1
1
1
1
1
1
1
1
1
1
1
1
1
1
1
1
1
1
1
1
1
1
1
1
1
1
1
1
1
1
1
1
1
1
1
1
1
1
1
1
1
1
1
1
1
1
1
1
1
1
1
1
1
1
1
1
1
1
1
1
1
1
1
1
1
1
1
1
1
1
1
1
1
1
1
1
1
1
1
1
1
1
1
1
1
1
1
1
1
1
0.999999
0.999997
0.99999
0.999965
0.999889
0.999669
0.999071
0.997556
0.993991
0.986214
0.970543
0.941505
0.892267
0.816299
0.710373
0.577964
0.431046
0.288098
0.168022
0.0827047
0.032844
0.00983135
0.00196627
0.000196627
0
0
0
0
0
0
0
0
0
0
0
0
0
0
0
0
0
0
0
0
0
0
0
0
0
0
0
0
0
0
0
0
0
0
0
0
0
0
0
0
0
0
0
0
0
0
0
