0.121692
0.151736
0.186446
0.225808
0.269619
0.317469
0.368745
0.422645
0.478216
0.534397
0.590083
0.644188
0.695705
0.743768
0.787694
0.82701
0.861467
0.891028
0.915847
0.936235
0.952615
0.965485
0.97537
0.982789
0.988229
0.992125
0.994849
0.996707
0.997944
0.998747
0.999254
0.999568
0.999756
0.999865
0.999928
0.999962
0.999981
0.999991
0.999995
0.999998
0.999999
1
1
1
1
1
1
1
1
1
1
1
1
1
1
1
1
1
1
1
1
1
1
1
1
1
1
1
1
1
1
1
1
1
1
1
1
1
1
1
1
1
1
1
1
1
1
1
1
1
1
1
1
1
1
1
1
1
1
1
0.999999
0.999999
0.999998
0.999997
0.999994
0.999989
0.99998
0.999965
0.99994
0.999899
0.999831
0.999722
0.999551
0.999284
0.998877
0.998265
0.997361
0.996047
0.994171
0.991536
0.987898
0.982961
0.976379
0.967753
0.956646
0.942597
0.925142
0.903839
0.878308
0.848264
0.813554
0.774192
0.730381
0.682531
0.631255
0.577355
0.521784
0.465603
0.409917
0.355812
0.304295
0.256232
0.212306
0.17299
0.138533
0.108972
0.084153
0.0637655
0.0473846
0.0345145
0.0246298
0.0172107
0.0117705
0.00787478
0.00515122
0.003293
0.00205618
0.00125341
0.000745518
0.000432437
0.000244481
0.00013464
7.2187e-05
3.76557e-05
1.90991e-05
9.41283e-06
4.50456e-06
2.09169e-06
9.41726e-07
4.10763e-07
1.73434e-07
7.08219e-08
2.7944e-08
1.0643e-08
3.90879e-09
1.38271e-09
4.70559e-10
1.53862e-10
4.82708e-11
1.45088e-11
4.17129e-12
1.14512e-12
2.99604e-13
7.45528e-14
1.76041e-14
3.93467e-15
8.30131e-16
1.64811e-16
3.06848e-17
5.33657e-18
8.63256e-19
1.29686e-19
1.95364e-20
7.98182e-21
1.87398e-20
5.86115e-20
1.82961e-19
5.63017e-19
1.70725e-18
5.1013e-18
1.50203e-17
4.358e-17
1.24598e-16
3.51033e-16
9.7454e-16
2.66602e-15
7.18683e-15
1.90906e-14
4.99699e-14
1.28884e-13
3.27559e-13
8.20302e-13
2.02417e-12
4.92157e-12
1.17906e-11
2.78319e-11
6.4731e-11
1.48333e-10
3.34897e-10
7.44946e-10
1.63256e-09
3.52481e-09
7.49744e-09
1.57106e-08
3.24311e-08
6.59494e-08
1.32108e-07
2.60678e-07
5.06668e-07
9.70011e-07
1.82916e-06
3.3973e-06
6.21459e-06
1.11963e-05
1.98659e-05
3.47138e-05
5.97371e-05
0.000101233
0.000168936
0.000277613
0.000449223
0.00071578
0.00112302
0.0017349
0.00263902
0.00395261
0.00582909
0.00846437
0.0121024
0.0170387
0.0236214
0.0322474
0.0433538
0.0574025
0.0748585
0.0961614
