1
1
1
1
1
1
1
1
1
1
1
1
1
1
1
1
1
1
1
1
1
1
1
1
1
1
1
1
1
1
1
1
1
1
1
1
1
1
1
1
1
1
1
1
1
1
1
1
1
1
1
1
1
1
1
1
1
1
1
1
1
1
1
1
1
1
1
1
1
1
1
1
0.999999
0.999998
0.999996
0.999991
0.99998
0.999957
0.999912
0.999823
0.999654
0.99934
0.998776
0.99779
0.996116
0.993356
0.988947
0.982116
0.971871
0.956999
0.936123
0.907813
0.870751
0.823964
0.767059
0.700459
0.625533
0.544613
0.460828
0.377782
0.299107
0.22799
0.166768
0.116676
0.0778127
0.0492903
0.0295441
0.016688
0.00884366
0.00437535
0.00200977
0.000851721
0.000330601
0.00011653
3.69176e-05
1.038e-05
2.54922e-06
5.35597e-07
9.3581e-08
1.30518e-08
1.3621e-09
9.45368e-11
3.27243e-12
0
0
0
0
0
1e-251
2.26e-248
2.54363e-245
1.90095e-242
1.06121e-239
4.72031e-237
1.7426e-234
5.49174e-232
1.50819e-229
3.66664e-227
7.98977e-225
1.5762e-222
2.83853e-220
4.69899e-218
7.19301e-216
1.02336e-213
1.35919e-211
1.69185e-209
1.98049e-207
2.18696e-205
2.28438e-203
2.26273e-201
2.13016e-199
1.90983e-197
1.63379e-195
1.33587e-193
1.04564e-191
7.84664e-190
5.65276e-188
3.91432e-186
2.60844e-184
1.67458e-182
1.03675e-180
6.19588e-179
3.57752e-177
1.99746e-175
1.07928e-173
5.64783e-172
2.86433e-170
1.40881e-168
6.72428e-167
3.11648e-165
1.40332e-163
6.14272e-162
2.61517e-160
1.0834e-158
4.36952e-157
1.71643e-155
6.56987e-154
2.45132e-152
8.91926e-151
3.16596e-149
1.09669e-147
3.70868e-146
1.22476e-144
3.9511e-143
1.24553e-141
3.83782e-140
1.1562e-138
3.40656e-137
9.81857e-136
2.76909e-134
7.64344e-133
2.0654e-131
5.46486e-130
1.41615e-128
3.59488e-127
8.9411e-126
2.17929e-124
5.20637e-123
1.21936e-121
2.80014e-120
6.30597e-119
1.3929e-117
3.01821e-116
6.41665e-115
1.33862e-113
2.74071e-112
5.50782e-111
1.08659e-109
2.10463e-108
4.00282e-107
7.47626e-106
1.37146e-104
2.47119e-103
4.37427e-102
7.60714e-101
1.29987e-99
2.18263e-98
3.60166e-97
5.84127e-96
9.31173e-95
1.45918e-93
2.24789e-92
3.40458e-91
5.06997e-90
7.42391e-89
1.06899e-87
1.51376e-86
2.1082e-85
2.88775e-84
3.8907e-83
5.15633e-82
6.72233e-81
8.62157e-80
1.08783e-78
1.35041e-77
1.64936e-76
1.98212e-75
2.34382e-74
2.72719e-73
3.12261e-72
3.51839e-71
3.90128e-70
4.25715e-69
4.57183e-68
4.83205e-67
5.02634e-66
5.14587e-65
5.18513e-64
5.14236e-63
5.01962e-62
4.82269e-61
4.56062e-60
4.24498e-59
3.88909e-58
3.50704e-57
3.11283e-56
2.71951e-55
2.33854e-54
1.97933e-53
1.64894e-52
1.35208e-51
1.09121e-50
8.66787e-50
6.77658e-49
5.2143e-48
3.94874e-47
2.94301e-46
2.15865e-45
1.5582e-44
1.10688e-43
7.7375e-43
5.32245e-42
3.60262e-41
2.39941e-40
1.57237e-39
1.0138e-38
6.43098e-38
4.01338e-37
2.46395e-36
1.48806e-35
8.84004e-35
5.16545e-34
2.96864e-33
1.67795e-32
9.32704e-32
5.09829e-31
2.74026e-30
1.44816e-29
7.52431e-29
3.84334e-28
1.92979e-27
9.52432e-27
4.62004e-26
2.20245e-25
1.03175e-24
4.74914e-24
2.14774e-23
9.54183e-23
4.16409e-22
1.78484e-21
7.51316e-21
3.10556e-20
1.26037e-19
5.02164e-19
1.96393e-18
7.53845e-18
2.8396e-17
1.04951e-16
3.8055e-16
1.35352e-15
4.72149e-15
1.61505e-14
5.41644e-14
1.78069e-13
5.73765e-13
1.81164e-12
5.60427e-12
1.69822e-11
5.03972e-11
1.46444e-10
4.16574e-10
1.15978e-09
3.15955e-09
8.42048e-09
2.19486e-08
5.59405e-08
1.39375e-07
3.39367e-07
8.07348e-07
1.87602e-06
4.25673e-06
9.42861e-06
2.03808e-05
4.29798e-05
8.83972e-05
0.000177257
0.000346433
0.000659692
0.00122356
0.00220965
0.00388416
0.00664355
0.0110534
0.0178836
0.0281289
0.043001
0.0638766
0.0921873
0.129249
0.176036
0.232941
0.299541
0.374467
0.455387
0.539172
0.622218
0.700893
0.77201
0.833232
0.883324
0.922187
0.95071
0.970456
0.983312
0.991156
0.995625
0.99799
0.999148
0.999669
0.999883
0.999963
0.99999
0.999997
0.999999
1
1
1
1
1
1
1
1
1
1
1
1
1
1
1
1
1
1
1
1
1
1
1
1
1
1
1
1
1
1
1
1
1
1
1
1
1
1
1
1
1
1
1
1
1
1
1
1
1
1
1
1
1
1
1
1
1
1
1
1
1
1
1
1
1
1
1
1
1
1
1
1
1
1
1
1
1
1
1
1
1
1
1
1
1
1
1
1
1
1
1
1
1
1
1
1
1
1
1
1
1
1
1
1
1
1
1
1
1
1
1
1
1
1
1
1
1
1
1
1
1
1
1
1
1
1
1
1
1
1
1
1
1
1
1
1
1
1
