1.00116e-44
4.15319e-44
1.70879e-43
6.97294e-43
2.82195e-42
1.1326e-41
4.50807e-41
1.77941e-40
6.96503e-40
2.70346e-39
1.04053e-38
3.97111e-38
1.50274e-37
5.63841e-37
2.09757e-36
7.73663e-36
2.8291e-35
1.02564e-34
3.68614e-34
1.31333e-33
4.63852e-33
1.62398e-32
5.63584e-32
1.93866e-31
6.60986e-31
2.23366e-30
7.48103e-30
2.48318e-29
8.16851e-29
2.66286e-28
8.6022e-28
2.75365e-27
8.73435e-27
2.74509e-26
8.54813e-26
2.63727e-25
8.06104e-25
2.44096e-24
7.3223e-24
2.17586e-23
6.40461e-23
1.86729e-22
5.39228e-22
1.54224e-21
4.36848e-21
1.22543e-20
3.40411e-20
9.3639e-20
2.5505e-19
6.8784e-19
1.83663e-18
4.85517e-18
1.27061e-17
3.29175e-17
8.44148e-17
2.14273e-16
5.38327e-16
1.33854e-15
3.29382e-15
8.02091e-15
1.93276e-14
4.60825e-14
1.08711e-13
2.53722e-13
5.85824e-13
1.33805e-12
3.02303e-12
6.75538e-12
1.49302e-11
3.26334e-11
7.05353e-11
1.50754e-10
3.1858e-10
6.65617e-10
1.37484e-09
2.80721e-09
5.6657e-09
1.13021e-08
2.22821e-08
4.3412e-08
8.3577e-08
1.58984e-07
2.98793e-07
5.54762e-07
1.01747e-06
1.84325e-06
3.29803e-06
5.82767e-06
1.01688e-05
1.75203e-05
2.98037e-05
5.0052e-05
8.29768e-05
0.000135781
0.000219295
0.000349535
0.000549779
0.000853268
0.00130661
0.00197396
0.00294188
0.00432492
0.00627141
0.00896933
0.0126513
0.0175983
0.0241404
0.0326545
0.0435566
0.0572894
0.0743024
0.0950274
0.119847
0.149062
0.182852
0.221247
0.264096
0.31105
0.361558
0.414878
0.470102
0.526201
0.582078
0.636633
0.688825
0.737736
0.782619
0.822935
0.858368
0.888829
0.91443
0.935458
0.952329
0.965545
0.975648
0.983182
0.988659
0.992537
0.995212
0.997008
0.998179
0.998923
0.99938
0.999654
0.999813
0.999902
0.99995
0.999975
0.999988
0.999995
0.999998
0.999999
1
1
1
1
1
1
1
1
1
1
1
1
1
1
1
1
1
1
1
1
1
1
1
1
1
1
1
1
1
1
1
1
1
1
1
1
1
1
1
1
1
1
1
1
1
1
1
1
1
1
1
1
1
1
1
1
1
1
1
1
1
1
1
1
1
1
1
1
1
1
1
1
1
1
1
1
1
1
1
1
1
1
1
1
1
1
1
1
1
1
1
1
1
1
1
1
1
1
1
1
1
1
1
1
1
1
1
1
1
1
1
1
1
1
1
1
1
1
1
1
1
1
1
1
1
1
1
1
1
1
1
1
1
1
1
1
1
1
1
1
1
1
1
1
1
1
1
1
1
1
1
1
1
1
1
1
1
1
1
1
1
1
1
1
1
1
1
1
1
1
1
1
1
1
1
1
1
1
1
1
1
1
1
1
1
1
1
0.999999
0.999999
0.999998
0.999997
0.999994
0.99999
0.999982
0.99997
0.99995
0.999917
0.999864
0.999781
0.99965
0.99945
0.999147
0.998693
0.998026
0.997058
0.995675
0.993729
0.991031
0.987349
0.982402
0.97586
0.967346
0.956443
0.942711
0.925698
0.904973
0.880153
0.850938
0.817148
0.778753
0.735904
0.68895
0.638442
0.585122
0.529898
0.473799
0.417922
0.363367
0.311175
0.262264
0.217381
0.177065
0.141632
0.111171
0.08557
0.0645424
0.0476713
0.0344552
0.0243517
0.0168178
0.0113413
0.00746259
0.00478759
0.00299232
0.0018206
0.0010774
0.000619603
0.00034597
0.000187388
9.83533e-05
4.99725e-05
2.45521e-05
1.16507e-05
5.33319e-06
2.35188e-06
9.97746e-07
4.06578e-07
1.58881e-07
5.94344e-08
2.12424e-08
7.23865e-09
2.34641e-09
7.21674e-10
2.10018e-10
5.76495e-11
1.48746e-11
3.59335e-12
8.09119e-13
1.68949e-13
3.25198e-14
5.72998e-15
9.16563e-16
1.31766e-16
1.68144e-17
1.87476e-18
1.78913e-19
1.42078e-20
9.01302e-22
4.28194e-23
1.35419e-24
2.1382e-26
3.81518e-104
2.87574e-103
2.15215e-102
1.59912e-101
1.1797e-100
8.6406e-100
6.28341e-99
4.53653e-98
3.25181e-97
2.31419e-96
1.63509e-95
1.14697e-94
7.98775e-94
5.52279e-93
3.79097e-92
2.58343e-91
1.74781e-90
1.17393e-89
7.82769e-89
5.18165e-88
3.40518e-87
2.22151e-86
1.43875e-85
9.25023e-85
5.90395e-84
3.7407e-83
2.35277e-82
1.46898e-81
9.10461e-81
5.60157e-80
3.42104e-79
2.07396e-78
1.24805e-77
7.45503e-77
4.42025e-76
2.60148e-75
1.51973e-74
8.81201e-74
5.07161e-73
2.89716e-72
1.64266e-71
9.24418e-71
5.1633e-70
2.86233e-69
1.57485e-68
8.59968e-68
4.66058e-67
2.50673e-66
1.33807e-65
7.08835e-65
3.72652e-64
1.94422e-63
1.00662e-62
5.17197e-62
2.637e-61
1.3342e-60
6.69856e-60
3.33722e-59
1.64977e-58
8.09261e-58
3.93889e-57
1.90227e-56
9.11537e-56
4.33384e-55
2.04437e-54
9.56811e-54
4.44288e-53
2.04675e-52
9.35452e-52
4.24153e-51
1.90792e-50
8.51385e-50
3.76886e-49
1.65502e-48
7.20932e-48
3.11513e-47
1.33517e-46
5.67635e-46
2.39365e-45
