0.0092991
0.0182143
0.0338614
0.0596871
0.0996652
0.157535
0.235601
0.333374
0.446565
0.567087
0.684425
0.788165
0.870773
0.929432
0.96612
0.986018
0.995185
0.998674
0.999726
0.999962
0.999997
1
1
1
1
1
1
1
1
1
1
1
1
1
1
1
1
1
1
1
1
1
1
1
1
1
1
1
1
1
1
1
1
1
0.999999
0.999998
0.999993
0.999979
0.999942
0.999847
0.999617
0.999086
0.997919
0.995489
0.990701
0.981786
0.966139
0.940313
0.900335
0.842465
0.764399
0.666626
0.553435
0.432913
0.315575
0.211835
0.129227
0.0705683
0.0338797
0.013982
0.00481479
0.00132639
0.000273748
3.75903e-05
2.57386e-06
3.23764e-32
3.31197e-31
3.27485e-30
3.13027e-29
2.89257e-28
2.58416e-27
2.23203e-26
1.86394e-25
1.5049e-24
1.17467e-23
8.86415e-23
6.46609e-22
4.55925e-21
3.10704e-20
2.04619e-19
1.30206e-18
8.0044e-18
4.75291e-17
2.72541e-16
1.50886e-15
8.06304e-15
4.15779e-14
2.06829e-13
9.92204e-13
4.58861e-12
2.04497e-11
8.7789e-11
3.6287e-10
1.4435e-09
5.52353e-09
2.03198e-08
7.18248e-08
2.43791e-07
7.94083e-07
2.48038e-06
7.42429e-06
2.12784e-05
5.83457e-05
0.000152929
0.000382806
0.000914243
0.00208114
0.00451075
