0.998332
0.999036
0.999459
0.999706
0.999845
0.999921
0.999961
0.999981
0.999991
0.999996
0.999998
0.999999
1
1
1
1
1
1
1
1
1
1
1
1
1
1
1
1
1
1
1
1
1
1
1
1
1
1
1
1
1
1
1
1
1
1
1
1
1
1
1
1
1
1
1
1
1
1
1
1
1
1
1
1
1
1
1
1
1
1
1
1
1
1
1
1
0.999999
0.999999
0.999997
0.999995
0.99999
0.999981
0.999965
0.999938
0.999891
0.999812
0.999682
0.99947
0.999133
0.998606
0.997798
0.996583
0.994792
0.9922
0.988523
0.983409
0.976436
0.967118
0.954914
0.939252
0.919561
0.895309
0.866057
0.83151
0.791566
0.746362
0.696301
0.642059
0.584572
0.524991
0.464617
0.404821
0.346949
0.292233
0.241709
0.196161
0.156083
0.121674
0.0928603
0.069334
0.0506113
0.0360944
0.0251324
0.0170741
0.01131
0.00729988
0.00458777
0.00280556
0.00166826
0.000963873
0.000540708
0.000294278
0.000155259
7.93411e-05
3.92376e-05
1.87617e-05
8.66545e-06
3.86204e-06
1.65913e-06
6.86264e-07
2.72971e-07
1.04279e-07
3.82051e-08
1.34043e-08
4.49639e-09
1.43953e-09
4.39021e-10
1.2728e-10
3.49989e-11
9.105e-12
2.23476e-12
5.15897e-13
1.11627e-13
2.25505e-14
4.23433e-15
7.3525e-16
1.17363e-16
1.71022e-17
2.25627e-18
2.66801e-19
2.79286e-20
2.54766e-21
1.98431e-22
1.30126e-23
1.4262e-24
3.03478e-24
1.16201e-23
4.40942e-23
1.6447e-22
6.02993e-22
2.17309e-21
7.69827e-21
2.68086e-20
9.17763e-20
3.08869e-19
1.02191e-18
3.32398e-18
1.06296e-17
3.3419e-17
1.03299e-16
3.13926e-16
9.37977e-16
2.75546e-15
7.95858e-15
2.26004e-14
6.31012e-14
1.7322e-13
4.67515e-13
1.24059e-12
3.23664e-12
8.3021e-12
2.09365e-11
5.19086e-11
1.26527e-10
3.03203e-10
7.14296e-10
1.65428e-09
3.76634e-09
8.42939e-09
1.85451e-08
4.01059e-08
8.52551e-08
1.78137e-07
3.65842e-07
7.38462e-07
1.46502e-06
2.85644e-06
5.47341e-06
1.03069e-05
1.90731e-05
3.46834e-05
6.19749e-05
0.000108815
0.000187728
0.000318215
0.000529973
0.000867195
0.00139412
0.0022019
0.00341665
0.00520844
0.00780046
0.0114773
0.0165911
0.0235635
0.0328816
0.0450856
0.0607476
0.0804394
0.104691
0.133943
0.16849
0.208434
0.253638
0.303699
0.357941
0.415428
0.475009
0.535383
0.595179
0.653051
0.707767
0.758291
0.803839
0.843917
0.878326
0.90714
0.930666
0.949389
0.963906
0.974868
0.982926
0.98869
0.9927
0.995412
0.997194
