0
0
0
0
0
0
0
0
0
0
0
0
0
0
0
0
0
0
0
0
0
0
0
0
0
0
0
0
0
0
0
0
7.79146e+33
-4.41373e+35
1.23993e+37
-2.30304e+38
3.18154e+39
-3.48662e+40
3.15716e+41
-2.4295e+42
1.62176e+43
-9.53919e+43
5.00554e+44
-2.36665e+45
1.01656e+46
-3.99421e+46
1.44402e+47
-4.82774e+47
1.49912e+48
-4.34023e+48
1.17554e+49
-2.98754e+49
7.14339e+49
-1.61085e+50
3.43325e+50
-6.92968e+50
1.32695e+51
-2.41456e+51
4.18131e+51
-6.90039e+51
1.0866e+52
-1.63457e+52
2.3515e+52
-3.23833e+52
4.273e+52
-5.40693e+52
6.56627e+52
-7.65872e+52
8.58538e+52
-9.25563e+52
9.60178e+52
-9.59038e+52
9.22742e+52
-8.55643e+52
7.65005e+52
-6.59741e+52
5.49016e+52
-4.41013e+52
3.4207e+52
-2.56274e+52
1.85498e+52
-1.29756e+52
8.77345e+51
-5.7353e+51
3.62548e+51
-2.21651e+51
1.31079e+51
-7.49915e+50
4.15097e+50
-2.22324e+50
1.15227e+50
-5.77925e+49
2.80516e+49
-1.31771e+49
5.99039e+48
-2.63547e+48
1.12205e+48
-4.6227e+47
1.84279e+47
-7.10745e+46
2.65194e+46
-9.57121e+45
3.3406e+45
-1.12525e+45
3.51777e+44
-2.06855e+43
-4.6517e+44
2.35623e+45
-1.01626e+46
3.99413e+46
-1.44402e+47
4.82774e+47
-1.49912e+48
4.34023e+48
-1.17554e+49
2.98754e+49
-7.14339e+49
1.61085e+50
-3.43325e+50
6.92968e+50
-1.32695e+51
2.41456e+51
-4.18131e+51
6.90039e+51
-1.0866e+52
1.63457e+52
-2.3515e+52
3.23833e+52
