0.00970218
0.0136933
0.019042
0.0260913
0.035227
0.046868
0.0614506
0.0794076
0.101141
0.12699
0.157201
0.19189
0.231019
0.274368
0.321532
0.371918
0.424763
0.479167
0.534133
0.588627
0.64163
0.692196
0.739506
0.782907
0.821936
0.856335
0.886042
0.911175
0.932001
0.948897
0.962315
0.972745
0.980676
0.986575
0.990865
0.993915
0.996034
0.997471
0.998424
0.99904
0.999429
0.999668
0.999812
0.999896
0.999944
0.999971
0.999985
0.999993
0.999996
0.999998
0.999999
1
1
1
1
1
1
1
1
1
1
1
1
1
1
1
1
1
1
1
1
1
1
1
1
1
1
1
1
1
1
1
1
1
1
1
1
1
1
1
1
1
1
1
1
1
1
1
1
1
1
1
1
1
1
1
1
1
1
0.999999
0.999998
0.999997
0.999995
0.999991
0.999984
0.999971
0.999951
0.999918
0.999863
0.999776
0.999639
0.999426
0.999101
0.998613
0.997892
0.996843
0.995341
0.993227
0.990298
0.986307
0.980958
0.973909
0.964773
0.953132
0.938549
0.920592
0.898859
0.87301
0.842799
0.80811
0.768981
0.725632
0.678468
0.628082
0.575237
0.520833
0.465867
0.411373
0.35837
0.307804
0.260494
0.217093
0.178064
0.143665
0.113958
0.0888245
0.0679994
0.0511034
0.0376846
0.0272549
0.0193237
0.0134248
0.0091347
0.00608494
0.00396637
0.00252875
0.00157612
0.000959931
0.000571014
0.000331585
0.000187872
0.000103807
5.59046e-05
2.93284e-05
1.49795e-05
7.44414e-06
3.59723e-06
1.68918e-06
7.70269e-07
3.40845e-07
1.4625e-07
6.08018e-08
2.44713e-08
9.5266e-09
3.58389e-09
1.30161e-09
4.55886e-10
1.53816e-10
4.99335e-11
1.55767e-11
4.66288e-12
1.33747e-12
3.66999e-13
9.61719e-14
2.4022e-14
5.70754e-15
1.28702e-15
2.74744e-16
5.53707e-17
1.05035e-17
1.87165e-18
3.20889e-19
8.03031e-20
1.06142e-19
3.01755e-19
8.99072e-19
2.6486e-18
7.69428e-18
2.20397e-17
6.22484e-17
1.73354e-16
4.76015e-16
1.28881e-15
3.44062e-15
9.05652e-15
2.35049e-14
6.01488e-14
1.51761e-13
3.77534e-13
9.25994e-13
2.2393e-12
5.33902e-12
1.25502e-11
2.90851e-11
6.64533e-11
1.49686e-10
3.32394e-10
7.27659e-10
1.57034e-09
3.34075e-09
7.00595e-09
1.44828e-08
2.95117e-08
5.92756e-08
1.17352e-07
2.28995e-07
4.40423e-07
8.34858e-07
1.5597e-06
2.87174e-06
5.2109e-06
9.31817e-06
1.64206e-05
2.85151e-05
4.87952e-05
8.22784e-05
0.000136707
0.00022381
0.000361032
0.000573825
0.000898615
0.00138651
0.00210775
0.00315692
0.00465856
0.00677308
