3.59621e-05
6.02296e-05
9.94804e-05
0.000162038
0.00026028
0.000412288
0.000644005
0.000991972
0.0015067
0.00225667
0.00333288
0.00485381
0.0069704
0.00987071
0.0137836
0.0189805
0.0257751
0.0345187
0.0455925
0.0593941
0.07632
0.0967422
0.120983
0.149285
0.181784
0.218484
0.259235
0.303719
0.351455
0.401804
0.45399
0.50714
0.56032
0.612588
0.663041
0.710862
0.755365
0.796016
0.832461
0.864521
0.89219
0.915611
0.935053
0.950876
0.963499
0.973367
0.980925
0.986596
0.990761
0.993757
0.995866
0.997318
0.998297
0.998941
0.999356
0.999617
0.999777
0.999873
0.99993
0.999962
0.99998
0.99999
0.999995
0.999997
0.999999
0.999999
1
1
1
1
1
1
1
1
1
1
1
1
1
1
1
1
1
1
1
1
1
1
1
1
1
1
1
1
1
1
1
1
1
1
1
1
1
1
1
1
1
1
1
1
1
1
1
1
1
1
1
1
1
1
1
0.999999
0.999999
0.999998
0.999996
0.999993
0.999988
0.999979
0.999964
0.99994
0.999901
0.999838
0.99974
0.999588
0.999356
0.999008
0.998493
0.997743
0.996667
0.995146
0.99303
0.990129
0.986216
0.981019
0.974225
0.965481
0.954408
0.940606
0.92368
0.903258
0.879017
0.850715
0.818216
0.781516
0.740765
0.696281
0.648545
0.598196
0.54601
0.49286
0.43968
0.387412
0.336959
0.289138
0.244635
0.203984
0.167539
0.135479
0.10781
0.0843887
0.0649466
0.0491235
0.0365008
0.0266328
0.0190746
0.0134043
0.00923861
0.0062427
0.00413397
0.00268173
0.00170349
0.00105916
0.000644312
0.000383322
0.000222931
0.000126685
7.03119e-05
3.80956e-05
2.01396e-05
1.03834e-05
5.21814e-06
2.55471e-06
1.21779e-06
5.64881e-07
2.54815e-07
1.11712e-07
4.75651e-08
1.96556e-08
7.87719e-09
3.05916e-09
1.15033e-09
4.1846e-10
1.47127e-10
4.99477e-11
1.63556e-11
5.16012e-12
1.56668e-12
4.57165e-13
1.28039e-13
3.4367e-14
8.8263e-15
2.16521e-15
5.06392e-16
1.12697e-16
2.38653e-17
4.95606e-18
1.47043e-18
1.80121e-18
4.67829e-18
1.30131e-17
3.59029e-17
9.778e-17
2.62798e-16
6.97004e-16
1.82427e-15
4.71171e-15
1.20089e-14
3.02033e-14
7.49607e-14
1.83583e-13
4.43658e-13
1.05797e-12
2.48946e-12
5.78008e-12
1.3242e-11
2.99338e-11
6.67647e-11
1.46927e-10
3.19021e-10
6.83427e-10
1.44447e-09
3.01207e-09
6.19651e-09
1.25761e-08
2.51801e-08
4.97352e-08
9.69081e-08
1.86266e-07
3.53163e-07
6.60502e-07
1.21848e-06
2.21716e-06
3.97925e-06
7.04399e-06
1.22981e-05
2.11763e-05
