3.51547e-26
1.13081e-25
3.60186e-25
1.13598e-24
3.54733e-24
1.09674e-23
3.35699e-23
1.01724e-22
3.05145e-22
9.06089e-22
2.66316e-21
7.74756e-21
2.23074e-20
6.35665e-20
1.79258e-19
5.00236e-19
1.38132e-18
3.77409e-18
1.02024e-17
2.72862e-17
7.21944e-17
1.88956e-16
4.892e-16
1.25272e-15
3.17274e-15
7.94699e-15
1.96846e-14
4.82149e-14
1.1677e-13
2.79611e-13
6.61932e-13
1.5491e-12
3.58362e-12
8.19421e-12
1.85184e-11
4.13598e-11
9.12845e-11
1.99079e-10
4.28973e-10
9.13218e-10
1.92054e-09
3.98969e-09
8.18629e-09
1.65893e-08
3.3199e-08
6.56053e-08
1.28006e-07
2.46583e-07
4.68914e-07
8.802e-07
1.63075e-06
2.98174e-06
5.38006e-06
9.57849e-06
1.68251e-05
2.91559e-05
4.9838e-05
8.40267e-05
0.000139719
0.000229103
0.000370426
0.000590509
0.000928036
0.00143772
0.00219543
0.00330414
0.00490069
0.00716276
0.0103156
0.0146378
0.0204642
0.0281857
0.038244
0.0511195
0.0673123
0.0873152
0.111579
0.140476
0.17425
0.212985
0.256562
0.304638
0.356633
0.411746
0.468979
0.527188
0.58515
0.641634
0.695486
0.745695
0.791455
0.832205
0.867648
0.89774
0.922671
0.942813
0.958674
0.970843
0.979931
0.986536
0.991203
0.994407
0.996543
0.997925
0.998792
0.999318
0.999627
0.999803
0.999899
0.99995
0.999976
0.999989
0.999995
0.999998
0.999999
1
1
1
1
1
1
1
1
1
1
1
1
1
1
1
1
1
1
1
1
1
1
1
1
1
1
1
1
1
1
1
1
1
1
1
1
1
1
1
1
1
1
1
1
1
1
1
1
1
1
1
1
1
1
1
1
1
1
1
1
1
1
1
1
1
1
1
1
1
1
1
1
1
1
1
1
1
1
1
1
1
1
1
1
1
1
1
1
1
1
1
1
1
1
1
1
1
1
1
1
1
1
1
1
1
1
1
1
1
1
1
1
1
1
1
1
1
1
1
1
1
1
1
1
1
1
1
1
1
1
1
1
1
1
1
1
1
1
1
1
1
1
1
1
1
1
1
1
1
1
1
1
1
1
1
1
1
1
1
1
1
1
1
1
1
1
1
1
1
1
1
1
1
1
1
1
1
1
1
1
1
1
1
1
1
1
1
1
1
1
0.999999
0.999998
0.999997
0.999995
0.99999
0.999983
0.999971
0.99995
0.999916
0.99986
0.999771
0.99963
0.999409
0.999072
0.998562
0.997805
0.996696
0.995099
0.992837
0.989684
0.985362
0.979536
0.971814
0.961756
0.94888
0.932688
0.912685
0.888421
0.859524
0.82575
0.787015
0.743438
0.695362
0.643367
0.588254
0.531021
0.472812
0.41485
0.358366
0.304514
0.254305
0.208545
0.167795
0.132352
0.10226
0.0773294
0.0571874
0.0413255
0.0291571
0.0200686
0.0134639
0.00879702
0.00559271
0.00345651
0.00207477
0.00120836
0.00068213
0.000372837
0.000197089
0.000100641
4.95805e-05
2.35334e-05
1.07467e-05
4.71423e-06
1.98324e-06
7.98719e-07
3.07343e-07
1.12758e-07
3.93518e-08
1.30308e-08
4.08271e-09
1.20654e-09
3.35144e-10
8.71581e-11
2.11264e-11
4.74847e-12
9.83797e-13
1.86572e-13
3.21191e-14
4.96918e-15
6.82352e-16
8.18634e-17
8.40558e-18
7.18127e-19
4.9007e-20
2.5044e-21
8.51885e-23
1.4466e-24
1.87629e-113
1.62679e-112
1.39971e-111
1.19514e-110
1.01268e-109
8.51529e-109
7.10555e-108
5.88392e-107
4.8351e-106
3.94287e-105
3.19071e-104
2.56229e-103
2.04189e-102
1.61474e-101
1.26716e-100
9.86782e-100
7.62551e-99
5.84754e-98
4.4497e-97
3.36001e-96
2.51768e-95
1.87201e-94
1.38121e-93
1.01124e-92
7.34664e-92
5.29615e-91
3.78849e-90
2.68908e-89
1.89396e-88
1.32361e-87
9.17855e-87
6.31547e-86
4.31174e-85
2.92086e-84
1.96326e-83
1.30933e-82
8.664e-82
5.68834e-81
3.70548e-80
2.39492e-79
1.53576e-78
9.77084e-78
6.1676e-77
3.86252e-76
2.39988e-75
1.47935e-74
9.047e-74
5.48895e-73
3.30384e-72
1.97282e-71
1.16867e-70
6.86787e-70
4.00383e-69
2.31551e-68
1.32839e-67
7.55983e-67
4.26772e-66
2.38985e-65
1.32749e-64
7.31429e-64
3.99746e-63
2.16701e-62
1.16518e-61
6.21413e-61
3.28707e-60
1.72454e-59
8.97361e-59
4.63107e-58
2.37032e-57
1.2032e-56
6.05713e-56
3.02401e-55
1.4972e-54
7.35099e-54
3.57911e-53
1.72806e-52
8.27341e-52
3.92777e-51
1.84899e-50
8.63051e-50
3.99435e-49
1.83295e-48
8.33956e-48
3.76193e-47
1.68245e-46
7.45986e-46
3.27916e-45
1.42898e-44
6.17323e-44
2.64368e-43
1.12229e-42
4.72266e-42
1.9699e-41
8.1445e-41
3.33761e-40
1.35564e-39
5.45731e-39
2.17734e-38
8.60936e-38
3.37367e-37
1.3101e-36
5.04159e-36
1.92253e-35
7.26454e-35
2.71994e-34
1.00904e-33
3.70891e-33
1.35068e-32
4.8732e-32
1.74186e-31
6.1679e-31
2.16355e-30
7.5177e-30
2.58748e-29
8.82115e-29
2.9786e-28
9.96136e-28
3.29935e-27
1.08224e-26
