0
0
0
0
0
0
0
0
0
0
0
0
0
0
0
0
0
0
0
0
0
0
0
0
0
0
0
0
0
0
0
0
2.16378e+23
-8.37216e+24
1.60048e+26
-2.01523e+27
1.87993e+28
-1.38568e+29
8.40508e+29
-4.31462e+30
1.91313e+31
-7.44234e+31
2.5713e+32
-7.9682e+32
2.23281e+33
-5.69595e+33
1.33044e+34
-2.85939e+34
5.67854e+34
-1.04591e+35
1.79246e+35
-2.86647e+35
4.28832e+35
-6.01518e+35
7.92696e+35
-9.83211e+35
1.14967e+36
-1.26916e+36
1.32448e+36
-1.30822e+36
1.22426e+36
-1.08654e+36
9.15307e+35
-7.32438e+35
5.57126e+35
-4.03068e+35
2.77509e+35
-1.81907e+35
1.13572e+35
-6.75594e+34
3.83014e+34
-2.06991e+34
1.06652e+34
-5.23974e+33
2.45471e+33
-1.09657e+33
4.6709e+32
-1.89687e+32
7.34313e+31
-2.70915e+31
9.52294e+30
-3.18823e+30
1.01623e+30
-3.08249e+29
8.89282e+28
-2.43862e+28
6.35211e+27
-1.57046e+27
3.68209e+26
-8.17915e+25
1.7195e+25
-3.41716e+24
6.41099e+23
-1.13383e+23
1.88723e+22
-2.95103e+21
-2.15945e+23
8.3721e+24
-1.60048e+26
2.01523e+27
-1.87993e+28
1.38568e+29
-8.40508e+29
4.31462e+30
-1.91313e+31
7.44234e+31
-2.5713e+32
7.9682e+32
-2.23281e+33
5.69595e+33
-1.33044e+34
2.85939e+34
-5.67854e+34
1.04591e+35
-1.79246e+35
2.86647e+35
-4.28832e+35
6.01518e+35
-7.92696e+35
9.83211e+35
-1.14967e+36
1.26916e+36
-1.32448e+36
1.30822e+36
-1.22426e+36
1.08654e+36
-9.15307e+35
7.32438e+35
