0.964254
0.97494
0.982841
0.988533
0.992524
0.995249
0.997058
0.998227
0.99896
0.999407
0.999671
0.999823
0.999908
0.999953
0.999977
0.999989
0.999995
0.999998
0.999999
1
1
1
1
1
1
1
1
1
1
1
1
1
1
1
1
1
1
1
1
1
1
1
1
1
1
1
1
1
1
1
1
1
1
1
1
1
1
1
1
1
1
1
1
1
1
1
1
1
1
1
1
1
1
1
1
1
1
1
1
1
1
1
0.999999
0.999999
0.999997
0.999995
0.999991
0.999983
0.99997
0.999946
0.999906
0.999839
0.999728
0.999549
0.999265
0.998821
0.998141
0.997118
0.995609
0.993424
0.990318
0.985987
0.980061
0.972108
0.96164
0.948126
0.931023
0.909802
0.883992
0.85323
0.817304
0.7762
0.730137
0.679587
0.625272
0.568145
0.509343
0.450121
0.391777
0.335565
0.282614
0.23386
0.189994
0.15144
0.118346
0.0906125
0.0679304
0.0498314
0.0357464
0.02506
0.0171586
0.0114674
0.0074759
0.00475119
0.00294176
0.00177336
0.00104012
0.000593158
0.000328667
0.000176816
9.22877e-05
4.6696e-05
2.28862e-05
1.08555e-05
4.97878e-06
2.20583e-06
9.43114e-07
3.88718e-07
1.54273e-07
5.88854e-08
2.15886e-08
7.59165e-09
2.5568e-09
8.23392e-10
2.53108e-10
7.41261e-11
2.06396e-11
5.4514e-12
1.3624e-12
3.21282e-13
7.12703e-14
1.48206e-14
2.87782e-15
5.19474e-16
8.67257e-17
1.33119e-17
1.86559e-18
2.36742e-19
2.69311e-20
2.71288e-21
2.39823e-22
2.43887e-23
2.55232e-23
8.96229e-23
3.23218e-22
1.14725e-21
4.00553e-21
1.37566e-20
4.64748e-20
1.54452e-19
5.04943e-19
1.62396e-18
5.13804e-18
1.59924e-17
4.89698e-17
1.47519e-16
4.37192e-16
1.27469e-15
3.65635e-15
1.03181e-14
2.8646e-14
7.82413e-14
2.1024e-13
5.55777e-13
1.44539e-12
3.69802e-12
9.30776e-12
2.30467e-11
5.61374e-11
1.34515e-10
3.17069e-10
7.35184e-10
1.67682e-09
3.762e-09
8.30192e-09
1.80201e-08
3.84719e-08
8.07841e-08
1.66837e-07
3.38866e-07
6.76896e-07
1.32972e-06
2.56879e-06
4.87995e-06
9.11598e-06
1.67448e-05
3.02435e-05
5.37088e-05
9.37791e-05
0.000160991
0.000271718
0.000450864
0.000735483
0.00117948
0.00185948
0.00288183
0.00439056
0.00657574
0.00968152
0.0140128
0.0199386
0.0278917
0.0383603
0.0518735
0.0689768
0.0901983
0.116008
0.14677
0.182696
0.2238
0.269863
0.320413
0.374728
0.431855
0.490657
0.549879
0.608223
0.664435
0.717386
0.76614
0.810006
0.84856
0.881654
0.909388
0.93207
0.950169
