1.28777e-07
4.06413e-07
1.23479e-06
3.60946e-06
1.01446e-05
2.73947e-05
7.10272e-05
0.000176677
0.000421298
0.000962259
0.00210338
0.00439629
0.00877829
0.0167302
0.0304075
0.0526609
0.0868357
0.136253
0.203357
0.288666
0.38986
0.501433
0.615276
0.72223
0.814211
0.886123
0.936816
0.968715
0.986414
0.994937
0.998428
0.99961
0.999928
0.999991
0.999999
1
1
1
1
1
1
1
1
1
1
1
1
1
1
1
1
1
1
1
1
1
1
1
1
1
1
1
1
1
1
1
0.999999
0.999996
0.99999
0.999973
0.999929
0.999823
0.999579
0.999038
0.997897
0.995604
0.991222
0.98327
0.969592
0.947339
0.913164
0.863747
0.796643
0.711334
0.61014
0.498567
0.384724
0.27777
0.185789
0.113877
0.0631843
0.0312853
0.0135864
0.00506268
0.001572
0.000390114
7.24831e-05
8.95679e-06
5.5178e-07
1.78514e-28
1.45094e-27
1.14423e-26
8.75475e-26
6.49869e-25
4.67984e-24
3.26909e-23
2.21501e-22
1.45556e-21
9.2756e-21
5.7313e-20
3.4332e-19
1.99347e-18
1.12178e-17
6.1166e-17
3.2309e-16
1.6529e-15
8.18799e-15
3.92642e-14
1.82215e-13
8.181e-13
3.5524e-12
1.49136e-11
6.05098e-11
2.37183e-10
8.97785e-10
3.28022e-09
1.1563e-08
3.93058e-08
