1
1
1
1
1
1
1
1
1
1
1
1
1
1
1
1
1
1
1
1
1
1
1
1
1
1
1
1
1
1
1
1
1
1
1
1
1
1
1
1
0.999999
0.999998
0.999995
0.99999
0.99998
0.999961
0.999925
0.999859
0.999742
0.999536
0.999186
0.998604
0.99766
0.996165
0.993854
0.990373
0.985259
0.977932
0.967703
0.953786
0.935338
0.911523
0.881588
0.844959
0.801345
0.750829
0.693927
0.631622
0.565326
0.496805
0.428039
0.361063
0.29778
0.239804
0.18833
0.144064
0.107213
0.0775351
0.0544258
0.0370402
0.0244124
0.0155638
0.00958693
0.00569883
0.0032651
0.00180076
0.000954731
0.000485919
0.000237059
0.000110682
4.93727e-05
2.1004e-05
8.50498e-06
3.27097e-06
1.19208e-06
4.10634e-07
1.33323e-07
4.06727e-08
1.1618e-08
3.09513e-09
7.65611e-10
1.74941e-10
3.67068e-11
7.02338e-12
1.2153e-12
1.88275e-13
2.57917e-14
3.07545e-15
3.12696e-16
2.63568e-17
1.76804e-18
8.84906e-20
2.93737e-21
4.85001e-23
4.12843e-39
3.10928e-38
2.27893e-37
1.62604e-36
1.12978e-35
7.64605e-35
5.04172e-34
3.23988e-33
2.02953e-32
1.23959e-31
7.38367e-31
4.29013e-30
2.43197e-29
1.34531e-28
7.26333e-28
3.82806e-27
1.96979e-26
9.89754e-26
4.85698e-25
2.32807e-24
1.09012e-23
4.98721e-23
2.22944e-22
9.73951e-22
4.15842e-21
1.73544e-20
7.07987e-20
2.82365e-19
1.10103e-18
4.19784e-18
1.56502e-17
5.70568e-17
2.0343e-16
7.09361e-16
2.41926e-15
8.0701e-15
2.63314e-14
8.40394e-14
2.62371e-13
8.01281e-13
2.39385e-12
6.99614e-12
2.0002e-11
5.59431e-11
1.53065e-10
4.09694e-10
1.07275e-09
2.74779e-09
6.8851e-09
1.68761e-08
4.04629e-08
9.48978e-08
2.17699e-07
4.88477e-07
1.07203e-06
2.30103e-06
4.83036e-06
9.9165e-06
1.99086e-05
3.90849e-05
7.50313e-05
0.000140839
0.000258482
0.000463819
0.000813692
0.00139556
0.00233994
0.00383544
0.00614573
0.00962675
0.0147414
0.0220677
0.0322969
0.0462142
0.0646615
0.0884765
0.118412
0.155041
0.198655
0.249171
0.306073
0.368378
0.434674
0.503195
0.571961
0.638937
0.70222
0.760196
0.81167
0.855936
0.892787
0.922465
0.945574
0.96296
0.975588
0.984436
0.990413
0.994301
0.996735
0.998199
0.999045
0.999514
0.999763
0.999889
0.999951
0.999979
0.999991
0.999997
0.999999
1
1
1
1
1
1
1
1
1
1
1
1
1
1
1
1
1
1
1
1
1
1
1
1
1
1
1
1
1
1
1
1
1
