0.000218184 0.000320177  0.00045221 0.000610808 0.000789095 0.000977306  0.00116416  0.00133867  0.00149191  0.00161807   0.0017146  0.00178156  0.00182031   0.0018322  0.00181752  0.00177531  0.00170387  0.00160187  0.00146984  0.00131124  0.00113296 0.000944745 0.000757896  0.00058338 0.000430137 0.000303986 0.000207456 0.000140495 0.000101737 8.98557e-05 0.000104535 0.000146739
5.32729e-05 7.81761e-05 0.000110414 0.000149138  0.00019267 0.000238624 0.000284246 0.000326857 0.000364274 0.000395075 0.000418644 0.000434994 0.000444457 0.000447358 0.000443774 0.000433469 0.000416025 0.000391122 0.000358884  0.00032016 0.000276628 0.000230674 0.000185052 0.000142441 0.000105024 7.42227e-05 5.06535e-05  3.4304e-05 2.48407e-05 2.19396e-05 2.55237e-05 3.58285e-05
1.14773e-05 1.68425e-05 2.37879e-05 3.21307e-05 4.15093e-05 5.14099e-05 6.12389e-05 7.04191e-05 7.84802e-05 8.51162e-05  9.0194e-05 9.37164e-05 9.57552e-05 9.63802e-05 9.56081e-05  9.3388e-05 8.96297e-05 8.42645e-05 7.73191e-05 6.89762e-05 5.95977e-05 4.96971e-05 3.98681e-05 3.06879e-05 2.26268e-05 1.59908e-05 1.09129e-05 7.39056e-06 5.35175e-06 4.72674e-06 5.49891e-06 7.71901e-06
2.18936e-06 3.21281e-06 4.53769e-06 6.12914e-06 7.91816e-06 9.80676e-06 1.16817e-05 1.34329e-05 1.49706e-05 1.62364e-05 1.72051e-05  1.7877e-05 1.82659e-05 1.83851e-05 1.82378e-05 1.78143e-05 1.70974e-05  1.6074e-05 1.47491e-05 1.31576e-05 1.13686e-05 9.48002e-06 7.60509e-06 5.85391e-06  4.3162e-06 3.05034e-06 2.08171e-06 1.40979e-06 1.02088e-06 9.01655e-07 1.04895e-06 1.47245e-06
3.70749e-07 5.44061e-07 7.68417e-07 1.03791e-06 1.34087e-06 1.66069e-06 1.97819e-06 2.27474e-06 2.53513e-06  2.7495e-06 2.91352e-06 3.02731e-06 3.09317e-06 3.11336e-06 3.08841e-06  3.0167e-06  2.8953e-06 2.72198e-06 2.49763e-06 2.22813e-06 1.92517e-06 1.60536e-06 1.28785e-06 9.91308e-07 7.30909e-07 5.16547e-07 3.52519e-07 2.38736e-07 1.72877e-07 1.52687e-07 1.77631e-07 2.49346e-07
5.58375e-08 8.19395e-08 1.15729e-07 1.56318e-07 2.01945e-07 2.50112e-07  2.9793e-07 3.42592e-07  3.8181e-07 4.14094e-07 4.38798e-07 4.55935e-07 4.65854e-07 4.68894e-07 4.65138e-07 4.54337e-07 4.36053e-07 4.09951e-07 3.76161e-07 3.35573e-07 2.89945e-07 2.41779e-07  1.9396e-07 1.49298e-07  1.1008e-07 7.77958e-08  5.3092e-08 3.59554e-08 2.60365e-08 2.29958e-08 2.67525e-08 3.75533e-08
7.48746e-09 1.09876e-08 1.55186e-08 2.09612e-08 2.70795e-08 3.35384e-08 3.99506e-08 4.59395e-08 5.11983e-08 5.55275e-08 5.88401e-08  6.1138e-08 6.24681e-08 6.28758e-08 6.23721e-08 6.09237e-08  5.8472e-08 5.49718e-08 5.04409e-08 4.49982e-08 3.88799e-08  3.2421e-08 2.60089e-08   2.002e-08 1.47611e-08 1.04319e-08  7.1193e-09  4.8214e-09 3.49134e-09  3.0836e-09 3.58734e-09 5.03567e-09
0.00260232 0.00381881 0.00539359 0.00728522 0.00941169  0.0116565  0.0138851  0.0159666  0.0177944   0.019299  0.0204503   0.021249  0.0217112   0.021853  0.0216779  0.0211745  0.0203224  0.0191059  0.0175311  0.0156395   0.013513  0.0112682 0.00903957 0.00695808 0.00513032  0.0036257 0.00247437 0.00167571 0.00121344 0.00107173 0.00124681 0.00175018
 0.0130116  0.0190941  0.0269679  0.0364261  0.0470585  0.0582826  0.0694255   0.079833  0.0889717  0.0964949   0.102252   0.106245   0.108556   0.109265   0.108389   0.105872   0.101612  0.0955293  0.0876554  0.0781973  0.0675649  0.0563408  0.0451978  0.0347904  0.0256516  0.0181285  0.0123718 0.00837855  0.0060672 0.00535863 0.00623403 0.00875091
0.0331993 0.0487188 0.0688091 0.0929417   0.12007  0.148709   0.17714  0.203695  0.227013  0.246208  0.260896  0.271085  0.276983  0.278791  0.276557  0.270135  0.259264  0.243744  0.223654  0.199521  0.172393  0.143754  0.115323 0.0887683 0.0654505 0.0462551 0.0315669  0.021378 0.0154805 0.0136726 0.0159062 0.0223281
0.0584849 0.0858245  0.121216  0.163729   0.21152   0.26197  0.312056  0.358835  0.399913  0.433728  0.459603  0.477552  0.487941  0.491126  0.487191  0.475878  0.456727  0.429388  0.393996  0.351483  0.303693  0.253242  0.203156  0.156377    0.1153 0.0814844 0.0556092 0.0376602  0.027271 0.0240861 0.0280209 0.0393338
0.0814719  0.119557  0.168859  0.228081  0.294655  0.364935  0.434706  0.499872  0.557094    0.6042  0.640245  0.665249  0.679722  0.684158  0.678677  0.662918  0.636239  0.598154  0.548852   0.48963  0.423056  0.352776  0.283005  0.217839  0.160617  0.113511 0.0774659 0.0524621 0.0379896 0.0335529 0.0390342 0.0547936
0.0976324  0.143272  0.202353  0.273323  0.353102  0.437322  0.520933  0.599025  0.667598  0.724047  0.767242  0.797206  0.814549  0.819866  0.813297  0.794412  0.762442  0.716802  0.657721  0.586752  0.506972  0.422752  0.339141  0.261049  0.192476  0.136027 0.0928318 0.0628683 0.0455251 0.0402084 0.0467769 0.0656623
 0.106774  0.156686    0.2213  0.298914  0.386163  0.478269  0.569708  0.655112  0.730105   0.79184  0.839079  0.871848  0.890815   0.89663  0.889446  0.868792  0.833829  0.783916  0.719303  0.641689   0.55444  0.462334  0.370895  0.285491  0.210498  0.148763  0.101524 0.0687547 0.0497876 0.0439731 0.0511566 0.0718102
 0.111048  0.162958  0.230158  0.310878   0.40162  0.497412  0.592512  0.681334  0.759329  0.823535  0.872665  0.906746  0.926472  0.932519  0.925048  0.903568  0.867205  0.815294  0.748095  0.667374  0.576632   0.48084  0.385741  0.296919  0.218924  0.154717  0.105587 0.0715067 0.0517805 0.0457332 0.0532043 0.0746846
 0.112731  0.165429  0.233647  0.315592  0.407709  0.504954  0.601495  0.691664  0.770841  0.836021  0.885896  0.920493  0.940519  0.946658  0.939073  0.917267  0.880353  0.827655  0.759437  0.677492  0.585375   0.48813  0.391589   0.30142  0.222243  0.157063  0.107188 0.0725909 0.0525655 0.0464266  0.054011 0.0758169
 0.113298  0.166261  0.234822  0.317179  0.409759  0.507493   0.60452  0.695142  0.774718  0.840225  0.890351  0.925122  0.945248  0.951418  0.943795   0.92188   0.88478  0.831817  0.763256  0.680899  0.588318  0.490585  0.393558  0.302936   0.22336  0.157853  0.107727 0.0729559 0.0528299   0.04666 0.0542826 0.0761982
 0.113463  0.166503  0.235164   0.31764  0.410356  0.508232    0.6054  0.696154  0.775845  0.841448  0.891647  0.926469  0.946624  0.952803  0.945169  0.923222  0.886068  0.833028  0.764367   0.68189  0.589175  0.491299  0.394131  0.303377  0.223685  0.158083  0.107884 0.0730621 0.0529068 0.0467279 0.0543616 0.0763091
 0.113505  0.166564  0.235251  0.317757  0.410507  0.508419  0.605623   0.69641  0.776131  0.841758  0.891975   0.92681  0.946973  0.953154  0.945517  0.923562  0.886394  0.833335  0.764648  0.682142  0.589392   0.49148  0.394276  0.303489  0.223768  0.158141  0.107924  0.073089 0.0529262 0.0467452 0.0543816 0.0763372
 0.113514  0.166578   0.23527  0.317783  0.410541  0.508461  0.605672  0.696467  0.776195  0.841827  0.892048  0.926886   0.94705  0.953232  0.945595  0.923637  0.886467  0.833403  0.764711  0.682197   0.58944   0.49152  0.394308  0.303514  0.223786  0.158154  0.107933  0.073095 0.0529306  0.046749  0.054386 0.0763435
 0.113516   0.16658  0.235274  0.317788  0.410547  0.508469  0.605682  0.696478  0.776207   0.84184  0.892062  0.926901  0.947065  0.953247   0.94561  0.923652  0.886481  0.833416  0.764723  0.682208  0.589449  0.491528  0.394315  0.303518   0.22379  0.158156  0.107934 0.0730962 0.0529314 0.0467497 0.0543869 0.0763447
 0.113516  0.166581  0.235274  0.317789  0.410548   0.50847  0.605684   0.69648  0.776209  0.841843  0.892065  0.926903  0.947068   0.95325  0.945612  0.923655  0.886483  0.833419  0.764725   0.68221  0.589451  0.491529  0.394316  0.303519   0.22379  0.158157  0.107935 0.0730964 0.0529316 0.0467499 0.0543871 0.0763449
 0.113516  0.166581  0.235274  0.317789  0.410549   0.50847  0.605684  0.696481   0.77621  0.841843  0.892065  0.926904  0.947068   0.95325  0.945613  0.923655  0.886484  0.833419  0.764726   0.68221  0.589451   0.49153  0.394316  0.303519   0.22379  0.158157  0.107935 0.0730964 0.0529316 0.0467499 0.0543871 0.0763449
 0.110914  0.162762  0.229881  0.310504  0.401137  0.496814  0.591799  0.680514  0.758415  0.822544  0.871615  0.905655  0.925357  0.931397  0.923935  0.902481  0.866161  0.814313  0.747194  0.666571  0.575938  0.480261  0.385277  0.296561   0.21866  0.154531   0.10546 0.0714207 0.0517182 0.0456782 0.0531403 0.0745947
 0.100505  0.147487  0.208306  0.281363   0.36349  0.450188  0.536258  0.616648  0.687238  0.745348  0.789814  0.820659  0.838512  0.843985  0.837224  0.817783  0.784872   0.73789   0.67707  0.604013  0.521887  0.435189  0.349118  0.268729  0.198139  0.140028 0.0955628 0.0647178 0.0468644 0.0413913 0.0481531  0.067594
0.0803169  0.117862  0.166465  0.224848  0.290478  0.359762  0.428544  0.492786  0.549197  0.595635  0.631169  0.655818  0.670086   0.67446  0.669056   0.65352   0.62722  0.589675  0.541071  0.482689  0.417059  0.347775  0.278993  0.214751   0.15834  0.111902 0.0763677 0.0517184  0.037451 0.0330773 0.0384809 0.0540168
0.0550313 0.0807564  0.114058   0.15406  0.199029    0.2465  0.293628  0.337645  0.376297  0.408115  0.432462  0.449352  0.459127  0.462124  0.458422  0.447777  0.429757  0.404031   0.37073  0.330727  0.285759  0.238288   0.19116  0.147142  0.108491 0.0766726 0.0523254 0.0354362 0.0256606 0.0226638 0.0263662 0.0370111
0.0320444 0.0470239 0.0664153 0.0897084  0.115893  0.143536  0.170978  0.196609  0.219115  0.237643   0.25182  0.261655  0.267347  0.269092  0.266936  0.260737  0.250244  0.235265  0.215873   0.19258  0.166396  0.138753  0.111311 0.0856801 0.0631735 0.0446459 0.0304687 0.0206343  0.014942  0.013197 0.0153529 0.0215513
 0.0158839   0.023309   0.032921   0.044467  0.0574464  0.0711482  0.0847508  0.0974556   0.108612   0.117796   0.124823   0.129698   0.132519   0.133384   0.132316   0.129243   0.124042   0.116617   0.107005  0.0954589  0.0824795  0.0687777   0.055175  0.0424702  0.0313141  0.0221302  0.0151028  0.0102281  0.0074065 0.00654152 0.00761016  0.0106826
0.00674256 0.00989446  0.0139747  0.0188758  0.0243855  0.0302018   0.035976  0.0413691  0.0461048  0.0500032  0.0529863  0.0550556  0.0562533  0.0566205  0.0561669  0.0548626  0.0526547  0.0495028  0.0454226  0.0405215  0.0350118  0.0291955  0.0234213  0.0180282  0.0132925 0.00939409 0.00641103 0.00434173 0.00314399 0.00277682 0.00323045 0.00453468
 0.0024687 0.00362273 0.00511665 0.00691116 0.00892844   0.011058  0.0131722  0.0151468  0.0168807  0.0183081  0.0194003  0.0201579  0.0205965  0.0207309  0.0205648  0.0200873  0.0192789  0.0181249  0.0166309  0.0148364  0.0128191  0.0106896 0.00857543 0.00660082  0.0048669 0.00343953 0.00234732 0.00158967 0.00115113  0.0010167 0.00118279 0.00166032
0.000785066  0.00115206  0.00162713   0.0021978  0.00283931  0.00351653  0.00418884  0.00481678  0.00536818  0.00582209  0.00616943  0.00641036  0.00654982  0.00659257  0.00653976   0.0063879  0.00613082  0.00576384  0.00528876  0.00471809  0.00407658  0.00339936  0.00272705  0.00209911  0.00154771   0.0010938 0.000746464 0.000505527 0.000366069 0.000323317 0.000376135 0.000527993
