0.000866903  0.00124137  0.00169677    0.002214   0.0027646  0.00331483  0.00383123  0.00428623  0.00466174  0.00494997  0.00515137  0.00527075  0.00531293  0.00527953   0.0051678  0.00497203  0.00468703  0.00431256  0.00385716  0.00333994  0.00278933  0.00223911   0.0017227  0.00126771 0.000892195 0.000603968 0.000402567 0.000283188 0.000241003 0.000274406 0.000386139 0.000581907
0.000231295 0.000331206 0.000452708 0.000590707 0.000737613 0.000884416   0.0010222  0.00114359  0.00124378  0.00132068  0.00137442  0.00140627  0.00141752  0.00140861   0.0013788  0.00132657  0.00125053  0.00115062  0.00102911 0.000891116  0.00074421 0.000597407 0.000459628 0.000338231 0.000238043 0.000161142 0.000107407 7.55562e-05 6.43009e-05 7.32131e-05 0.000103024 0.000155256
5.40951e-05 7.74621e-05 0.000105879 0.000138154 0.000172512 0.000206846  0.00023907 0.000267462 0.000290894  0.00030888 0.000321447 0.000328897 0.000331529 0.000329445 0.000322472 0.000310256 0.000292473 0.000269105 0.000240689 0.000208413 0.000174055 0.000139721 0.000107497 7.91053e-05 5.56733e-05 3.76878e-05 2.51203e-05  1.7671e-05 1.50386e-05  1.7123e-05 2.40952e-05 3.63112e-05
1.11375e-05 1.59485e-05 2.17993e-05 2.84443e-05 3.55183e-05 4.25872e-05 4.92217e-05 5.50673e-05 5.98917e-05 6.35947e-05 6.61822e-05 6.77159e-05 6.82579e-05 6.78288e-05 6.63933e-05 6.38781e-05 6.02167e-05 5.54056e-05 4.95549e-05 4.29099e-05 3.58359e-05 2.87669e-05 2.21324e-05 1.62868e-05 1.14625e-05 7.75948e-06 5.17198e-06 3.63826e-06 3.09628e-06 3.52543e-06 4.96092e-06 7.47605e-06
2.02533e-06  2.9002e-06 3.96414e-06 5.17253e-06 6.45891e-06 7.74439e-06 8.95085e-06 1.00139e-05 1.08912e-05 1.15645e-05 1.20351e-05  1.2314e-05 1.24125e-05 1.23345e-05 1.20735e-05 1.16161e-05 1.09502e-05 1.00754e-05 9.01144e-06 7.80305e-06 6.51667e-06  5.2312e-06 4.02473e-06 2.96172e-06 2.08442e-06 1.41104e-06 9.40511e-07 6.61608e-07 5.63051e-07 6.41091e-07 9.02131e-07  1.3595e-06
3.26088e-07 4.66946e-07 6.38246e-07 8.32802e-07 1.03991e-06 1.24688e-06 1.44113e-06 1.61228e-06 1.75353e-06 1.86195e-06  1.9377e-06 1.98261e-06 1.99848e-06 1.98591e-06 1.94388e-06 1.87024e-06 1.76304e-06 1.62218e-06 1.45088e-06 1.25633e-06 1.04922e-06 8.42247e-07 6.48001e-07 4.76851e-07 3.35602e-07 2.27185e-07 1.51427e-07 1.06522e-07 9.06539e-08 1.03219e-07 1.45247e-07 2.18886e-07
4.65588e-08 6.66704e-08 9.11285e-08 1.18907e-07 1.48479e-07 1.78029e-07 2.05764e-07 2.30201e-07 2.50368e-07 2.65848e-07 2.76665e-07 2.83076e-07 2.85342e-07 2.83548e-07 2.77547e-07 2.67033e-07 2.51726e-07 2.31615e-07 2.07157e-07 1.79378e-07 1.49807e-07 1.20256e-07 9.25213e-08 6.80847e-08 4.79171e-08 3.24373e-08 2.16207e-08 1.52092e-08 1.29435e-08 1.47375e-08 2.07384e-08 3.12525e-08
5.89993e-09 8.44848e-09 1.15478e-08 1.50679e-08 1.88152e-08 2.25599e-08 2.60744e-08  2.9171e-08 3.17266e-08 3.36882e-08 3.50589e-08 3.58714e-08 3.61585e-08 3.59312e-08 3.51707e-08 3.38384e-08 3.18988e-08 2.93502e-08 2.62509e-08 2.27308e-08 1.89835e-08 1.52388e-08 1.17243e-08 8.62769e-09 6.07206e-09 4.11046e-09 2.73977e-09 1.92731e-09  1.6402e-09 1.86754e-09 2.62797e-09 3.96031e-09
  0.004012 0.00574503  0.0078526  0.0102463  0.0127945  0.0153409  0.0177308  0.0198365  0.0215744  0.0229083  0.0238404  0.0243928  0.0245881  0.0244335  0.0239164  0.0230104  0.0216914  0.0199584  0.0178508  0.0154571  0.0129089  0.0103625 0.00797262  0.0058669 0.00412905 0.00279514 0.00186307 0.00131058 0.00111535 0.00126994 0.00178704 0.00269304
 0.0195737  0.0280288  0.0383111  0.0499895  0.0624216   0.074845  0.0865048  0.0967782   0.105257   0.111765   0.116312   0.119007    0.11996   0.119206   0.116683   0.112263   0.105828  0.0973727  0.0870904   0.075412  0.0629799  0.0505565  0.0388967  0.0286233  0.0201447  0.0136369  0.0090895 0.00639406 0.00544156 0.00619577 0.00871858  0.0131388
0.0488108 0.0698953 0.0955363  0.124659  0.155661  0.186641  0.215717  0.241335  0.262478  0.278707  0.290047  0.296768  0.299144  0.297263  0.290972  0.279949  0.263902  0.242818  0.217177  0.188055  0.157053  0.126072 0.0969965 0.0713779 0.0502348 0.0340063 0.0226664 0.0159448 0.0135696 0.0154504 0.0217415 0.0327641
0.0842497  0.120642    0.1649  0.215167  0.268677  0.322151  0.372337  0.416556   0.45305  0.481061  0.500634  0.512236  0.516336  0.513089  0.502231  0.483205  0.455508  0.419115  0.374857  0.324591   0.27108  0.217607  0.167421  0.123202 0.0867077 0.0586965 0.0391233 0.0275215 0.0234218  0.026668 0.0375268 0.0565524
 0.115393  0.165239  0.225856  0.294704  0.367995  0.441235  0.509973  0.570538  0.620522  0.658887  0.685696  0.701586  0.707202  0.702755  0.687883  0.661824  0.623888  0.574043  0.513425  0.444578  0.371286  0.298046  0.229308  0.168744   0.11876 0.0803939 0.0535855  0.037695 0.0320797  0.036526 0.0513987 0.0774573
 0.136533   0.19551  0.267232  0.348693  0.435411  0.522068  0.603399  0.675059    0.7342  0.779594  0.811314  0.830115  0.836759  0.831498  0.813901  0.783068  0.738183  0.679206  0.607483  0.526023  0.439305  0.352648  0.271317  0.199657  0.140516 0.0951219 0.0634022 0.0446006 0.0379566 0.0432175 0.0608149 0.0916472
 0.148063  0.212021  0.289801  0.378141  0.472183  0.566159  0.654358   0.73207  0.796206  0.845434  0.879832  0.900222  0.907427  0.901722  0.882638  0.849202  0.800526  0.736568  0.658788  0.570448  0.476406   0.38243  0.294231  0.216519  0.152383  0.103155 0.0687567 0.0483673 0.0411622 0.0468674 0.0659509 0.0993872
 0.153255  0.219455  0.299962    0.3914  0.488738  0.586009  0.677301  0.757738  0.824122  0.875076  0.910681  0.931785  0.939243  0.933337  0.913585  0.878976  0.828593  0.762393  0.681886  0.590448  0.493109  0.395839  0.304547   0.22411  0.157726  0.106772 0.0711675 0.0500631 0.0426054 0.0485106 0.0682633  0.102872
 0.155221  0.222271  0.303811  0.396422  0.495009  0.593528  0.685991   0.76746  0.834696  0.886304  0.922365  0.943741  0.951294  0.945313  0.925307  0.890254  0.839225  0.772175  0.690635  0.598025  0.499437  0.400918  0.308455  0.226986   0.15975  0.108142 0.0720806 0.0507055 0.0431521  0.049133 0.0691391  0.104192
 0.155857  0.223181  0.305055  0.398045  0.497036  0.595959    0.6888  0.770603  0.838114  0.889933  0.926142  0.947605  0.955189  0.949184  0.929096    0.8939  0.842661  0.775337  0.693463  0.600473  0.501482   0.40256  0.309718  0.227915  0.160404  0.108585 0.0723758 0.0509131 0.0433288 0.0493342 0.0694223  0.104618
 0.156034  0.223435  0.305402  0.398497  0.497602  0.596636  0.689584  0.771479  0.839067  0.890945  0.927195  0.948682  0.956275  0.950263  0.930152  0.894916   0.84362  0.776219  0.694252  0.601156  0.502052  0.403017   0.31007  0.228174  0.160586  0.108708 0.0724581  0.050971 0.0433781 0.0493903 0.0695012  0.104737
 0.156077  0.223496  0.305486  0.398607  0.497739    0.5968  0.689773  0.771691  0.839298   0.89119  0.927451  0.948944  0.956539  0.950525  0.930408  0.895162  0.843852  0.776432  0.694443  0.601322   0.50219  0.403128  0.310155  0.228237   0.16063  0.108738  0.072478 0.0509851   0.04339 0.0494039 0.0695203  0.104766
 0.156086  0.223509  0.305504   0.39863  0.497768  0.596835  0.689814  0.771736  0.839347  0.891242  0.927505  0.948999  0.956594   0.95058  0.930463  0.895215  0.843901  0.776478  0.694483  0.601357  0.502219  0.403152  0.310173  0.228251   0.16064  0.108745 0.0724822  0.050988 0.0433926 0.0494068 0.0695244  0.104772
 0.156088  0.223512  0.305507  0.398635  0.497773  0.596842  0.689821  0.771745  0.839356  0.891252  0.927515  0.949009  0.956605  0.950591  0.930473  0.895224   0.84391  0.776486  0.694491  0.601363  0.502225  0.403156  0.310177  0.228253  0.160642  0.108746  0.072483 0.0509886  0.043393 0.0494074 0.0695251  0.104774
 0.156088  0.223512  0.305508  0.398635  0.497774  0.596843  0.689822  0.771746  0.839358  0.891254  0.927517  0.949011  0.956607  0.950592  0.930474  0.895226  0.843912  0.776487  0.694492  0.601364  0.502226  0.403157  0.310177  0.228253  0.160642  0.108746 0.0724832 0.0509887 0.0433931 0.0494074 0.0695253  0.104774
 0.156088  0.223512  0.305508  0.398636  0.497774  0.596843  0.689823  0.771746  0.839358  0.891254  0.927517  0.949011  0.956607  0.950593  0.930475  0.895226  0.843912  0.776488  0.694492  0.601364  0.502226  0.403157  0.310177  0.228254  0.160642  0.108746 0.0724832 0.0509887 0.0433931 0.0494075 0.0695253  0.104774
 0.152076  0.217767  0.297655  0.388389   0.48498  0.581502  0.672092   0.75191  0.817784  0.868346  0.903676  0.924618  0.932019  0.926159  0.906558  0.872216  0.822221  0.756529  0.676641  0.585907  0.489317  0.392794  0.302205  0.222387  0.156513  0.105951 0.0706201 0.0496781 0.0422778 0.0481375 0.0677382  0.102081
 0.136514  0.195484  0.267197  0.348646  0.435352  0.521998  0.603318  0.674968  0.734101  0.779489  0.811205  0.830004  0.836647  0.831387  0.813792  0.782964  0.738084  0.679115  0.607402  0.525952  0.439246    0.3526  0.271281   0.19963  0.140497 0.0951091 0.0633937 0.0445946 0.0379516 0.0432117 0.0608067  0.091635
 0.107277  0.153617  0.209971  0.273977  0.342114  0.410202  0.474106  0.530411   0.57688  0.612547   0.63747  0.652243  0.657463   0.65333  0.639503  0.615277   0.58001   0.53367  0.477315   0.41331  0.345173  0.277084  0.213181  0.156876  0.110407 0.0747397 0.0498167 0.0350439 0.0298235 0.0339571 0.0477838 0.0720096
0.0718383   0.10287  0.140608  0.183469  0.229097  0.274693  0.317486  0.355191  0.386308  0.410193  0.426883  0.436775  0.440271  0.437503  0.428244  0.412021  0.388404  0.357373  0.319635  0.276773  0.231146   0.18555  0.142757  0.105052 0.0739343 0.0500495 0.0333598 0.0234672 0.0199714 0.0227394 0.0319985 0.0482213
0.0406951 0.0582738 0.0796516  0.103932  0.129779  0.155608   0.17985  0.201209  0.218836  0.232367  0.241821  0.247425  0.249405  0.247837  0.242592  0.233402  0.220024  0.202445  0.181067  0.156787   0.13094  0.105111  0.080869   0.05951 0.0418824 0.0283521 0.0188977 0.0132937 0.0113134 0.0128814 0.0181265 0.0273165
 0.0195554  0.0280026  0.0382753  0.0499428  0.0623633  0.0747751  0.0864239  0.0966877   0.105158    0.11166   0.116203   0.118896   0.119848   0.119094   0.116574   0.112158   0.105729  0.0972817   0.087009  0.0753415   0.062921  0.0505092  0.0388603  0.0285966  0.0201259  0.0136242   0.009081 0.00638808 0.00543648 0.00618998 0.00871043  0.0131265
0.00802464   0.011491  0.0157065  0.0204943  0.0255911  0.0306843  0.0354645  0.0396763  0.0431522  0.0458203  0.0476846  0.0487896  0.0491801  0.0488709  0.0478366  0.0460245  0.0433864    0.03992  0.0357045  0.0309167  0.0258199  0.0207267  0.0159465  0.0117347 0.00825876 0.00559074 0.00372643 0.00262138 0.00223088 0.00254009 0.00357436 0.00538652
 0.00283331   0.0040572  0.00554559  0.00723604  0.00903561   0.0108339   0.0125217   0.0140088   0.0152361   0.0161781   0.0168363   0.0172265   0.0173644   0.0172552     0.01689   0.0162502   0.0153187   0.0140948   0.0126064    0.010916  0.00911642  0.00731812  0.00563035  0.00414327  0.00291598  0.00197396  0.00131572 0.000925548 0.000787673 0.000896846  0.00126203  0.00190186
