   0.99312   0.986848   0.970379   0.938204   0.884028   0.803476   0.696951   0.571198   0.438351   0.312557   0.205684   0.124193  0.0684544  0.0343389  0.0158864 0.00776437 0.00687985  0.0131521  0.0296202  0.0617957   0.115971   0.196524   0.303049   0.428802   0.561648   0.687442   0.794316   0.875807   0.931545   0.965661   0.984113   0.992235
   0.99312   0.986848    0.97038   0.938204   0.884029   0.803476   0.696951   0.571198   0.438352   0.312558   0.205684   0.124193  0.0684544  0.0343389  0.0158864 0.00776437 0.00687985  0.0131521  0.0296202  0.0617957   0.115971   0.196524   0.303049   0.428802   0.561648   0.687442   0.794316   0.875807   0.931546   0.965661   0.984114   0.992236
   0.99312   0.986848    0.97038   0.938204   0.884029   0.803476   0.696951   0.571198   0.438352   0.312558   0.205684   0.124193  0.0684544  0.0343389  0.0158864 0.00776437 0.00687985  0.0131521  0.0296202  0.0617957   0.115971   0.196524   0.303049   0.428802   0.561648   0.687442   0.794316   0.875807   0.931546   0.965661   0.984114   0.992236
   0.99312   0.986848    0.97038   0.938204   0.884029   0.803476   0.696951   0.571198   0.438352   0.312558   0.205684   0.124193  0.0684544  0.0343389  0.0158864 0.00776437 0.00687985  0.0131521  0.0296202  0.0617957   0.115971   0.196524   0.303049   0.428802   0.561648   0.687442   0.794316   0.875807   0.931546   0.965661   0.984114   0.992236
   0.99312   0.986848    0.97038   0.938204   0.884029   0.803476   0.696951   0.571198   0.438352   0.312558   0.205684   0.124193  0.0684544  0.0343389  0.0158864 0.00776437 0.00687985  0.0131521  0.0296202  0.0617957   0.115971   0.196524   0.303049   0.428802   0.561648   0.687442   0.794316   0.875807   0.931546   0.965661   0.984114   0.992236
   0.99312   0.986848    0.97038   0.938204   0.884029   0.803476   0.696951   0.571198   0.438352   0.312558   0.205684   0.124193  0.0684544  0.0343389  0.0158864 0.00776437 0.00687985  0.0131521  0.0296202  0.0617957   0.115971   0.196524   0.303049   0.428802   0.561648   0.687442   0.794316   0.875807   0.931546   0.965661   0.984114   0.992236
  0.866465   0.860993   0.846625   0.818553   0.771286   0.701007   0.608067   0.498352   0.382448   0.272696   0.179453   0.108354  0.0597242  0.0299596  0.0138603 0.00677417 0.00600245  0.0114748  0.0258427  0.0539148   0.101181   0.171461     0.2644   0.374116    0.49002   0.599771   0.693015   0.764113   0.812744   0.842508   0.858607   0.865694
  0.590128   0.586401   0.576615   0.557496   0.525304   0.477438   0.414139   0.339415   0.260475   0.185727   0.122221  0.0737975  0.0406767  0.0204047 0.00943993 0.00461371 0.00408811 0.00781516  0.0176008    0.03672   0.068912   0.116778   0.180076   0.254801    0.33374   0.408489   0.471995   0.520418   0.553539   0.573811   0.584776   0.589602
  0.305416   0.303487   0.298423   0.288528   0.271867   0.247094   0.214335   0.175661   0.134807  0.0961214  0.0632543  0.0381933  0.0210519  0.0105603 0.00488556 0.00238779 0.00211577 0.00404468 0.00910915  0.0190041  0.0356649  0.0604374  0.0931972    0.13187   0.172725    0.21141   0.244277   0.269338    0.28648   0.296971   0.302646   0.305144
    0.12136    0.120593    0.118581    0.114649    0.108029   0.0981853   0.0851679   0.0698008   0.0535669   0.0381947   0.0251347   0.0151765  0.00836517  0.00419624  0.00194132 0.000948812 0.000840722  0.00160719  0.00361961  0.00755148   0.0141718   0.0240154   0.0370328   0.0523999   0.0686338   0.0840059    0.097066    0.107024    0.113835    0.118004    0.120259    0.121252
  0.0376981     0.03746   0.0368349   0.0356136   0.0335571   0.0304994   0.0264558   0.0216823   0.0166395   0.0118645  0.00780761  0.00471428  0.00259848  0.00130348 0.000603035  0.00029473 0.000261154 0.000499243  0.00112436  0.00234572  0.00440219  0.00745991   0.0115035    0.016277   0.0213198   0.0260948   0.0301517    0.033245   0.0353608   0.0366558   0.0373562   0.0376645
 0.00930381  0.00924505  0.00909077  0.00878934  0.00828181  0.00752717  0.00652922  0.00535113  0.00410659  0.00292812   0.0019269  0.00116347 0.000641298 0.000321696 0.000148828 7.27387e-05 6.44522e-05 0.000123212  0.00027749 0.000578918  0.00108645  0.00184109  0.00283904  0.00401713  0.00526167  0.00644014  0.00744136  0.00820479  0.00872696  0.00904656  0.00921943  0.00929552
 0.00184672  0.00183505  0.00180443   0.0017446  0.00164386  0.00149407  0.00129599  0.00106215 0.000815119 0.000581204 0.000382471 0.000230938 0.000127292 6.38535e-05 2.95408e-05 1.44379e-05 1.27931e-05 2.44564e-05  5.5079e-05  0.00011491  0.00021565 0.000365438 0.000563522 0.000797361  0.00104439  0.00127831  0.00147704  0.00162857  0.00173222  0.00179566  0.00182997  0.00184507
 0.00029719 0.000295313 0.000290385 0.000280756 0.000264544 0.000240439 0.000208562  0.00017093 0.000131176 9.35324e-05 6.15506e-05 3.71646e-05 2.04849e-05 1.02759e-05 4.75397e-06 2.32348e-06 2.05879e-06 3.93574e-06 8.86381e-06 1.84923e-05 3.47043e-05 5.88096e-05  9.0687e-05 0.000128318 0.000168073 0.000205716 0.000237698 0.000262084 0.000278764 0.000288973 0.000294495 0.000296925
3.89356e-05 3.86897e-05 3.80441e-05 3.67826e-05 3.46586e-05 3.15006e-05 2.73242e-05  2.2394e-05 1.71857e-05 1.22539e-05 8.06391e-06 4.86903e-06 2.68378e-06 1.34627e-06  6.2283e-07 3.04405e-07 2.69727e-07 5.15631e-07 1.16127e-06 2.42272e-06  4.5467e-06 7.70479e-06 1.18811e-05 1.68113e-05 2.20196e-05 2.69514e-05 3.11414e-05 3.43363e-05 3.65216e-05 3.78591e-05 3.85825e-05 3.89009e-05
4.15389e-06 4.12766e-06 4.05878e-06  3.9242e-06  3.6976e-06 3.36067e-06 2.91512e-06 2.38913e-06 1.83348e-06 1.30732e-06 8.60308e-07 5.19458e-07 2.86322e-07 1.43628e-07 6.64474e-08 3.24758e-08 2.87761e-08 5.50107e-08 1.23891e-07 2.58471e-07  4.8507e-07 8.21995e-07 1.26755e-06 1.79354e-06 2.34919e-06 2.87534e-06 3.32236e-06 3.66321e-06 3.89635e-06 4.03904e-06 4.11622e-06 4.15019e-06
3.59523e-07 3.57252e-07 3.51291e-07 3.39643e-07  3.2003e-07 2.90869e-07 2.52306e-07 2.06781e-07 1.58689e-07  1.1315e-07 7.44604e-08 4.49596e-08 2.47814e-08 1.24312e-08 5.75108e-09 2.81081e-09  2.4906e-09 4.76123e-09 1.07229e-08 2.23709e-08 4.19832e-08 7.11444e-08 1.09708e-07 1.55232e-07 2.03324e-07 2.48864e-07 2.87553e-07 3.17054e-07 3.37232e-07 3.49582e-07 3.56263e-07 3.59203e-07
2.50331e-08  2.4875e-08 2.44599e-08 2.36489e-08 2.22833e-08 2.02528e-08 1.75677e-08 1.43979e-08 1.10493e-08 7.87849e-09 5.18457e-09 3.13047e-09  1.7255e-09 8.65564e-10  4.0044e-10 1.95713e-10 1.73417e-10 3.31518e-10 7.46622e-10 1.55765e-09 2.92323e-09 4.95369e-09 7.63881e-09 1.08086e-08 1.41572e-08  1.7328e-08 2.00219e-08  2.2076e-08  2.3481e-08 2.43409e-08 2.48061e-08 2.50108e-08
1.38229e-09 1.37356e-09 1.35064e-09 1.30586e-09 1.23045e-09 1.11833e-09 9.70065e-10 7.95033e-10 6.10128e-10 4.35039e-10 2.86285e-10 1.72861e-10 9.52796e-11 4.77953e-11 2.21117e-11  1.0807e-11 9.57585e-12  1.8306e-11 4.12275e-11 8.60116e-11 1.61417e-10 2.73536e-10 4.21805e-10 5.96837e-10 7.81741e-10  9.5683e-10 1.10558e-09 1.21901e-09 1.29659e-09 1.34407e-09 1.36976e-09 1.38106e-09
5.91721e-11 5.87984e-11 5.78172e-11 5.59001e-11 5.26722e-11 4.78727e-11 4.15257e-11 3.40331e-11 2.61179e-11 1.86228e-11 1.22551e-11 7.39967e-12 4.07865e-12 2.04598e-12 9.46541e-13 4.62617e-13 4.09915e-13 7.83626e-13 1.76483e-12 3.68191e-12 6.90981e-12 1.17093e-11 1.80563e-11 2.55489e-11 3.34641e-11 4.09592e-11 4.73269e-11 5.21823e-11 5.55034e-11  5.7536e-11 5.86355e-11 5.91194e-11
1.89409e-12 1.88213e-12 1.85072e-12 1.78936e-12 1.68603e-12  1.5324e-12 1.32923e-12  1.0894e-12  8.3603e-13 5.96114e-13 3.92283e-13 2.36863e-13 1.30557e-13 6.54916e-14 3.02987e-14 1.48083e-14 1.31213e-14 2.50838e-14  5.6492e-14 1.17858e-13 2.21182e-13 3.74813e-13 5.77979e-13 8.17817e-13 1.07118e-12  1.3111e-12 1.51493e-12 1.67035e-12 1.77666e-12 1.84172e-12 1.87691e-12  1.8924e-12
4.26816e-14  4.2412e-14 4.17043e-14 4.03214e-14 3.79931e-14 3.45312e-14  2.9953e-14 2.45485e-14 1.88392e-14 1.34329e-14 8.83973e-15 5.33748e-15 2.94198e-15 1.47579e-15 6.82752e-16 3.33691e-16 2.95677e-16  5.6524e-16 1.27299e-15 2.65581e-15 4.98413e-15 8.44606e-15 1.30242e-14 1.84287e-14 2.41381e-14 2.95444e-14 3.41375e-14 3.76398e-14 4.00353e-14 4.15015e-14 4.22945e-14 4.26436e-14
   0.126655    0.125855    0.123755    0.119651    0.112742    0.102469   0.0888837   0.0728461    0.055904   0.0398612   0.0262313   0.0158386  0.00873014  0.00437932  0.00202602 0.000990208 0.000877402  0.00167731  0.00377753  0.00788094   0.0147901   0.0250631   0.0386485   0.0546861   0.0716283   0.0876711    0.101301    0.111694    0.118802    0.123153    0.125506    0.126542
  0.402993   0.400447   0.393765   0.380709   0.358725   0.326038   0.282812   0.231783   0.177876   0.126831  0.0834633  0.0503956  0.0277777  0.0139342 0.00644644 0.00315066 0.00279173  0.0053369  0.0120194  0.0250757  0.0470594  0.0797464   0.122973   0.174001   0.227908   0.278953   0.322321   0.355389   0.378007    0.39185   0.399338   0.402634
  0.687704   0.683361   0.671957   0.649677   0.612162   0.556382   0.482616   0.395536   0.303545   0.216436    0.14243  0.0859998  0.0474025  0.0237786  0.0110008 0.00537658 0.00476408 0.00910739   0.020511  0.0427916  0.0803065   0.136087   0.209852   0.296932   0.388924   0.476032   0.550039   0.606469   0.645066    0.66869   0.681467   0.687092
   0.87176   0.866254   0.851799   0.823555      0.776   0.705291   0.611783   0.501397   0.384785   0.274363   0.180549   0.109017  0.0600892  0.0301427   0.013945 0.00681556 0.00603913  0.0115449  0.0260006  0.0542442     0.1018   0.172509   0.266016   0.376402   0.493015   0.603437    0.69725   0.768783    0.81771   0.847657   0.863854   0.870984
  0.955422   0.949388   0.933545   0.902591   0.850472   0.772977   0.670495   0.549516   0.421712   0.300693   0.197876   0.119479  0.0658559  0.0330354  0.0152833 0.00746964 0.00661869  0.0126528  0.0284958    0.05945   0.111569   0.189064   0.291545   0.412525   0.540329   0.661348   0.764164   0.842562   0.896185   0.929005   0.946757   0.954571
  0.983816   0.977603   0.961289   0.929415   0.875747   0.795949   0.690422   0.565847   0.434245   0.309629   0.203757    0.12303  0.0678131  0.0340172  0.0157375 0.00769163  0.0068154  0.0130289  0.0293427  0.0612168   0.114885   0.194683    0.30021   0.424785   0.556387   0.681002   0.786875   0.867602   0.922819   0.956615   0.974894    0.98294
  0.991273   0.985013   0.968575    0.93646   0.882385   0.801982   0.695655   0.570136   0.437537   0.311976   0.205301   0.123962  0.0683271  0.0342751  0.0158568 0.00774994 0.00686705  0.0131276  0.0295651  0.0616808   0.115756   0.196159   0.302485   0.428005   0.560604   0.686164   0.792839   0.874178   0.929813   0.963865   0.982284   0.990391
  0.992823   0.986553   0.970089   0.937924   0.883764   0.803236   0.696742   0.571027    0.43822   0.312464   0.205622   0.124156  0.0684339  0.0343286  0.0158816 0.00776205 0.00687779  0.0131481  0.0296113  0.0617772   0.115937   0.196465   0.302958   0.428674    0.56148   0.687237   0.794078   0.875545   0.931267   0.965372   0.983819   0.991939
  0.993081   0.986809   0.970342   0.938168   0.883994   0.803444   0.696924   0.571175   0.438334   0.312545   0.205676   0.124188  0.0684517  0.0343376  0.0158857 0.00776407 0.00687958  0.0131515   0.029619  0.0617933   0.115967   0.196516   0.303037   0.428785   0.561626   0.687415   0.794285   0.875773   0.931509   0.965623   0.984075   0.992197
  0.993116   0.986844   0.970376     0.9382   0.884025   0.803473   0.696948   0.571195    0.43835   0.312556   0.205683   0.124193  0.0684541  0.0343388  0.0158863 0.00776434 0.00687982   0.013152  0.0296201  0.0617954   0.115971   0.196523   0.303048     0.4288   0.561646    0.68744   0.794313   0.875803   0.931542   0.965657    0.98411   0.992231
