  0.990892   0.991019    0.98304   0.963778   0.927972   0.870075   0.786795   0.679532   0.555425   0.426155   0.304766   0.201922   0.123289  0.0690664  0.0354589  0.0170627 0.00910805 0.00898117    0.01696  0.0362223  0.0720277   0.129925   0.213205   0.320468   0.444574   0.573845   0.695234   0.798078   0.876711   0.930934   0.964541   0.982937
  0.990892   0.991019    0.98304   0.963778   0.927972   0.870075   0.786795   0.679532   0.555426   0.426155   0.304766   0.201922   0.123289  0.0690664  0.0354589  0.0170627 0.00910805 0.00898117    0.01696  0.0362223  0.0720277   0.129925   0.213205   0.320468   0.444574   0.573845   0.695234   0.798078   0.876711   0.930934   0.964541   0.982937
  0.990892   0.991019    0.98304   0.963778   0.927972   0.870075   0.786795   0.679532   0.555426   0.426155   0.304766   0.201922   0.123289  0.0690664  0.0354589  0.0170627 0.00910805 0.00898117    0.01696  0.0362223  0.0720277   0.129925   0.213205   0.320468   0.444574   0.573845   0.695234   0.798078   0.876711   0.930934   0.964541   0.982937
  0.990892   0.991019    0.98304   0.963778   0.927972   0.870075   0.786795   0.679532   0.555426   0.426155   0.304766   0.201922   0.123289  0.0690664  0.0354589  0.0170627 0.00910805 0.00898117    0.01696  0.0362223  0.0720277   0.129925   0.213205   0.320468   0.444574   0.573845   0.695234   0.798078   0.876711   0.930934   0.964541   0.982937
  0.990892   0.991019    0.98304   0.963778   0.927972   0.870075   0.786795   0.679532   0.555426   0.426155   0.304766   0.201922   0.123289  0.0690664  0.0354589  0.0170627 0.00910805 0.00898117    0.01696  0.0362223  0.0720277   0.129925   0.213205   0.320468   0.444574   0.573845   0.695234   0.798078   0.876711   0.930934   0.964541   0.982937
  0.878183   0.878295   0.871224   0.854153    0.82242   0.771108   0.697301   0.602239   0.492249   0.377682   0.270101   0.178954   0.109265  0.0612104  0.0314256  0.0151219 0.00807205 0.00795961  0.0150309  0.0321022  0.0638349   0.115147   0.188954   0.284016   0.394006   0.508573   0.616154   0.707301    0.77699   0.825045   0.854829   0.871133
  0.618611    0.61869   0.613709   0.601684    0.57933   0.543185   0.491194    0.42423    0.34675   0.266047   0.190265   0.126059  0.0769687  0.0431179  0.0221369  0.0106522 0.00568613 0.00560692  0.0105881  0.0226135  0.0449667   0.081112   0.133103   0.200067   0.277547    0.35825   0.434032   0.498238   0.547328   0.581179    0.60216   0.613645
  0.335441   0.335484   0.332783   0.326262   0.314141   0.294542   0.266349   0.230038   0.188025   0.144264   0.103171  0.0683555  0.0417362  0.0233807  0.0120037 0.00577615  0.0030833 0.00304035 0.00574139  0.0122621  0.0243831  0.0439829  0.0721752   0.108486   0.150499   0.194261   0.235354   0.270169   0.296788   0.315144   0.326521   0.332748
  0.140941   0.140959   0.139824   0.137084   0.131991   0.123756   0.111911  0.0966543  0.0790018  0.0606147  0.0433489  0.0287207  0.0175361 0.00982376 0.00504355 0.00242694  0.0012955 0.00127745 0.00241234 0.00515213   0.010245  0.0184801  0.0303256  0.0455822  0.0632347  0.0816217  0.0988876   0.113516     0.1247   0.132413   0.137193    0.13981
  0.0466378   0.0466437   0.0462682   0.0453616   0.0436764   0.0409513   0.0370316   0.0319832   0.0261419   0.0200576   0.0143443  0.00950375  0.00580275  0.00325071  0.00166892 0.000803082 0.000428684 0.000422712 0.000798249  0.00170486  0.00339009  0.00611512   0.0100348   0.0150833   0.0209245   0.0270089   0.0327222   0.0375627   0.0412637   0.0438157   0.0453975   0.0462634
  0.0123457   0.0123473   0.0122479   0.0120079   0.0115618   0.0108404  0.00980282  0.00846641  0.00692015  0.00530954  0.00379714  0.00251578  0.00153607 0.000860511 0.000441789 0.000212588 0.000113479 0.000111898 0.000211308   0.0004513 0.000897406  0.00161876  0.00265636  0.00399277  0.00553903  0.00714964  0.00866204   0.0099434   0.0109231   0.0115987   0.0120174   0.0122466
 0.00264694  0.00264727  0.00262596  0.00257451  0.00247886   0.0023242  0.00210174  0.00181521  0.00148369  0.00113837 0.000814112 0.000539387 0.000329336 0.000184495 9.47201e-05 4.55791e-05   2.433e-05 2.39911e-05 4.53048e-05 9.67594e-05 0.000192405 0.000347065 0.000569528 0.000856055  0.00118758  0.00153289  0.00185715  0.00213188  0.00234193  0.00248677  0.00257655  0.00262569
0.000463664 0.000463723 0.000459989 0.000450976 0.000434222  0.00040713 0.000368161  0.00031797 0.000259898 0.000199409 0.000142608 9.44844e-05 5.76898e-05 3.23179e-05 1.65921e-05 7.98408e-06 4.26189e-06 4.20252e-06 7.93604e-06 1.69493e-05 3.37036e-05 6.07954e-05 9.97642e-05 0.000149955 0.000208028 0.000268517 0.000325318 0.000373441 0.000410236 0.000435608 0.000451333 0.000459941
 6.6705e-05 6.67135e-05 6.61764e-05 6.48797e-05 6.24694e-05 5.85718e-05 5.29656e-05 4.57448e-05 3.73902e-05 2.86879e-05 2.05163e-05  1.3593e-05 8.29955e-06 4.64942e-06 2.38703e-06 1.14863e-06 6.13137e-07 6.04596e-07 1.14172e-06 2.43842e-06 4.84877e-06 8.74633e-06 1.43526e-05 2.15733e-05 2.99279e-05 3.86302e-05 4.68018e-05 5.37251e-05 5.90186e-05 6.26687e-05 6.49311e-05 6.61695e-05
7.89632e-06 7.89733e-06 7.83375e-06 7.68025e-06 7.39492e-06 6.93354e-06 6.26989e-06 5.41513e-06 4.42613e-06 3.39599e-06 2.42865e-06  1.6091e-06 9.82475e-07 5.50383e-07 2.82568e-07 1.35971e-07 7.25812e-08 7.15701e-08 1.35153e-07 2.88652e-07 5.73982e-07 1.03536e-06 1.69901e-06 2.55378e-06 3.54277e-06 4.57292e-06 5.54025e-06 6.35981e-06 6.98643e-06 7.41852e-06 7.68634e-06 7.83293e-06
7.67998e-07 7.68096e-07 7.61912e-07 7.46983e-07 7.19232e-07 6.74358e-07 6.09811e-07 5.26676e-07 4.30487e-07 3.30294e-07 2.36211e-07 1.56501e-07 9.55557e-08 5.35304e-08 2.74827e-08 1.32246e-08 7.05926e-09 6.96092e-09  1.3145e-08 2.80744e-08 5.58256e-08   1.007e-07 1.65246e-07 2.48381e-07 3.44571e-07 4.44763e-07 5.38846e-07 6.18556e-07 6.79502e-07 7.21527e-07 7.47575e-07 7.61833e-07
6.10569e-08 6.10647e-08  6.0573e-08 5.93861e-08 5.71799e-08 5.36123e-08 4.84808e-08 4.18715e-08 3.42243e-08 2.62588e-08 1.87791e-08  1.2442e-08  7.5968e-09 4.25574e-09 2.18491e-09 1.05137e-09  5.6122e-10 5.53403e-10 1.04505e-09 2.23195e-09 4.43821e-09 8.00575e-09 1.31373e-08 1.97466e-08 2.73938e-08 3.53592e-08  4.2839e-08  4.9176e-08 5.40213e-08 5.73624e-08 5.94332e-08 6.05667e-08
 3.9303e-09  3.9308e-09 3.89915e-09 3.82275e-09 3.68073e-09 3.45109e-09 3.12076e-09 2.69531e-09 2.20305e-09 1.69031e-09 1.20883e-09 8.00908e-10 4.89015e-10 2.73947e-10 1.40645e-10  6.7678e-11 3.61264e-11 3.56231e-11 6.72708e-11 1.43673e-10 2.85692e-10 5.15339e-10 8.45663e-10 1.27111e-09 1.76337e-09 2.27611e-09 2.75759e-09 3.16552e-09 3.47741e-09 3.69248e-09 3.82578e-09 3.89875e-09
2.01759e-10 2.01784e-10  2.0016e-10 1.96238e-10 1.88947e-10 1.77159e-10 1.60202e-10 1.38362e-10 1.13092e-10 8.67707e-11 6.20544e-11 4.11139e-11 2.51032e-11 1.40628e-11 7.21989e-12 3.47419e-12 1.85452e-12 1.82868e-12 3.45329e-12 7.37534e-12 1.46658e-11 2.64545e-11 4.34114e-11 6.52514e-11 9.05212e-11 1.16842e-10 1.41559e-10 1.62499e-10  1.7851e-10  1.8955e-10 1.96393e-10 2.00139e-10
8.06816e-12  8.0692e-12 8.00423e-12 7.84739e-12 7.55585e-12 7.08443e-12 6.40634e-12 5.53297e-12 4.52246e-12 3.46989e-12 2.48151e-12 1.64411e-12 1.00386e-12 5.62361e-13 2.88718e-13  1.3893e-13 7.41607e-14 7.31276e-14 1.38094e-13 2.94934e-13 5.86473e-13 1.05789e-12 1.73599e-12 2.60935e-12 3.61987e-12 4.67244e-12 5.66082e-12 6.49821e-12 7.13847e-12 7.57996e-12 7.85361e-12  8.0034e-12
2.42289e-13  2.4232e-13 2.40369e-13 2.35659e-13 2.26904e-13 2.12747e-13 1.92384e-13 1.66157e-13 1.35811e-13 1.04202e-13 7.45203e-14 4.93732e-14 3.01461e-14 1.68879e-14 8.67027e-15 4.17211e-15 2.22707e-15 2.19604e-15 4.14701e-15 8.85695e-15 1.76119e-14 3.17689e-14 5.21322e-14 7.83596e-14 1.08706e-13 1.40314e-13 1.69996e-13 1.95143e-13  2.1437e-13 2.27628e-13 2.35846e-13 2.40344e-13
  0.112709   0.112723   0.111816   0.109625   0.105552  0.0989666  0.0894939  0.0772934  0.0631768  0.0484729  0.0346656  0.0229676  0.0140234 0.00785595 0.00403327  0.0019408 0.00103599 0.00102156 0.00192912 0.00412011 0.00819278  0.0147783   0.024251  0.0364516  0.0505681   0.065272  0.0790793  0.0907773  0.0997215   0.105889   0.109712   0.111804
  0.372281   0.372329   0.369331   0.362094   0.348642    0.32689   0.295601   0.255302   0.208675   0.160108   0.114502  0.0758627  0.0463199  0.0259484   0.013322 0.00641052 0.00342192 0.00337425 0.00637194  0.0136088   0.027061  0.0488133  0.0801019   0.120401   0.167028   0.215595   0.261201    0.29984   0.329383   0.349755   0.362381   0.369292
  0.655451   0.655535   0.650257   0.637515   0.613831   0.575533   0.520445   0.449494     0.3674   0.281891   0.201595   0.133566  0.0815523  0.0456857  0.0234552  0.0112866 0.00602475 0.00594082  0.0112187  0.0239602  0.0476445  0.0859424    0.14103   0.211982   0.294075   0.379585    0.45988   0.527909   0.579923    0.61579    0.63802   0.650189
  0.849951    0.85006   0.843216   0.826693   0.795981   0.746318   0.674884   0.582878   0.476424    0.36554   0.261417   0.173201   0.105752  0.0592426  0.0304153  0.0146358 0.00781255 0.00770372  0.0145477  0.0310702  0.0617827   0.111445    0.18288   0.274886    0.38134   0.492224   0.596346   0.684562   0.752011   0.798521   0.827348   0.843128
  0.944254   0.944375   0.936772   0.918416   0.884296   0.829123   0.749763   0.647549   0.529284   0.406097   0.290422   0.192418   0.117486  0.0658157    0.03379  0.0162596 0.00867936 0.00855846  0.0161618  0.0345175  0.0686376    0.12381    0.20317   0.305385    0.42365   0.546836   0.662511   0.760515   0.835448   0.887118   0.919144   0.936674
  0.978546   0.978672   0.970792    0.95177   0.916411   0.859234   0.776992   0.671066   0.548505   0.420845   0.300969   0.199406   0.121752  0.0682059  0.0350171  0.0168501 0.00899457 0.00886927  0.0167487   0.035771  0.0711303   0.128307   0.210549   0.316475   0.439035   0.566696   0.686572   0.788135   0.865788   0.919335   0.952524   0.970691
  0.988245   0.988372   0.980414   0.961203   0.925493    0.86775   0.784693   0.677717   0.553942   0.425016   0.303952   0.201383   0.122959  0.0688819  0.0353642  0.0170171 0.00908372 0.00895718  0.0169147  0.0361256  0.0718353   0.129578   0.212636   0.319612   0.443387   0.572312   0.693377   0.795946    0.87437   0.928447   0.961965   0.980312
  0.990428   0.990555    0.98258   0.963327   0.927538   0.869668   0.786427   0.679214   0.555166   0.425955   0.304624   0.201827   0.123231  0.0690341  0.0354423  0.0170547 0.00910379 0.00897697  0.0169521  0.0362054   0.071994   0.129865   0.213106   0.320318   0.444366   0.573577   0.694908   0.797705   0.876301   0.930498    0.96409   0.982477
  0.990825   0.990952   0.982974   0.963713    0.92791   0.870016   0.786742   0.679486   0.555388   0.426126   0.304746   0.201908    0.12328  0.0690617  0.0354565  0.0170616 0.00910743 0.00898057  0.0169589  0.0362199  0.0720228   0.129917   0.213191   0.320446   0.444545   0.573807   0.695187   0.798024   0.876652   0.930871   0.964476   0.982871
  0.990884   0.991011   0.983032    0.96377   0.927965   0.870068   0.786788   0.679527   0.555421   0.426151   0.304764    0.20192   0.123288  0.0690658  0.0354586  0.0170626 0.00910797  0.0089811  0.0169599   0.036222  0.0720271   0.129924   0.213204   0.320465   0.444571   0.573841   0.695228   0.798072   0.876704   0.930926   0.964533   0.982929
  0.990891   0.991018   0.983039   0.963777   0.927972   0.870074   0.786794   0.679532   0.555425   0.426154   0.304766   0.201922   0.123288  0.0690663  0.0354589  0.0170627 0.00910804 0.00898116    0.01696  0.0362223  0.0720276   0.129925   0.213205   0.320468   0.444574   0.573845   0.695233   0.798077   0.876711   0.930933    0.96454   0.982937
