   0.811612    0.682604    0.526849    0.367296    0.228174    0.124811   0.0594439   0.0243688  0.00848951  0.00248814 0.000729899 0.000985895  0.00399341   0.0139714   0.0394391   0.0921524    0.182312     0.31132    0.467074    0.626627     0.76575    0.869113     0.93448    0.969555    0.985434    0.991436    0.993194    0.992938     0.98993    0.979952    0.954485    0.901771
   0.815899    0.686209    0.529633    0.369237    0.229379     0.12547   0.0597579   0.0244976  0.00853436  0.00250129 0.000733755 0.000991103  0.00401451   0.0140452   0.0396474   0.0926392    0.183275    0.312965    0.469542    0.629937    0.769795    0.873704    0.939416    0.974677     0.99064    0.996673     0.99844    0.998183     0.99516    0.985129    0.959527    0.906535
  0.816506   0.686719   0.530026   0.369511    0.22955   0.125564  0.0598023  0.0245158  0.0085407 0.00250314  0.0007343 0.00099184 0.00401749  0.0140556  0.0396769  0.0927081   0.183411   0.313197   0.469891   0.630406   0.770367   0.874353   0.940114   0.975401   0.991376   0.997414   0.999182   0.998925   0.995899   0.985861    0.96024   0.907209
   0.816569    0.686772    0.530067     0.36954    0.229568    0.125573    0.059807   0.0245177  0.00854136  0.00250334 0.000734357 0.000991916   0.0040178   0.0140567   0.0396799   0.0927152    0.183425    0.313221    0.469927    0.630454    0.770426     0.87442    0.940187    0.975476    0.991452     0.99749    0.999259    0.999002    0.995976    0.985937    0.960314    0.907279
   0.816573    0.686776     0.53007    0.369542    0.229569    0.125574   0.0598073   0.0245178  0.00854141  0.00250335 0.000734361 0.000991922  0.00401782   0.0140568   0.0396802   0.0927158    0.183426    0.313223     0.46993    0.630458    0.770431    0.874426    0.940192    0.975482    0.991458    0.997496    0.999265    0.999008    0.995982    0.985943     0.96032    0.907284
   0.816574    0.686777     0.53007    0.369542    0.229569    0.125574   0.0598073   0.0245178  0.00854141  0.00250335 0.000734361 0.000991922  0.00401783   0.0140568   0.0396802   0.0927158    0.183426    0.313223     0.46993    0.630458    0.770431    0.874426    0.940193    0.975482    0.991459    0.997497    0.999266    0.999008    0.995982    0.985943     0.96032    0.907284
   0.816574    0.686777     0.53007    0.369542    0.229569    0.125574   0.0598073   0.0245178  0.00854141  0.00250335 0.000734361 0.000991922  0.00401783   0.0140568   0.0396802   0.0927158    0.183426    0.313223     0.46993    0.630458    0.770431    0.874426    0.940193    0.975482    0.991459    0.997497    0.999266    0.999008    0.995982    0.985943     0.96032    0.907284
   0.816574    0.686777     0.53007    0.369542    0.229569    0.125574   0.0598073   0.0245178  0.00854141  0.00250335 0.000734361 0.000991922  0.00401783   0.0140568   0.0396802   0.0927158    0.183426    0.313223     0.46993    0.630458    0.770431    0.874426    0.940193    0.975482    0.991459    0.997497    0.999266    0.999008    0.995982    0.985943     0.96032    0.907284
   0.816574    0.686777     0.53007    0.369542    0.229569    0.125574   0.0598073   0.0245178  0.00854141  0.00250335 0.000734361 0.000991922  0.00401783   0.0140568   0.0396802   0.0927158    0.183426    0.313223     0.46993    0.630458    0.770431    0.874426    0.940193    0.975482    0.991459    0.997497    0.999266    0.999008    0.995982    0.985943     0.96032    0.907284
   0.816574    0.686777     0.53007    0.369542    0.229569    0.125574   0.0598073   0.0245178  0.00854141  0.00250335 0.000734361 0.000991922  0.00401783   0.0140568   0.0396802   0.0927158    0.183426    0.313223     0.46993    0.630458    0.770431    0.874426    0.940193    0.975482    0.991459    0.997497    0.999266    0.999008    0.995982    0.985943     0.96032    0.907284
   0.816574    0.686777     0.53007    0.369542    0.229569    0.125574   0.0598073   0.0245178  0.00854141  0.00250335 0.000734361 0.000991922  0.00401783   0.0140568   0.0396802   0.0927158    0.183426    0.313223     0.46993    0.630458    0.770431    0.874426    0.940193    0.975482    0.991459    0.997497    0.999266    0.999008    0.995982    0.985943     0.96032    0.907284
   0.816574    0.686777     0.53007    0.369542    0.229569    0.125574   0.0598073   0.0245178  0.00854141  0.00250335 0.000734361 0.000991922  0.00401783   0.0140568   0.0396802   0.0927158    0.183426    0.313223     0.46993    0.630458    0.770431    0.874426    0.940193    0.975482    0.991459    0.997497    0.999266    0.999008    0.995982    0.985943     0.96032    0.907284
   0.609683    0.512771    0.395769    0.275913    0.171404    0.093758   0.0446542   0.0183059  0.00637732  0.00186909   0.0005483 0.000740604  0.00299985   0.0104953   0.0296266   0.0692249    0.136952    0.233864    0.350866    0.470722    0.575231    0.652877    0.701981    0.728329    0.740258    0.744766    0.746087    0.745894    0.743635     0.73614    0.717008     0.67741
    0.30875    0.259673    0.200422    0.139725    0.086801   0.0474801   0.0226134  0.00927029  0.00322954 0.000946528 0.000277665  0.00037505  0.00151916  0.00531494   0.0150032   0.0350562   0.0693542    0.118431    0.177682    0.238379    0.291303    0.330624    0.355491    0.368834    0.374875    0.377158    0.377826    0.377729    0.376585    0.372789    0.363101    0.343048
   0.108128   0.0909408   0.0701903   0.0489336   0.0303988   0.0166281   0.0079195  0.00324657  0.00113103 0.000331486 9.72418e-05 0.000131347 0.000532028  0.00186136  0.00525433   0.0122771   0.0242887   0.0414761   0.0622266   0.0834833    0.102018    0.115789    0.124497     0.12917    0.131286    0.132085     0.13232    0.132286    0.131885    0.130556    0.127163     0.12014
  0.0270688   0.0227662   0.0175715   0.0122501  0.00761005  0.00416269  0.00198257 0.000812749 0.000283142 8.29844e-05 2.43436e-05 3.28815e-05 0.000133188 0.000465973  0.00131537  0.00307346  0.00608045   0.0103831   0.0155778   0.0208992   0.0255392   0.0289866   0.0311667   0.0323366   0.0328662   0.0330663    0.033125   0.0331164   0.0330161   0.0326833   0.0318339   0.0300758
 0.00496177  0.00417308  0.00322088  0.00224546  0.00139494 0.000763029 0.000363409 0.000148978 5.19004e-05 1.52112e-05 4.46222e-06 6.02724e-06 2.44136e-05 8.54137e-05  0.00024111 0.000563371  0.00111456  0.00190325  0.00285545  0.00383087  0.00468139   0.0053133  0.00571292  0.00592735  0.00602443  0.00606112  0.00607186   0.0060703  0.00605191  0.00599091  0.00583522  0.00551296
0.000674335 0.000567147 0.000437738 0.000305172 0.000189581   0.0001037 4.93895e-05 2.02471e-05 7.05359e-06 2.06729e-06 6.06443e-07  8.1914e-07 3.31796e-06 1.16083e-05 3.27683e-05 7.65657e-05 0.000151475 0.000258663 0.000388073 0.000520639  0.00063623  0.00072211 0.000776421 0.000805563 0.000818757 0.000823743 0.000825204 0.000824991 0.000822493 0.000814202 0.000793042 0.000749245
6.80314e-05 5.72176e-05 4.41619e-05 3.07877e-05 1.91261e-05  1.0462e-05 4.98274e-06 2.04266e-06 7.11613e-07 2.08562e-07  6.1182e-08 8.26403e-08 3.34738e-07 1.17112e-06 3.30588e-06 7.72445e-06 1.52818e-05 2.60957e-05 3.91514e-05 5.25255e-05 6.41871e-05 7.28513e-05 7.83305e-05 8.12706e-05 8.26016e-05 8.31047e-05 8.32521e-05 8.32306e-05 8.29785e-05 8.21421e-05 8.00074e-05 7.55888e-05
5.03881e-06 4.23787e-06 3.27089e-06 2.28032e-06  1.4166e-06 7.74877e-07 3.69051e-07 1.51291e-07 5.27063e-08 1.54474e-08  4.5315e-09 6.12083e-09 2.47927e-08 8.67399e-08 2.44853e-07 5.72119e-07 1.13186e-06  1.9328e-06 2.89978e-06 3.89035e-06 4.75408e-06  5.3958e-06 5.80162e-06 6.01938e-06 6.11797e-06 6.15523e-06 6.16614e-06 6.16455e-06 6.14588e-06 6.08393e-06 5.92582e-06 5.59855e-06
2.66643e-07 2.24259e-07 1.73089e-07  1.2067e-07 7.49632e-08 4.10048e-08 1.95294e-08 8.00602e-09  2.7891e-09 8.17442e-10 2.39797e-10 3.23901e-10 1.31198e-09 4.59009e-09 1.29571e-08 3.02753e-08 5.98958e-08  1.0228e-07  1.5345e-07 2.05869e-07 2.51576e-07 2.85534e-07  3.0701e-07 3.18533e-07  3.2375e-07 3.25722e-07 3.26299e-07 3.26215e-07 3.25227e-07 3.21949e-07 3.13582e-07 2.96264e-07
9.55671e-09 8.03764e-09 6.20364e-09 4.32491e-09 2.68674e-09 1.46965e-09  6.9995e-10 2.86942e-10 9.99638e-11 2.92978e-11 8.59454e-12 1.16089e-11 4.70223e-11 1.64513e-10 4.64394e-10 1.08509e-09 2.14672e-09 3.66579e-09 5.49979e-09 7.37852e-09 9.01668e-09 1.02338e-08 1.10035e-08 1.14165e-08 1.16035e-08 1.16741e-08 1.16948e-08 1.16918e-08 1.16564e-08 1.15389e-08  1.1239e-08 1.06183e-08
2.08111e-10 1.75031e-10 1.35093e-10 9.41809e-11 5.85076e-11 3.20036e-11 1.52424e-11 6.24858e-12 2.17685e-12 6.38001e-13 1.87158e-13   2.528e-13 1.02398e-12  3.5825e-12 1.01128e-11 2.36294e-11 4.67478e-11 7.98277e-11 1.19766e-10 1.60678e-10 1.96351e-10 2.22855e-10 2.39616e-10  2.4861e-10 2.52682e-10 2.54221e-10 2.54671e-10 2.54606e-10 2.53835e-10 2.51276e-10 2.44746e-10 2.31229e-10
2.08111e-12 1.75031e-12 1.35093e-12 9.41809e-13 5.85076e-13 3.20036e-13 1.52424e-13 6.24858e-14 2.17685e-14 6.38001e-15 1.87158e-15   2.528e-15 1.02398e-14  3.5825e-14 1.01128e-13 2.36294e-13 4.67478e-13 7.98277e-13 1.19766e-12 1.60678e-12 1.96351e-12 2.22855e-12 2.39616e-12  2.4861e-12 2.52682e-12 2.54221e-12 2.54671e-12 2.54606e-12 2.53835e-12 2.51276e-12 2.44746e-12 2.31229e-12
0 0 0 0 0 0 0 0 0 0 0 0 0 0 0 0 0 0 0 0 0 0 0 0 0 0 0 0 0 0 0 0
0 0 0 0 0 0 0 0 0 0 0 0 0 0 0 0 0 0 0 0 0 0 0 0 0 0 0 0 0 0 0 0
0 0 0 0 0 0 0 0 0 0 0 0 0 0 0 0 0 0 0 0 0 0 0 0 0 0 0 0 0 0 0 0
0 0 0 0 0 0 0 0 0 0 0 0 0 0 0 0 0 0 0 0 0 0 0 0 0 0 0 0 0 0 0 0
   0.206891    0.174005    0.134301    0.093629   0.0581648   0.0318161   0.0151531  0.00621196   0.0021641 0.000634262 0.000186061 0.000251318  0.00101798   0.0035615   0.0100536   0.0234909   0.0464738   0.0793598    0.119064    0.159736      0.1952    0.221549    0.238212    0.247153    0.251201    0.252731    0.253179    0.253114    0.252347    0.249803    0.243311    0.229874
   0.507824    0.427104    0.329649    0.229817    0.142768    0.078094   0.0371939   0.0152475  0.00531187  0.00155682 0.000456696 0.000616872  0.00249867  0.00874187   0.0246769   0.0576596    0.114072    0.194792    0.292247    0.392079    0.479128    0.543802    0.584702    0.606648    0.616584    0.620339    0.621439    0.621279    0.619397    0.613154    0.597219    0.564236
   0.708446    0.595836     0.45988    0.320608     0.19917    0.108946   0.0518878   0.0212712  0.00741039  0.00217187 0.000637119 0.000860575   0.0034858   0.0121954   0.0344259   0.0804386    0.159138    0.271747    0.407703    0.546975    0.668413    0.758637    0.815695    0.846312    0.860173    0.865411    0.866946    0.866723    0.864097    0.855388    0.833157    0.787144
   0.789505     0.66401    0.512499    0.357292    0.221959    0.121411   0.0578248   0.0237051  0.00825827  0.00242037 0.000710018 0.000959041  0.00388464   0.0135908   0.0383648   0.0896423    0.177346     0.30284    0.454352    0.609559    0.744892    0.845439    0.909026    0.943146    0.958592     0.96443    0.966141    0.965892    0.962966     0.95326    0.928486    0.877208
