   0.137978     0.61654    0.976371     1.01144    0.772867    0.502621    0.399214    0.468553     0.58076    0.621622    0.578404    0.523111    0.544408    0.666979    0.794947    0.750991    0.432555  -0.0460077   -0.405838    -0.44091   -0.202335    0.067912    0.171319     0.10198  -0.0102277  -0.0510894 -0.00787145   0.0474213    0.026125  -0.0964465   -0.224415   -0.180459
    0.27256    0.846553     1.26189     1.30128     1.03612    0.738746    0.624473    0.696509     0.81345    0.854193     0.80944      0.7604    0.798928    0.936605     1.05154     0.94779    0.532843  -0.0411491   -0.456482   -0.495875   -0.230717   0.0666574    0.180931    0.108895 -0.00804697  -0.0487899 -0.00403686   0.0450036  0.00647536   -0.131202   -0.246136   -0.142387
   0.362227     0.98235     1.42489     1.46962      1.1967    0.890117    0.771495     0.84345     0.96115     1.00188    0.958094    0.913603    0.958964     1.09786     1.19752     1.05719    0.592229  -0.0278941    -0.47043   -0.515163   -0.242242   0.0643387    0.182961    0.111006  -0.0066935  -0.0474239  -0.0036377   0.0408533 -0.00450797   -0.143401   -0.243064   -0.102733
   0.390012      1.0213     1.47072     1.51771     1.24418    0.936302    0.816917    0.888694      1.0064     1.04723     1.00396    0.960555     1.00674     1.14421     1.23817     1.08754    0.609988   -0.021298   -0.470722   -0.517713   -0.244179   0.0636978    0.183083    0.111306 -0.00640317  -0.0472309 -0.00395743   0.0394449 -0.00674407   -0.144214    -0.23817  -0.0875445
   0.390012      1.0213     1.47072     1.51771     1.24418    0.936301    0.816917    0.888696      1.0064     1.04723     1.00396    0.960555     1.00674     1.14421     1.23817     1.08754    0.609988  -0.0212989   -0.470723   -0.517713   -0.244177   0.0636995    0.183083    0.111304  -0.0064044  -0.0472303 -0.00395622   0.0394454 -0.00674435   -0.144214    -0.23817  -0.0875449
   0.390013     1.02131     1.47073     1.51771     1.24417    0.936293    0.816921    0.888706     1.00641     1.04723     1.00395    0.960552     1.00675     1.14422     1.23817     1.08755    0.609987  -0.0213057    -0.47073    -0.51771   -0.244166   0.0637071    0.183079    0.111294 -0.00640939  -0.0472267 -0.00395023   0.0394475 -0.00674566   -0.144216   -0.238173  -0.0875477
   0.390027     1.02134     1.47075     1.51768     1.24411    0.936265    0.816946    0.888751     1.00642     1.04721     1.00392    0.960543     1.00675     1.14423     1.23819     1.08756    0.609971  -0.0213437   -0.470753   -0.517685   -0.244112   0.0637335    0.183052    0.111248 -0.00642586  -0.0472068 -0.00392465    0.039456 -0.00675145   -0.144228   -0.238188  -0.0875574
   0.390132      1.0215     1.47079     1.51752     1.24388     0.93619    0.817078     0.88892     1.00646     1.04711     1.00382    0.960504     1.00677     1.14428     1.23825     1.08756    0.609859    -0.02151     -0.4708   -0.517528   -0.243889   0.0638003    0.182913    0.111071 -0.00646907  -0.0471206 -0.00382869   0.0394865 -0.00677905    -0.14429   -0.238259  -0.0875706
    0.39064     1.02203     1.47071     1.51674     1.24306    0.936044    0.817595     0.88945     1.00649     1.04675     1.00345    0.960366     1.00685      1.1445     1.23843     1.08742    0.609302  -0.0220842   -0.470773   -0.516801   -0.243117   0.0638977    0.182346    0.110492 -0.00655345  -0.0468066 -0.00351333   0.0395759 -0.00691063    -0.14456   -0.238492  -0.0874818
   0.392518     1.02332     1.46971     1.51382     1.24057    0.935866    0.819209    0.890801     1.00633     1.04552      1.0023     0.95992     1.00714     1.14516     1.23868     1.08638     0.60716  -0.0236368   -0.470035   -0.514137   -0.240887   0.0638121    0.180469    0.108878 -0.00664801  -0.0458406  -0.0026199   0.0397583 -0.00746231   -0.145484   -0.238997  -0.0867041
   0.397895     1.02529     1.46476     1.50463     1.23393    0.935728    0.823131    0.893435     1.00504     1.04181    0.998974    0.958596     1.00781     1.14638     1.23783     1.08169    0.600577  -0.0268179   -0.466283   -0.506156   -0.235452   0.0627448    0.175342    0.105038 -0.00657143   -0.043333 -0.00050121   0.0398765 -0.00934211    -0.14791   -0.239356   -0.083218
   0.409679     1.02505      1.4475     1.48012     1.21795    0.934847    0.830017    0.896493    0.999638     1.03169    0.990236    0.954681      1.0081     1.14623     1.23084     1.06603    0.584083  -0.0312908   -0.453744   -0.486358   -0.224185   0.0589141    0.163744   0.0972682 -0.00587719  -0.0379245  0.00352546   0.0390806  -0.0143411   -0.152468   -0.237083  -0.0722689
  0.428246    1.01218    1.40044    1.42374    1.18233   0.928297   0.836063     0.8942    0.98217    1.00671   0.968972    0.94289    1.00256     1.1356    1.20377    1.02484   0.549967 -0.0339621  -0.422231  -0.445528  -0.204119  0.0499157    0.14215  0.0840133 -0.0039573 -0.0284981 0.00924127  0.0353228  -0.024346   -0.15739  -0.225557 -0.0466266
    0.444497     0.964278      1.29602      1.31121       1.1086      0.90075     0.825934      0.87026     0.936106     0.951261     0.921066       0.9093     0.973897      1.09117      1.13014     0.937304     0.490958   -0.0288222    -0.360565    -0.375756    -0.173147    0.0347052     0.109522    0.0651958 -0.000650872   -0.0158057    0.0143899    0.0261555    -0.038441    -0.155711    -0.194689  -0.00184838
    0.43499    0.851075     1.10574     1.11743    0.970958    0.822941    0.768773     0.79586    0.836308    0.842849    0.823918    0.827401    0.889089    0.976047    0.978177    0.785718    0.404261  -0.0118238   -0.266493   -0.278176   -0.131707   0.0163097   0.0704784   0.0433906  0.00294276 -0.00359777   0.0153329   0.0118498  -0.0498377   -0.136796   -0.138926   0.0535329
   0.371923    0.655565     0.82379    0.836009     0.75139    0.665113    0.631803    0.643373    0.661951    0.663353    0.656054    0.668676     0.71544    0.763217    0.736144    0.572942    0.294788   0.0111453   -0.157079   -0.169298  -0.0846794  0.00159757   0.0349076   0.0233379  0.00475926  0.00335747    0.010657 -0.00196509  -0.0487292  -0.0965066  -0.0694337   0.0937682
   0.252034    0.404758    0.494351     0.50627    0.471312    0.433682    0.417703    0.420141    0.425642    0.425609    0.425554    0.437444    0.462336    0.477235    0.443222    0.336553    0.177433   0.0247097  -0.0648837  -0.0768025  -0.0418442 -0.00421455   0.0117642  0.00932606  0.00382486  0.00385854  0.00391377  -0.0079765   -0.032869  -0.0477673  -0.0137552   0.0929141
   0.117452    0.174745    0.208836    0.216434    0.208058    0.197556    0.192444    0.192185    0.192952    0.193038    0.194517    0.200155    0.207816    0.207609    0.186631    0.139754   0.0771449   0.0198511  -0.0142397  -0.0218375  -0.0134619 -0.00295996  0.00215234   0.0024113  0.00164409  0.00155896 7.91778e-05 -0.00555878  -0.0132194  -0.0130122  0.00796595   0.0548425
   0.0277853    0.0389477     0.045835     0.048093    0.0474807    0.0461851    0.0454218    0.0452435    0.0452532    0.0453509    0.0458638    0.0469524    0.0477799     0.046357    0.0406493    0.0303553    0.0177586   0.00659617 -0.000291155  -0.00254916  -0.00193684 -0.000641258  0.000122047  0.000300339  0.000290618  0.000192987 -0.000319981  -0.00140849  -0.00223604  -0.00081312   0.00489454    0.0151886
 7.90416e-08 -7.09829e-08 -2.44533e-07 -1.31304e-07  2.17887e-07  3.59539e-07  6.87391e-08 -3.01692e-07 -2.91633e-07  4.07744e-08  2.46359e-07  1.28866e-07 -5.99476e-08 -7.77294e-08 -2.08566e-08 -5.40381e-08 -7.76439e-08  7.23806e-08  2.45931e-07  1.32701e-07 -2.16489e-07 -3.58142e-07 -6.73414e-08   3.0309e-07  2.93031e-07 -3.93767e-08 -2.44961e-07 -1.27469e-07  6.13453e-08  7.91271e-08  2.22543e-08  5.54358e-08
 2.57974e-07 -9.45263e-07 -1.60319e-06 -2.48856e-07  1.90464e-06  2.09283e-06 -1.52051e-07 -2.11152e-06 -1.50405e-06  5.71334e-07   1.4771e-06  6.32792e-07  -3.3187e-07 -4.06725e-07 -2.97767e-07 -5.20212e-07 -2.42393e-07  9.60844e-07  1.61877e-06  2.64436e-07 -1.88906e-06 -2.07725e-06  1.67632e-07   2.1271e-06  1.51963e-06 -5.55754e-07 -1.46152e-06 -6.17212e-07  3.47451e-07  4.22306e-07  3.13348e-07  5.35793e-07
-6.57411e-07 -7.56305e-06 -8.02389e-06   2.2321e-06  1.26553e-05  9.84707e-06 -3.73893e-06 -1.20251e-05 -6.35654e-06  4.39112e-06  7.59818e-06  2.88051e-06 -1.49939e-06 -2.26117e-06 -2.70313e-06 -3.09536e-06  8.08003e-07  7.71364e-06  8.17448e-06 -2.08151e-06 -1.25047e-05 -9.69648e-06  3.88952e-06  1.21757e-05  6.50713e-06 -4.24052e-06 -7.44759e-06 -2.72992e-06  1.64998e-06  2.41176e-06  2.85372e-06  3.24595e-06
-1.54278e-05 -4.44523e-05 -2.96888e-05  2.86493e-05  6.76377e-05  3.73175e-05 -2.95562e-05 -5.68903e-05 -2.17142e-05  2.53181e-05  3.42937e-05  1.24836e-05 -6.17643e-06 -1.29195e-05 -1.72346e-05 -1.16947e-05  1.66922e-05  4.57167e-05  3.09533e-05 -2.73849e-05 -6.63733e-05 -3.60531e-05  3.08206e-05  5.81548e-05  2.29787e-05 -2.40536e-05 -3.30293e-05 -1.12191e-05  7.44086e-06  1.41839e-05   1.8499e-05  1.29592e-05
-0.000119555 -0.000202813 -6.90739e-05  0.000194074  0.000299434  0.000112157 -0.000160968 -0.000226003 -5.69618e-05  0.000119565  0.000138219  5.09278e-05 -2.58152e-05 -6.70888e-05 -8.00696e-05 -1.69748e-05  0.000128783  0.000212041  7.83022e-05 -0.000184846 -0.000290205 -0.000102928  0.000170196  0.000235231  6.61902e-05 -0.000110337  -0.00012899 -4.16994e-05  3.50435e-05  7.63171e-05   8.9298e-05  2.62032e-05
 -0.00062777 -0.000727706  6.82189e-06  0.000969949   0.00112067  0.000258777 -0.000678591 -0.000755636 -9.20617e-05  0.000482806  0.000502857  0.000189624 -0.000108117   -0.0002874  -0.00026381  0.000121089  0.000686275  0.000786211  5.16835e-05 -0.000911444  -0.00106217 -0.000200272  0.000737097  0.000814142  0.000150567   -0.0004243 -0.000444352 -0.000131119  0.000166622  0.000345905  0.000322315 -6.25834e-05
 -0.00250605  -0.00201731    0.0010081   0.00389666   0.00361349  0.000436251  -0.00229217  -0.00210662  7.64312e-05   0.00171189   0.00165933  0.000635051 -0.000396741 -0.000949094 -0.000506107   0.00116186    0.0028276   0.00233887 -0.000686538   -0.0035751  -0.00329193 -0.000114694   0.00261373   0.00242818  0.000245126  -0.00139033  -0.00133777 -0.000313494  0.000718299   0.00127065  0.000827664 -0.000840306
 -0.00788334  -0.00399274   0.00596599    0.0130833    0.0102536  0.000574568  -0.00621417  -0.00474126   0.00135867   0.00542506   0.00498368   0.00195896  -0.00107089  -0.00216899  0.000341165   0.00585361   0.00941055   0.00551996  -0.00443878    -0.011556  -0.00872643  0.000952644   0.00774138   0.00626847  0.000168547  -0.00389785  -0.00345647 -0.000431748    0.0025981    0.0036962   0.00118605  -0.00432639
  -0.0196667  -0.00375404    0.0232168    0.0375929    0.0262327   0.00145547   -0.0131006  -0.00779904   0.00676447    0.0155452    0.0137219   0.00587459  -0.00135828  -0.00201577    0.0073251    0.0215143    0.0259055   0.00999283    -0.016978   -0.0313541   -0.0199939   0.00478332    0.0193394    0.0140378 -0.000525686  -0.00930642  -0.00748314  0.000364196   0.00759706   0.00825456  -0.00108631   -0.0152755
 -0.0382343   0.0091228   0.0702771   0.0939711    0.061847  0.00800523   -0.019146 -0.00550579   0.0242326   0.0405198   0.0349859    0.017665  0.00418495  0.00861081      0.0344   0.0627048   0.0600213   0.0126642  -0.0484902  -0.0721841  -0.0400601   0.0137817    0.040933   0.0272928 -0.00244558  -0.0187328  -0.0131989  0.00412198    0.017602   0.0131762   -0.012613  -0.0409178
 -0.0544852   0.0570202    0.174701    0.206501    0.135577   0.0355523 -0.00901688   0.0184342   0.0702965   0.0959697   0.0828921   0.0512552   0.0328475   0.0530477    0.108025    0.150241     0.11903  0.00752426   -0.110157   -0.141956  -0.0710323   0.0289922   0.0735614   0.0461103 -0.00575201  -0.0314252  -0.0183476   0.0132893    0.031697   0.0114968  -0.0434804   -0.085696
 -0.0449778    0.170223    0.364977    0.400286    0.273221    0.113361   0.0481441   0.0928335    0.170095    0.204382    0.180039    0.133154    0.117655    0.168166    0.259993    0.301826    0.205727 -0.00947421   -0.204228   -0.239537   -0.112472   0.0473877    0.112605   0.0679155 -0.00934564  -0.0436331  -0.0192906   0.0275949   0.0430937  -0.0074174  -0.0992443   -0.141077
  0.018089   0.365733   0.646932   0.681704   0.492789    0.27119   0.185114   0.245321   0.344452   0.383878   0.347904    0.29188   0.291304   0.380997   0.502026   0.514602     0.3152 -0.0324432  -0.313642  -0.348414  -0.159499  0.0620998   0.148176  0.0879682 -0.0111621 -0.0505884 -0.0146147  0.0414099  0.0419852 -0.0477071  -0.168736  -0.181313
