-0.00889397  0.00641557   0.0152244  0.00835303  -0.0117487  -0.0284026  -0.0216911   0.0103534   0.0436664   0.0488611   0.0217053   -0.011917  -0.0231435  -0.0078426   0.0145173   0.0237927   0.0158099 0.000500323 -0.00830849 -0.00143714   0.0186646   0.0353185    0.028607 -0.00343755  -0.0367505  -0.0419452  -0.0147894   0.0188329   0.0300594   0.0147585 -0.00760145  -0.0168768
 -0.0119556   0.0166996   0.0277118  0.00586762  -0.0362609  -0.0598408  -0.0301436   0.0437591    0.106389    0.105474   0.0449388  -0.0191241   -0.035422 -0.00319963   0.0379459   0.0518639   0.0337032  0.00504797 -0.00596418     0.01588   0.0580085   0.0815884   0.0518912  -0.0220115   -0.084641  -0.0837265  -0.0231912   0.0408717   0.0571696   0.0249472  -0.0161983  -0.0301163
-0.0111673  0.0333727  0.0393564 -0.0115728 -0.0836907  -0.103183 -0.0217101   0.123307   0.225936   0.207176    0.09244 -0.0152024 -0.0358818  0.0216228  0.0876201   0.104849  0.0705646  0.0260246  0.0200409  0.0709701   0.143088    0.16258  0.0811074 -0.0639092  -0.166538  -0.147779 -0.0330427  0.0745997  0.0952791  0.0377745 -0.0282228 -0.0454514
-0.00414534   0.0522841   0.0400793  -0.0531906   -0.153173   -0.143326   0.0281446    0.273845    0.422511    0.371859    0.184657   0.0240816 0.000217698   0.0879449    0.180424    0.197729    0.144071   0.0876417   0.0998465    0.193116    0.293099    0.283252    0.111781   -0.133919   -0.282585   -0.231933  -0.0447311    0.115844    0.139708   0.0519809  -0.0404982  -0.0578027
0.00726573  0.0644907  0.0209219  -0.117377  -0.227672  -0.154468   0.140846   0.504991   0.699048   0.607672   0.341803   0.127318   0.100554   0.216259   0.330654   0.344914   0.275023   0.217798   0.261367   0.399666   0.509961   0.436757   0.141443  -0.222702  -0.416759  -0.325383 -0.0595144   0.154971   0.181735  0.0660295 -0.0483651 -0.0626254
 0.0169411  0.0629911 -0.0155732   -0.18578  -0.279724   -0.11752   0.312535     0.7912    1.02452   0.895463   0.562051   0.302527   0.271823   0.406509   0.534306    0.54504   0.467847   0.421797   0.500361   0.670567   0.764511   0.602308   0.172253  -0.306412  -0.539736  -0.410675 -0.0772627   0.182261   0.212965  0.0782788 -0.0495181 -0.0602523
 0.0200581  0.0506075 -0.0534286  -0.234002  -0.292827 -0.0419814   0.501444    1.06887    1.33223    1.17909   0.801844   0.512686   0.477232   0.620435   0.753912   0.763271   0.687479   0.656929   0.760965   0.941539    1.00036   0.749518   0.206092   -0.36133  -0.624692  -0.471554 -0.0943074   0.194851   0.230305  0.0871018 -0.0463752 -0.0557338
 0.0180766  0.0379057    -0.0768  -0.252729  -0.277883  0.0345797   0.648121    1.26786    1.55046    1.38812   0.991046   0.687646   0.648451    0.79361   0.928681   0.938735     0.8673   0.847471   0.962177    1.13811    1.16326   0.850797   0.237255  -0.382487  -0.665083  -0.502741  -0.105669   0.197731   0.236925  0.0917665 -0.0433043 -0.0533584
 0.0157871  0.0318519 -0.0842835  -0.253733  -0.260914  0.0787992    0.72095    1.36166    1.65311    1.48958     1.0872   0.779491   0.738653   0.883795    1.01921    1.03018   0.961288   0.945223    1.06136    1.23081    1.23799   0.898276   0.256126  -0.384586  -0.676034  -0.512508  -0.110129   0.197585   0.238423  0.0932804 -0.0421391 -0.0531094
 0.0151419  0.0307535  -0.084975  -0.252227  -0.255052  0.0905008   0.738465    1.38346      1.677    1.51377    1.11084   0.802558   0.761435   0.906514      1.042    1.05324   0.984858   0.969246    1.08497    1.25223    1.25505   0.909499   0.261535   -0.38346  -0.677001   -0.51377  -0.110844   0.197442   0.238565   0.093486 -0.0420029 -0.0532401
 0.0151641  0.0307602  -0.084983  -0.252242  -0.255066  0.0904986   0.738483    1.38349    1.67701    1.51374     1.1108   0.802546   0.761461   0.906548    1.04201    1.05322   0.984835   0.969239    1.08498    1.25224    1.25507   0.909501   0.261517  -0.383488   -0.67701  -0.513744  -0.110805   0.197454   0.238539  0.0934513 -0.0420114 -0.0532209
 0.0152418  0.0307788 -0.0850199  -0.252304  -0.255114  0.0905129   0.738575    1.38359    1.67701    1.51361    1.11066    0.80253   0.761576   0.906665    1.04202    1.05314   0.984755   0.969218    1.08502     1.2523    1.25511   0.909484   0.261422  -0.383591  -0.677009  -0.513616  -0.110666   0.197467   0.238421  0.0933314 -0.0420246 -0.0531432
  0.015482  0.0308148 -0.0851751  -0.252533   -0.25524  0.0906528   0.738946    1.38387    1.67686    1.51309    1.11022   0.802569   0.761992   0.907009      1.042    1.05285   0.984499   0.969166    1.08516    1.25251    1.25522   0.909328   0.261035  -0.383888  -0.676878  -0.513107  -0.110243   0.197412   0.237989  0.0929714 -0.0420164 -0.0528724
 0.0161278  0.0308212 -0.0857393  -0.253225  -0.255429  0.0913656   0.740157    1.38444    1.67599    1.51132    1.10906   0.802914   0.763262   0.907866    1.04176    1.05195   0.983771   0.969078    1.08564    1.25312    1.25533   0.908533   0.259742  -0.384543   -0.67609  -0.511421  -0.109157   0.196985   0.236637  0.0920325 -0.0418623  -0.052054
 0.0175948  0.0305168 -0.0874584  -0.254877  -0.255225  0.0939945   0.743346    1.38498    1.67252    1.50622    1.10634   0.804249   0.766504   0.909622    1.04071    1.04945   0.981936   0.969014    1.08699    1.25441    1.25476   0.905536   0.256185  -0.385453  -0.672993  -0.506685  -0.106808   0.195281   0.233027  0.0899082 -0.0411826 -0.0499194
 0.0202968  0.0289953 -0.0917408  -0.257776  -0.252761   0.101561   0.749982     1.3834    1.66165    1.49339    1.10063   0.807804   0.773327   0.912327    1.03721    1.04325   0.977781   0.969083    1.08982    1.25585    1.25084   0.896517   0.248096  -0.385318  -0.663572   -0.49531  -0.102548   0.190274   0.224751   0.085751  -0.039135 -0.0451747
 0.0240286  0.0243353  -0.100197  -0.260577    -0.2433   0.118905   0.760153     1.3731    1.63333    1.46491    1.08915   0.814481   0.784573   0.914346    1.02748    1.02945   0.969055   0.968749    1.09328    1.25366    1.23638   0.874179   0.232931  -0.380015  -0.640245  -0.471829 -0.0960654   0.178603   0.208511  0.0787384 -0.0343968 -0.0363681
 0.0270903  0.0140512  -0.112685  -0.258091  -0.218788   0.150343   0.768606    1.33969    1.57061     1.4083    1.06592   0.821688   0.796851   0.909703    1.00405    1.00138   0.951162   0.964201    1.09094    1.23634    1.19704   0.827909   0.209647  -0.361441  -0.592355  -0.430047 -0.0876637   0.156564   0.181401  0.0685496    -0.0258 -0.0231286
   0.026302 -0.00262186   -0.124329   -0.240651   -0.171358    0.193685    0.760172     1.26015     1.45106      1.3066     1.01841    0.817767    0.797311     0.88488    0.954378    0.948396    0.914301    0.943225     1.06493     1.18125     1.11196    0.746917     0.18043   -0.319543   -0.510457   -0.365995  -0.0778122    0.122836    0.143291   0.0557224  -0.0137755  -0.0077935
    0.01928  -0.0215333   -0.125052   -0.199033   -0.101876    0.233829    0.710318     1.10961     1.25448     1.14192    0.926198    0.778483    0.761212    0.818558    0.861574    0.855516    0.840794    0.881607    0.985126     1.05911     0.96195    0.626245    0.149757   -0.249533    -0.39441   -0.281841  -0.0661237   0.0815913   0.0988624    0.041516 -0.00150009  0.00455777
0.00786894 -0.0337399  -0.105895  -0.134847 -0.0273765    0.24497   0.597616   0.878461   0.977947   0.906102   0.769052   0.675247   0.660875   0.690244   0.711344   0.708331   0.709842   0.751451   0.823606   0.852558   0.745088   0.472741   0.120095   -0.16075  -0.260236  -0.188391 -0.0513404  0.0424646  0.0568357  0.0274673  0.0063668 0.00938051
-0.00180639 -0.0322402 -0.0693997 -0.0664442  0.0246749   0.208023   0.425927   0.592253   0.652472   0.618311   0.548804   0.500038   0.489607   0.499994   0.507692   0.508205   0.517019   0.547452   0.584612   0.581656   0.490537   0.307189  0.0892851 -0.0770407   -0.13726  -0.103099 -0.0335922  0.0151743  0.0256056   0.015218 0.00751987 0.00700734
-0.00492345 -0.0198566 -0.0315443 -0.0182218  0.0377786   0.132484   0.237018   0.314585   0.344767   0.334683   0.309011   0.289879   0.284197   0.286068   0.288086   0.289974   0.297387    0.31232   0.324008   0.310685   0.254685   0.159979  0.0554456 -0.0221223 -0.0523036 -0.0422196 -0.0165475 0.00258445 0.00826591 0.00639502 0.00437692 0.00248885
 -0.00294198  -0.00715482  -0.00817294  0.000504963    0.0228341    0.0559229    0.0903409     0.115589     0.126536     0.125656     0.119809     0.114919     0.112978     0.112893     0.113317      0.11451     0.117565     0.121778     0.122796     0.114118    0.0917893    0.0587004    0.0242824 -0.000965896   -0.0119122    -0.011033   -0.0051856 -0.000295235   0.00164521   0.00173035   0.00130601  0.000113475
-0.000652461  -0.00110104 -0.000689479   0.00150938   0.00586571    0.0117034    0.0175123    0.0217915    0.0238866    0.0241907    0.0236503    0.0230737    0.0227768    0.0227082    0.0227839    0.0230602    0.0235771    0.0240257    0.0236142    0.0214153     0.017059    0.0112212   0.00541233   0.00113313 -0.000961967  -0.00126597 -0.000725657 -0.000149022  0.000147922  0.000216456  0.000140773 -0.000135523
-7.24166e-06 -2.66125e-06  2.04555e-06  3.57506e-06  3.48104e-06  1.92021e-06 -2.67848e-06 -7.38225e-06 -5.29188e-06   4.2224e-06  1.11981e-05  6.50715e-06 -5.30814e-06 -1.08142e-05 -4.58377e-06  4.88094e-06  7.30762e-06  2.72721e-06 -1.97959e-06  -3.5091e-06 -3.41508e-06 -1.85425e-06  2.74444e-06   7.4482e-06  5.35784e-06 -4.15644e-06 -1.11321e-05 -6.44119e-06   5.3741e-06  1.08801e-05  4.64973e-06 -4.81498e-06
-2.94309e-05 -9.32704e-06   1.0017e-05  1.79194e-05  1.69068e-05  4.07687e-06 -2.05195e-05 -3.50833e-05 -1.40259e-05  3.05489e-05  5.03706e-05  1.86481e-05 -3.13929e-05 -4.50367e-05 -1.25885e-05  2.45378e-05  2.99228e-05  9.81893e-06 -9.52508e-06 -1.74275e-05 -1.64149e-05 -3.58498e-06  2.10114e-05  3.55752e-05  1.45178e-05  -3.0057e-05 -4.98787e-05 -1.81562e-05  3.18847e-05  4.55286e-05  1.30804e-05 -2.40459e-05
-0.000107086 -2.79674e-05  4.69522e-05  8.02691e-05   6.5144e-05  -1.0189e-05 -0.000112387 -0.000134885 -1.06471e-05  0.000161133  0.000192454  3.44231e-05 -0.000146066  -0.00016219 -2.30691e-05  0.000104987  0.000110352  3.12335e-05 -4.36861e-05 -7.70031e-05  -6.1878e-05  1.34551e-05  0.000115653  0.000138151  1.39132e-05 -0.000157867 -0.000189188  -3.1157e-05  0.000149332  0.000165456  2.63352e-05 -0.000101721
-0.000347353 -6.39611e-05  0.000202135  0.000309399  0.000191826 -0.000150158 -0.000483929 -0.000416556   0.00013692  0.000685724  0.000631581  -4.6983e-06 -0.000562665  -0.00050621  1.13538e-06  0.000391771   0.00036664  8.32479e-05 -0.000182848 -0.000290112 -0.000172539  0.000169445  0.000503216  0.000435843 -0.000117633 -0.000666437 -0.000612294  2.39851e-05  0.000581951  0.000525496  1.81514e-05 -0.000372484
-0.000993092 -7.03453e-05  0.000766306   0.00100083  0.000380207 -0.000862902  -0.00169502 -0.000989508   0.00100662    0.0024538   0.00179927 -0.000349207  -0.00183206  -0.00136328  0.000237099   0.00129199    0.0010942  0.000171452 -0.000665199  -0.00089972   -0.0002791  0.000964009   0.00179613   0.00109062 -0.000905512   -0.0023527  -0.00169817  0.000450314   0.00193317   0.00146439 -0.000135992  -0.00119088
  -0.0024601  0.000234079   0.00248544   0.00265343  0.000176212  -0.00349181  -0.00488341   -0.0015315   0.00447138   0.00755836   0.00451566  -0.00168484  -0.00507451  -0.00311936   0.00128494   0.00379483    0.0029294  0.000235219  -0.00201614  -0.00218413  0.000293086   0.00396111    0.0053527    0.0020008  -0.00400208  -0.00708907  -0.00404636   0.00215413   0.00554381   0.00358866 -0.000815646  -0.00332553
-0.00516217  0.00175555  0.00676784  0.00555172 -0.00228728  -0.0110587  -0.0115201 5.63401e-05   0.0153455   0.0203857   0.0102292 -0.00523992  -0.0118979 -0.00582377  0.00478528  0.00999229  0.00708422 0.000166501 -0.00484579 -0.00362967  0.00420933   0.0129807   0.0134422  0.00186571  -0.0134234  -0.0184636 -0.00830716  0.00716197     0.01382  0.00774582 -0.00286323 -0.00807024
