-0.00971589  -0.0921985   -0.122149  -0.0329849    0.144671    0.287829    0.290253    0.166242   0.0327544 -0.00809442   0.0452233    0.118294    0.144311    0.114127   0.0673211   0.0564842    0.108124    0.190606    0.220557    0.131393  -0.0462632   -0.189422   -0.191845  -0.0678341   0.0656533    0.106502   0.0531844  -0.0198858  -0.0459035  -0.0157189   0.0310867   0.0419235
 -0.0517145   -0.163796   -0.164333   0.0228553    0.318389    0.527436    0.511208    0.316691    0.123386   0.0699057    0.147027    0.245578    0.274832     0.22889    0.171119    0.177092    0.270606    0.382688    0.383225    0.196037  -0.0994975   -0.308545   -0.292316  -0.0977995   0.0955061    0.148986   0.0718649  -0.0266863    -0.05594 -0.00999813   0.0477727   0.0417997
   -0.110382    -0.231947    -0.171019     0.141769     0.566761     0.840325     0.802735     0.540373     0.292043      0.22648     0.322181     0.439234     0.468488     0.410956     0.353162     0.386481     0.520426     0.641992     0.581063     0.268276    -0.156716     -0.43028    -0.392691    -0.130329     0.118002     0.183565    0.0878631   -0.0291898   -0.0584439 -0.000911559    0.0568822    0.0235632
  -0.163508   -0.269996   -0.131716    0.302608    0.839712     1.16616      1.1138    0.802862    0.515317     0.43961    0.544896    0.671173    0.699356    0.637987    0.589225    0.649127    0.807184    0.913672    0.775391    0.341067   -0.196036   -0.522486   -0.470124   -0.159186    0.128358    0.204066   0.0987793  -0.0274974    -0.05568  0.00568874   0.0544507 -0.00545084
 -0.192143  -0.272845 -0.0705871   0.448694    1.05855    1.41967     1.3627    1.02798   0.720354   0.638091   0.745915   0.874952   0.902894   0.843092   0.804014   0.879221    1.04233    1.12303   0.920776   0.401495  -0.208366  -0.569485  -0.512508  -0.177796   0.129835   0.212098   0.104274 -0.0247626 -0.0527049 0.00709714  0.0461748 -0.0290322
 -0.198599  -0.261427 -0.0265363   0.531408      1.173    1.55019    1.49417     1.1528    0.83879   0.753854   0.861655   0.991085    1.01943    0.96166   0.927181    1.00657    1.16629    1.22911   0.994224   0.436279  -0.205309  -0.582504  -0.526484  -0.185112   0.128897   0.213834   0.106032 -0.0233972 -0.0517428 0.00602788  0.0405066 -0.0388841
 -0.198019  -0.255666 -0.0128673   0.553746    1.20233    1.58339    1.52832    1.18631   0.871431   0.786024    0.89371    1.02317    1.05172   0.994525   0.960841    1.04033    1.19802    1.25567    1.01287   0.446254  -0.202328  -0.583391  -0.528319  -0.186311   0.128569   0.213976    0.10629 -0.0231684 -0.0517211  0.0054745  0.0391594 -0.0403344
 -0.198022  -0.255669 -0.0128694   0.553748    1.20233     1.5834    1.52832     1.1863   0.871425   0.786029   0.893719    1.02317    1.05172   0.994519   0.960838    1.04034    1.19802    1.25567    1.01287   0.446252  -0.202334  -0.583396  -0.528316  -0.186301   0.128575   0.213971   0.106281 -0.0231726 -0.0517171 0.00548041  0.0391616 -0.0403359
 -0.198035  -0.255684 -0.0128751   0.553765    1.20237    1.58341    1.52829    1.18625   0.871406   0.786055   0.893759    1.02318     1.0517   0.994495    0.96083    1.04034    1.19803    1.25568    1.01287   0.446234  -0.202368  -0.583411  -0.528289  -0.186255   0.128593   0.213944    0.10624 -0.0231849 -0.0516974 0.00550455  0.0391694 -0.0403428
 -0.198099  -0.255744 -0.0128726   0.553864    1.20249    1.58342    1.52814    1.18607   0.871366    0.78618   0.893901    1.02321    1.05161   0.994402     0.9608    1.04037    1.19809    1.25574    1.01287    0.44613  -0.202499   -0.58343  -0.528146  -0.186076   0.128629   0.213815   0.106093 -0.0232118 -0.0516149 0.00559202  0.0391945 -0.0403759
 -0.198352   -0.25592 -0.0127508   0.554303    1.20288     1.5833     1.5275    1.18547   0.871333   0.786651   0.894334    1.02321    1.05129   0.994095   0.960709    1.04049    1.19832    1.25589    1.01272   0.445664  -0.202917  -0.583336  -0.527534  -0.185501   0.128634   0.213315   0.105633 -0.0232439 -0.0513209 0.00587118  0.0392572 -0.0405235
 -0.199163  -0.256249 -0.0119937   0.555817    1.20376    1.58236    1.52523    1.18375   0.871493    0.78811   0.895431    1.02301    1.05024   0.993177   0.960474    1.04091    1.19898    1.25607    1.01181   0.444003   -0.20394  -0.582538  -0.525407   -0.18393   0.128327    0.21171   0.104389 -0.0231938 -0.0504223 0.00664281  0.0393459 -0.0410951
  -0.201189    -0.25628 -0.00895217     0.55997     1.20489     1.57822     1.51839     1.17945    0.872347    0.791786    0.897664     1.02191     1.04723    0.990716    0.959925     1.04208     1.20034     1.25544     1.00811    0.439185   -0.205737   -0.579063   -0.519239     -0.1803    0.126809    0.207369    0.101492  -0.0227583  -0.0480763  0.00843923   0.0392298  -0.0429235
 -0.204875   -0.25386 0.00017041    0.56886    1.20383    1.56458     1.5007    1.16969   0.874474   0.799095   0.900862     1.0178    1.03946   0.984725   0.958527    1.04416    1.20142     1.2504   0.996374   0.427684   -0.20729  -0.568036  -0.504156  -0.173149   0.122071   0.197449  0.0956818 -0.0212514 -0.0429166  0.0118195  0.0380172 -0.0476117
 -0.208699  -0.243377   0.021345   0.582783    1.19238    1.52821    1.46062    1.14874   0.876706   0.809363   0.902025    1.00539    1.02131   0.971122   0.954016    1.04466    1.19643    1.23111   0.966386   0.404948  -0.204653  -0.540482  -0.472889  -0.161009   0.111025   0.178369   0.085706 -0.0176623 -0.0335793  0.0166099  0.0337154 -0.0569295
 -0.206634  -0.215684  0.0592338   0.595009    1.15263    1.44732    1.38038    1.10533   0.871418   0.814679   0.891316   0.973791   0.982618    0.94156   0.938609    1.03286    1.16908    1.17813   0.903209   0.367434  -0.190187  -0.484881  -0.417936  -0.142884  0.0910253   0.147764  0.0711265  -0.011348 -0.0201751  0.0208826  0.0238343 -0.0704191
  -0.188303   -0.163467    0.109282    0.586731     1.05766     1.29556     1.23807     1.02007    0.838679    0.794118    0.848484    0.904873    0.907411      0.8804     0.89352     0.98385     1.08989     1.06506     0.79231    0.314861   -0.156063   -0.393967   -0.336473   -0.118479   0.0629133    0.107474   0.0531081 -0.00328109 -0.00581824   0.0211918  0.00807209  -0.0822576
  -0.146304  -0.0918701    0.151466    0.530891    0.883937     1.05595     1.01711    0.869622    0.748048    0.716118    0.746681    0.777589     0.77689    0.765637    0.789722    0.863242    0.927412    0.872978    0.629642    0.250217   -0.102829   -0.274844   -0.236003  -0.0885134   0.0330605   0.0649898   0.0344276  0.00351935  0.00421829   0.0154711 -0.00861393  -0.0821338
-0.0876367 -0.0237186   0.158152   0.411977   0.635566   0.743064   0.725584    0.64594   0.579391   0.559544   0.571526   0.583933   0.583233   0.583571   0.607679   0.653853   0.677592   0.613674   0.431803   0.177978 -0.0456103  -0.153109  -0.135628 -0.0559843  0.0105648  0.0304112  0.0184294 0.00602283 0.00672216  0.0063845 -0.0177234 -0.0638973
  -0.0345105    0.0143302     0.118849     0.251138     0.362615     0.417228     0.414519     0.383451     0.356116     0.346414     0.348811     0.351994     0.352366      0.35654     0.371616     0.391208     0.390835     0.341994     0.237476     0.105186  -0.00629065   -0.0609032   -0.0581947   -0.0271265   0.00020829   0.00991022   0.00751321   0.00433049   0.00395829 -0.000215798    -0.015292   -0.0348832
-0.00587552   0.0171787   0.0577203    0.105052    0.143772    0.163715    0.165622    0.158328    0.151079    0.147933    0.147792    0.148215    0.148828    0.151435    0.156827    0.161113    0.155687    0.132632   0.0920907   0.0447592  0.00603915  -0.0139043  -0.0158114 -0.00851707 -0.00126803  0.00187767   0.0020186  0.00159571  0.00098317  -0.0016242 -0.00701607  -0.0113019
 0.000580594   0.00576109    0.0136695     0.022338    0.0293303    0.0331975    0.0341476    0.0335129     0.032643    0.0321703    0.0320521     0.032082    0.0322912    0.0328671      0.03366    0.0337622    0.0317316    0.0265511    0.0186427   0.00997423   0.00298193 -0.000885273  -0.00183542  -0.00120071 -0.000330793  0.000141871  0.000260097  0.000230227  2.10466e-05 -0.000554934  -0.00134784  -0.00145001
 5.53334e-07  4.64107e-07   5.2714e-07  5.40061e-08 -1.12524e-06 -1.52995e-06   6.4746e-09  2.04422e-06  1.96641e-06 -3.86084e-07 -2.22172e-06 -1.44719e-06  6.85766e-07  1.56763e-06  6.82223e-07   -3.586e-07 -5.42016e-07 -4.52789e-07 -5.15822e-07  -4.2688e-08  1.13656e-06  1.54127e-06  4.84355e-09  -2.0329e-06 -1.95509e-06  3.97402e-07  2.23304e-06  1.45851e-06 -6.74447e-07 -1.55631e-06 -6.70905e-07  3.69918e-07
 3.07199e-06  3.30667e-06  2.65252e-06 -1.76801e-06 -7.65773e-06 -6.72146e-06    3.367e-06  1.21197e-05  8.21855e-06 -4.66792e-06  -1.1606e-05 -5.54936e-06  4.68882e-06  7.56424e-06  2.89375e-06 -1.72373e-06 -2.97088e-06 -3.20556e-06 -2.55142e-06  1.86912e-06  7.75884e-06  6.82256e-06  -3.2659e-06 -1.20186e-05 -8.11744e-06  4.76903e-06  1.17072e-05  5.65046e-06 -4.58772e-06 -7.46313e-06 -2.79264e-06  1.82484e-06
  1.6594e-05  1.82398e-05  8.36752e-06 -1.86887e-05 -4.01392e-05 -2.13779e-05  3.03239e-05  5.90662e-05  2.73066e-05 -3.12224e-05 -5.13025e-05 -1.71451e-05  2.50956e-05  3.24042e-05  1.14342e-05 -7.95506e-06 -1.57985e-05 -1.74442e-05 -7.57196e-06  1.94842e-05  4.09348e-05  2.21735e-05 -2.95283e-05 -5.82706e-05  -2.6511e-05   3.2018e-05   5.2098e-05  1.79407e-05    -2.43e-05 -3.16086e-05 -1.06386e-05  8.75062e-06
 8.06302e-05  7.80734e-05  5.82896e-06 -0.000118192 -0.000167352 -3.59552e-05  0.000178644  0.000241923  6.78579e-05 -0.000156013 -0.000193666 -3.93037e-05   0.00011234  0.000124589  4.12953e-05 -3.63075e-05 -7.51165e-05 -7.25596e-05 -3.15203e-07  0.000123706  0.000172866   4.1469e-05  -0.00017313 -0.000236409 -6.23441e-05  0.000161527   0.00019918  4.48175e-05 -0.000106826 -0.000119075 -3.57816e-05  4.18212e-05
 0.000334039  0.000254451  -0.00011597  -0.00055623  -0.00055636  8.61785e-05  0.000818453  0.000845871  0.000100627 -0.000627431 -0.000626041 -4.32977e-05  0.000434497  0.000431862  0.000132066 -0.000155852 -0.000300412 -0.000220825  0.000149597  0.000589856  0.000589986 -5.25522e-05 -0.000784826 -0.000812245 -6.70007e-05  0.000661058  0.000659667  7.69241e-05 -0.000400871 -0.000398236   -9.844e-05  0.000189478
  0.00114484  0.000582743 -0.000873065  -0.00207043  -0.00143331   0.00103089   0.00309181   0.00256308 -5.94745e-05  -0.00208559  -0.00172316  0.000153275   0.00147957   0.00134998  0.000367234  -0.00058089 -0.000964733 -0.000402635   0.00105317   0.00225054   0.00161342 -0.000850779  -0.00291171  -0.00238297  0.000239582    0.0022657   0.00190327  2.68328e-05  -0.00129946  -0.00116987 -0.000187126  0.000760998
  0.00317075     0.000614  -0.00391461  -0.00622363  -0.00256554   0.00517101   0.00992441   0.00685814 -0.000913172  -0.00576214  -0.00395612   0.00125342   0.00449017   0.00381106  0.000915761  -0.00174467  -0.00232598  0.000230768   0.00475938    0.0070684   0.00341031  -0.00432624  -0.00907964  -0.00601337   0.00175794   0.00660691   0.00480089  -0.00040865   -0.0036454  -0.00296629 -7.09938e-05   0.00258943
 0.00685694 -0.00180556  -0.0130372  -0.0151141 -0.00150737   0.0188086   0.0276194   0.0166203 -0.00304017  -0.0130709 -0.00715479  0.00537148   0.0122611  0.00980247  0.00231433 -0.00382166 -0.00340101  0.00526149   0.0164931     0.01857   0.0049633  -0.0153527  -0.0241635  -0.0131644   0.0064961   0.0165269   0.0106107 -0.00191555 -0.00880514 -0.00634654   0.0011416  0.00727759
  0.0106806  -0.0122891  -0.0342118  -0.0290369  0.00994212    0.055176   0.0676985    0.037573 -0.00527268  -0.0233386 -0.00831788   0.0177732    0.030411   0.0234055  0.00682528 -0.00432684  0.00158797   0.0245577   0.0464804   0.0413055  0.00232649  -0.0429074  -0.0554299  -0.0253044   0.0175413   0.0356072   0.0205865  -0.0055046  -0.0181424  -0.0111369  0.00544333   0.0165954
  0.0086152  -0.0399823  -0.0721006  -0.0412625   0.0496967    0.136066     0.14794   0.0809856 1.57965e-05  -0.0286547  0.00239116   0.0493761   0.0691038   0.0529668   0.0222327   0.0074721    0.028942   0.0775395    0.109658   0.0788197  -0.0121396  -0.0985084   -0.110383  -0.0434284   0.0375414   0.0662118    0.035166   -0.011819  -0.0315467  -0.0154096   0.0153245   0.0300851
