  1.5146e-10  5.99865e-11 -7.99709e-12  -5.5919e-13 -2.68427e-14  2.81666e-14 -3.28154e-15  1.17198e-16            0            0            0            0            0            0            0            0            0            0            0            0            0            0            0            0            0            0            0            0            0 -1.05478e-15   5.3911e-14 -9.53945e-12
 6.77404e-14  2.52366e-14 -3.98473e-15            0            0            0            0            0            0            0            0            0            0            0            0            0            0            0            0            0            0            0            0            0            0            0            0            0            0            0            0 -3.98473e-15
 4.52617e-09  -3.5054e-09 -2.34888e-09   1.3412e-09  5.92503e-10 -4.50448e-10  1.05532e-09 -3.36386e-09  3.09148e-09  9.86101e-09 -1.65909e-08 -1.47851e-08  2.74726e-08  1.72413e-08 -2.36667e-08 -1.52765e-08  1.10498e-08  8.71957e-09 -2.39757e-09 -2.78854e-09  7.56976e-11  6.74219e-10 -1.12539e-09  3.34366e-09 -3.08651e-09 -9.85972e-09  1.65906e-08   1.4785e-08 -2.74725e-08 -1.72432e-08  2.37254e-08  1.37743e-08
-3.99725e-07  1.11766e-07  1.11753e-07 -1.36151e-08 -1.80334e-08  9.46996e-09  -4.2385e-08  1.14145e-07 -2.76086e-08  -4.9414e-07  2.75762e-07   9.8725e-07 -2.89174e-07 -1.12699e-06 -3.18944e-08  7.09768e-07  2.05704e-07 -2.15166e-07 -1.11199e-07  2.22598e-08  2.14905e-08 -1.02734e-08  4.19459e-08 -1.14081e-07  2.76416e-08  4.94135e-07 -2.75764e-07  -9.8725e-07  2.89174e-07  1.12701e-06  3.13943e-08 -6.93729e-07
 2.72061e-06  8.08699e-07 -2.10973e-07 -2.72218e-07  2.60301e-08 -1.13205e-07  6.45864e-07 -1.36034e-06 -1.07502e-06  8.02452e-06  3.90242e-06  -1.4728e-05 -1.12437e-05  1.00369e-05   1.2678e-05 -3.98326e-07 -5.48382e-06 -1.83154e-06  6.30245e-07  3.98933e-07 -5.09518e-08  1.00284e-07 -6.44105e-07  1.36104e-06  1.07494e-06 -8.02455e-06 -3.90242e-06   1.4728e-05  1.12437e-05 -1.00368e-05 -1.26817e-05   6.0324e-07
 2.51408e-05  -4.4831e-06 -4.46769e-06   2.3186e-08  3.18782e-07  1.04136e-06 -4.06574e-06  5.62112e-06  1.85227e-05 -4.67241e-05 -0.000101026   1.5977e-05  0.000150433  8.92304e-05 -4.76244e-05 -7.28377e-05     -2.1e-05  7.99555e-06  5.31814e-06 -1.56561e-07 -4.48575e-07 -1.03682e-06  4.07518e-06  -5.6214e-06 -1.85232e-05  4.67241e-05  0.000101026  -1.5977e-05 -0.000150433 -8.92312e-05  4.76491e-05  7.23475e-05
-1.91637e-05 -3.42765e-05 -5.42472e-06  4.48156e-06  1.17223e-06 -2.24039e-06  5.13487e-06  7.83525e-06 -7.69702e-05 -8.01372e-06  0.000506953  0.000802385  0.000173971 -0.000640965 -0.000674068 -0.000207938  6.22404e-05  5.44181e-05   2.8899e-06 -5.87337e-06 -1.20801e-06  2.35773e-06 -5.13343e-06 -7.84077e-06  7.69701e-05  8.01397e-06 -0.000506953 -0.000802385 -0.000173971  0.000640964  0.000674144  0.000204545
-0.000355975 -5.11014e-05  2.93777e-05  1.06656e-05 -3.48349e-07  -1.1253e-05  4.51162e-05 -8.08531e-05 -0.000165001  0.000702287  0.000873017  -0.00203435  -0.00530197   -0.0047722  -0.00168124  0.000282187  0.000406968  6.34658e-05 -3.85471e-05 -1.15793e-05  9.57825e-07  1.13664e-05 -4.51564e-05  8.08485e-05  0.000165003 -0.000702287 -0.000873017   0.00203435   0.00530197   0.00477221   0.00168116 -0.000284612
-0.000727503  9.12525e-05  9.18137e-05  1.03648e-06 -1.24864e-05  2.96993e-05  -8.2004e-05 -0.000104051   0.00107804  0.000406415  -0.00715508   -0.0149064   -0.0101067   0.00472514    0.0157027    0.0177986    0.0162847    0.0154831    0.0155274    0.0156273    0.0156384    0.0155951     0.015707    0.0157291     0.014547    0.0152186    0.0227801    0.0305314    0.0257317    0.0108999 -7.81295e-05  -0.00216556
-0.000219921  0.000415593  8.36054e-05 -3.15225e-05 -2.24025e-05  9.95795e-05 -0.000381087  0.000435021   0.00232071  -0.00483165   -0.0149774   0.00316794    0.0544144     0.100951     0.116862      0.11354     0.109414     0.108875     0.109301     0.109411     0.109397     0.109275     0.109756      0.10894     0.107054     0.114207     0.124352     0.106207    0.0549606   0.00842357  -0.00748757  -0.00415092
  0.00123095  0.000624303 -3.74794e-05  -5.9769e-05  1.82148e-05 -7.62782e-05  3.25622e-05   0.00144901  -0.00383056   -0.0132916     0.022708     0.139793     0.278338     0.353391     0.360243     0.347464     0.342429     0.343108     0.343804      0.34381     0.343731     0.343826     0.343718     0.342301     0.347581     0.357042     0.321042     0.203957    0.0654117  -0.00964097   -0.0164923  -0.00371058
  0.00238735  0.000490612 -0.000162025 -5.97781e-05  0.000121892 -0.000641233   0.00173724   0.00209489   -0.0200341   -0.0176543     0.121543       0.3868     0.610868     0.689415     0.676604     0.657183     0.653942     0.655814     0.656416     0.656306     0.656127     0.656891     0.654513     0.654155     0.676284     0.673904     0.534707      0.26945    0.0453823   -0.0331654   -0.0203539 -0.000941956
  0.00260489  0.000210012 -0.000201238 -4.52623e-05  0.000223689  -0.00124614   0.00366431   0.00208715   -0.0363803   -0.0164758     0.220875     0.602172     0.872835     0.938628     0.909892     0.889024     0.888131     0.890463     0.890819     0.890668     0.890402     0.891871     0.886961     0.888538     0.927005     0.907101      0.66975     0.288453    0.0177903   -0.0480032   -0.0192667   0.00159334
  0.00243755  4.89121e-05 -0.000191009 -3.70309e-05  0.000270857  -0.00154309   0.00463522   0.00191509   -0.0441563    -0.014534     0.267996     0.696496     0.980401      1.03708      1.00212     0.981755     0.981984      0.98434     0.984561     0.984412     0.984105     0.985918      0.97974      0.98246      1.02853     0.998909     0.716379     0.287879   0.00397385   -0.0527052   -0.0177423    0.0026176
  0.00235692  1.41751e-05 -0.000182553 -3.59215e-05   0.00027926  -0.00159974   0.00482347   0.00186261   -0.0456107   -0.0140079     0.276791       0.7132     0.998605       1.0533      1.01736     0.997221      0.99765     0.999987      1.00018      1.00004     0.999721       1.0016     0.995177     0.998137      1.04561      1.01401     0.723209       0.2868   0.00139522    -0.053299   -0.0173584   0.00277892
  0.00235019  1.32757e-05 -0.000181377 -3.60998e-05  0.000279154  -0.00159973   0.00482348    0.0018626   -0.0456107   -0.0140079     0.276791       0.7132     0.998605       1.0533      1.01736     0.997221      0.99765     0.999987      1.00018      1.00004     0.999721       1.0016     0.995177     0.998137      1.04561      1.01401     0.723209       0.2868   0.00139522    -0.053299   -0.0173584   0.00277904
  0.00235023  1.32981e-05 -0.000181377  -3.6101e-05  0.000279154  -0.00159973   0.00482348    0.0018626   -0.0456107   -0.0140079     0.276791       0.7132     0.998605       1.0533      1.01736     0.997221      0.99765     0.999987      1.00018      1.00004     0.999721       1.0016     0.995177     0.998137      1.04561      1.01401     0.723209       0.2868   0.00139522    -0.053299   -0.0173584   0.00277903
  0.00235023  1.32982e-05 -0.000181377  -3.6101e-05  0.000279154  -0.00159973   0.00482348    0.0018626   -0.0456107   -0.0140079     0.276791       0.7132     0.998605       1.0533      1.01736     0.997221      0.99765     0.999987      1.00018      1.00004     0.999721       1.0016     0.995177     0.998137      1.04561      1.01401     0.723209       0.2868   0.00139522    -0.053299   -0.0173584   0.00277903
  0.00235023  1.33017e-05 -0.000181375 -3.61023e-05  0.000279153  -0.00159973   0.00482347   0.00186261   -0.0456107   -0.0140079     0.276791       0.7132     0.998605       1.0533      1.01736     0.997221      0.99765     0.999987      1.00018      1.00004     0.999721       1.0016     0.995177     0.998137      1.04561      1.01401     0.723209       0.2868   0.00139524    -0.053299   -0.0173584   0.00277902
  0.00235063  1.31864e-05 -0.000181489 -3.60874e-05  0.000279172  -0.00159974   0.00482352   0.00186249   -0.0456106   -0.0140074      0.27679     0.713199     0.998605       1.0533      1.01736      0.99722      0.99765     0.999987      1.00018      1.00004     0.999721       1.0016     0.995176     0.998138      1.04561      1.01401      0.72321     0.286801   0.00139493   -0.0533001   -0.0173584   0.00277973
  0.00234751  1.24895e-05 -0.000181166 -3.58288e-05  0.000279128  -0.00159962   0.00482283   0.00186396   -0.0456096    -0.014016     0.276787     0.713214     0.998616      1.05329      1.01735     0.997221     0.997655     0.999989      1.00018      1.00004     0.999721       1.0016     0.995177     0.998136      1.04561      1.01402     0.723213     0.286786   0.00138397   -0.0532889   -0.0173457   0.00277843
  0.00232509  1.77813e-05 -0.000176909 -3.61242e-05  0.000278835  -0.00160077   0.00482754   0.00185698   -0.0456292   -0.0139612     0.276892     0.713184     0.998454      1.05321      1.01741     0.997294     0.997671     0.999979      1.00018      1.00004     0.999721       1.0016     0.995172     0.998143      1.04563      1.01396     0.723108     0.286816   0.00154565   -0.0532097   -0.0174061   0.00270669
   0.0023694  4.75747e-05 -0.000175952 -4.05825e-05  0.000277982  -0.00159749   0.00481834   0.00185477   -0.0455337   -0.0139999     0.276284     0.712397     0.998431      1.05394      1.01803     0.997429     0.997588     0.999932      1.00018      1.00004     0.999722       1.0016     0.995182     0.998145      1.04553        1.014     0.723716     0.287603   0.00156919   -0.0539399   -0.0180325   0.00257449
  0.00270621  6.43996e-05 -0.000210755 -4.67666e-05  0.000279502  -0.00158848   0.00477836   0.00194346   -0.0454457   -0.0147102     0.275918     0.715234      1.00391      1.05807      1.01904     0.996939     0.997243     0.999923      1.00022      1.00005      0.99972      1.00159     0.995222     0.998057      1.04545      1.01471     0.724082     0.284766  -0.00390676   -0.0580712   -0.0190396   0.00306365
  0.00307773 -7.79543e-05 -0.000273191 -3.71375e-05   0.00029164  -0.00162943   0.00490548   0.00196666   -0.0466887   -0.0144144     0.283946     0.728106      1.00871      1.04857      1.00166     0.979422     0.981365     0.984504     0.984654     0.984409     0.984082     0.986005      0.97947     0.982408      1.03106     0.998789     0.700429     0.256269   -0.0243365   -0.0641988   -0.0172803   0.00494459
  0.00257015 -0.000402295 -0.000264982 -4.57851e-06  0.000301556  -0.00169931   0.00520456   0.00142758   -0.0479314  -0.00917628     0.291768     0.710032      0.94419     0.952348     0.900496     0.883681     0.888236     0.891111      0.89088     0.890625     0.890324     0.892325      0.88542     0.889197     0.938556     0.899801     0.598857     0.180593   -0.0535654   -0.0617225  -0.00987083   0.00692996
  0.00111928 -0.000611005 -0.000143898  2.36681e-05  0.000260939  -0.00152345   0.00479091  0.000413589   -0.0417801  -0.00071636     0.254083     0.573407     0.720267     0.699908     0.657116     0.649757     0.655221     0.656878     0.656378     0.656227      0.65599     0.657773     0.651459     0.655836      0.69803     0.656966     0.402167    0.0828433   -0.0640165    -0.043658 -0.000866066   0.00648961
-3.71218e-05 -0.000477314 -1.93523e-05  2.36772e-05  0.000157262 -0.000958497   0.00308623 -0.000232284   -0.0255765   0.00364637     0.155247       0.3264     0.387737     0.363884     0.340754     0.340038     0.343707     0.344173     0.343766      0.34373     0.343594     0.344708     0.340664     0.343982     0.369327     0.340104     0.188503    0.0173501   -0.0439871   -0.0201336   0.00299547   0.00372099
-0.000254663 -0.000196714  1.98615e-05  9.16134e-06  5.54649e-05 -0.000353592   0.00115917 -0.000224542  -0.00923037   0.00246787    0.0559156     0.111028      0.12577     0.114671     0.107467     0.108197     0.109518     0.109524     0.109362     0.109368     0.109319     0.109728     0.108216       0.1096     0.118605     0.106907    0.0534594  -0.00165269   -0.0163951  -0.00529576    0.0019083   0.00118569
-8.73154e-05 -3.56139e-05  9.63223e-06  9.29967e-07  8.29718e-06 -5.66393e-05  0.000188258 -5.24894e-05  -0.00145441  0.000526084   0.00879471     0.016704    0.0182036    0.0162188    0.0152412    0.0154658    0.0156655    0.0156467    0.0156207     0.015624    0.0156163    0.0156816    0.0154368    0.0156775    0.0170794    0.0150989   0.00683029    -0.001079  -0.00257863 -0.000593786  0.000383905  0.000161431
-6.68516e-06 -8.76896e-07  1.17583e-06 -1.79484e-07 -1.05547e-07  1.03227e-08  7.14105e-09 -8.09932e-10 -2.44227e-10  4.89691e-11 -5.64749e-13 -1.59178e-13 -1.20981e-13  3.20761e-14 -3.58835e-15  2.19324e-16 -7.23193e-18  1.01382e-19            0            0            0            0            0            0            0 -7.39077e-17  8.81965e-15 -9.73959e-13  5.73288e-11 -1.88873e-09  3.56721e-08  1.14319e-07
 3.95865e-08  2.24831e-08 -1.71057e-10 -1.18402e-09 -1.03018e-10  6.14641e-11 -3.14019e-12 -3.31023e-13 -7.87047e-14  2.97718e-14 -3.33363e-15  1.71201e-16   -3.447e-18            0            0            0            0            0            0            0            0            0            0            0            0            0            0 -2.79207e-16  2.37946e-14 -2.93984e-12  1.22491e-10 -3.69433e-09
