  0.00219118   0.00134507 -0.000462028  -0.00146613   -0.0010392  0.000144674   0.00108059   0.00111716  0.000130451  -0.00127176  -0.00182471 -0.000647989   0.00150654   0.00261046   0.00145715 -0.000870926  -0.00211217  -0.00126606  0.000541038   0.00154514   0.00111821 -6.56632e-05  -0.00100158  -0.00103815 -5.14403e-05   0.00135078   0.00190372     0.000727  -0.00142753  -0.00253145  -0.00137814  0.000949937
  0.00587925   0.00300125  -0.00170207   -0.0038776  -0.00234904  0.000914308   0.00316309   0.00261313  -0.00068593  -0.00432996  -0.00468709 -0.000324991   0.00550741   0.00732394    0.0031469  -0.00305941  -0.00552993  -0.00265194   0.00205139   0.00422692   0.00269836 -0.000564989  -0.00281377  -0.00226381   0.00103525   0.00467928   0.00503641  0.000674309  -0.00515809  -0.00697463  -0.00279758   0.00340872
  0.0139163  0.00587774 -0.00495071 -0.00898361 -0.00443975  0.00346205  0.00786776  0.00472482 -0.00445527  -0.0121741 -0.00988983    0.003171   0.0167264   0.0182381  0.00601227 -0.00850142  -0.0125377 -0.00449917  0.00632928   0.0103622  0.00581832 -0.00208348  -0.0064892 -0.00334625  0.00583384   0.0135527   0.0112684 -0.00179244  -0.0153478  -0.0168595  -0.0046337  0.00987998
   0.0291421    0.0101017   -0.0119165   -0.0180864  -0.00666031   0.00988281    0.0163664   0.00546292   -0.0159001   -0.0286339   -0.0163207    0.0165175    0.0436809    0.0408556    0.0106957   -0.0192492   -0.0243041   -0.0052637    0.0167545    0.0229244    0.0114983  -0.00504482   -0.0115284 -0.000624932    0.0207381    0.0334719    0.0211587   -0.0116795   -0.0388429   -0.0360176  -0.00585769    0.0240872
   0.0541142    0.0153309   -0.0241143   -0.0313555   -0.0069681     0.022485    0.0277664 -0.000814736   -0.0423338   -0.0564034   -0.0177655     0.052987     0.100073    0.0835239    0.0195296   -0.0352733   -0.0390832 -0.000300009    0.0391452    0.0463864     0.021999  -0.00745408   -0.0127355    0.0158457    0.0573647    0.0714344    0.0327964   -0.0379561   -0.0850419    -0.068493  -0.00449871    0.0503042
   0.0893623     0.020959   -0.0412185   -0.0464029  -0.00230766    0.0414201    0.0365161   -0.0236223   -0.0904285   -0.0921383  0.000515434     0.132917     0.203869     0.157956    0.0397622   -0.0497536   -0.0482339    0.0201694    0.0823469    0.0875313     0.043436 -0.000291762   0.00461232    0.0647506     0.131557     0.133267    0.0406129   -0.0917882    -0.162741    -0.116828   0.00136615     0.090882
  0.131849   0.026834 -0.0596234 -0.0583097 0.00903966  0.0617196  0.0321763 -0.0719061  -0.159107    -0.1215  0.0612081   0.278839   0.372746   0.278696  0.0870077 -0.0445149 -0.0333059  0.0717087   0.158166   0.156852  0.0895031  0.0368231  0.0663664   0.170449    0.25765   0.220043  0.0373346  -0.180296  -0.274203  -0.180153   0.011535   0.143058
  0.175132  0.0336958 -0.0734133 -0.0625587  0.0243503  0.0735016 0.00513874  -0.144973   -0.23314  -0.120675   0.185576   0.503411   0.614871   0.458503   0.183189 0.00766332  0.0303685   0.171804   0.278914   0.268059    0.18115   0.131999   0.200361   0.350473    0.43864   0.326175   0.019924  -0.297911  -0.409371  -0.253003   0.022311   0.197837
   0.211839   0.0422564  -0.0784341  -0.0591516    0.036555   0.0683934   -0.043495   -0.226191   -0.286555  -0.0696546    0.375946    0.793706    0.916493    0.696541    0.342631    0.127429     0.15911    0.328693    0.449384    0.430102    0.334395    0.302556    0.414445    0.597141    0.657505    0.440604 -0.00499615   -0.422756   -0.545543   -0.325591   0.0283188    0.243521
  0.237116  0.0515488 -0.0759837 -0.0531164  0.0397316  0.0480675 -0.0979408  -0.289908  -0.299617  0.0284492   0.601683    1.10319    1.23391   0.964049   0.550711   0.305281   0.340646   0.526213   0.653746   0.630879   0.538031   0.529695   0.675703    0.86767   0.877379   0.549313 -0.0239211  -0.525432  -0.656151  -0.386287  0.0270508   0.272482
   0.25064  0.0590199 -0.0714019 -0.0496456  0.0349603  0.0245709  -0.138131  -0.320448  -0.276656   0.140976   0.806523    1.36563    1.50355    1.20505   0.757129   0.493066   0.527851   0.719472   0.849893   0.828137   0.743531   0.753921   0.916623    1.09894    1.05515   0.637516 -0.0280309  -0.587134  -0.725056  -0.426562  0.0213626   0.285426
  0.255838  0.0629768 -0.0687259 -0.0494691  0.0287442 0.00947421  -0.156218   -0.32424  -0.243511   0.226337   0.941804    1.53166    1.67568    1.36637   0.904106   0.631496   0.664598   0.857459   0.989162   0.969905   0.891692   0.910962    1.07665    1.24468    1.16395   0.694099 -0.0213676  -0.611226  -0.755244   -0.44593  0.0163304    0.28894
  0.257071  0.0641496 -0.0680922 -0.0502072  0.0256092 0.00429479  -0.159904  -0.319637  -0.223179   0.266497    1.00002    1.60122    1.74859    1.43717   0.971276   0.696174   0.728422   0.921344    1.05359     1.0357   0.959885   0.981199     1.1454    1.30513    1.20867   0.718996  -0.014531  -0.615724  -0.763097  -0.451681  0.0142175    0.28932
  0.257165  0.0642487  -0.068081 -0.0504408  0.0250346 0.00363814  -0.159819  -0.317553  -0.217903   0.275501    1.01234    1.61567    1.76387    1.45237   0.986084   0.710694   0.742834   0.935751    1.06808    1.05044   0.974965   0.996361    1.15982    1.31755     1.2179   0.724498 -0.0123378  -0.615675  -0.763873  -0.452371  0.0139151   0.289305
  0.257011  0.0641209 -0.0680732 -0.0503343  0.0251276 0.00364892  -0.159882  -0.317639  -0.217949   0.275548    1.01246    1.61577    1.76383     1.4522   0.985942   0.710715   0.742986   0.935876    1.06807    1.05033   0.974869   0.996348    1.15988    1.31764    1.21795   0.724449 -0.0124653  -0.615775  -0.763832  -0.452204  0.0140554   0.289282
  0.256498  0.0637748  -0.067989 -0.0499896   0.025391 0.00364128  -0.160118  -0.317915   -0.21803   0.275795    1.01289    1.61599    1.76355    1.45161   0.985559   0.710879   0.743486   0.936209    1.06797    1.04997   0.974593   0.996343     1.1601     1.3179    1.21801   0.724189 -0.0129103  -0.616008  -0.763567  -0.451621  0.0144247   0.289105
  0.255024  0.0629599 -0.0676105 -0.0490119  0.0260343 0.00348384   -0.16088  -0.318641  -0.218012   0.276769    1.01413    1.61628    1.76236    1.44981   0.984688   0.711576   0.744897   0.936961    1.06753    1.04893   0.973887   0.996437     1.1608    1.31856    1.21793   0.723152 -0.0142047  -0.616358   -0.76244  -0.449889  0.0152328   0.288345
  0.251336  0.0613037 -0.0663704 -0.0466004  0.0273441  0.0027142  -0.162963  -0.320136  -0.217195   0.279827    1.01699    1.61596    1.75836     1.4451   0.982998   0.713764   0.748315   0.938347    1.06602    1.04625   0.972307   0.996936    1.16261    1.31979    1.21685   0.719824 -0.0173374  -0.616305   -0.75871  -0.445446  0.0166522   0.285886
   0.243299   0.0584272  -0.0631218  -0.0414944   0.0294348 0.000166462   -0.167668   -0.322248   -0.213426    0.287671     1.02219     1.61246     1.74714     1.43418    0.980133    0.719206    0.755322    0.940194     1.06174     1.04012    0.969187    0.998455     1.16629     1.32087     1.21205     0.71095  -0.0235694   -0.613839    -0.74852   -0.435561   0.0184883    0.279415
  0.228073  0.0542033  -0.056156 -0.0323917  0.0316554 -0.0062543  -0.176166  -0.322986  -0.201981   0.304131    1.02862    1.59911    1.72019    1.41156    0.97545   0.729954   0.767089   0.940959    1.05132    1.02755   0.963507    1.00142    1.17133    1.31815    1.19714   0.691031 -0.0334597  -0.603952  -0.725025  -0.416403  0.0197123   0.265208
  0.203101   0.048974 -0.0439582 -0.0191226  0.0319632 -0.0188565  -0.187566  -0.316709  -0.175548   0.331901    1.03007    1.56264    1.66379     1.3689   0.966616   0.745978   0.781868   0.935995    1.02893    1.00409   0.953006    1.00383    1.17254    1.30168    1.16052   0.653068 -0.0450974  -0.577675  -0.678826  -0.383928  0.0183533   0.238991
   0.167853    0.043346   -0.026854 -0.00407511   0.0273027  -0.0377916   -0.196316   -0.293901   -0.127453    0.367636     1.01179     1.48271        1.56     1.29446    0.946383    0.760458    0.791019    0.915526    0.985726    0.962947    0.931569    0.996663     1.15519     1.25277     1.08632    0.591236  -0.0529139   -0.523843   -0.601127   -0.335593   0.0124885    0.198413
   0.125367   0.0374709 -0.00844907  0.00783165   0.0159554  -0.0580911   -0.191976   -0.245617  -0.0587741    0.396998    0.951093     1.33679     1.39112     1.17372    0.899138     0.75522    0.776091    0.863986    0.909906    0.893626    0.885502    0.959548     1.09343     1.14707    0.960231     0.50446  -0.0496356   -0.435335   -0.489664   -0.272267  0.00231963    0.146238
  0.0820836   0.0306091  0.00534086   0.0120807 0.000644769   -0.069873   -0.164939    -0.17255   0.0152585    0.396172    0.826725     1.11222       1.149    0.993918    0.802956    0.703041    0.712416    0.763891    0.789159    0.782419    0.793855    0.864373    0.959438     0.96705    0.779241    0.398327   -0.032225    -0.31772   -0.354497   -0.199418 -0.00845636   0.0914584
  0.0453758   0.0220485   0.0103617   0.0086736  -0.0115599  -0.0647649   -0.116305  -0.0913326   0.0686741    0.345152    0.636355    0.821925    0.847375     0.75588    0.643514    0.583276    0.583674    0.607002    0.618688    0.620376     0.64061    0.693815    0.745355    0.720383    0.560376    0.283898 -0.00730481   -0.192875   -0.218325    -0.12683  -0.0144642   0.0457743
 0.0200993  0.0127561 0.00791118 0.00263839 -0.0147365  -0.044439  -0.061859 -0.0276158  0.0817356   0.247048   0.410618   0.512437   0.529955   0.488371   0.435434   0.405424   0.402139   0.409482   0.414327     0.4196   0.436974   0.466677   0.484097   0.449854   0.340502    0.17519  0.0116202 -0.0901988  -0.107717 -0.0661335 -0.0131962  0.0168137
  0.00657484   0.00528502   0.00332942 -0.000832468  -0.00996527   -0.0209423   -0.0216685    0.0029244    0.0587751     0.134522     0.205778     0.250005      0.26032     0.247367     0.229016     0.217639     0.214934     0.216223     0.218179     0.222341     0.231474     0.242451     0.243177     0.218584     0.162733    0.0869868      0.01573   -0.0284967   -0.0388116   -0.0258584  -0.00750797   0.00386927
 0.00137716  0.00132818 0.000653392 -0.00100894 -0.00374914  -0.0058457 -0.00358185  0.00671662   0.0256294   0.0491607   0.0704973   0.0839691   0.0881875   0.0860545   0.0820398   0.0792092   0.0781869   0.0782358   0.0789106    0.080573   0.0833131   0.0854097   0.0831459   0.0728474   0.0539346   0.0304033  0.00906667 -0.00440507  -0.0086235 -0.00649045 -0.00247579 0.000354804
 0.000143818  0.000155344  1.96649e-05 -0.000270822 -0.000614117 -0.000666274  0.000104329   0.00211403   0.00529783   0.00899991    0.0122761    0.0144138    0.0152768    0.0152462    0.0148691    0.0145312    0.0143624    0.0143509    0.0144865     0.014777    0.0151203    0.0151725    0.0144019    0.0123922   0.00920839   0.00550631   0.00223007  9.24611e-05 -0.000770622 -0.000739966 -0.000362918 -2.50212e-05
  5.0091e-05  5.62694e-05  8.53458e-06 -3.72227e-05 -3.95448e-05 -9.62995e-06  1.88972e-05  2.95498e-05  2.17324e-05  -4.0478e-06 -3.63328e-05 -4.34787e-05  -4.7901e-06  4.99247e-05  6.09936e-05  1.03387e-05 -4.96154e-05 -5.57938e-05   -8.059e-06  3.76983e-05  4.00204e-05  1.01055e-05 -1.84216e-05 -2.90742e-05 -2.12568e-05  4.52339e-06  3.68084e-05  4.39543e-05  5.26568e-06 -4.94491e-05  -6.0518e-05 -9.86308e-06
  0.00020448  0.000184058  6.74631e-07 -0.000143702 -0.000132553 -2.04033e-05  8.19488e-05  0.000115853  6.73725e-05 -5.08342e-05 -0.000161397 -0.000141063  3.82727e-05  0.000219614  0.000203638 -1.00485e-05 -0.000201571 -0.000181149  2.23435e-06  0.000146611  0.000135462  2.33123e-05 -7.90398e-05 -0.000112944 -6.44635e-05  5.37432e-05  0.000164306  0.000143972 -3.53637e-05 -0.000216705 -0.000200729  1.29575e-05
 0.000717131   0.00053017 -8.35297e-05 -0.000488435 -0.000395937 -1.27704e-05  0.000318029  0.000391611  0.000148682 -0.000298173 -0.000593335  -0.00036132  0.000316887  0.000815119  0.000586048 -0.000174258 -0.000701129 -0.000514169  9.95314e-05  0.000504436  0.000411939  2.87721e-05 -0.000302027  -0.00037561  -0.00013268  0.000314175  0.000609337  0.000377322 -0.000300885 -0.000799117 -0.000570046   0.00019026
