    0.26618    0.443086    0.591103    0.672224    0.684921    0.657673    0.625346    0.607772    0.605331    0.609566    0.615752    0.625616    0.638484    0.640358    0.604271    0.507017    0.351313    0.173348   0.0252821  -0.0558721  -0.0685687  -0.0413299 -0.00900275  0.00859849   0.0110785   0.0068194 0.000465515 -0.00962497  -0.0224538  -0.0236609   0.0136567    0.112468
   0.374869    0.574817    0.724873    0.794189    0.793192     0.75896     0.72709     0.71293    0.712802    0.717987    0.726023    0.739104    0.752006    0.742751    0.679395    0.543005    0.349489    0.149008 -0.00115228  -0.0704839  -0.0694931  -0.0352658  -0.0033892   0.0107987   0.0109439  0.00569512 -0.00249908  -0.0156744  -0.0283187  -0.0183631   0.0459078    0.182276
   0.477243    0.689779    0.835023     0.89167    0.880447    0.843259    0.813717    0.802569    0.803715    0.809578    0.819778    0.835499    0.845883    0.822029     0.73022    0.558804    0.336761    0.124333  -0.0210311  -0.0776714  -0.0664588  -0.0292712 0.000281513   0.0114494   0.0102932  0.00435048  -0.0059464  -0.0216088  -0.0316184 -0.00725792    0.084901    0.254868
  0.562684   0.779323   0.916739   0.962846   0.945593   0.908372   0.881578   0.872373   0.873898   0.880382   0.892773   0.910099   0.915939   0.876511    0.75913   0.560459   0.320212    0.10422 -0.0332968 -0.0793772 -0.0621363 -0.0249104 0.00189431  0.0111055 0.00954994 0.00299948 -0.0094041 -0.0265586 -0.0320403 0.00757164   0.124725   0.321086
   0.62618   0.841731   0.971545    1.01061   0.990854   0.954984    0.93027   0.921766   0.923074   0.930209   0.944539   0.962414    0.96281   0.909276   0.771854   0.554753   0.305055  0.0904455 -0.0394287 -0.0784539   -0.05871 -0.0228325 0.00188878  0.0103849 0.00903904 0.00186828 -0.0124019 -0.0300609 -0.0302079  0.0231975   0.159993   0.374601
   0.668281    0.880753     1.00506     1.04046     1.02032    0.985738    0.961801    0.952896    0.953718    0.961589    0.977507    0.995196    0.990399    0.925785    0.774612    0.546787    0.293515   0.0820148  -0.0423096  -0.0776774  -0.0575389  -0.0229503 0.000989203  0.00987802  0.00902255  0.00114761  -0.0146702  -0.0321626  -0.0272528   0.0370304    0.187428    0.413105
   0.693284    0.902966     1.02432     1.05833     1.03821     1.00367    0.978955    0.968905    0.969359    0.978181    0.995406     1.01257     1.00357    0.931329    0.771929    0.538846     0.28494   0.0760678  -0.0452767  -0.0792567  -0.0591351  -0.0245931 0.000121032   0.0101535  0.00967592 0.000872552  -0.0162464   -0.033271  -0.0242647   0.0475755    0.206258    0.437817
    0.70702    0.915274      1.0355     1.06855      1.0471     1.01053    0.983656    0.972352    0.973053    0.983208     1.00154     1.01809     1.00607     0.92924    0.765595    0.530291    0.276413   0.0687103  -0.0514888  -0.0845227  -0.0630672  -0.0264958 0.000374856   0.0116634   0.0109503 0.000824785  -0.0174155  -0.0338832  -0.0219359   0.0545294    0.217646    0.452102
   0.715051    0.922985     1.04205     1.07227     1.04657     1.00569    0.976067     0.96434    0.966383    0.978268    0.997423     1.01329     0.99933    0.920114    0.754478    0.517933     0.26346   0.0558012  -0.0632361  -0.0934396  -0.0677419  -0.0268595  0.00275922   0.0144742   0.0124291 0.000573817  -0.0185205  -0.0343651   -0.020504   0.0584497    0.223817    0.460076
    0.721264      0.92826      1.04332      1.06645      1.03285     0.986209       0.9547     0.944378     0.949014     0.962719     0.982191     0.997284     0.982183     0.901814     0.734859     0.496724     0.241051    0.0341019   -0.0809397     -0.10407   -0.0704609   -0.0238224   0.00768285    0.0179981    0.0133674 -0.000313081   -0.0197593   -0.0348739   -0.0198645    0.0603891     0.227363      0.46551
   0.726573    0.928918     1.03399     1.04438    0.999954    0.948122    0.917305    0.910743    0.918777    0.933791    0.952869     0.96712    0.951359    0.870075    0.701321    0.461076    0.205266  0.00285885   -0.102226   -0.112609  -0.0681849  -0.0163535   0.0144604   0.0210225   0.0129978 -0.00200383  -0.0210944  -0.0353942  -0.0196628   0.0616846    0.230709    0.470848
   0.727908    0.918246     1.00525    0.997818    0.942236    0.888392    0.862003     0.86113    0.872354    0.887568    0.905573     0.91901    0.902612    0.819776    0.648461     0.40703    0.155424  -0.0348935   -0.121956   -0.114512  -0.0589332 -0.00509002   0.0212983   0.0221766   0.0109617  -0.0042633   -0.022312  -0.0357832  -0.0192954   0.0637683    0.235457     0.47617
   0.718368    0.886748    0.948003    0.920744    0.857298    0.806669    0.788257    0.793603    0.806659     0.82075    0.837299    0.849942    0.832359    0.746955    0.573382    0.334736   0.0956211   -0.072441   -0.133798   -0.106515  -0.0430775  0.00755252   0.0259676   0.0206308   0.0075731 -0.00655484   -0.023156  -0.0357647  -0.0179441   0.0677571    0.241551    0.478501
   0.689356    0.825956    0.857271    0.812842    0.747978      0.7061     0.69753    0.707818    0.720671    0.732637    0.747723     0.75936    0.739599    0.651168    0.478082    0.249893   0.0343668   -0.101482   -0.132915  -0.0884501  -0.0235981   0.0182827   0.0268597   0.0165786  0.00370586 -0.00831584  -0.0234223  -0.0349168  -0.0148113   0.0738166    0.246703    0.472233
    0.63439    0.732911    0.735679    0.681086    0.622336    0.592985     0.59363    0.606242    0.617004    0.626527    0.640325    0.650369    0.627498    0.537177    0.370336    0.162889  -0.0180786   -0.115461    -0.11832  -0.0636828 -0.00494578   0.0244129   0.0237765   0.0111618 0.000360583 -0.00921451  -0.0229659  -0.0327645 -0.00955621   0.0806888    0.246788    0.451116
   0.552865    0.612939    0.594008    0.538334    0.491691    0.475565    0.482648      0.4947    0.502338    0.509748    0.522315    0.529934    0.503788    0.414816     0.26211   0.0855751  -0.0535647   -0.112361  -0.0934566  -0.0377379  0.00889643   0.0250317   0.0179549  0.00588635 -0.00179877 -0.00922975  -0.0216757  -0.0290113  -0.0026724   0.0858823    0.237431    0.411227
   0.451571    0.478916     0.44823    0.399568    0.367639    0.362465    0.372298    0.381706    0.386244    0.392166    0.403283      0.4078    0.379448    0.296641    0.165911   0.0271259  -0.0690636  -0.0953501  -0.0646156  -0.0159194   0.0160078   0.0211911   0.0113583  0.00192385 -0.00265403  -0.0085513  -0.0195008  -0.0237906   0.0045225   0.0866615    0.216161    0.353389
    0.342882     0.347185      0.31446     0.277602     0.259368     0.261179     0.270554     0.276548     0.278774     0.283745     0.293013     0.294312     0.265926     0.194249    0.0907873  -0.00886189     -0.06724   -0.0710094   -0.0381812   -0.0013076    0.0169321     0.015127   0.00574472 -0.000276366  -0.00251945  -0.00742701   -0.0165362   -0.0177412    0.0103873    0.0813637      0.18391     0.283581
    0.240507     0.232223     0.204311     0.180121     0.172114      0.17688     0.183927     0.186908     0.187861     0.192153     0.199257     0.197916     0.172049     0.114971    0.0399622   -0.0246612   -0.0545112   -0.0463349   -0.0183023   0.00587995    0.0138978   0.00913243   0.00207401 -0.000927036  -0.00186874  -0.00608237   -0.0130889   -0.0118067    0.0136871    0.0702585     0.144917     0.210989
    0.155067     0.142679     0.122595     0.108946     0.106968     0.111767     0.116066     0.117105     0.117678      0.12135     0.126262     0.123316     0.101992    0.0604883    0.0110525    -0.026316   -0.0379626    -0.026222  -0.00603663    0.0075857   0.00957538   0.00477159  0.000461217 -0.000583155   -0.0011255  -0.00473137  -0.00963117  -0.00685702     0.014109    0.0554289     0.105093     0.144771
   0.0915702    0.0802704    0.0677889    0.0611842     0.061707     0.065155    0.0673748    0.0677113    0.0685014    0.0715229    0.0744961    0.0710018    0.0551213    0.0277233   -0.0016722   -0.0206101   -0.0228058   -0.0124472  9.52316e-05   0.00666241   0.00614908   0.00269371  0.000466743  0.000137401 -0.000614602  -0.00360017  -0.00663341  -0.00335472    0.0122766    0.0398031    0.0698252    0.0912563
  0.0494698   0.0412485   0.0342766   0.0313283   0.0322422   0.0344009   0.0358439   0.0365812   0.0378572   0.0401425   0.0415284   0.0382194   0.0275327   0.0112143  -0.0044295  -0.0126445  -0.0112657 -0.00401645  0.00297615  0.00588587  0.00497792  0.00281158  0.00136632 0.000644313 -0.00059811  -0.0028795 -0.00436504 -0.00125302  0.00932147   0.0259702   0.0423899    0.052752
    0.024467    0.0190362    0.0150147    0.0134609    0.0143545     0.016468    0.0186895    0.0205726    0.0222161    0.0235507    0.0236297    0.0208414     0.014364   0.00567056  -0.00174705  -0.00470314  -0.00269028   0.00193053   0.00594326   0.00746525   0.00657417   0.00445438   0.00223449  0.000368792  -0.00125148  -0.00260444  -0.00278886 -0.000144599   0.00633333    0.0154251    0.0235594      0.02804
  0.0107303    0.006728  0.00383585  0.00323845  0.00546338  0.00960821   0.0139881   0.0171252   0.0185223   0.0185244    0.017499   0.0153289   0.0118627  0.00775929  0.00458682  0.00385243  0.00583672  0.00928804   0.0121554   0.0127312   0.0105062  0.00635699  0.00198067 -0.00114109 -0.00252581 -0.00255668 -0.00161974 0.000467613  0.00400461  0.00847122   0.0121715    0.013755
  0.00269947 -0.000983092  -0.00271632 -0.000473918   0.00599141     0.014449    0.0215778    0.0251372     0.025193    0.0234639    0.0216127    0.0201229    0.0186011    0.0168855    0.0157044    0.0162102    0.0187892    0.0221971    0.0239026    0.0216481    0.0151809   0.00672077 -0.000403694  -0.00395182  -0.00400462  -0.00230571 -0.000514773   0.00094948   0.00257266    0.0045509   0.00600046    0.0057812
-0.00351332 -0.00625824 -0.00398335  0.00533742   0.0197139   0.0339293   0.0429446   0.0450992   0.0425617   0.0390126   0.0368439   0.0361318   0.0357484   0.0351859    0.035323   0.0374188   0.0411981   0.0438964   0.0416063   0.0322788   0.0178999  0.00368368 -0.00532733 -0.00747576 -0.00494296 -0.00141881 0.000724025  0.00145832  0.00193319  0.00261144  0.00245467 0.000346618
 -0.00882219  -0.00691627   0.00534597    0.0274146    0.0526069    0.0720167    0.0803396     0.078735    0.0727986    0.0679413    0.0661661    0.0662957    0.0665721    0.0669248    0.0688612    0.0730674    0.0769839    0.0751395    0.0628929    0.0408173    0.0156239  -0.00378531   -0.0121049   -0.0105001  -0.00457341  0.000271936   0.00205914   0.00197857   0.00173145   0.00131603 -0.000890917  -0.00499091
  -0.0101571   0.00375547    0.0340853    0.0739736     0.110325     0.131747     0.135642     0.128347     0.119222     0.114164     0.113462     0.114406     0.115319     0.117223     0.121722     0.127113     0.126826     0.112892    0.0826225     0.042721   0.00637219   -0.0150487   -0.0189427   -0.0116543  -0.00253724    0.0025314   0.00327672   0.00236765   0.00136409 -0.000767736  -0.00563944   -0.0103128
-0.000617288   0.0352533   0.0913303    0.151048    0.195263     0.21347    0.209388    0.195875    0.184917    0.180982    0.181736    0.183474    0.185573    0.190044    0.196801    0.199407    0.186628    0.150439   0.0944646   0.0347232 -0.00948348  -0.0276913   -0.023612  -0.0101085 0.000851343  0.00482295  0.00412072  0.00234916 1.27486e-05 -0.00475649  -0.0117332  -0.0126437
  0.0283947   0.0960458    0.182062     0.25895    0.304583    0.314038    0.300114    0.281659    0.270905    0.269095    0.271312    0.274055    0.278332    0.285832      0.2921     0.28425    0.247883     0.17948   0.0935814   0.0166586  -0.0289628  -0.0384215  -0.0245042 -0.00605625  0.00471858  0.00658395  0.00438706  0.00150121 -0.00312003   -0.010816  -0.0168855 -0.00637586
   0.0833608     0.189091     0.303654     0.390705     0.430225     0.427154     0.404015     0.383236     0.374572     0.375205     0.378711     0.383047     0.390434     0.399823     0.399846     0.371254     0.300328     0.193459    0.0789864  -0.00810869   -0.0476152   -0.0445517    -0.021421 -0.000639494   0.00806386   0.00748262   0.00393065 -0.000651107  -0.00837513   -0.0176882   -0.0169705    0.0147406
   0.164886    0.309063    0.445325    0.533458     0.56087    0.544574    0.514996    0.494777    0.489238    0.491984     0.49672    0.503481    0.514143    0.522184    0.508072    0.448568    0.335814    0.190359   0.0541232  -0.0340536  -0.0614574  -0.0451705  -0.0155994  0.00463599   0.0102232  0.00749786  0.00264048 -0.00440429  -0.0152589  -0.0228818 -0.00761325   0.0546299
