0.00242118
0.00484091
0.00725775
0.00967025
0.012077
0.0144765
0.0168673
0.0192481
0.0216174
0.0239737
0.0263157
0.028642
0.0309512
0.0332418
0.0355126
0.0377622
0.0399892
0.0421923
0.0443702
0.0465216
0.0486451
0.0507396
0.0528038
0.0548364
0.0568362
0.0588021
0.0607328
0.0626272
0.0644842
0.0663026
0.0680814
0.0698196
0.071516
0.0731696
0.0747795
0.0763447
0.0778643
0.0793374
0.080763
0.0821404
0.0834686
0.084747
0.0859748
0.0871511
0.0882754
0.0893468
0.0903649
0.091329
0.0922385
0.0930929
0.0938916
0.0946342
0.0953203
0.0959493
0.0965211
0.0970351
0.0974912
0.0978889
0.0982282
0.0985088
0.0987304
0.0988931
0.0989967
0.0990411
0.0990263
0.0989523
0.0988192
0.098627
0.0983758
0.0980659
0.0976973
0.0972704
0.0967853
0.0962424
0.0956419
0.0949843
0.09427
0.0934992
0.0926726
0.0917906
0.0908538
0.0898626
0.0888177
0.0877198
0.0865694
0.0853673
0.0841141
0.0828107
0.0814578
0.0800562
0.0786067
0.0771103
0.0755678
0.0739801
0.0723482
0.070673
0.0689557
0.0671971
0.0653983
0.0635605
0.0616846
0.0597719
0.0578235
0.0558405
0.0538241
0.0517756
0.0496961
0.0475869
0.0454493
0.0432845
0.0410938
0.0388786
0.0366402
0.0343798
0.0320989
0.0297988
0.0274809
0.0251466
0.0227972
0.0204343
0.0180591
0.0156731
0.0132777
0.0108744
0.00846463
0.00604978
0.00363132
0.00121068
-0.00121068
-0.00363132
-0.00604978
-0.00846463
-0.0108744
-0.0132777
-0.0156731
-0.0180591
-0.0204343
-0.0227972
-0.0251466
-0.0274809
-0.0297988
-0.0320989
-0.0343798
-0.0366402
-0.0388786
-0.0410938
-0.0432845
-0.0454493
-0.0475869
-0.0496961
-0.0517756
-0.0538241
-0.0558405
-0.0578235
-0.0597719
-0.0616846
-0.0635605
-0.0653983
-0.0671971
-0.0689557
-0.070673
-0.0723482
-0.0739801
-0.0755678
-0.0771103
-0.0786067
-0.0800562
-0.0814578
-0.0828107
-0.0841141
-0.0853673
-0.0865694
-0.0877198
-0.0888177
-0.0898626
-0.0908538
-0.0917906
-0.0926726
-0.0934992
-0.09427
-0.0949843
-0.0956419
-0.0962424
-0.0967853
-0.0972704
-0.0976973
-0.0980659
-0.0983758
-0.098627
-0.0988192
-0.0989523
-0.0990263
-0.0990411
-0.0989967
-0.0988931
-0.0987304
-0.0985088
-0.0982282
-0.0978889
-0.0974912
-0.0970351
-0.0965211
-0.0959493
-0.0953203
-0.0946342
-0.0938916
-0.0930929
-0.0922385
-0.091329
-0.0903649
-0.0893468
-0.0882754
-0.0871511
-0.0859748
-0.084747
-0.0834686
-0.0821404
-0.080763
-0.0793374
-0.0778643
-0.0763447
-0.0747795
-0.0731696
-0.071516
-0.0698196
-0.0680814
-0.0663026
-0.0644842
-0.0626272
-0.0607328
-0.0588021
-0.0568362
-0.0548364
-0.0528038
-0.0507396
-0.0486451
-0.0465216
-0.0443702
-0.0421923
-0.0399892
-0.0377622
-0.0355126
-0.0332418
-0.0309512
-0.028642
-0.0263157
-0.0239737
-0.0216174
-0.0192481
-0.0168673
-0.0144765
-0.012077
-0.00967025
-0.00725775
-0.00484091
-0.00242118
