1.09887e-05
2.19709e-05
3.294e-05
4.38893e-05
5.48125e-05
6.57028e-05
7.65539e-05
8.73593e-05
9.81124e-05
0.000108807
0.000119436
0.000129994
0.000140475
0.000150871
0.000161177
0.000171387
0.000181495
0.000191494
0.000201378
0.000211143
0.000220781
0.000230287
0.000239655
0.00024888
0.000257957
0.000266879
0.000275642
0.000284239
0.000292668
0.000300921
0.000308994
0.000316883
0.000324582
0.000332087
0.000339394
0.000346498
0.000353395
0.00036008
0.000366551
0.000372802
0.00037883
0.000384632
0.000390204
0.000395543
0.000400646
0.000405509
0.00041013
0.000414505
0.000418633
0.000422511
0.000426136
0.000429506
0.00043262
0.000435475
0.00043807
0.000440403
0.000442473
0.000444278
0.000445818
0.000447091
0.000448097
0.000448836
0.000449306
0.000449507
0.00044944
0.000449104
0.0004485
0.000447628
0.000446488
0.000445081
0.000443409
0.000441471
0.000439269
0.000436805
0.00043408
0.000431095
0.000427853
0.000424355
0.000420603
0.0004166
0.000412348
0.00040785
0.000403108
0.000398124
0.000392903
0.000387447
0.00038176
0.000375844
0.000369704
0.000363342
0.000356764
0.000349972
0.000342971
0.000335766
0.000328359
0.000320756
0.000312962
0.00030498
0.000296816
0.000288475
0.000279961
0.00027128
0.000262437
0.000253437
0.000244286
0.000234988
0.00022555
0.000215978
0.000206276
0.000196451
0.000186508
0.000176454
0.000166295
0.000156036
0.000145684
0.000135245
0.000124725
0.00011413
0.000103467
9.27428e-05
8.19627e-05
7.11337e-05
6.02622e-05
4.93546e-05
3.84175e-05
2.74575e-05
1.64811e-05
5.49478e-06
-5.49478e-06
-1.64811e-05
-2.74575e-05
-3.84175e-05
-4.93546e-05
-6.02622e-05
-7.11337e-05
-8.19627e-05
-9.27428e-05
-0.000103467
-0.00011413
-0.000124725
-0.000135245
-0.000145684
-0.000156036
-0.000166295
-0.000176454
-0.000186508
-0.000196451
-0.000206276
-0.000215978
-0.00022555
-0.000234988
-0.000244286
-0.000253437
-0.000262437
-0.00027128
-0.000279961
-0.000288475
-0.000296816
-0.00030498
-0.000312962
-0.000320756
-0.000328359
-0.000335766
-0.000342971
-0.000349972
-0.000356764
-0.000363342
-0.000369704
-0.000375844
-0.00038176
-0.000387447
-0.000392903
-0.000398124
-0.000403108
-0.00040785
-0.000412348
-0.0004166
-0.000420603
-0.000424355
-0.000427853
-0.000431095
-0.00043408
-0.000436805
-0.000439269
-0.000441471
-0.000443409
-0.000445081
-0.000446488
-0.000447628
-0.0004485
-0.000449104
-0.00044944
-0.000449507
-0.000449306
-0.000448836
-0.000448097
-0.000447091
-0.000445818
-0.000444278
-0.000442473
-0.000440403
-0.00043807
-0.000435475
-0.00043262
-0.000429506
-0.000426136
-0.000422511
-0.000418633
-0.000414505
-0.00041013
-0.000405509
-0.000400646
-0.000395543
-0.000390204
-0.000384632
-0.00037883
-0.000372802
-0.000366551
-0.00036008
-0.000353395
-0.000346498
-0.000339394
-0.000332087
-0.000324582
-0.000316883
-0.000308994
-0.000300921
-0.000292668
-0.000284239
-0.000275642
-0.000266879
-0.000257957
-0.00024888
-0.000239655
-0.000230287
-0.000220781
-0.000211143
-0.000201378
-0.000191494
-0.000181495
-0.000171387
-0.000161177
-0.000150871
-0.000140475
-0.000129994
-0.000119436
-0.000108807
-9.81124e-05
-8.73593e-05
-7.65539e-05
-6.57028e-05
-5.48125e-05
-4.38893e-05
-3.294e-05
-2.19709e-05
-1.09887e-05
