4.51452e-05
9.02634e-05
0.000135328
0.000180311
0.000225187
0.000269928
0.000314507
0.000358899
0.000403076
0.000447013
0.000490682
0.000534058
0.000577114
0.000619826
0.000662167
0.000704113
0.000745638
0.000786717
0.000827325
0.00086744
0.000907036
0.000946089
0.000984578
0.00102248
0.00105977
0.00109642
0.00113242
0.00116774
0.00120237
0.00123628
0.00126944
0.00130185
0.00133348
0.00136432
0.00139434
0.00142352
0.00145186
0.00147932
0.0015059
0.00153159
0.00155635
0.00158019
0.00160308
0.00162502
0.00164598
0.00166596
0.00168494
0.00170292
0.00171988
0.00173581
0.0017507
0.00176455
0.00177734
0.00178907
0.00179973
0.00180931
0.00181782
0.00182523
0.00183156
0.00183679
0.00184092
0.00184396
0.00184589
0.00184672
0.00184644
0.00184506
0.00184258
0.00183899
0.00183431
0.00182853
0.00182166
0.0018137
0.00180466
0.00179453
0.00178334
0.00177107
0.00175775
0.00174338
0.00172797
0.00171152
0.00169406
0.00167557
0.00165609
0.00163562
0.00161417
0.00159175
0.00156839
0.00154409
0.00151886
0.00149272
0.0014657
0.0014378
0.00140903
0.00137943
0.001349
0.00131777
0.00128574
0.00125295
0.00121941
0.00118515
0.00115017
0.0011145
0.00107817
0.0010412
0.0010036
0.000965406
0.000926632
0.000887304
0.000847446
0.000807081
0.000766234
0.000724929
0.000683191
0.000641045
0.000598515
0.000555628
0.000512408
0.000468882
0.000425076
0.000381016
0.000336729
0.000292239
0.000247576
0.000202764
0.000157831
0.000112804
6.77094e-05
2.25743e-05
-2.25743e-05
-6.77094e-05
-0.000112804
-0.000157831
-0.000202764
-0.000247576
-0.000292239
-0.000336729
-0.000381016
-0.000425076
-0.000468882
-0.000512408
-0.000555628
-0.000598515
-0.000641045
-0.000683191
-0.000724929
-0.000766234
-0.000807081
-0.000847446
-0.000887304
-0.000926632
-0.000965406
-0.0010036
-0.0010412
-0.00107817
-0.0011145
-0.00115017
-0.00118515
-0.00121941
-0.00125295
-0.00128574
-0.00131777
-0.001349
-0.00137943
-0.00140903
-0.0014378
-0.0014657
-0.00149272
-0.00151886
-0.00154409
-0.00156839
-0.00159175
-0.00161417
-0.00163562
-0.00165609
-0.00167557
-0.00169406
-0.00171152
-0.00172797
-0.00174338
-0.00175775
-0.00177107
-0.00178334
-0.00179453
-0.00180466
-0.0018137
-0.00182166
-0.00182853
-0.00183431
-0.00183899
-0.00184258
-0.00184506
-0.00184644
-0.00184672
-0.00184589
-0.00184396
-0.00184092
-0.00183679
-0.00183156
-0.00182523
-0.00181782
-0.00180931
-0.00179973
-0.00178907
-0.00177734
-0.00176455
-0.0017507
-0.00173581
-0.00171988
-0.00170292
-0.00168494
-0.00166596
-0.00164598
-0.00162502
-0.00160308
-0.00158019
-0.00155635
-0.00153159
-0.0015059
-0.00147932
-0.00145186
-0.00142352
-0.00139434
-0.00136432
-0.00133348
-0.00130185
-0.00126944
-0.00123628
-0.00120237
-0.00116774
-0.00113242
-0.00109642
-0.00105977
-0.00102248
-0.000984578
-0.000946089
-0.000907036
-0.00086744
-0.000827325
-0.000786717
-0.000745638
-0.000704113
-0.000662167
-0.000619826
-0.000577114
-0.000534058
-0.000490682
-0.000447013
-0.000403076
-0.000358899
-0.000314507
-0.000269928
-0.000225187
-0.000180311
-0.000135328
-9.02634e-05
-4.51452e-05
