0.0189072
0.0378032
0.0566765
0.075516
0.0943104
0.113048
0.131719
0.15031
0.168812
0.187213
0.205502
0.223669
0.241701
0.259589
0.277322
0.294889
0.31228
0.329484
0.346492
0.363292
0.379875
0.396231
0.412351
0.428223
0.44384
0.459192
0.474269
0.489063
0.503564
0.517764
0.531655
0.545228
0.558476
0.571389
0.583961
0.596184
0.608051
0.619554
0.630687
0.641443
0.651816
0.661799
0.671386
0.680572
0.689352
0.697719
0.70567
0.713198
0.7203
0.726972
0.73321
0.739009
0.744366
0.749279
0.753743
0.757758
0.761319
0.764425
0.767075
0.769265
0.770997
0.772267
0.773076
0.773422
0.773307
0.772729
0.771689
0.770189
0.768227
0.765807
0.762929
0.759595
0.755807
0.751567
0.746878
0.741743
0.736164
0.730146
0.72369
0.716803
0.709487
0.701747
0.693587
0.685013
0.67603
0.666642
0.656856
0.646678
0.636113
0.625167
0.613848
0.602163
0.590117
0.577718
0.564975
0.551893
0.538482
0.524749
0.510702
0.49635
0.481702
0.466765
0.45155
0.436064
0.420318
0.404321
0.388082
0.371611
0.354918
0.338013
0.320906
0.303607
0.286127
0.268476
0.250664
0.232702
0.214601
0.196372
0.178026
0.159573
0.141025
0.122393
0.103687
0.0849195
0.0661012
0.0472434
0.0283573
0.00945433
-0.00945433
-0.0283573
-0.0472434
-0.0661012
-0.0849195
-0.103687
-0.122393
-0.141025
-0.159573
-0.178026
-0.196372
-0.214601
-0.232702
-0.250664
-0.268476
-0.286127
-0.303607
-0.320906
-0.338013
-0.354918
-0.371611
-0.388082
-0.404321
-0.420318
-0.436064
-0.45155
-0.466765
-0.481702
-0.49635
-0.510702
-0.524749
-0.538482
-0.551893
-0.564975
-0.577718
-0.590117
-0.602163
-0.613848
-0.625167
-0.636113
-0.646678
-0.656856
-0.666642
-0.67603
-0.685013
-0.693587
-0.701747
-0.709487
-0.716803
-0.72369
-0.730146
-0.736164
-0.741743
-0.746878
-0.751567
-0.755807
-0.759595
-0.762929
-0.765807
-0.768227
-0.770189
-0.771689
-0.772729
-0.773307
-0.773422
-0.773076
-0.772267
-0.770997
-0.769265
-0.767075
-0.764425
-0.761319
-0.757758
-0.753743
-0.749279
-0.744366
-0.739009
-0.73321
-0.726972
-0.7203
-0.713198
-0.70567
-0.697719
-0.689352
-0.680572
-0.671386
-0.661799
-0.651816
-0.641443
-0.630687
-0.619554
-0.608051
-0.596184
-0.583961
-0.571389
-0.558476
-0.545228
-0.531655
-0.517764
-0.503564
-0.489063
-0.474269
-0.459192
-0.44384
-0.428223
-0.412351
-0.396231
-0.379875
-0.363292
-0.346492
-0.329484
-0.31228
-0.294889
-0.277322
-0.259589
-0.241701
-0.223669
-0.205502
-0.187213
-0.168812
-0.15031
-0.131719
-0.113048
-0.0943104
-0.075516
-0.0566765
-0.0378032
-0.0189072
