0.000352544
0.000704877
0.00105679
0.00140807
0.00175851
0.0021079
0.00245602
0.00280268
0.00314767
0.00349077
0.00383179
0.00417051
0.00450675
0.00484029
0.00517094
0.00549849
0.00582276
0.00614355
0.00646067
0.00677393
0.00708314
0.00738811
0.00768867
0.00798464
0.00827583
0.00856207
0.0088432
0.00911904
0.00938943
0.00965421
0.00991322
0.0101663
0.0104133
0.0106541
0.0108885
0.0111164
0.0113377
0.0115522
0.0117598
0.0119603
0.0121537
0.0123399
0.0125186
0.0126899
0.0128536
0.0130096
0.0131579
0.0132983
0.0134307
0.0135551
0.0136714
0.0137795
0.0138794
0.013971
0.0140543
0.0141291
0.0141955
0.0142534
0.0143028
0.0143437
0.014376
0.0143997
0.0144147
0.0144212
0.014419
0.0144083
0.0143889
0.0143609
0.0143243
0.0142792
0.0142255
0.0141634
0.0140927
0.0140137
0.0139263
0.0138305
0.0137265
0.0136143
0.0134939
0.0133655
0.0132291
0.0130847
0.0129326
0.0127727
0.0126052
0.0124302
0.0122477
0.0120579
0.0118609
0.0116568
0.0114458
0.0112279
0.0110033
0.0107721
0.0105345
0.0102906
0.0100405
0.00978445
0.00952254
0.00925493
0.00898179
0.00870329
0.00841958
0.00813084
0.00783724
0.00753896
0.00723617
0.00692905
0.0066178
0.00630258
0.00598361
0.00566105
0.00533511
0.00500599
0.00467387
0.00433896
0.00400145
0.00366155
0.00331947
0.0029754
0.00262955
0.00228213
0.00193335
0.00158341
0.00123252
0.000880899
0.00052875
0.000176285
-0.000176285
-0.00052875
-0.000880899
-0.00123252
-0.00158341
-0.00193335
-0.00228213
-0.00262955
-0.0029754
-0.00331947
-0.00366155
-0.00400145
-0.00433896
-0.00467387
-0.00500599
-0.00533511
-0.00566105
-0.00598361
-0.00630258
-0.0066178
-0.00692905
-0.00723617
-0.00753896
-0.00783724
-0.00813084
-0.00841958
-0.00870329
-0.00898179
-0.00925493
-0.00952254
-0.00978445
-0.0100405
-0.0102906
-0.0105345
-0.0107721
-0.0110033
-0.0112279
-0.0114458
-0.0116568
-0.0118609
-0.0120579
-0.0122477
-0.0124302
-0.0126052
-0.0127727
-0.0129326
-0.0130847
-0.0132291
-0.0133655
-0.0134939
-0.0136143
-0.0137265
-0.0138305
-0.0139263
-0.0140137
-0.0140927
-0.0141634
-0.0142255
-0.0142792
-0.0143243
-0.0143609
-0.0143889
-0.0144083
-0.014419
-0.0144212
-0.0144147
-0.0143997
-0.014376
-0.0143437
-0.0143028
-0.0142534
-0.0141955
-0.0141291
-0.0140543
-0.013971
-0.0138794
-0.0137795
-0.0136714
-0.0135551
-0.0134307
-0.0132983
-0.0131579
-0.0130096
-0.0128536
-0.0126899
-0.0125186
-0.0123399
-0.0121537
-0.0119603
-0.0117598
-0.0115522
-0.0113377
-0.0111164
-0.0108885
-0.0106541
-0.0104133
-0.0101663
-0.00991322
-0.00965421
-0.00938943
-0.00911904
-0.0088432
-0.00856207
-0.00827583
-0.00798464
-0.00768867
-0.00738811
-0.00708314
-0.00677393
-0.00646067
-0.00614355
-0.00582276
-0.00549849
-0.00517094
-0.00484029
-0.00450675
-0.00417051
-0.00383179
-0.00349077
-0.00314767
-0.00280268
-0.00245602
-0.0021079
-0.00175851
-0.00140807
-0.00105679
-0.000704877
-0.000352544
