0.00313042
0.00625896
0.00938377
0.012503
0.0156147
0.0187171
0.0218083
0.0248864
0.0279497
0.0309963
0.0340244
0.0370321
0.0400177
0.0429794
0.0459154
0.0488239
0.0517033
0.0545518
0.0573676
0.0601492
0.0628948
0.0656028
0.0682716
0.0708997
0.0734853
0.076027
0.0785233
0.0809726
0.0833736
0.0857247
0.0880246
0.0902718
0.0924652
0.0946032
0.0966847
0.0987084
0.100673
0.102578
0.104421
0.106202
0.107919
0.109572
0.111159
0.11268
0.114134
0.115519
0.116836
0.118082
0.119258
0.120363
0.121395
0.122355
0.123242
0.124056
0.124795
0.12546
0.126049
0.126564
0.127002
0.127365
0.127652
0.127862
0.127996
0.128053
0.128034
0.127938
0.127766
0.127518
0.127193
0.126792
0.126316
0.125764
0.125137
0.124435
0.123658
0.122808
0.121884
0.120888
0.119819
0.118679
0.117468
0.116186
0.114835
0.113416
0.111928
0.110374
0.108754
0.107068
0.105319
0.103507
0.101633
0.0996983
0.0977039
0.0956511
0.0935412
0.0913753
0.0891549
0.0868811
0.0845555
0.0821792
0.0797539
0.0772809
0.0747617
0.0721979
0.0695908
0.0669422
0.0642536
0.0615266
0.0587628
0.0559639
0.0531315
0.0502674
0.0473732
0.0444507
0.0415017
0.0385278
0.0355309
0.0325128
0.0294752
0.0264201
0.0233491
0.0202642
0.0171672
0.0140599
0.0109442
0.00782195
0.00469504
0.00156533
-0.00156533
-0.00469504
-0.00782195
-0.0109442
-0.0140599
-0.0171672
-0.0202642
-0.0233491
-0.0264201
-0.0294752
-0.0325128
-0.0355309
-0.0385278
-0.0415017
-0.0444507
-0.0473732
-0.0502674
-0.0531315
-0.0559639
-0.0587628
-0.0615266
-0.0642536
-0.0669422
-0.0695908
-0.0721979
-0.0747617
-0.0772809
-0.0797539
-0.0821792
-0.0845555
-0.0868811
-0.0891549
-0.0913753
-0.0935412
-0.0956511
-0.0977039
-0.0996983
-0.101633
-0.103507
-0.105319
-0.107068
-0.108754
-0.110374
-0.111928
-0.113416
-0.114835
-0.116186
-0.117468
-0.118679
-0.119819
-0.120888
-0.121884
-0.122808
-0.123658
-0.124435
-0.125137
-0.125764
-0.126316
-0.126792
-0.127193
-0.127518
-0.127766
-0.127938
-0.128034
-0.128053
-0.127996
-0.127862
-0.127652
-0.127365
-0.127002
-0.126564
-0.126049
-0.12546
-0.124795
-0.124056
-0.123242
-0.122355
-0.121395
-0.120363
-0.119258
-0.118082
-0.116836
-0.115519
-0.114134
-0.11268
-0.111159
-0.109572
-0.107919
-0.106202
-0.104421
-0.102578
-0.100673
-0.0987084
-0.0966847
-0.0946032
-0.0924652
-0.0902718
-0.0880246
-0.0857247
-0.0833736
-0.0809726
-0.0785233
-0.076027
-0.0734853
-0.0708997
-0.0682716
-0.0656028
-0.0628948
-0.0601492
-0.0573676
-0.0545518
-0.0517033
-0.0488239
-0.0459154
-0.0429794
-0.0400177
-0.0370321
-0.0340244
-0.0309963
-0.0279497
-0.0248864
-0.0218083
-0.0187171
-0.0156147
-0.012503
-0.00938377
-0.00625896
-0.00313042
