8.58123e-05
0.000171573
0.000257232
0.000342737
0.000428036
0.000513081
0.000597818
0.000682198
0.00076617
0.000849685
0.000932691
0.00101514
0.00109698
0.00117817
0.00125865
0.00133838
0.00141731
0.0014954
0.00157259
0.00164884
0.0017241
0.00179833
0.00187149
0.00194353
0.00201441
0.00208409
0.00215251
0.00221966
0.00228547
0.00234992
0.00241297
0.00247457
0.00253469
0.0025933
0.00265036
0.00270584
0.0027597
0.0028119
0.00286243
0.00291125
0.00295833
0.00300364
0.00304715
0.00308884
0.00312869
0.00316666
0.00320275
0.00323692
0.00326915
0.00329943
0.00332774
0.00335406
0.00337838
0.00340067
0.00342094
0.00343915
0.00345532
0.00346942
0.00348144
0.00349138
0.00349924
0.00350501
0.00350868
0.00351025
0.00350973
0.0035071
0.00350238
0.00349557
0.00348667
0.00347569
0.00346262
0.00344749
0.0034303
0.00341106
0.00338978
0.00336647
0.00334115
0.00331383
0.00328454
0.00325328
0.00322007
0.00318494
0.00314791
0.003109
0.00306822
0.00302562
0.0029812
0.00293501
0.00288706
0.00283738
0.00278601
0.00273297
0.0026783
0.00262203
0.00256419
0.00250482
0.00244395
0.00238162
0.00231787
0.00225273
0.00218625
0.00211846
0.0020494
0.00197912
0.00190765
0.00183505
0.00176135
0.00168659
0.00161083
0.00153411
0.00145646
0.00137795
0.00129861
0.0012185
0.00113766
0.00105614
0.000973989
0.000891255
0.000807988
0.000724238
0.000640056
0.000555491
0.000470594
0.000385415
0.000300007
0.000214419
0.000128702
4.29094e-05
-4.29094e-05
-0.000128702
-0.000214419
-0.000300007
-0.000385415
-0.000470594
-0.000555491
-0.000640056
-0.000724238
-0.000807988
-0.000891255
-0.000973989
-0.00105614
-0.00113766
-0.0012185
-0.00129861
-0.00137795
-0.00145646
-0.00153411
-0.00161083
-0.00168659
-0.00176135
-0.00183505
-0.00190765
-0.00197912
-0.0020494
-0.00211846
-0.00218625
-0.00225273
-0.00231787
-0.00238162
-0.00244395
-0.00250482
-0.00256419
-0.00262203
-0.0026783
-0.00273297
-0.00278601
-0.00283738
-0.00288706
-0.00293501
-0.0029812
-0.00302562
-0.00306822
-0.003109
-0.00314791
-0.00318494
-0.00322007
-0.00325328
-0.00328454
-0.00331383
-0.00334115
-0.00336647
-0.00338978
-0.00341106
-0.0034303
-0.00344749
-0.00346262
-0.00347569
-0.00348667
-0.00349557
-0.00350238
-0.0035071
-0.00350973
-0.00351025
-0.00350868
-0.00350501
-0.00349924
-0.00349138
-0.00348144
-0.00346942
-0.00345532
-0.00343915
-0.00342094
-0.00340067
-0.00337838
-0.00335406
-0.00332774
-0.00329943
-0.00326915
-0.00323692
-0.00320275
-0.00316666
-0.00312869
-0.00308884
-0.00304715
-0.00300364
-0.00295833
-0.00291125
-0.00286243
-0.0028119
-0.0027597
-0.00270584
-0.00265036
-0.0025933
-0.00253469
-0.00247457
-0.00241297
-0.00234992
-0.00228547
-0.00221966
-0.00215251
-0.00208409
-0.00201441
-0.00194353
-0.00187149
-0.00179833
-0.0017241
-0.00164884
-0.00157259
-0.0014954
-0.00141731
-0.00133838
-0.00125865
-0.00117817
-0.00109698
-0.00101514
-0.000932691
-0.000849685
-0.00076617
-0.000682198
-0.000597818
-0.000513081
-0.000428036
-0.000342737
-0.000257232
-0.000171573
-8.58123e-05
