0.00874788
0.0174905
0.0262227
0.0349393
0.0436349
0.0523045
0.0609428
0.0695446
0.0781049
0.0866186
0.0950804
0.103485
0.111829
0.120105
0.12831
0.136437
0.144484
0.152444
0.160313
0.168086
0.175758
0.183326
0.190784
0.198128
0.205353
0.212456
0.219432
0.226276
0.232986
0.239556
0.245983
0.252263
0.258392
0.264367
0.270183
0.275839
0.281329
0.286651
0.291802
0.296779
0.301578
0.306197
0.310632
0.314883
0.318945
0.322816
0.326494
0.329978
0.333264
0.336351
0.339237
0.34192
0.344398
0.346671
0.348737
0.350594
0.352242
0.353679
0.354905
0.355919
0.35672
0.357307
0.357681
0.357842
0.357788
0.357521
0.35704
0.356346
0.355438
0.354319
0.352987
0.351444
0.349692
0.34773
0.345561
0.343185
0.340604
0.337819
0.334832
0.331646
0.328261
0.32468
0.320904
0.316937
0.312781
0.308438
0.30391
0.299201
0.294312
0.289248
0.284011
0.278605
0.273031
0.267295
0.261399
0.255346
0.249141
0.242787
0.236288
0.229648
0.222871
0.21596
0.20892
0.201755
0.19447
0.187069
0.179555
0.171935
0.164211
0.15639
0.148475
0.140471
0.132383
0.124217
0.115975
0.107665
0.0992904
0.0908563
0.0823679
0.0738303
0.0652486
0.0566278
0.0479733
0.03929
0.0305833
0.0218583
0.0131202
0.00437427
-0.00437427
-0.0131202
-0.0218583
-0.0305833
-0.03929
-0.0479733
-0.0566278
-0.0652486
-0.0738303
-0.0823679
-0.0908563
-0.0992904
-0.107665
-0.115975
-0.124217
-0.132383
-0.140471
-0.148475
-0.15639
-0.164211
-0.171935
-0.179555
-0.187069
-0.19447
-0.201755
-0.20892
-0.21596
-0.222871
-0.229648
-0.236288
-0.242787
-0.249141
-0.255346
-0.261399
-0.267295
-0.273031
-0.278605
-0.284011
-0.289248
-0.294312
-0.299201
-0.30391
-0.308438
-0.312781
-0.316937
-0.320904
-0.32468
-0.328261
-0.331646
-0.334832
-0.337819
-0.340604
-0.343185
-0.345561
-0.34773
-0.349692
-0.351444
-0.352987
-0.354319
-0.355438
-0.356346
-0.35704
-0.357521
-0.357788
-0.357842
-0.357681
-0.357307
-0.35672
-0.355919
-0.354905
-0.353679
-0.352242
-0.350594
-0.348737
-0.346671
-0.344398
-0.34192
-0.339237
-0.336351
-0.333264
-0.329978
-0.326494
-0.322816
-0.318945
-0.314883
-0.310632
-0.306197
-0.301578
-0.296779
-0.291802
-0.286651
-0.281329
-0.275839
-0.270183
-0.264367
-0.258392
-0.252263
-0.245983
-0.239556
-0.232986
-0.226276
-0.219432
-0.212456
-0.205353
-0.198128
-0.190784
-0.183326
-0.175758
-0.168086
-0.160313
-0.152444
-0.144484
-0.136437
-0.12831
-0.120105
-0.111829
-0.103485
-0.0950804
-0.0866186
-0.0781049
-0.0695446
-0.0609428
-0.0523045
-0.0436349
-0.0349393
-0.0262227
-0.0174905
-0.00874788
