0.000239801
0.000479458
0.000718829
0.00095777
0.00119614
0.00143379
0.00167059
0.00190639
0.00214105
0.00237443
0.00260639
0.00283679
0.00306549
0.00329237
0.00351728
0.00374008
0.00396065
0.00417885
0.00439456
0.00460763
0.00481796
0.0050254
0.00522984
0.00543116
0.00562923
0.00582393
0.00601515
0.00620278
0.0063867
0.00656681
0.00674298
0.00691513
0.00708315
0.00724693
0.00740638
0.00756141
0.00771191
0.00785781
0.007999
0.00813542
0.00826698
0.00839359
0.00851519
0.0086317
0.00874305
0.00884917
0.00895001
0.00904549
0.00913557
0.00922019
0.0092993
0.00937285
0.0094408
0.0095031
0.00955973
0.00961064
0.00965581
0.0096952
0.00972881
0.00975659
0.00977855
0.00979466
0.00980492
0.00980932
0.00980785
0.00980052
0.00978734
0.0097683
0.00974343
0.00971273
0.00967623
0.00963394
0.0095859
0.00953213
0.00947266
0.00940753
0.00933677
0.00926044
0.00917857
0.00909121
0.00899842
0.00890025
0.00879677
0.00868802
0.00857409
0.00845502
0.00833091
0.00820181
0.00806782
0.007929
0.00778544
0.00763723
0.00748445
0.0073272
0.00716558
0.00699966
0.00682957
0.00665539
0.00647724
0.00629521
0.00610942
0.00591998
0.00572701
0.0055306
0.0053309
0.00512801
0.00492205
0.00471315
0.00450143
0.00428702
0.00407005
0.00385065
0.00362895
0.00340508
0.00317917
0.00295136
0.00272179
0.00249059
0.0022579
0.00202387
0.00178862
0.00155231
0.00131506
0.00107703
0.000838362
0.000599188
0.000359656
0.000119909
-0.000119909
-0.000359656
-0.000599188
-0.000838362
-0.00107703
-0.00131506
-0.00155231
-0.00178862
-0.00202387
-0.0022579
-0.00249059
-0.00272179
-0.00295136
-0.00317917
-0.00340508
-0.00362895
-0.00385065
-0.00407005
-0.00428702
-0.00450143
-0.00471315
-0.00492205
-0.00512801
-0.0053309
-0.0055306
-0.00572701
-0.00591998
-0.00610942
-0.00629521
-0.00647724
-0.00665539
-0.00682957
-0.00699966
-0.00716558
-0.0073272
-0.00748445
-0.00763723
-0.00778544
-0.007929
-0.00806782
-0.00820181
-0.00833091
-0.00845502
-0.00857409
-0.00868802
-0.00879677
-0.00890025
-0.00899842
-0.00909121
-0.00917857
-0.00926044
-0.00933677
-0.00940753
-0.00947266
-0.00953213
-0.0095859
-0.00963394
-0.00967623
-0.00971273
-0.00974343
-0.0097683
-0.00978734
-0.00980052
-0.00980785
-0.00980932
-0.00980492
-0.00979466
-0.00977855
-0.00975659
-0.00972881
-0.0096952
-0.00965581
-0.00961064
-0.00955973
-0.0095031
-0.0094408
-0.00937285
-0.0092993
-0.00922019
-0.00913557
-0.00904549
-0.00895001
-0.00884917
-0.00874305
-0.0086317
-0.00851519
-0.00839359
-0.00826698
-0.00813542
-0.007999
-0.00785781
-0.00771191
-0.00756141
-0.00740638
-0.00724693
-0.00708315
-0.00691513
-0.00674298
-0.00656681
-0.0063867
-0.00620278
-0.00601515
-0.00582393
-0.00562923
-0.00543116
-0.00522984
-0.0050254
-0.00481796
-0.00460763
-0.00439456
-0.00417885
-0.00396065
-0.00374008
-0.00351728
-0.00329237
-0.00306549
-0.00283679
-0.00260639
-0.00237443
-0.00214105
-0.00190639
-0.00167059
-0.00143379
-0.00119614
-0.00095777
-0.000718829
-0.000479458
-0.000239801
