1.83696e-05
3.67281e-05
5.50647e-05
7.33685e-05
9.16283e-05
0.000109833
0.000127973
0.000146036
0.000164011
0.000181889
0.000199658
0.000217308
0.000234827
0.000252207
0.000269435
0.000286503
0.000303399
0.000320114
0.000336638
0.000352961
0.000369072
0.000384963
0.000400624
0.000416045
0.000431218
0.000446133
0.000460781
0.000475154
0.000489243
0.00050304
0.000516536
0.000529723
0.000542594
0.00055514
0.000567354
0.00057923
0.000590759
0.000601935
0.000612751
0.000623201
0.000633279
0.000642978
0.000652293
0.000661218
0.000669748
0.000677877
0.000685601
0.000692916
0.000699816
0.000706298
0.000712358
0.000717992
0.000723197
0.00072797
0.000732308
0.000736208
0.000739668
0.000742686
0.00074526
0.000747389
0.000749071
0.000750305
0.00075109
0.000751427
0.000751315
0.000750754
0.000749744
0.000748285
0.00074638
0.000744029
0.000741232
0.000737993
0.000734313
0.000730194
0.000725638
0.000720649
0.000715229
0.000709381
0.00070311
0.000696418
0.00068931
0.00068179
0.000673863
0.000665532
0.000656804
0.000647684
0.000638176
0.000628287
0.000618022
0.000607388
0.000596391
0.000585038
0.000573335
0.000561289
0.000548908
0.000536198
0.000523168
0.000509826
0.000496179
0.000482235
0.000468003
0.000453491
0.000438708
0.000423663
0.000408365
0.000392823
0.000377046
0.000361043
0.000344825
0.000328401
0.00031178
0.000294973
0.00027799
0.000260841
0.000243535
0.000226084
0.000208498
0.000190788
0.000172963
0.000155035
0.000137015
0.000118912
0.000100738
8.25045e-05
6.42214e-05
4.58999e-05
2.75509e-05
9.18546e-06
-9.18546e-06
-2.75509e-05
-4.58999e-05
-6.42214e-05
-8.25045e-05
-0.000100738
-0.000118912
-0.000137015
-0.000155035
-0.000172963
-0.000190788
-0.000208498
-0.000226084
-0.000243535
-0.000260841
-0.00027799
-0.000294973
-0.00031178
-0.000328401
-0.000344825
-0.000361043
-0.000377046
-0.000392823
-0.000408365
-0.000423663
-0.000438708
-0.000453491
-0.000468003
-0.000482235
-0.000496179
-0.000509826
-0.000523168
-0.000536198
-0.000548908
-0.000561289
-0.000573335
-0.000585038
-0.000596391
-0.000607388
-0.000618022
-0.000628287
-0.000638176
-0.000647684
-0.000656804
-0.000665532
-0.000673863
-0.00068179
-0.00068931
-0.000696418
-0.00070311
-0.000709381
-0.000715229
-0.000720649
-0.000725638
-0.000730194
-0.000734313
-0.000737993
-0.000741232
-0.000744029
-0.00074638
-0.000748285
-0.000749744
-0.000750754
-0.000751315
-0.000751427
-0.00075109
-0.000750305
-0.000749071
-0.000747389
-0.00074526
-0.000742686
-0.000739668
-0.000736208
-0.000732308
-0.00072797
-0.000723197
-0.000717992
-0.000712358
-0.000706298
-0.000699816
-0.000692916
-0.000685601
-0.000677877
-0.000669748
-0.000661218
-0.000652293
-0.000642978
-0.000633279
-0.000623201
-0.000612751
-0.000601935
-0.000590759
-0.00057923
-0.000567354
-0.00055514
-0.000542594
-0.000529723
-0.000516536
-0.00050304
-0.000489243
-0.000475154
-0.000460781
-0.000446133
-0.000431218
-0.000416045
-0.000400624
-0.000384963
-0.000369072
-0.000352961
-0.000336638
-0.000320114
-0.000303399
-0.000286503
-0.000269435
-0.000252207
-0.000234827
-0.000217308
-0.000199658
-0.000181889
-0.000164011
-0.000146036
-0.000127973
-0.000109833
-9.16283e-05
-7.33685e-05
-5.50647e-05
-3.67281e-05
-1.83696e-05
