0.000455815
0.000911357
0.00136635
0.00182054
0.00227363
0.00272536
0.00317547
0.00362367
0.00406971
0.00451332
0.00495423
0.00539219
0.00582691
0.00625816
0.00668566
0.00710917
0.00752843
0.00794319
0.0083532
0.00875822
0.00915801
0.00955232
0.00994092
0.0103236
0.0107001
0.0110702
0.0114336
0.0117903
0.0121399
0.0124822
0.0128171
0.0131443
0.0134637
0.013775
0.0140781
0.0143728
0.0146589
0.0149362
0.0152046
0.0154639
0.0157139
0.0159546
0.0161857
0.0164072
0.0166188
0.0168206
0.0170122
0.0171937
0.017365
0.0175258
0.0176762
0.017816
0.0179451
0.0180636
0.0181712
0.018268
0.0183538
0.0184287
0.0184926
0.0185454
0.0185871
0.0186178
0.0186373
0.0186456
0.0186428
0.0186289
0.0186038
0.0185677
0.0185204
0.018462
0.0183926
0.0183123
0.0182209
0.0181187
0.0180057
0.0178819
0.0177474
0.0176023
0.0174467
0.0172806
0.0171043
0.0169177
0.016721
0.0165143
0.0162977
0.0160714
0.0158354
0.0155901
0.0153354
0.0150715
0.0147986
0.0145169
0.0142265
0.0139276
0.0136204
0.013305
0.0129817
0.0126506
0.012312
0.011966
0.0116128
0.0112527
0.0108859
0.0105126
0.010133
0.00974735
0.00935586
0.00895878
0.00855635
0.0081488
0.00773639
0.00731935
0.00689793
0.00647239
0.00604299
0.00560997
0.0051736
0.00473413
0.00429184
0.00384698
0.00339982
0.00295063
0.00249968
0.00204723
0.00159356
0.00113894
0.000683637
0.000227924
-0.000227924
-0.000683637
-0.00113894
-0.00159356
-0.00204723
-0.00249968
-0.00295063
-0.00339982
-0.00384698
-0.00429184
-0.00473413
-0.0051736
-0.00560997
-0.00604299
-0.00647239
-0.00689793
-0.00731935
-0.00773639
-0.0081488
-0.00855635
-0.00895878
-0.00935586
-0.00974735
-0.010133
-0.0105126
-0.0108859
-0.0112527
-0.0116128
-0.011966
-0.012312
-0.0126506
-0.0129817
-0.013305
-0.0136204
-0.0139276
-0.0142265
-0.0145169
-0.0147986
-0.0150715
-0.0153354
-0.0155901
-0.0158354
-0.0160714
-0.0162977
-0.0165143
-0.016721
-0.0169177
-0.0171043
-0.0172806
-0.0174467
-0.0176023
-0.0177474
-0.0178819
-0.0180057
-0.0181187
-0.0182209
-0.0183123
-0.0183926
-0.018462
-0.0185204
-0.0185677
-0.0186038
-0.0186289
-0.0186428
-0.0186456
-0.0186373
-0.0186178
-0.0185871
-0.0185454
-0.0184926
-0.0184287
-0.0183538
-0.018268
-0.0181712
-0.0180636
-0.0179451
-0.017816
-0.0176762
-0.0175258
-0.017365
-0.0171937
-0.0170122
-0.0168206
-0.0166188
-0.0164072
-0.0161857
-0.0159546
-0.0157139
-0.0154639
-0.0152046
-0.0149362
-0.0146589
-0.0143728
-0.0140781
-0.013775
-0.0134637
-0.0131443
-0.0128171
-0.0124822
-0.0121399
-0.0117903
-0.0114336
-0.0110702
-0.0107001
-0.0103236
-0.00994092
-0.00955232
-0.00915801
-0.00875822
-0.0083532
-0.00794319
-0.00752843
-0.00710917
-0.00668566
-0.00625816
-0.00582691
-0.00539219
-0.00495423
-0.00451332
-0.00406971
-0.00362367
-0.00317547
-0.00272536
-0.00227363
-0.00182054
-0.00136635
-0.000911357
-0.000455815
