0.00014345
0.000286814
0.000430007
0.000572942
0.000715535
0.000857701
0.000999354
0.00114041
0.00128078
0.00142039
0.00155915
0.00169698
0.00183379
0.00196951
0.00210405
0.00223733
0.00236928
0.00249981
0.00262884
0.00275631
0.00288212
0.00300622
0.00312852
0.00324894
0.00336743
0.0034839
0.00359829
0.00371053
0.00382055
0.00392829
0.00403368
0.00413666
0.00423717
0.00433515
0.00443053
0.00452327
0.0046133
0.00470057
0.00478504
0.00486665
0.00494534
0.00502108
0.00509382
0.00516352
0.00523013
0.00529361
0.00535393
0.00541105
0.00546494
0.00551556
0.00556288
0.00560688
0.00564753
0.0056848
0.00571867
0.00574913
0.00577615
0.00579971
0.00581982
0.00583644
0.00584957
0.00585921
0.00586535
0.00586798
0.0058671
0.00586272
0.00585483
0.00584344
0.00582856
0.0058102
0.00578836
0.00576307
0.00573433
0.00570216
0.00566659
0.00562762
0.0055853
0.00553963
0.00549066
0.0054384
0.0053829
0.00532417
0.00526227
0.00519721
0.00512906
0.00505783
0.00498359
0.00490636
0.0048262
0.00474316
0.00465728
0.00456862
0.00447723
0.00438317
0.00428648
0.00418723
0.00408548
0.00398129
0.00387471
0.00376582
0.00365468
0.00354136
0.00342592
0.00330843
0.00318897
0.0030676
0.00294439
0.00281943
0.00269278
0.00256452
0.00243472
0.00230348
0.00217085
0.00203693
0.00190179
0.00176552
0.00162819
0.00148988
0.00135069
0.00121069
0.00106996
0.000928597
0.000786677
0.000644287
0.000501512
0.000358437
0.000215148
7.17303e-05
-7.17303e-05
-0.000215148
-0.000358437
-0.000501512
-0.000644287
-0.000786677
-0.000928597
-0.00106996
-0.00121069
-0.00135069
-0.00148988
-0.00162819
-0.00176552
-0.00190179
-0.00203693
-0.00217085
-0.00230348
-0.00243472
-0.00256452
-0.00269278
-0.00281943
-0.00294439
-0.0030676
-0.00318897
-0.00330843
-0.00342592
-0.00354136
-0.00365468
-0.00376582
-0.00387471
-0.00398129
-0.00408548
-0.00418723
-0.00428648
-0.00438317
-0.00447723
-0.00456862
-0.00465728
-0.00474316
-0.0048262
-0.00490636
-0.00498359
-0.00505783
-0.00512906
-0.00519721
-0.00526227
-0.00532417
-0.0053829
-0.0054384
-0.00549066
-0.00553963
-0.0055853
-0.00562762
-0.00566659
-0.00570216
-0.00573433
-0.00576307
-0.00578836
-0.0058102
-0.00582856
-0.00584344
-0.00585483
-0.00586272
-0.0058671
-0.00586798
-0.00586535
-0.00585921
-0.00584957
-0.00583644
-0.00581982
-0.00579971
-0.00577615
-0.00574913
-0.00571867
-0.0056848
-0.00564753
-0.00560688
-0.00556288
-0.00551556
-0.00546494
-0.00541105
-0.00535393
-0.00529361
-0.00523013
-0.00516352
-0.00509382
-0.00502108
-0.00494534
-0.00486665
-0.00478504
-0.00470057
-0.0046133
-0.00452327
-0.00443053
-0.00433515
-0.00423717
-0.00413666
-0.00403368
-0.00392829
-0.00382055
-0.00371053
-0.00359829
-0.0034839
-0.00336743
-0.00324894
-0.00312852
-0.00300622
-0.00288212
-0.00275631
-0.00262884
-0.00249981
-0.00236928
-0.00223733
-0.00210405
-0.00196951
-0.00183379
-0.00169698
-0.00155915
-0.00142039
-0.00128078
-0.00114041
-0.000999354
-0.000857701
-0.000715535
-0.000572942
-0.000430007
-0.000286814
-0.00014345
