0.00404741
0.0080924
0.0121326
0.0161655
0.0201887
0.0241999
0.0281966
0.0321764
0.0361371
0.0400761
0.0439912
0.04788
0.0517401
0.0555694
0.0593654
0.0631259
0.0668488
0.0705316
0.0741723
0.0777687
0.0813186
0.0848199
0.0882705
0.0916683
0.0950114
0.0982976
0.101525
0.104692
0.107796
0.110836
0.11381
0.116715
0.119551
0.122315
0.125007
0.127623
0.130163
0.132626
0.135009
0.137312
0.139532
0.141669
0.143721
0.145688
0.147567
0.149358
0.15106
0.152672
0.154192
0.155621
0.156956
0.158197
0.159344
0.160396
0.161351
0.162211
0.162973
0.163638
0.164205
0.164674
0.165045
0.165317
0.16549
0.165564
0.165539
0.165415
0.165193
0.164872
0.164452
0.163934
0.163318
0.162604
0.161793
0.160885
0.159882
0.158782
0.157588
0.1563
0.154918
0.153444
0.151877
0.150221
0.148474
0.146638
0.144715
0.142706
0.140611
0.138432
0.13617
0.133827
0.131404
0.128903
0.126324
0.12367
0.120942
0.118142
0.115271
0.112331
0.109324
0.106252
0.103116
0.0999189
0.0966617
0.0933468
0.0899761
0.0865517
0.0830755
0.0795496
0.0759762
0.0723574
0.0686953
0.0649922
0.0612502
0.0574717
0.0536588
0.0498138
0.045939
0.0420368
0.0381094
0.0341593
0.0301888
0.0262002
0.0221959
0.0181784
0.0141501
0.0101132
0.00607036
0.00202386
-0.00202386
-0.00607036
-0.0101132
-0.0141501
-0.0181784
-0.0221959
-0.0262002
-0.0301888
-0.0341593
-0.0381094
-0.0420368
-0.045939
-0.0498138
-0.0536588
-0.0574717
-0.0612502
-0.0649922
-0.0686953
-0.0723574
-0.0759762
-0.0795496
-0.0830755
-0.0865517
-0.0899761
-0.0933468
-0.0966617
-0.0999189
-0.103116
-0.106252
-0.109324
-0.112331
-0.115271
-0.118142
-0.120942
-0.12367
-0.126324
-0.128903
-0.131404
-0.133827
-0.13617
-0.138432
-0.140611
-0.142706
-0.144715
-0.146638
-0.148474
-0.150221
-0.151877
-0.153444
-0.154918
-0.1563
-0.157588
-0.158782
-0.159882
-0.160885
-0.161793
-0.162604
-0.163318
-0.163934
-0.164452
-0.164872
-0.165193
-0.165415
-0.165539
-0.165564
-0.16549
-0.165317
-0.165045
-0.164674
-0.164205
-0.163638
-0.162973
-0.162211
-0.161351
-0.160396
-0.159344
-0.158197
-0.156956
-0.155621
-0.154192
-0.152672
-0.15106
-0.149358
-0.147567
-0.145688
-0.143721
-0.141669
-0.139532
-0.137312
-0.135009
-0.132626
-0.130163
-0.127623
-0.125007
-0.122315
-0.119551
-0.116715
-0.11381
-0.110836
-0.107796
-0.104692
-0.101525
-0.0982976
-0.0950114
-0.0916683
-0.0882705
-0.0848199
-0.0813186
-0.0777687
-0.0741723
-0.0705316
-0.0668488
-0.0631259
-0.0593654
-0.0555694
-0.0517401
-0.04788
-0.0439912
-0.0400761
-0.0361371
-0.0321764
-0.0281966
-0.0241999
-0.0201887
-0.0161655
-0.0121326
-0.0080924
-0.00404741
