0.000126157
0.000252239
0.00037817
0.000503875
0.000629279
0.000754307
0.000878884
0.00100294
0.00112639
0.00124917
0.0013712
0.00149241
0.00161273
0.00173209
0.00185041
0.00196763
0.00208367
0.00219846
0.00231194
0.00242404
0.00253469
0.00264383
0.00275138
0.00285729
0.00296149
0.00306393
0.00316453
0.00326324
0.00336
0.00345475
0.00354743
0.003638
0.00372639
0.00381256
0.00389644
0.003978
0.00405718
0.00413393
0.00420822
0.00427998
0.00434919
0.00441581
0.00447978
0.00454107
0.00459965
0.00465548
0.00470853
0.00475877
0.00480616
0.00485067
0.00489229
0.00493098
0.00496673
0.00499951
0.0050293
0.00505609
0.00507985
0.00510057
0.00511825
0.00513287
0.00514442
0.0051529
0.00515829
0.00516061
0.00515984
0.00515598
0.00514904
0.00513903
0.00512594
0.00510979
0.00509059
0.00506835
0.00504307
0.00501478
0.00498349
0.00494923
0.004912
0.00487185
0.00482877
0.00478282
0.004734
0.00468236
0.00462791
0.0045707
0.00451076
0.00444812
0.00438283
0.00431491
0.00424442
0.00417139
0.00409586
0.00401789
0.00393751
0.00385479
0.00376976
0.00368247
0.00359298
0.00350135
0.00340763
0.00331186
0.00321412
0.00311446
0.00301293
0.00290961
0.00280455
0.0026978
0.00258945
0.00247955
0.00236817
0.00225537
0.00214123
0.0020258
0.00190916
0.00179139
0.00167254
0.00155269
0.00143191
0.00131028
0.00118787
0.00106474
0.00094098
0.000816657
0.000691845
0.00056662
0.000441056
0.000315228
0.000189212
6.30834e-05
-6.30834e-05
-0.000189212
-0.000315228
-0.000441056
-0.00056662
-0.000691845
-0.000816657
-0.00094098
-0.00106474
-0.00118787
-0.00131028
-0.00143191
-0.00155269
-0.00167254
-0.00179139
-0.00190916
-0.0020258
-0.00214123
-0.00225537
-0.00236817
-0.00247955
-0.00258945
-0.0026978
-0.00280455
-0.00290961
-0.00301293
-0.00311446
-0.00321412
-0.00331186
-0.00340763
-0.00350135
-0.00359298
-0.00368247
-0.00376976
-0.00385479
-0.00393751
-0.00401789
-0.00409586
-0.00417139
-0.00424442
-0.00431491
-0.00438283
-0.00444812
-0.00451076
-0.0045707
-0.00462791
-0.00468236
-0.004734
-0.00478282
-0.00482877
-0.00487185
-0.004912
-0.00494923
-0.00498349
-0.00501478
-0.00504307
-0.00506835
-0.00509059
-0.00510979
-0.00512594
-0.00513903
-0.00514904
-0.00515598
-0.00515984
-0.00516061
-0.00515829
-0.0051529
-0.00514442
-0.00513287
-0.00511825
-0.00510057
-0.00507985
-0.00505609
-0.0050293
-0.00499951
-0.00496673
-0.00493098
-0.00489229
-0.00485067
-0.00480616
-0.00475877
-0.00470853
-0.00465548
-0.00459965
-0.00454107
-0.00447978
-0.00441581
-0.00434919
-0.00427998
-0.00420822
-0.00413393
-0.00405718
-0.003978
-0.00389644
-0.00381256
-0.00372639
-0.003638
-0.00354743
-0.00345475
-0.00336
-0.00326324
-0.00316453
-0.00306393
-0.00296149
-0.00285729
-0.00275138
-0.00264383
-0.00253469
-0.00242404
-0.00231194
-0.00219846
-0.00208367
-0.00196763
-0.00185041
-0.00173209
-0.00161273
-0.00149241
-0.0013712
-0.00124917
-0.00112639
-0.00100294
-0.000878884
-0.000754307
-0.000629279
-0.000503875
-0.00037817
-0.000252239
-0.000126157
