3.07078e-05
6.13973e-05
9.205e-05
0.000122648
0.000153172
0.000183605
0.000213928
0.000244124
0.000274173
0.000304058
0.000333762
0.000363267
0.000392554
0.000421606
0.000450407
0.000478938
0.000507183
0.000535125
0.000562748
0.000590033
0.000616966
0.000643531
0.000669711
0.00069549
0.000720854
0.000745787
0.000770274
0.000794301
0.000817853
0.000840916
0.000863477
0.000885522
0.000907037
0.00092801
0.000948429
0.00096828
0.000987553
0.00100624
0.00102432
0.00104179
0.00105863
0.00107485
0.00109042
0.00110534
0.0011196
0.00113319
0.0011461
0.00115833
0.00116986
0.0011807
0.00119083
0.00120025
0.00120895
0.00121693
0.00122418
0.0012307
0.00123648
0.00124153
0.00124583
0.00124939
0.0012522
0.00125426
0.00125557
0.00125614
0.00125595
0.00125501
0.00125332
0.00125089
0.0012477
0.00124377
0.0012391
0.00123368
0.00122753
0.00122064
0.00121303
0.00120469
0.00119563
0.00118585
0.00117537
0.00116418
0.0011523
0.00113973
0.00112648
0.00111255
0.00109796
0.00108271
0.00106682
0.00105029
0.00103313
0.00101535
0.000996969
0.00097799
0.000958426
0.00093829
0.000917592
0.000896346
0.000874565
0.00085226
0.000829447
0.000806137
0.000782346
0.000758087
0.000733375
0.000708225
0.000682651
0.00065667
0.000630296
0.000603545
0.000576433
0.000548977
0.000521193
0.000493098
0.000464707
0.000436039
0.00040711
0.000377938
0.00034854
0.000318934
0.000289137
0.000259168
0.000229043
0.000198782
0.000168401
0.00013792
0.000107357
7.67294e-05
4.6056e-05
1.53551e-05
-1.53551e-05
-4.6056e-05
-7.67294e-05
-0.000107357
-0.00013792
-0.000168401
-0.000198782
-0.000229043
-0.000259168
-0.000289137
-0.000318934
-0.00034854
-0.000377938
-0.00040711
-0.000436039
-0.000464707
-0.000493098
-0.000521193
-0.000548977
-0.000576433
-0.000603545
-0.000630296
-0.00065667
-0.000682651
-0.000708225
-0.000733375
-0.000758087
-0.000782346
-0.000806137
-0.000829447
-0.00085226
-0.000874565
-0.000896346
-0.000917592
-0.00093829
-0.000958426
-0.00097799
-0.000996969
-0.00101535
-0.00103313
-0.00105029
-0.00106682
-0.00108271
-0.00109796
-0.00111255
-0.00112648
-0.00113973
-0.0011523
-0.00116418
-0.00117537
-0.00118585
-0.00119563
-0.00120469
-0.00121303
-0.00122064
-0.00122753
-0.00123368
-0.0012391
-0.00124377
-0.0012477
-0.00125089
-0.00125332
-0.00125501
-0.00125595
-0.00125614
-0.00125557
-0.00125426
-0.0012522
-0.00124939
-0.00124583
-0.00124153
-0.00123648
-0.0012307
-0.00122418
-0.00121693
-0.00120895
-0.00120025
-0.00119083
-0.0011807
-0.00116986
-0.00115833
-0.0011461
-0.00113319
-0.0011196
-0.00110534
-0.00109042
-0.00107485
-0.00105863
-0.00104179
-0.00102432
-0.00100624
-0.000987553
-0.00096828
-0.000948429
-0.00092801
-0.000907037
-0.000885522
-0.000863477
-0.000840916
-0.000817853
-0.000794301
-0.000770274
-0.000745787
-0.000720854
-0.00069549
-0.000669711
-0.000643531
-0.000616966
-0.000590033
-0.000562748
-0.000535125
-0.000507183
-0.000478938
-0.000450407
-0.000421606
-0.000392554
-0.000363267
-0.000333762
-0.000304058
-0.000274173
-0.000244124
-0.000213928
-0.000183605
-0.000153172
-0.000122648
-9.205e-05
-6.13973e-05
-3.07078e-05
