9.66408e-06
1.93224e-05
2.89691e-05
3.85986e-05
4.8205e-05
5.77825e-05
6.73256e-05
7.68283e-05
8.62852e-05
9.56905e-05
0.000105039
0.000114324
0.000123541
0.000132684
0.000141748
0.000150727
0.000159616
0.00016841
0.000177103
0.00018569
0.000194166
0.000202526
0.000210765
0.000218878
0.000226861
0.000234707
0.000242414
0.000249975
0.000257387
0.000264645
0.000271746
0.000278683
0.000285454
0.000292055
0.000298481
0.000304728
0.000310794
0.000316673
0.000322364
0.000327862
0.000333163
0.000338266
0.000343166
0.000347862
0.000352349
0.000356626
0.00036069
0.000364538
0.000368168
0.000371578
0.000374766
0.00037773
0.000380469
0.00038298
0.000385262
0.000387313
0.000389134
0.000390721
0.000392076
0.000393196
0.00039408
0.00039473
0.000395143
0.00039532
0.000395261
0.000394966
0.000394434
0.000393667
0.000392665
0.000391428
0.000389957
0.000388253
0.000386316
0.000384149
0.000381753
0.000379128
0.000376276
0.0003732
0.000369901
0.00036638
0.000362641
0.000358685
0.000354514
0.000350132
0.00034554
0.000340742
0.00033574
0.000330537
0.000325137
0.000319542
0.000313757
0.000307784
0.000301627
0.00029529
0.000288776
0.00028209
0.000275235
0.000268216
0.000261036
0.0002537
0.000246213
0.000238578
0.000230801
0.000222886
0.000214838
0.000206661
0.000198361
0.000189942
0.00018141
0.000172769
0.000164025
0.000155183
0.000146248
0.000137226
0.000128122
0.000118941
0.000109689
0.000100372
9.09947e-05
8.15629e-05
7.20823e-05
6.25587e-05
5.29977e-05
4.3405e-05
3.37864e-05
2.41476e-05
1.44943e-05
4.8324e-06
-4.8324e-06
-1.44943e-05
-2.41476e-05
-3.37864e-05
-4.3405e-05
-5.29977e-05
-6.25587e-05
-7.20823e-05
-8.15629e-05
-9.09947e-05
-0.000100372
-0.000109689
-0.000118941
-0.000128122
-0.000137226
-0.000146248
-0.000155183
-0.000164025
-0.000172769
-0.00018141
-0.000189942
-0.000198361
-0.000206661
-0.000214838
-0.000222886
-0.000230801
-0.000238578
-0.000246213
-0.0002537
-0.000261036
-0.000268216
-0.000275235
-0.00028209
-0.000288776
-0.00029529
-0.000301627
-0.000307784
-0.000313757
-0.000319542
-0.000325137
-0.000330537
-0.00033574
-0.000340742
-0.00034554
-0.000350132
-0.000354514
-0.000358685
-0.000362641
-0.00036638
-0.000369901
-0.0003732
-0.000376276
-0.000379128
-0.000381753
-0.000384149
-0.000386316
-0.000388253
-0.000389957
-0.000391428
-0.000392665
-0.000393667
-0.000394434
-0.000394966
-0.000395261
-0.00039532
-0.000395143
-0.00039473
-0.00039408
-0.000393196
-0.000392076
-0.000390721
-0.000389134
-0.000387313
-0.000385262
-0.00038298
-0.000380469
-0.00037773
-0.000374766
-0.000371578
-0.000368168
-0.000364538
-0.00036069
-0.000356626
-0.000352349
-0.000347862
-0.000343166
-0.000338266
-0.000333163
-0.000327862
-0.000322364
-0.000316673
-0.000310794
-0.000304728
-0.000298481
-0.000292055
-0.000285454
-0.000278683
-0.000271746
-0.000264645
-0.000257387
-0.000249975
-0.000242414
-0.000234707
-0.000226861
-0.000218878
-0.000210765
-0.000202526
-0.000194166
-0.00018569
-0.000177103
-0.00016841
-0.000159616
-0.000150727
-0.000141748
-0.000132684
-0.000123541
-0.000114324
-0.000105039
-9.56905e-05
-8.62852e-05
-7.68283e-05
-6.73256e-05
-5.77825e-05
-4.8205e-05
-3.85986e-05
-2.89691e-05
-1.93224e-05
-9.66408e-06
