0.0214989
0.0429849
0.0644453
0.0858671
0.107238
0.128544
0.149774
0.170914
0.191952
0.212875
0.233671
0.254327
0.274831
0.295171
0.315335
0.33531
0.355085
0.374647
0.393986
0.413089
0.431945
0.450543
0.468872
0.48692
0.504678
0.522134
0.539277
0.556099
0.572588
0.588735
0.60453
0.619964
0.635027
0.64971
0.664005
0.677904
0.691397
0.704477
0.717136
0.729366
0.741161
0.752512
0.763414
0.773859
0.783842
0.793356
0.802396
0.810957
0.819033
0.826619
0.833711
0.840305
0.846397
0.851983
0.85706
0.861624
0.865674
0.869206
0.872218
0.874709
0.876678
0.878122
0.879042
0.879436
0.879305
0.878648
0.877466
0.875759
0.873529
0.870777
0.867504
0.863713
0.859406
0.854585
0.849254
0.843414
0.837071
0.830227
0.822887
0.815056
0.806737
0.797936
0.788658
0.778909
0.768694
0.758019
0.746892
0.735318
0.723305
0.71086
0.697989
0.684702
0.671005
0.656907
0.642416
0.627542
0.612292
0.596677
0.580705
0.564386
0.547729
0.530745
0.513444
0.495836
0.477932
0.459742
0.441277
0.422549
0.403567
0.384345
0.364893
0.345223
0.325347
0.305276
0.285023
0.264599
0.244017
0.223289
0.202428
0.181446
0.160356
0.139169
0.1179
0.0965595
0.0751618
0.0537191
0.0322443
0.0107502
-0.0107502
-0.0322443
-0.0537191
-0.0751618
-0.0965595
-0.1179
-0.139169
-0.160356
-0.181446
-0.202428
-0.223289
-0.244017
-0.264599
-0.285023
-0.305276
-0.325347
-0.345223
-0.364893
-0.384345
-0.403567
-0.422549
-0.441277
-0.459742
-0.477932
-0.495836
-0.513444
-0.530745
-0.547729
-0.564386
-0.580705
-0.596677
-0.612292
-0.627542
-0.642416
-0.656907
-0.671005
-0.684702
-0.697989
-0.71086
-0.723305
-0.735318
-0.746892
-0.758019
-0.768694
-0.778909
-0.788658
-0.797936
-0.806737
-0.815056
-0.822887
-0.830227
-0.837071
-0.843414
-0.849254
-0.854585
-0.859406
-0.863713
-0.867504
-0.870777
-0.873529
-0.875759
-0.877466
-0.878648
-0.879305
-0.879436
-0.879042
-0.878122
-0.876678
-0.874709
-0.872218
-0.869206
-0.865674
-0.861624
-0.85706
-0.851983
-0.846397
-0.840305
-0.833711
-0.826619
-0.819033
-0.810957
-0.802396
-0.793356
-0.783842
-0.773859
-0.763414
-0.752512
-0.741161
-0.729366
-0.717136
-0.704477
-0.691397
-0.677904
-0.664005
-0.64971
-0.635027
-0.619964
-0.60453
-0.588735
-0.572588
-0.556099
-0.539277
-0.522134
-0.504678
-0.48692
-0.468872
-0.450543
-0.431945
-0.413089
-0.393986
-0.374647
-0.355085
-0.33531
-0.315335
-0.295171
-0.274831
-0.254327
-0.233671
-0.212875
-0.191952
-0.170914
-0.149774
-0.128544
-0.107238
-0.0858671
-0.0644453
-0.0429849
-0.0214989
