0.00027267
0.000545178
0.000817359
0.00108905
0.00136009
0.00163032
0.00189958
0.0021677
0.00243452
0.00269989
0.00296365
0.00322563
0.00348568
0.00374366
0.00399939
0.00425274
0.00450354
0.00475165
0.00499692
0.00523921
0.00547836
0.00571424
0.0059467
0.00617561
0.00640083
0.00662222
0.00683966
0.007053
0.00726213
0.00746692
0.00766725
0.007863
0.00805404
0.00824028
0.00842158
0.00859786
0.00876899
0.00893488
0.00909544
0.00925055
0.00940014
0.00954411
0.00968238
0.00981485
0.00994147
0.0100621
0.0101768
0.0102854
0.0103878
0.010484
0.010574
0.0106576
0.0107349
0.0108057
0.0108701
0.010928
0.0109793
0.0110241
0.0110623
0.0110939
0.0111189
0.0111372
0.0111489
0.0111539
0.0111522
0.0111439
0.0111289
0.0111073
0.011079
0.0110441
0.0110026
0.0109545
0.0108998
0.0108387
0.0107711
0.010697
0.0106166
0.0105298
0.0104367
0.0103374
0.0102318
0.0101202
0.0100025
0.0098789
0.00974934
0.00961396
0.00947283
0.00932604
0.00917368
0.00901583
0.0088526
0.00868407
0.00851035
0.00833155
0.00814777
0.00795912
0.00776571
0.00756765
0.00736508
0.0071581
0.00694685
0.00673144
0.00651201
0.00628869
0.00606161
0.00583091
0.00559672
0.00535918
0.00511845
0.00487465
0.00462794
0.00437847
0.00412637
0.00387181
0.00361494
0.00335591
0.00309487
0.00283198
0.0025674
0.00230128
0.00203379
0.00176508
0.00149532
0.00122466
0.000953277
0.000681319
0.000408955
0.000136345
-0.000136345
-0.000408955
-0.000681319
-0.000953277
-0.00122466
-0.00149532
-0.00176508
-0.00203379
-0.00230128
-0.0025674
-0.00283198
-0.00309487
-0.00335591
-0.00361494
-0.00387181
-0.00412637
-0.00437847
-0.00462794
-0.00487465
-0.00511845
-0.00535918
-0.00559672
-0.00583091
-0.00606161
-0.00628869
-0.00651201
-0.00673144
-0.00694685
-0.0071581
-0.00736508
-0.00756765
-0.00776571
-0.00795912
-0.00814777
-0.00833155
-0.00851035
-0.00868407
-0.0088526
-0.00901583
-0.00917368
-0.00932604
-0.00947283
-0.00961396
-0.00974934
-0.0098789
-0.0100025
-0.0101202
-0.0102318
-0.0103374
-0.0104367
-0.0105298
-0.0106166
-0.010697
-0.0107711
-0.0108387
-0.0108998
-0.0109545
-0.0110026
-0.0110441
-0.011079
-0.0111073
-0.0111289
-0.0111439
-0.0111522
-0.0111539
-0.0111489
-0.0111372
-0.0111189
-0.0110939
-0.0110623
-0.0110241
-0.0109793
-0.010928
-0.0108701
-0.0108057
-0.0107349
-0.0106576
-0.010574
-0.010484
-0.0103878
-0.0102854
-0.0101768
-0.0100621
-0.00994147
-0.00981485
-0.00968238
-0.00954411
-0.00940014
-0.00925055
-0.00909544
-0.00893488
-0.00876899
-0.00859786
-0.00842158
-0.00824028
-0.00805404
-0.007863
-0.00766725
-0.00746692
-0.00726213
-0.007053
-0.00683966
-0.00662222
-0.00640083
-0.00617561
-0.0059467
-0.00571424
-0.00547836
-0.00523921
-0.00499692
-0.00475165
-0.00450354
-0.00425274
-0.00399939
-0.00374366
-0.00348568
-0.00322563
-0.00296365
-0.00269989
-0.00243452
-0.0021677
-0.00189958
-0.00163032
-0.00136009
-0.00108905
-0.000817359
-0.000545178
-0.00027267
