6.63704e-05
0.000132701
0.000198953
0.000265085
0.000331059
0.000396835
0.000462374
0.000527637
0.000592584
0.000657177
0.000721378
0.000785147
0.000848447
0.00091124
0.000973488
0.00103515
0.0010962
0.00115659
0.0012163
0.00127527
0.00133348
0.0013909
0.00144748
0.0015032
0.00155802
0.00161191
0.00166483
0.00171676
0.00176767
0.00181752
0.00186628
0.00191392
0.00196043
0.00200576
0.00204989
0.00209279
0.00213445
0.00217483
0.00221391
0.00225167
0.00228808
0.00232312
0.00235678
0.00238902
0.00241984
0.00244921
0.00247712
0.00250355
0.00252848
0.0025519
0.0025738
0.00259415
0.00261296
0.0026302
0.00264588
0.00265997
0.00267247
0.00268337
0.00269267
0.00270036
0.00270644
0.0027109
0.00271374
0.00271496
0.00271455
0.00271252
0.00270887
0.0027036
0.00269672
0.00268822
0.00267812
0.00266642
0.00265312
0.00263824
0.00262178
0.00260375
0.00258417
0.00256304
0.00254038
0.0025162
0.00249052
0.00246335
0.00243471
0.00240461
0.00237308
0.00234012
0.00230577
0.00227004
0.00223296
0.00219453
0.0021548
0.00211378
0.0020715
0.00202797
0.00198324
0.00193732
0.00189024
0.00184203
0.00179273
0.00174235
0.00169093
0.00163849
0.00158508
0.00153072
0.00147545
0.00141929
0.00136229
0.00130447
0.00124588
0.00118653
0.00112648
0.00106576
0.0010044
0.000942434
0.000879909
0.000816858
0.000753319
0.000689329
0.000624928
0.000560153
0.000495043
0.000429637
0.000363974
0.000298094
0.000232036
0.000165839
9.95432e-05
3.31877e-05
-3.31877e-05
-9.95432e-05
-0.000165839
-0.000232036
-0.000298094
-0.000363974
-0.000429637
-0.000495043
-0.000560153
-0.000624928
-0.000689329
-0.000753319
-0.000816858
-0.000879909
-0.000942434
-0.0010044
-0.00106576
-0.00112648
-0.00118653
-0.00124588
-0.00130447
-0.00136229
-0.00141929
-0.00147545
-0.00153072
-0.00158508
-0.00163849
-0.00169093
-0.00174235
-0.00179273
-0.00184203
-0.00189024
-0.00193732
-0.00198324
-0.00202797
-0.0020715
-0.00211378
-0.0021548
-0.00219453
-0.00223296
-0.00227004
-0.00230577
-0.00234012
-0.00237308
-0.00240461
-0.00243471
-0.00246335
-0.00249052
-0.0025162
-0.00254038
-0.00256304
-0.00258417
-0.00260375
-0.00262178
-0.00263824
-0.00265312
-0.00266642
-0.00267812
-0.00268822
-0.00269672
-0.0027036
-0.00270887
-0.00271252
-0.00271455
-0.00271496
-0.00271374
-0.0027109
-0.00270644
-0.00270036
-0.00269267
-0.00268337
-0.00267247
-0.00265997
-0.00264588
-0.0026302
-0.00261296
-0.00259415
-0.0025738
-0.0025519
-0.00252848
-0.00250355
-0.00247712
-0.00244921
-0.00241984
-0.00238902
-0.00235678
-0.00232312
-0.00228808
-0.00225167
-0.00221391
-0.00217483
-0.00213445
-0.00209279
-0.00204989
-0.00200576
-0.00196043
-0.00191392
-0.00186628
-0.00181752
-0.00176767
-0.00171676
-0.00166483
-0.00161191
-0.00155802
-0.0015032
-0.00144748
-0.0013909
-0.00133348
-0.00127527
-0.0012163
-0.00115659
-0.0010962
-0.00103515
-0.000973488
-0.00091124
-0.000848447
-0.000785147
-0.000721378
-0.000657177
-0.000592584
-0.000527637
-0.000462374
-0.000396835
-0.000331059
-0.000265085
-0.000198953
-0.000132701
-6.63704e-05
