2.67476e-06
5.34792e-06
8.01789e-06
1.06831e-05
1.33418e-05
1.59927e-05
1.86339e-05
2.1264e-05
2.38814e-05
2.64846e-05
2.90719e-05
3.16418e-05
3.41928e-05
3.67234e-05
3.9232e-05
4.17172e-05
4.41775e-05
4.66113e-05
4.90173e-05
5.1394e-05
5.374e-05
5.60538e-05
5.83342e-05
6.05797e-05
6.27889e-05
6.49607e-05
6.70936e-05
6.91864e-05
7.12379e-05
7.32468e-05
7.52119e-05
7.71321e-05
7.90061e-05
8.0833e-05
8.26115e-05
8.43407e-05
8.60194e-05
8.76467e-05
8.92217e-05
9.07433e-05
9.22107e-05
9.36229e-05
9.49793e-05
9.62788e-05
9.75208e-05
9.87045e-05
9.98292e-05
0.000100894
0.000101899
0.000102843
0.000103725
0.000104546
0.000105304
0.000105999
0.00010663
0.000107198
0.000107702
0.000108141
0.000108516
0.000108826
0.000109071
0.000109251
0.000109365
0.000109414
0.000109398
0.000109316
0.000109169
0.000108957
0.000108679
0.000108337
0.00010793
0.000107458
0.000106922
0.000106322
0.000105659
0.000104932
0.000104143
0.000103292
0.000102379
0.000101404
0.000100369
9.92743e-05
9.812e-05
9.69071e-05
9.56362e-05
9.43082e-05
9.29238e-05
9.14838e-05
8.99892e-05
8.84408e-05
8.68396e-05
8.51864e-05
8.34823e-05
8.17283e-05
7.99255e-05
7.80749e-05
7.61777e-05
7.42349e-05
7.22477e-05
7.02174e-05
6.81451e-05
6.60321e-05
6.38796e-05
6.16889e-05
5.94614e-05
5.71983e-05
5.4901e-05
5.25709e-05
5.02094e-05
4.78179e-05
4.53978e-05
4.29506e-05
4.04777e-05
3.79806e-05
3.54608e-05
3.29198e-05
3.03591e-05
2.77803e-05
2.51849e-05
2.25744e-05
1.99505e-05
1.73146e-05
1.46683e-05
1.20133e-05
9.35117e-06
6.6834e-06
4.01164e-06
1.33748e-06
-1.33748e-06
-4.01164e-06
-6.6834e-06
-9.35117e-06
-1.20133e-05
-1.46683e-05
-1.73146e-05
-1.99505e-05
-2.25744e-05
-2.51849e-05
-2.77803e-05
-3.03591e-05
-3.29198e-05
-3.54608e-05
-3.79806e-05
-4.04777e-05
-4.29506e-05
-4.53978e-05
-4.78179e-05
-5.02094e-05
-5.25709e-05
-5.4901e-05
-5.71983e-05
-5.94614e-05
-6.16889e-05
-6.38796e-05
-6.60321e-05
-6.81451e-05
-7.02174e-05
-7.22477e-05
-7.42349e-05
-7.61777e-05
-7.80749e-05
-7.99255e-05
-8.17283e-05
-8.34823e-05
-8.51864e-05
-8.68396e-05
-8.84408e-05
-8.99892e-05
-9.14838e-05
-9.29238e-05
-9.43082e-05
-9.56362e-05
-9.69071e-05
-9.812e-05
-9.92743e-05
-0.000100369
-0.000101404
-0.000102379
-0.000103292
-0.000104143
-0.000104932
-0.000105659
-0.000106322
-0.000106922
-0.000107458
-0.00010793
-0.000108337
-0.000108679
-0.000108957
-0.000109169
-0.000109316
-0.000109398
-0.000109414
-0.000109365
-0.000109251
-0.000109071
-0.000108826
-0.000108516
-0.000108141
-0.000107702
-0.000107198
-0.00010663
-0.000105999
-0.000105304
-0.000104546
-0.000103725
-0.000102843
-0.000101899
-0.000100894
-9.98292e-05
-9.87045e-05
-9.75208e-05
-9.62788e-05
-9.49793e-05
-9.36229e-05
-9.22107e-05
-9.07433e-05
-8.92217e-05
-8.76467e-05
-8.60194e-05
-8.43407e-05
-8.26115e-05
-8.0833e-05
-7.90061e-05
-7.71321e-05
-7.52119e-05
-7.32468e-05
-7.12379e-05
-6.91864e-05
-6.70936e-05
-6.49607e-05
-6.27889e-05
-6.05797e-05
-5.83342e-05
-5.60538e-05
-5.374e-05
-5.1394e-05
-4.90173e-05
-4.66113e-05
-4.41775e-05
-4.17172e-05
-3.9232e-05
-3.67234e-05
-3.41928e-05
-3.16418e-05
-2.90719e-05
-2.64846e-05
-2.38814e-05
-2.1264e-05
-1.86339e-05
-1.59927e-05
-1.33418e-05
-1.06831e-05
-8.01789e-06
-5.34792e-06
-2.67476e-06
