   0.62871   0.530344   0.407523   0.262357  0.0919385 -0.0991398  -0.291718  -0.456746  -0.576333  -0.656615  -0.715025   -0.75846  -0.779836   -0.77126  -0.732286  -0.666622  -0.577509  -0.467697  -0.340861  -0.201659 -0.0551878  0.0932698   0.238359   0.374835   0.497763     0.6027   0.685854    0.74422   0.775687    0.77912   0.754392   0.702399
  0.526283   0.441676   0.336218   0.211879  0.0660019  -0.097093  -0.260246  -0.398155  -0.496247  -0.561234  -0.608769  -0.644212  -0.660691  -0.651357  -0.616242   -0.55878  -0.481732  -0.387402   -0.27895  -0.160378 -0.0360308  0.0896124    0.21202   0.326765     0.4297   0.517105   0.585819   0.633361   0.658012    0.65888   0.635934   0.590005
  0.399399   0.332423   0.248718    0.15052  0.0354038 -0.0926733    -0.2192  -0.323601  -0.395296  -0.441477  -0.475523  -0.501047  -0.511592  -0.501586  -0.471558  -0.424564  -0.362783  -0.287973  -0.202638  -0.109951 -0.0133103  0.0838061   0.177897   0.265558   0.343621   0.409265   0.460117   0.494339   0.510694   0.508592   0.488107   0.449982
    0.245852     0.200494     0.143373    0.0769711 -0.000706163   -0.0861976    -0.168258    -0.232079    -0.271883    -0.295381    -0.313191    -0.326855    -0.330425     -0.31984    -0.296196    -0.262101    -0.219034    -0.168083    -0.110944   -0.0497766    0.0131694    0.0756357     0.135372     0.190215     0.238183     0.277543     0.306872     0.325109     0.331596     0.326099     0.308815      0.28037
  0.0684288    0.047942   0.0224431 -0.00657355  -0.0401651  -0.0756395   -0.105681   -0.122449   -0.125815   -0.123887   -0.123746   -0.124346   -0.120391   -0.109696   -0.094057  -0.0755089  -0.0546655  -0.0318068 -0.00768628   0.0167169   0.0404942   0.0628061   0.0828515   0.0999026    0.113342    0.122686    0.127595    0.127893    0.123568    0.114777    0.101838   0.0852183
  -0.117932   -0.112206   -0.102966  -0.0911807  -0.0766684  -0.0578559  -0.0320511 0.000610062    0.034301   0.0612577    0.078966   0.0913282    0.102492    0.112307    0.118307    0.119291    0.115663     0.10799   0.0965131   0.0815318   0.0635817   0.0433355   0.0215266  -0.0010605  -0.0236098  -0.0453057  -0.0653641  -0.0830601  -0.0977541   -0.108915   -0.116139   -0.119166
 -0.291584  -0.260444   -0.21749  -0.165917  -0.104597 -0.0332914    0.04565   0.124022   0.190752   0.239527   0.272886    0.29708   0.314407   0.322284   0.317936   0.301229   0.273542   0.236181   0.190347   0.137595  0.0798532  0.0192316 -0.0420822  -0.101876  -0.157988   -0.20839   -0.25126  -0.285049  -0.308535   -0.32087  -0.321609  -0.310723
  -0.438733   -0.384454     -0.3123   -0.225995   -0.123912  -0.0070725    0.117351     0.23408    0.328031    0.394901    0.441684    0.476056    0.498244      0.5037    0.489724    0.457198    0.408249    0.344787    0.268883    0.183212   0.0909118 -0.00466644   -0.100075   -0.191867   -0.276725   -0.351581   -0.413731   -0.460927   -0.491463   -0.504237   -0.498787   -0.475309
 -0.558286  -0.484046  -0.387983  -0.273266  -0.137896   0.016128   0.177561    0.32541   0.441519   0.523332   0.581286   0.623956   0.649872   0.653063   0.630983   0.585287    0.51867   0.433556   0.332763   0.219892  0.0990704 -0.0253231  -0.148801  -0.266902  -0.375356  -0.470244  -0.548136  -0.606217  -0.642388  -0.655341  -0.644609  -0.610578
-0.653457  -0.56297 -0.447611 -0.310142 -0.148148 0.0356339  0.226698  0.399448  0.533229  0.626852   0.69353  0.742621  0.771342  0.772571  0.743843  0.687428    0.6065  0.503917  0.383092  0.248364  0.104662 -0.042815 -0.188744 -0.327853 -0.455112 -0.565922 -0.656278 -0.722915 -0.763423  -0.77634 -0.761197 -0.718543
-0.724596 -0.621749 -0.491451 -0.336455 -0.153964 0.0526446  0.266257  0.457623  0.604224  0.706161   0.77899  0.832664  0.863244  0.862638  0.828491  0.763616  0.671573  0.555536   0.41937  0.267987  0.106922 -0.057997 -0.220821 -0.375664 -0.516931 -0.639514 -0.738983 -0.811743 -0.855165 -0.867679 -0.848833 -0.799308
 -0.769715  -0.658436  -0.517894  -0.350923   -0.15445  0.0675893    0.29608   0.499155   0.653241   0.759754   0.836077    0.89241   0.923771   0.921373   0.883059   0.812096   0.712298   0.587037   0.440489   0.277958   0.105389 -0.0709793  -0.244783  -0.409741   -0.55989  -0.689802  -0.794784  -0.871039  -0.915814  -0.927488   -0.90564  -0.851061
 -0.787054  -0.671395  -0.525683  -0.352754  -0.149371  0.0800985   0.315222   0.522658   0.678646    0.78588   0.862943   0.919903   0.950912   0.946806    0.90571   0.831224   0.727279   0.597321   0.445688   0.277883   0.100046 -0.0813962  -0.259898  -0.429008  -0.582613  -0.715159  -0.821859  -0.898854  -0.943362  -0.953775  -0.929716  -0.872054
 -0.775947  -0.660089  -0.514472  -0.341836  -0.138894  0.0897128   0.322971   0.527272   0.679524   0.783603    0.85862   0.914148   0.943685    0.93802   0.895627    0.82031   0.715974   0.586017   0.434778   0.267764  0.0910874 -0.0888713   -0.26562   -0.43277  -0.584278  -0.714669   -0.81923  -0.894182  -0.936815   -0.94559  -0.920189  -0.861529
 -0.736795  -0.624925  -0.484668  -0.318563  -0.123396  0.0960846   0.319046   0.512828   0.655842   0.753005   0.823264   0.875354   0.902351   0.895331   0.853173   0.779747   0.678791   0.553532   0.408155   0.247968  0.0788367 -0.0931343  -0.261742  -0.420891  -0.564827  -0.688349  -0.786992  -0.857191  -0.896409  -0.903229  -0.877403  -0.819866
 -0.671013  -0.567175  -0.437346  -0.283777  -0.103439  0.0989836   0.303591    0.47985   0.608456    0.69519   0.758153   0.804922   0.828403   0.820283   0.779884   0.711002   0.617076   0.501042   0.366779    0.21921  0.0637367 -0.0940312  -0.248404  -0.393799  -0.524961   -0.63715   -0.72631   -0.78922  -0.823605  -0.828223  -0.802907  -0.748571
 -0.580979  -0.488925  -0.374217  -0.238733 -0.0797434  0.0983052   0.277163   0.429528   0.539079    0.61225    0.66564   0.705398   0.724515   0.715588   0.678407    0.61656   0.533058   0.430442   0.312147   0.182529  0.0463331 -0.0915296  -0.226087  -0.352474  -0.466122  -0.562922  -0.639377  -0.692724  -0.721033  -0.723283  -0.699391  -0.650221
 -0.469947  -0.393005  -0.297563  -0.185062 -0.0531656  0.0940737   0.240717   0.363683   0.450218   0.507182    0.54907   0.580379   0.594441   0.585029   0.552411   0.499834   0.429774   0.344285   0.246234    0.13925  0.0272548 -0.0857198    -0.1956  -0.298411  -0.390436   -0.46835  -0.529336  -0.571191  -0.592401  -0.592201  -0.570597   -0.52837
  -0.34193   -0.28288  -0.210155  -0.124702 -0.0246662  0.0864421   0.195572   0.284692   0.345086   0.383782   0.412655   0.434384   0.442882   0.433326    0.40645   0.365042   0.310956   0.245685    0.17142  0.0909392 0.00719155 -0.0768119  -0.158042  -0.233561  -0.300638  -0.356849  -0.400163  -0.429014  -0.442359  -0.439716   -0.42118  -0.387422
 -0.201555  -0.162531  -0.115151 -0.0598345 0.00472473  0.0756864   0.143357   0.195413    0.22748   0.246512   0.261325   0.272689   0.275316   0.265961   0.245798   0.217057     0.1809   0.138205  0.0904117  0.0393413 -0.0131317 -0.0651278  -0.114773  -0.160271  -0.199975  -0.232452  -0.256527  -0.271331  -0.276328  -0.271338  -0.256541  -0.232472
-0.0538952 -0.0363082 -0.0159846 0.00719527  0.0339449  0.0621951  0.0859621  0.0990703   0.101654   0.100332    0.10055   0.101138  0.0977999  0.0889838  0.0762626  0.0612271  0.0443057  0.0257294 0.00613519 -0.0136785 -0.0329803 -0.0510899 -0.0673558 -0.0811873  -0.092084 -0.0996527   -0.10362  -0.103842   -0.10031 -0.0931536 -0.0826301 -0.0691201
   0.0957127    0.0912271    0.0837591     0.073965    0.0619381    0.0464559    0.0254598 -0.000852823   -0.0278473    -0.049474   -0.0638584   -0.0740677   -0.0832512   -0.0912095   -0.0960292   -0.0968159     -0.09389   -0.0876756    -0.078363    -0.066204   -0.0516369   -0.0352054    -0.017504  0.000830381    0.0191351    0.0367481    0.0530329     0.067401     0.079333    0.0883978    0.0942676    0.0967303
  0.241861   0.215465   0.180476   0.138061  0.0876928  0.0290377 -0.0359627  -0.100745  -0.156342  -0.197492  -0.225959  -0.246597  -0.261293  -0.268106   -0.26485   -0.25136  -0.228692  -0.197912  -0.160029  -0.116337 -0.0684272 -0.0180485  0.0329805   0.082818   0.129663   0.171821   0.207769   0.236207   0.256109   0.266754   0.267758   0.259085
    0.379268     0.331916     0.270669     0.197168     0.110278      0.01057   -0.0960854    -0.196996    -0.279186    -0.338372    -0.379893    -0.410213    -0.429892    -0.435313    -0.424099    -0.396819    -0.355229    -0.300995    -0.235911    -0.162265   -0.0827444 -0.000239276    0.0822729     0.161812     0.235504     0.300683     0.354995     0.396477     0.423629     0.435469     0.431571     0.412075
   0.502968     0.43637     0.35108    0.249148    0.128878 -0.00827977   -0.152735   -0.286127   -0.391939   -0.467023   -0.520097   -0.559004   -0.582953   -0.586786   -0.568019   -0.527936   -0.468927   -0.393199   -0.303267   -0.202328   -0.094071   0.0175786    0.128592    0.234958    0.332833    0.418678    0.489391    0.542416    0.575837    0.588446    0.579786    0.550172
  0.608488   0.525053   0.418802   0.292124   0.142819 -0.0268303  -0.203865  -0.364917  -0.490526  -0.578794  -0.641503   -0.68759  -0.714944  -0.717052   -0.69141  -0.639972  -0.565676  -0.471192  -0.359662  -0.235078  -0.101998  0.0347611   0.170263   0.299613   0.418133   0.521541   0.606099   0.668752   0.707234   0.720154   0.707046   0.668384
 0.692017  0.594759  0.471387  0.324541  0.151599 -0.044411 -0.247626 -0.430518 -0.571385 -0.669646 -0.739723 -0.791325 -0.821096 -0.821401 -0.789812 -0.728878 -0.641981 -0.532155 -0.403057 -0.259333 -0.106238 0.0506873  0.205781  0.353438  0.488321  0.605554  0.700902  0.770917  0.813069  0.825834  0.808752  0.762439
  0.750534   0.642969   0.506935   0.345229   0.154899 -0.0603867  -0.282438  -0.480558  -0.631593  -0.736295  -0.811208   -0.86646  -0.897571  -0.896063  -0.859668   -0.79144  -0.695083  -0.573885  -0.431885  -0.274214  -0.106638  0.0647815   0.233861   0.394489   0.540859   0.667681   0.770371   0.845218   0.889517   0.901666   0.881227   0.828938
  0.781925    0.66794   0.524162   0.353439   0.152601 -0.0741798  -0.307042   -0.51323  -0.668973  -0.776332  -0.853374  -0.910278  -0.941605  -0.938338  -0.898453  -0.825397  -0.723062  -0.594873  -0.445104  -0.279185  -0.103184  0.0765343   0.253488   0.421282   0.573849   0.705676   0.811998   0.888972   0.933816    0.94491   0.921852   0.865476
  0.785055    0.66877   0.522443   0.348875   0.144788 -0.0852918  -0.320548  -0.527353  -0.682174  -0.788311  -0.864697  -0.921197  -0.951608    -0.9467  -0.904765  -0.829523  -0.724909   -0.59436  -0.442236  -0.274065 -0.0960014   0.085521   0.263954   0.432849   0.586099   0.718166   0.824277   0.900596   0.944365   0.954002   0.929159   0.870734
  0.759811   0.645429   0.501843   0.331702   0.131741 -0.0933212  -0.322469  -0.522416   -0.67072  -0.771799  -0.844767  -0.898821  -0.927217  -0.920845  -0.878377  -0.803667  -0.700555  -0.572366  -0.423384  -0.259039 -0.0853485  0.0914167    0.26488   0.428772   0.577166     0.7047   0.806764    0.87967   0.920782   0.928614   0.902884   0.844522
  0.707106   0.598761   0.463104    0.30254   0.113934 -0.0979777  -0.312735  -0.498597  -0.635025  -0.727391  -0.794305  -0.843959  -0.869313  -0.861709  -0.820243  -0.748765  -0.650881  -0.529685  -0.389229  -0.234652  -0.071611  0.0940084   0.256233   0.409198   0.547373   0.665764   0.760093    0.82695   0.863919   0.869664   0.843977   0.787786
