4.42142e-05
8.84019e-05
0.000132537
0.000176593
0.000220543
0.000264361
0.000308021
0.000351498
0.000394764
0.000437794
0.000480562
0.000523044
0.000565212
0.000607043
0.000648511
0.000689592
0.00073026
0.000770492
0.000810263
0.00084955
0.00088833
0.000926578
0.000964272
0.00100139
0.00103791
0.00107381
0.00110907
0.00114366
0.00117757
0.00121078
0.00124326
0.001275
0.00130598
0.00133618
0.00136558
0.00139416
0.00142191
0.00144881
0.00147485
0.0015
0.00152426
0.0015476
0.00157002
0.0015915
0.00161203
0.0016316
0.00165019
0.0016678
0.00168441
0.00170001
0.00171459
0.00172816
0.00174068
0.00175217
0.00176261
0.001772
0.00178033
0.00178759
0.00179379
0.00179891
0.00180296
0.00180593
0.00180782
0.00180863
0.00180836
0.00180701
0.00180458
0.00180107
0.00179648
0.00179082
0.00178409
0.0017763
0.00176744
0.00175752
0.00174656
0.00173455
0.0017215
0.00170743
0.00169233
0.00167623
0.00165912
0.00164102
0.00162194
0.00160189
0.00158088
0.00155893
0.00153604
0.00151224
0.00148753
0.00146194
0.00143547
0.00140814
0.00137997
0.00135098
0.00132118
0.00129059
0.00125923
0.00122711
0.00119427
0.0011607
0.00112645
0.00109152
0.00105594
0.00101973
0.000982905
0.000945496
0.000907522
0.000869005
0.000829969
0.000790437
0.000750432
0.000709979
0.000669102
0.000627824
0.000586172
0.000544169
0.000501841
0.000459212
0.00041631
0.000373158
0.000329784
0.000286213
0.00024247
0.000198582
0.000154576
0.000110478
6.6313e-05
2.21087e-05
-2.21087e-05
-6.6313e-05
-0.000110478
-0.000154576
-0.000198582
-0.00024247
-0.000286213
-0.000329784
-0.000373158
-0.00041631
-0.000459212
-0.000501841
-0.000544169
-0.000586172
-0.000627824
-0.000669102
-0.000709979
-0.000750432
-0.000790437
-0.000829969
-0.000869005
-0.000907522
-0.000945496
-0.000982905
-0.00101973
-0.00105594
-0.00109152
-0.00112645
-0.0011607
-0.00119427
-0.00122711
-0.00125923
-0.00129059
-0.00132118
-0.00135098
-0.00137997
-0.00140814
-0.00143547
-0.00146194
-0.00148753
-0.00151224
-0.00153604
-0.00155893
-0.00158088
-0.00160189
-0.00162194
-0.00164102
-0.00165912
-0.00167623
-0.00169233
-0.00170743
-0.0017215
-0.00173455
-0.00174656
-0.00175752
-0.00176744
-0.0017763
-0.00178409
-0.00179082
-0.00179648
-0.00180107
-0.00180458
-0.00180701
-0.00180836
-0.00180863
-0.00180782
-0.00180593
-0.00180296
-0.00179891
-0.00179379
-0.00178759
-0.00178033
-0.001772
-0.00176261
-0.00175217
-0.00174068
-0.00172816
-0.00171459
-0.00170001
-0.00168441
-0.0016678
-0.00165019
-0.0016316
-0.00161203
-0.0015915
-0.00157002
-0.0015476
-0.00152426
-0.0015
-0.00147485
-0.00144881
-0.00142191
-0.00139416
-0.00136558
-0.00133618
-0.00130598
-0.001275
-0.00124326
-0.00121078
-0.00117757
-0.00114366
-0.00110907
-0.00107381
-0.00103791
-0.00100139
-0.000964272
-0.000926578
-0.00088833
-0.00084955
-0.000810263
-0.000770492
-0.00073026
-0.000689592
-0.000648511
-0.000607043
-0.000565212
-0.000523044
-0.000480562
-0.000437794
-0.000394764
-0.000351498
-0.000308021
-0.000264361
-0.000220543
-0.000176593
-0.000132537
-8.84019e-05
-4.42142e-05
