3.73554e-06
7.46885e-06
1.11977e-05
1.49199e-05
1.86331e-05
2.23352e-05
2.60239e-05
2.96971e-05
3.33526e-05
3.69881e-05
4.06015e-05
4.41906e-05
4.77534e-05
5.12875e-05
5.47911e-05
5.82619e-05
6.16978e-05
6.50969e-05
6.84571e-05
7.17763e-05
7.50527e-05
7.82842e-05
8.14689e-05
8.46049e-05
8.76904e-05
9.07234e-05
9.37023e-05
9.66251e-05
9.94901e-05
0.000102296
0.00010504
0.000107722
0.000110339
0.000112891
0.000115374
0.000117789
0.000120134
0.000122407
0.000124606
0.000126731
0.000128781
0.000130753
0.000132647
0.000134462
0.000136197
0.00013785
0.000139421
0.000140908
0.000142311
0.000143629
0.000144862
0.000146007
0.000147066
0.000148037
0.000148919
0.000149712
0.000150415
0.000151029
0.000151552
0.000151985
0.000152327
0.000152578
0.000152738
0.000152807
0.000152784
0.00015267
0.000152464
0.000152168
0.00015178
0.000151302
0.000150733
0.000150075
0.000149326
0.000148489
0.000147562
0.000146548
0.000145445
0.000144256
0.000142981
0.00014162
0.000140175
0.000138646
0.000137033
0.000135339
0.000133565
0.00013171
0.000129776
0.000127765
0.000125678
0.000123516
0.000121279
0.00011897
0.000116591
0.000114141
0.000111623
0.000109039
0.000106389
0.000103676
0.0001009
9.80649e-05
9.51708e-05
9.22197e-05
8.92136e-05
8.61541e-05
8.30431e-05
7.98825e-05
7.66742e-05
7.342e-05
7.0122e-05
6.6782e-05
6.34021e-05
5.99843e-05
5.65307e-05
5.30433e-05
4.95242e-05
4.59754e-05
4.23992e-05
3.87977e-05
3.5173e-05
3.15272e-05
2.78626e-05
2.41814e-05
2.04857e-05
1.67777e-05
1.30598e-05
9.33397e-06
5.60262e-06
1.86791e-06
-1.86791e-06
-5.60262e-06
-9.33397e-06
-1.30598e-05
-1.67777e-05
-2.04857e-05
-2.41814e-05
-2.78626e-05
-3.15272e-05
-3.5173e-05
-3.87977e-05
-4.23992e-05
-4.59754e-05
-4.95242e-05
-5.30433e-05
-5.65307e-05
-5.99843e-05
-6.34021e-05
-6.6782e-05
-7.0122e-05
-7.342e-05
-7.66742e-05
-7.98825e-05
-8.30431e-05
-8.61541e-05
-8.92136e-05
-9.22197e-05
-9.51708e-05
-9.80649e-05
-0.0001009
-0.000103676
-0.000106389
-0.000109039
-0.000111623
-0.000114141
-0.000116591
-0.00011897
-0.000121279
-0.000123516
-0.000125678
-0.000127765
-0.000129776
-0.00013171
-0.000133565
-0.000135339
-0.000137033
-0.000138646
-0.000140175
-0.00014162
-0.000142981
-0.000144256
-0.000145445
-0.000146548
-0.000147562
-0.000148489
-0.000149326
-0.000150075
-0.000150733
-0.000151302
-0.00015178
-0.000152168
-0.000152464
-0.00015267
-0.000152784
-0.000152807
-0.000152738
-0.000152578
-0.000152327
-0.000151985
-0.000151552
-0.000151029
-0.000150415
-0.000149712
-0.000148919
-0.000148037
-0.000147066
-0.000146007
-0.000144862
-0.000143629
-0.000142311
-0.000140908
-0.000139421
-0.00013785
-0.000136197
-0.000134462
-0.000132647
-0.000130753
-0.000128781
-0.000126731
-0.000124606
-0.000122407
-0.000120134
-0.000117789
-0.000115374
-0.000112891
-0.000110339
-0.000107722
-0.00010504
-0.000102296
-9.94901e-05
-9.66251e-05
-9.37023e-05
-9.07234e-05
-8.76904e-05
-8.46049e-05
-8.14689e-05
-7.82842e-05
-7.50527e-05
-7.17763e-05
-6.84571e-05
-6.50969e-05
-6.16978e-05
-5.82619e-05
-5.47911e-05
-5.12875e-05
-4.77534e-05
-4.41906e-05
-4.06015e-05
-3.69881e-05
-3.33526e-05
-2.96971e-05
-2.60239e-05
-2.23352e-05
-1.86331e-05
-1.49199e-05
-1.11977e-05
-7.46885e-06
-3.73554e-06
