0.00011559
0.000231111
0.000346494
0.000461669
0.000576569
0.000691124
0.000805266
0.000918927
0.00103204
0.00114453
0.00125634
0.0013674
0.00147765
0.001587
0.00169542
0.00180281
0.00190913
0.00201431
0.00211829
0.002221
0.00232238
0.00242237
0.00252092
0.00261795
0.00271343
0.00280728
0.00289946
0.0029899
0.00307855
0.00316537
0.00325029
0.00333327
0.00341426
0.0034932
0.00357006
0.00364479
0.00371733
0.00378766
0.00385572
0.00392148
0.00398489
0.00404592
0.00410454
0.0041607
0.00421437
0.00426552
0.00431413
0.00436015
0.00440358
0.00444436
0.0044825
0.00451795
0.0045507
0.00458073
0.00460803
0.00463257
0.00465434
0.00467333
0.00468953
0.00470292
0.00471351
0.00472127
0.00472622
0.00472834
0.00472763
0.0047241
0.00471774
0.00470857
0.00469658
0.00468178
0.00466419
0.0046438
0.00462065
0.00459473
0.00456606
0.00453466
0.00450056
0.00446376
0.0044243
0.00438219
0.00433747
0.00429015
0.00424026
0.00418785
0.00413292
0.00407553
0.00401571
0.00395348
0.00388889
0.00382198
0.00375278
0.00368134
0.00360769
0.0035319
0.00345399
0.00337401
0.00329202
0.00320807
0.00312219
0.00303445
0.0029449
0.00285358
0.00276056
0.00266589
0.00256963
0.00247183
0.00237255
0.00227186
0.0021698
0.00206645
0.00196187
0.00185611
0.00174924
0.00164133
0.00153244
0.00142263
0.00131197
0.00120053
0.00108837
0.000975555
0.000862161
0.000748251
0.000633894
0.000519158
0.000404112
0.000288824
0.000173363
5.77993e-05
-5.77993e-05
-0.000173363
-0.000288824
-0.000404112
-0.000519158
-0.000633894
-0.000748251
-0.000862161
-0.000975555
-0.00108837
-0.00120053
-0.00131197
-0.00142263
-0.00153244
-0.00164133
-0.00174924
-0.00185611
-0.00196187
-0.00206645
-0.0021698
-0.00227186
-0.00237255
-0.00247183
-0.00256963
-0.00266589
-0.00276056
-0.00285358
-0.0029449
-0.00303445
-0.00312219
-0.00320807
-0.00329202
-0.00337401
-0.00345399
-0.0035319
-0.00360769
-0.00368134
-0.00375278
-0.00382198
-0.00388889
-0.00395348
-0.00401571
-0.00407553
-0.00413292
-0.00418785
-0.00424026
-0.00429015
-0.00433747
-0.00438219
-0.0044243
-0.00446376
-0.00450056
-0.00453466
-0.00456606
-0.00459473
-0.00462065
-0.0046438
-0.00466419
-0.00468178
-0.00469658
-0.00470857
-0.00471774
-0.0047241
-0.00472763
-0.00472834
-0.00472622
-0.00472127
-0.00471351
-0.00470292
-0.00468953
-0.00467333
-0.00465434
-0.00463257
-0.00460803
-0.00458073
-0.0045507
-0.00451795
-0.0044825
-0.00444436
-0.00440358
-0.00436015
-0.00431413
-0.00426552
-0.00421437
-0.0041607
-0.00410454
-0.00404592
-0.00398489
-0.00392148
-0.00385572
-0.00378766
-0.00371733
-0.00364479
-0.00357006
-0.0034932
-0.00341426
-0.00333327
-0.00325029
-0.00316537
-0.00307855
-0.0029899
-0.00289946
-0.00280728
-0.00271343
-0.00261795
-0.00252092
-0.00242237
-0.00232238
-0.002221
-0.00211829
-0.00201431
-0.00190913
-0.00180281
-0.00169542
-0.001587
-0.00147765
-0.0013674
-0.00125634
-0.00114453
-0.00103204
-0.000918927
-0.000805266
-0.000691124
-0.000576569
-0.000461669
-0.000346494
-0.000231111
-0.00011559
