0.00206536
0.00412949
0.00619114
0.0082491
0.0103021
0.012349
0.0143885
0.0164194
0.0184404
0.0204505
0.0224483
0.0244327
0.0264026
0.0283566
0.0302937
0.0322126
0.0341124
0.0359917
0.0378495
0.0396847
0.0414962
0.0432829
0.0450437
0.0467776
0.0484835
0.0501605
0.0518074
0.0534234
0.0550075
0.0565587
0.0580761
0.0595588
0.0610059
0.0624165
0.0637898
0.065125
0.0664213
0.0676779
0.068894
0.0700689
0.071202
0.0722925
0.0733398
0.0743433
0.0753023
0.0762163
0.0770848
0.0779072
0.078683
0.0794118
0.0800932
0.0807267
0.0813119
0.0818485
0.0823362
0.0827747
0.0831637
0.0835031
0.0837925
0.0840318
0.0842209
0.0843597
0.084448
0.0844859
0.0844733
0.0844101
0.0842966
0.0841326
0.0839184
0.083654
0.0833396
0.0829754
0.0825616
0.0820985
0.0815863
0.0810253
0.0804159
0.0797585
0.0790534
0.078301
0.0775018
0.0766563
0.075765
0.0748284
0.0738471
0.0728216
0.0717526
0.0706407
0.0694867
0.068291
0.0670546
0.0657781
0.0644623
0.0631079
0.0617158
0.0602869
0.0588219
0.0573217
0.0557873
0.0542195
0.0526194
0.0509878
0.0493257
0.0476341
0.0459141
0.0441666
0.0423927
0.0405935
0.03877
0.0369234
0.0350547
0.033165
0.0312555
0.0293273
0.0273816
0.0254195
0.0234423
0.021451
0.0194469
0.0174312
0.0154051
0.0133697
0.0113264
0.00927631
0.00722066
0.0051607
0.00309765
0.00103276
-0.00103276
-0.00309765
-0.0051607
-0.00722066
-0.00927631
-0.0113264
-0.0133697
-0.0154051
-0.0174312
-0.0194469
-0.021451
-0.0234423
-0.0254195
-0.0273816
-0.0293273
-0.0312555
-0.033165
-0.0350547
-0.0369234
-0.03877
-0.0405935
-0.0423927
-0.0441666
-0.0459141
-0.0476341
-0.0493257
-0.0509878
-0.0526194
-0.0542195
-0.0557873
-0.0573217
-0.0588219
-0.0602869
-0.0617158
-0.0631079
-0.0644623
-0.0657781
-0.0670546
-0.068291
-0.0694867
-0.0706407
-0.0717526
-0.0728216
-0.0738471
-0.0748284
-0.075765
-0.0766563
-0.0775018
-0.078301
-0.0790534
-0.0797585
-0.0804159
-0.0810253
-0.0815863
-0.0820985
-0.0825616
-0.0829754
-0.0833396
-0.083654
-0.0839184
-0.0841326
-0.0842966
-0.0844101
-0.0844733
-0.0844859
-0.084448
-0.0843597
-0.0842209
-0.0840318
-0.0837925
-0.0835031
-0.0831637
-0.0827747
-0.0823362
-0.0818485
-0.0813119
-0.0807267
-0.0800932
-0.0794118
-0.078683
-0.0779072
-0.0770848
-0.0762163
-0.0753023
-0.0743433
-0.0733398
-0.0722925
-0.071202
-0.0700689
-0.068894
-0.0676779
-0.0664213
-0.065125
-0.0637898
-0.0624165
-0.0610059
-0.0595588
-0.0580761
-0.0565587
-0.0550075
-0.0534234
-0.0518074
-0.0501605
-0.0484835
-0.0467776
-0.0450437
-0.0432829
-0.0414962
-0.0396847
-0.0378495
-0.0359917
-0.0341124
-0.0322126
-0.0302937
-0.0283566
-0.0264026
-0.0244327
-0.0224483
-0.0204505
-0.0184404
-0.0164194
-0.0143885
-0.012349
-0.0103021
-0.0082491
-0.00619114
-0.00412949
-0.00206536
