0.00815121
0.0162976
0.0244342
0.0325562
0.0406587
0.0487369
0.056786
0.0648012
0.0727776
0.0807106
0.0885953
0.096427
0.104201
0.111913
0.119558
0.127131
0.134629
0.142046
0.149378
0.156621
0.16377
0.170822
0.177771
0.184614
0.191347
0.197965
0.204465
0.210843
0.217094
0.223216
0.229205
0.235057
0.240768
0.246335
0.251755
0.257024
0.26214
0.2671
0.271899
0.276536
0.281008
0.285312
0.289445
0.293405
0.29719
0.300798
0.304225
0.307471
0.310533
0.313409
0.316098
0.318598
0.320908
0.323026
0.324951
0.326681
0.328217
0.329556
0.330698
0.331643
0.332389
0.332936
0.333285
0.333435
0.333385
0.333136
0.332688
0.33204
0.331195
0.330152
0.328911
0.327473
0.32584
0.324013
0.321991
0.319777
0.317372
0.314777
0.311994
0.309025
0.305871
0.302534
0.299016
0.29532
0.291447
0.2874
0.283181
0.278793
0.274238
0.26952
0.26464
0.259602
0.254409
0.249064
0.24357
0.23793
0.232148
0.226228
0.220172
0.213985
0.207669
0.20123
0.19467
0.187994
0.181206
0.174309
0.167308
0.160208
0.153011
0.145723
0.138348
0.13089
0.123354
0.115744
0.108065
0.100322
0.0925181
0.0846593
0.0767498
0.0687946
0.0607982
0.0527654
0.0447011
0.0366102
0.0284973
0.0203674
0.0122253
0.00407591
-0.00407591
-0.0122253
-0.0203674
-0.0284973
-0.0366102
-0.0447011
-0.0527654
-0.0607982
-0.0687946
-0.0767498
-0.0846593
-0.0925181
-0.100322
-0.108065
-0.115744
-0.123354
-0.13089
-0.138348
-0.145723
-0.153011
-0.160208
-0.167308
-0.174309
-0.181206
-0.187994
-0.19467
-0.20123
-0.207669
-0.213985
-0.220172
-0.226228
-0.232148
-0.23793
-0.24357
-0.249064
-0.254409
-0.259602
-0.26464
-0.26952
-0.274238
-0.278793
-0.283181
-0.2874
-0.291447
-0.29532
-0.299016
-0.302534
-0.305871
-0.309025
-0.311994
-0.314777
-0.317372
-0.319777
-0.321991
-0.324013
-0.32584
-0.327473
-0.328911
-0.330152
-0.331195
-0.33204
-0.332688
-0.333136
-0.333385
-0.333435
-0.333285
-0.332936
-0.332389
-0.331643
-0.330698
-0.329556
-0.328217
-0.326681
-0.324951
-0.323026
-0.320908
-0.318598
-0.316098
-0.313409
-0.310533
-0.307471
-0.304225
-0.300798
-0.29719
-0.293405
-0.289445
-0.285312
-0.281008
-0.276536
-0.271899
-0.2671
-0.26214
-0.257024
-0.251755
-0.246335
-0.240768
-0.235057
-0.229205
-0.223216
-0.217094
-0.210843
-0.204465
-0.197965
-0.191347
-0.184614
-0.177771
-0.170822
-0.16377
-0.156621
-0.149378
-0.142046
-0.134629
-0.127131
-0.119558
-0.111913
-0.104201
-0.096427
-0.0885953
-0.0807106
-0.0727776
-0.0648012
-0.056786
-0.0487369
-0.0406587
-0.0325562
-0.0244342
-0.0162976
-0.00815121
