0.00156946
0.00313798
0.00470463
0.00626847
0.00782855
0.00938396
0.0109338
0.012477
0.0140128
0.0155403
0.0170584
0.0185664
0.0200632
0.0215481
0.0230201
0.0244783
0.0259219
0.02735
0.0287617
0.0301563
0.0315328
0.0328905
0.0342286
0.0355461
0.0368425
0.0381168
0.0393683
0.0405963
0.0418
0.0429788
0.0441319
0.0452586
0.0463582
0.0474301
0.0484737
0.0494883
0.0504733
0.0514282
0.0523523
0.0532452
0.0541062
0.0549349
0.0557307
0.0564932
0.057222
0.0579166
0.0585765
0.0592014
0.059791
0.0603448
0.0608626
0.0613439
0.0617887
0.0621964
0.062567
0.0629003
0.0631959
0.0634537
0.0636736
0.0638555
0.0639992
0.0641047
0.0641718
0.0642006
0.064191
0.064143
0.0640567
0.0639321
0.0637693
0.0635684
0.0633295
0.0630528
0.0627383
0.0623864
0.0619972
0.0615709
0.0611078
0.0606082
0.0600724
0.0595007
0.0588934
0.0582509
0.0575736
0.0568619
0.0561162
0.0553369
0.0545246
0.0536797
0.0528027
0.0518941
0.0509546
0.0499846
0.0489847
0.0479555
0.0468977
0.0458118
0.0446985
0.0435586
0.0423926
0.0412013
0.0399853
0.0387454
0.0374824
0.036197
0.03489
0.0335621
0.0322141
0.0308469
0.0294612
0.028058
0.0266379
0.025202
0.023751
0.0222857
0.0208072
0.0193162
0.0178137
0.0163006
0.0147777
0.0132459
0.0117063
0.0101596
0.0086069
0.00704904
0.00548696
0.0039216
0.0023539
0.000784789
-0.000784789
-0.0023539
-0.0039216
-0.00548696
-0.00704904
-0.0086069
-0.0101596
-0.0117063
-0.0132459
-0.0147777
-0.0163006
-0.0178137
-0.0193162
-0.0208072
-0.0222857
-0.023751
-0.025202
-0.0266379
-0.028058
-0.0294612
-0.0308469
-0.0322141
-0.0335621
-0.03489
-0.036197
-0.0374824
-0.0387454
-0.0399853
-0.0412013
-0.0423926
-0.0435586
-0.0446985
-0.0458118
-0.0468977
-0.0479555
-0.0489847
-0.0499846
-0.0509546
-0.0518941
-0.0528027
-0.0536797
-0.0545246
-0.0553369
-0.0561162
-0.0568619
-0.0575736
-0.0582509
-0.0588934
-0.0595007
-0.0600724
-0.0606082
-0.0611078
-0.0615709
-0.0619972
-0.0623864
-0.0627383
-0.0630528
-0.0633295
-0.0635684
-0.0637693
-0.0639321
-0.0640567
-0.064143
-0.064191
-0.0642006
-0.0641718
-0.0641047
-0.0639992
-0.0638555
-0.0636736
-0.0634537
-0.0631959
-0.0629003
-0.062567
-0.0621964
-0.0617887
-0.0613439
-0.0608626
-0.0603448
-0.059791
-0.0592014
-0.0585765
-0.0579166
-0.057222
-0.0564932
-0.0557307
-0.0549349
-0.0541062
-0.0532452
-0.0523523
-0.0514282
-0.0504733
-0.0494883
-0.0484737
-0.0474301
-0.0463582
-0.0452586
-0.0441319
-0.0429788
-0.0418
-0.0405963
-0.0393683
-0.0381168
-0.0368425
-0.0355461
-0.0342286
-0.0328905
-0.0315328
-0.0301563
-0.0287617
-0.02735
-0.0259219
-0.0244783
-0.0230201
-0.0215481
-0.0200632
-0.0185664
-0.0170584
-0.0155403
-0.0140128
-0.012477
-0.0109338
-0.00938396
-0.00782855
-0.00626847
-0.00470463
-0.00313798
-0.00156946
