0.000600333
0.00120031
0.00179956
0.00239774
0.00299449
0.00358945
0.00418226
0.00477257
0.00536003
0.00594429
0.006525
0.0071018
0.00767436
0.00824233
0.00880538
0.00936316
0.00991535
0.0104616
0.0110016
0.011535
0.0120616
0.0125809
0.0130927
0.0135967
0.0140926
0.01458
0.0150587
0.0155284
0.0159889
0.0164398
0.0168808
0.0173118
0.0177324
0.0181424
0.0185416
0.0189297
0.0193065
0.0196717
0.0200252
0.0203667
0.0206961
0.0210131
0.0213175
0.0216092
0.0218879
0.0221536
0.022406
0.0226451
0.0228706
0.0230824
0.0232805
0.0234646
0.0236347
0.0237907
0.0239324
0.0240599
0.024173
0.0242716
0.0243557
0.0244253
0.0244803
0.0245206
0.0245463
0.0245573
0.0245536
0.0245353
0.0245023
0.0244546
0.0243923
0.0243155
0.0242241
0.0241182
0.023998
0.0238633
0.0237145
0.0235514
0.0233743
0.0231832
0.0229782
0.0227595
0.0225272
0.0222815
0.0220224
0.0217502
0.0214649
0.0211669
0.0208561
0.020533
0.0201975
0.01985
0.0194906
0.0191195
0.0187371
0.0183434
0.0179388
0.0175234
0.0170976
0.0166615
0.0162155
0.0157598
0.0152947
0.0148205
0.0143374
0.0138457
0.0133457
0.0128378
0.0123222
0.0117992
0.0112692
0.0107324
0.0101892
0.00963997
0.00908495
0.00852449
0.00795894
0.00738863
0.00681391
0.00623511
0.00565259
0.00506668
0.00447775
0.00388615
0.00329222
0.00269632
0.00209881
0.00150005
0.000900387
0.000300189
-0.000300189
-0.000900387
-0.00150005
-0.00209881
-0.00269632
-0.00329222
-0.00388615
-0.00447775
-0.00506668
-0.00565259
-0.00623511
-0.00681391
-0.00738863
-0.00795894
-0.00852449
-0.00908495
-0.00963997
-0.0101892
-0.0107324
-0.0112692
-0.0117992
-0.0123222
-0.0128378
-0.0133457
-0.0138457
-0.0143374
-0.0148205
-0.0152947
-0.0157598
-0.0162155
-0.0166615
-0.0170976
-0.0175234
-0.0179388
-0.0183434
-0.0187371
-0.0191195
-0.0194906
-0.01985
-0.0201975
-0.020533
-0.0208561
-0.0211669
-0.0214649
-0.0217502
-0.0220224
-0.0222815
-0.0225272
-0.0227595
-0.0229782
-0.0231832
-0.0233743
-0.0235514
-0.0237145
-0.0238633
-0.023998
-0.0241182
-0.0242241
-0.0243155
-0.0243923
-0.0244546
-0.0245023
-0.0245353
-0.0245536
-0.0245573
-0.0245463
-0.0245206
-0.0244803
-0.0244253
-0.0243557
-0.0242716
-0.024173
-0.0240599
-0.0239324
-0.0237907
-0.0236347
-0.0234646
-0.0232805
-0.0230824
-0.0228706
-0.0226451
-0.022406
-0.0221536
-0.0218879
-0.0216092
-0.0213175
-0.0210131
-0.0206961
-0.0203667
-0.0200252
-0.0196717
-0.0193065
-0.0189297
-0.0185416
-0.0181424
-0.0177324
-0.0173118
-0.0168808
-0.0164398
-0.0159889
-0.0155284
-0.0150587
-0.01458
-0.0140926
-0.0135967
-0.0130927
-0.0125809
-0.0120616
-0.011535
-0.0110016
-0.0104616
-0.00991535
-0.00936316
-0.00880538
-0.00824233
-0.00767436
-0.0071018
-0.006525
-0.00594429
-0.00536003
-0.00477257
-0.00418226
-0.00358945
-0.00299449
-0.00239774
-0.00179956
-0.00120031
-0.000600333
