0.000152113
0.000304134
0.000455974
0.000607542
0.000758746
0.000909497
0.0010597
0.00120928
0.00135813
0.00150617
0.00165331
0.00179946
0.00194453
0.00208845
0.00223111
0.00237244
0.00251236
0.00265077
0.0027876
0.00292276
0.00305617
0.00318776
0.00331744
0.00344514
0.00357078
0.00369429
0.00381559
0.00393461
0.00405127
0.00416552
0.00427728
0.00438647
0.00449305
0.00459694
0.00469809
0.00479642
0.00489189
0.00498444
0.00507401
0.00516054
0.00524399
0.0053243
0.00540144
0.00547534
0.00554597
0.00561329
0.00567725
0.00573782
0.00579496
0.00584864
0.00589882
0.00594548
0.00598858
0.0060281
0.00606402
0.00609631
0.00612497
0.00614996
0.00617127
0.0061889
0.00620282
0.00621304
0.00621955
0.00622234
0.00622141
0.00621676
0.0062084
0.00619632
0.00618055
0.00616107
0.00613792
0.0061111
0.00608062
0.00604651
0.00600879
0.00596747
0.00592259
0.00587417
0.00582224
0.00576682
0.00570797
0.0056457
0.00558005
0.00551107
0.0054388
0.00536327
0.00528454
0.00520265
0.00511766
0.0050296
0.00493854
0.00484452
0.00474761
0.00464786
0.00454534
0.00444009
0.0043322
0.00422171
0.0041087
0.00399324
0.00387539
0.00375522
0.00363281
0.00350823
0.00338155
0.00325285
0.0031222
0.00298969
0.00285539
0.00271939
0.00258176
0.00244258
0.00230195
0.00215994
0.00201664
0.00187214
0.00172651
0.00157986
0.00143226
0.0012838
0.00113458
0.000984674
0.000834184
0.000683195
0.000531798
0.000380083
0.000228141
7.6062e-05
-7.6062e-05
-0.000228141
-0.000380083
-0.000531798
-0.000683195
-0.000834184
-0.000984674
-0.00113458
-0.0012838
-0.00143226
-0.00157986
-0.00172651
-0.00187214
-0.00201664
-0.00215994
-0.00230195
-0.00244258
-0.00258176
-0.00271939
-0.00285539
-0.00298969
-0.0031222
-0.00325285
-0.00338155
-0.00350823
-0.00363281
-0.00375522
-0.00387539
-0.00399324
-0.0041087
-0.00422171
-0.0043322
-0.00444009
-0.00454534
-0.00464786
-0.00474761
-0.00484452
-0.00493854
-0.0050296
-0.00511766
-0.00520265
-0.00528454
-0.00536327
-0.0054388
-0.00551107
-0.00558005
-0.0056457
-0.00570797
-0.00576682
-0.00582224
-0.00587417
-0.00592259
-0.00596747
-0.00600879
-0.00604651
-0.00608062
-0.0061111
-0.00613792
-0.00616107
-0.00618055
-0.00619632
-0.0062084
-0.00621676
-0.00622141
-0.00622234
-0.00621955
-0.00621304
-0.00620282
-0.0061889
-0.00617127
-0.00614996
-0.00612497
-0.00609631
-0.00606402
-0.0060281
-0.00598858
-0.00594548
-0.00589882
-0.00584864
-0.00579496
-0.00573782
-0.00567725
-0.00561329
-0.00554597
-0.00547534
-0.00540144
-0.0053243
-0.00524399
-0.00516054
-0.00507401
-0.00498444
-0.00489189
-0.00479642
-0.00469809
-0.00459694
-0.00449305
-0.00438647
-0.00427728
-0.00416552
-0.00405127
-0.00393461
-0.00381559
-0.00369429
-0.00357078
-0.00344514
-0.00331744
-0.00318776
-0.00305617
-0.00292276
-0.0027876
-0.00265077
-0.00251236
-0.00237244
-0.00223111
-0.00208845
-0.00194453
-0.00179946
-0.00165331
-0.00150617
-0.00135813
-0.00120928
-0.0010597
-0.000909497
-0.000758746
-0.000607542
-0.000455974
-0.000304134
-0.000152113
