0.00710558
0.0142069
0.0212998
0.0283799
0.035443
0.042485
0.0495016
0.0564885
0.0634418
0.0703571
0.0772303
0.0840574
0.0908343
0.0975569
0.104221
0.110823
0.117359
0.123824
0.130216
0.13653
0.142762
0.148909
0.154967
0.160932
0.166801
0.17257
0.178236
0.183796
0.189246
0.194582
0.199803
0.204904
0.209882
0.214735
0.21946
0.224054
0.228513
0.232836
0.23702
0.241062
0.244961
0.248712
0.252315
0.255768
0.259067
0.262212
0.265199
0.268029
0.270698
0.273205
0.275549
0.277729
0.279742
0.281588
0.283266
0.284775
0.286113
0.287281
0.288276
0.2891
0.28975
0.290228
0.290532
0.290662
0.290618
0.290401
0.290011
0.289447
0.28871
0.2878
0.286718
0.285465
0.284042
0.282448
0.280686
0.278756
0.27666
0.274398
0.271972
0.269384
0.266634
0.263725
0.260659
0.257437
0.25406
0.250533
0.246855
0.24303
0.239059
0.234946
0.230692
0.2263
0.221773
0.217114
0.212325
0.207408
0.202368
0.197207
0.191928
0.186535
0.18103
0.175416
0.169698
0.163878
0.157961
0.151949
0.145846
0.139656
0.133383
0.12703
0.120601
0.114099
0.10753
0.100897
0.0942026
0.0874524
0.0806499
0.0737992
0.0669044
0.0599696
0.052999
0.0459967
0.0389669
0.0319138
0.0248417
0.0177547
0.010657
0.00355306
-0.00355306
-0.010657
-0.0177547
-0.0248417
-0.0319138
-0.0389669
-0.0459967
-0.052999
-0.0599696
-0.0669044
-0.0737992
-0.0806499
-0.0874524
-0.0942026
-0.100897
-0.10753
-0.114099
-0.120601
-0.12703
-0.133383
-0.139656
-0.145846
-0.151949
-0.157961
-0.163878
-0.169698
-0.175416
-0.18103
-0.186535
-0.191928
-0.197207
-0.202368
-0.207408
-0.212325
-0.217114
-0.221773
-0.2263
-0.230692
-0.234946
-0.239059
-0.24303
-0.246855
-0.250533
-0.25406
-0.257437
-0.260659
-0.263725
-0.266634
-0.269384
-0.271972
-0.274398
-0.27666
-0.278756
-0.280686
-0.282448
-0.284042
-0.285465
-0.286718
-0.2878
-0.28871
-0.289447
-0.290011
-0.290401
-0.290618
-0.290662
-0.290532
-0.290228
-0.28975
-0.2891
-0.288276
-0.287281
-0.286113
-0.284775
-0.283266
-0.281588
-0.279742
-0.277729
-0.275549
-0.273205
-0.270698
-0.268029
-0.265199
-0.262212
-0.259067
-0.255768
-0.252315
-0.248712
-0.244961
-0.241062
-0.23702
-0.232836
-0.228513
-0.224054
-0.21946
-0.214735
-0.209882
-0.204904
-0.199803
-0.194582
-0.189246
-0.183796
-0.178236
-0.17257
-0.166801
-0.160932
-0.154967
-0.148909
-0.142762
-0.13653
-0.130216
-0.123824
-0.117359
-0.110823
-0.104221
-0.0975569
-0.0908343
-0.0840574
-0.0772303
-0.0703571
-0.0634418
-0.0564885
-0.0495016
-0.042485
-0.035443
-0.0283799
-0.0212998
-0.0142069
-0.00710558
