1.88036e-06
3.75959e-06
5.63658e-06
7.5102e-06
9.37933e-06
1.12428e-05
1.30997e-05
1.49486e-05
1.67887e-05
1.86187e-05
2.04375e-05
2.22442e-05
2.40376e-05
2.58166e-05
2.75801e-05
2.93272e-05
3.10568e-05
3.27678e-05
3.44592e-05
3.613e-05
3.77792e-05
3.94059e-05
4.1009e-05
4.25875e-05
4.41407e-05
4.56674e-05
4.71668e-05
4.86381e-05
5.00803e-05
5.14925e-05
5.2874e-05
5.42239e-05
5.55414e-05
5.68256e-05
5.80759e-05
5.92915e-05
6.04717e-05
6.16157e-05
6.27229e-05
6.37926e-05
6.48242e-05
6.5817e-05
6.67705e-05
6.76841e-05
6.85572e-05
6.93893e-05
7.018e-05
7.09288e-05
7.16351e-05
7.22986e-05
7.29189e-05
7.34957e-05
7.40285e-05
7.4517e-05
7.49611e-05
7.53603e-05
7.57144e-05
7.60234e-05
7.62869e-05
7.65047e-05
7.66769e-05
7.68032e-05
7.68837e-05
7.69182e-05
7.69067e-05
7.68492e-05
7.67458e-05
7.65966e-05
7.64015e-05
7.61608e-05
7.58746e-05
7.5543e-05
7.51663e-05
7.47446e-05
7.42783e-05
7.37676e-05
7.32128e-05
7.26142e-05
7.19722e-05
7.12873e-05
7.05597e-05
6.97899e-05
6.89784e-05
6.81257e-05
6.72323e-05
6.62987e-05
6.53255e-05
6.43132e-05
6.32625e-05
6.21739e-05
6.10483e-05
5.98861e-05
5.86881e-05
5.74551e-05
5.61877e-05
5.48867e-05
5.3553e-05
5.21872e-05
5.07902e-05
4.93629e-05
4.79061e-05
4.64206e-05
4.49074e-05
4.33673e-05
4.18014e-05
4.02104e-05
3.85954e-05
3.69574e-05
3.52972e-05
3.3616e-05
3.19147e-05
3.01943e-05
2.84558e-05
2.67004e-05
2.49289e-05
2.31426e-05
2.13425e-05
1.95296e-05
1.7705e-05
1.58698e-05
1.40252e-05
1.21722e-05
1.03119e-05
8.44539e-06
6.57388e-06
4.69844e-06
2.82019e-06
9.40249e-07
-9.40249e-07
-2.82019e-06
-4.69844e-06
-6.57388e-06
-8.44539e-06
-1.03119e-05
-1.21722e-05
-1.40252e-05
-1.58698e-05
-1.7705e-05
-1.95296e-05
-2.13425e-05
-2.31426e-05
-2.49289e-05
-2.67004e-05
-2.84558e-05
-3.01943e-05
-3.19147e-05
-3.3616e-05
-3.52972e-05
-3.69574e-05
-3.85954e-05
-4.02104e-05
-4.18014e-05
-4.33673e-05
-4.49074e-05
-4.64206e-05
-4.79061e-05
-4.93629e-05
-5.07902e-05
-5.21872e-05
-5.3553e-05
-5.48867e-05
-5.61877e-05
-5.74551e-05
-5.86881e-05
-5.98861e-05
-6.10483e-05
-6.21739e-05
-6.32625e-05
-6.43132e-05
-6.53255e-05
-6.62987e-05
-6.72323e-05
-6.81257e-05
-6.89784e-05
-6.97899e-05
-7.05597e-05
-7.12873e-05
-7.19722e-05
-7.26142e-05
-7.32128e-05
-7.37676e-05
-7.42783e-05
-7.47446e-05
-7.51663e-05
-7.5543e-05
-7.58746e-05
-7.61608e-05
-7.64015e-05
-7.65966e-05
-7.67458e-05
-7.68492e-05
-7.69067e-05
-7.69182e-05
-7.68837e-05
-7.68032e-05
-7.66769e-05
-7.65047e-05
-7.62869e-05
-7.60234e-05
-7.57144e-05
-7.53603e-05
-7.49611e-05
-7.4517e-05
-7.40285e-05
-7.34957e-05
-7.29189e-05
-7.22986e-05
-7.16351e-05
-7.09288e-05
-7.018e-05
-6.93893e-05
-6.85572e-05
-6.76841e-05
-6.67705e-05
-6.5817e-05
-6.48242e-05
-6.37926e-05
-6.27229e-05
-6.16157e-05
-6.04717e-05
-5.92915e-05
-5.80759e-05
-5.68256e-05
-5.55414e-05
-5.42239e-05
-5.2874e-05
-5.14925e-05
-5.00803e-05
-4.86381e-05
-4.71668e-05
-4.56674e-05
-4.41407e-05
-4.25875e-05
-4.1009e-05
-3.94059e-05
-3.77792e-05
-3.613e-05
-3.44592e-05
-3.27678e-05
-3.10568e-05
-2.93272e-05
-2.75801e-05
-2.58166e-05
-2.40376e-05
-2.22442e-05
-2.04375e-05
-1.86187e-05
-1.67887e-05
-1.49486e-05
-1.30997e-05
-1.12428e-05
-9.37933e-06
-7.5102e-06
-5.63658e-06
-3.75959e-06
-1.88036e-06
