0.000397671
0.000795104
0.00119206
0.00158831
0.0019836
0.00237771
0.0027704
0.00316144
0.00355058
0.0039376
0.00432227
0.00470436
0.00508363
0.00545987
0.00583284
0.00620233
0.0065681
0.00692996
0.00728767
0.00764102
0.00798981
0.00833382
0.00867286
0.00900671
0.00933517
0.00965806
0.00997517
0.0102863
0.0105913
0.01089
0.0111822
0.0114676
0.0117463
0.0120179
0.0122823
0.0125394
0.012789
0.0130309
0.0132651
0.0134913
0.0137095
0.0139194
0.0141211
0.0143143
0.0144989
0.0146749
0.0148422
0.0150005
0.0151499
0.0152902
0.0154214
0.0155434
0.0156561
0.0157594
0.0158533
0.0159377
0.0160126
0.0160779
0.0161337
0.0161798
0.0162162
0.0162429
0.0162599
0.0162672
0.0162648
0.0162526
0.0162307
0.0161992
0.0161579
0.016107
0.0160465
0.0159764
0.0158967
0.0158075
0.0157089
0.0156009
0.0154835
0.015357
0.0152212
0.0150763
0.0149224
0.0147596
0.014588
0.0144077
0.0142187
0.0140213
0.0138155
0.0136014
0.0133792
0.013149
0.0129109
0.0126651
0.0124118
0.012151
0.011883
0.0116078
0.0113257
0.0110369
0.0107415
0.0104396
0.0101315
0.00981735
0.00949732
0.00917162
0.00884044
0.00850398
0.00816243
0.007816
0.0074649
0.00710934
0.00674953
0.00638569
0.00601803
0.00564678
0.00527214
0.00489436
0.00451365
0.00413025
0.00374437
0.00335626
0.00296614
0.00257425
0.00218082
0.00178609
0.00139029
0.000993658
0.000596432
0.00019885
-0.00019885
-0.000596432
-0.000993658
-0.00139029
-0.00178609
-0.00218082
-0.00257425
-0.00296614
-0.00335626
-0.00374437
-0.00413025
-0.00451365
-0.00489436
-0.00527214
-0.00564678
-0.00601803
-0.00638569
-0.00674953
-0.00710934
-0.0074649
-0.007816
-0.00816243
-0.00850398
-0.00884044
-0.00917162
-0.00949732
-0.00981735
-0.0101315
-0.0104396
-0.0107415
-0.0110369
-0.0113257
-0.0116078
-0.011883
-0.012151
-0.0124118
-0.0126651
-0.0129109
-0.013149
-0.0133792
-0.0136014
-0.0138155
-0.0140213
-0.0142187
-0.0144077
-0.014588
-0.0147596
-0.0149224
-0.0150763
-0.0152212
-0.015357
-0.0154835
-0.0156009
-0.0157089
-0.0158075
-0.0158967
-0.0159764
-0.0160465
-0.016107
-0.0161579
-0.0161992
-0.0162307
-0.0162526
-0.0162648
-0.0162672
-0.0162599
-0.0162429
-0.0162162
-0.0161798
-0.0161337
-0.0160779
-0.0160126
-0.0159377
-0.0158533
-0.0157594
-0.0156561
-0.0155434
-0.0154214
-0.0152902
-0.0151499
-0.0150005
-0.0148422
-0.0146749
-0.0144989
-0.0143143
-0.0141211
-0.0139194
-0.0137095
-0.0134913
-0.0132651
-0.0130309
-0.012789
-0.0125394
-0.0122823
-0.0120179
-0.0117463
-0.0114676
-0.0111822
-0.01089
-0.0105913
-0.0102863
-0.00997517
-0.00965806
-0.00933517
-0.00900671
-0.00867286
-0.00833382
-0.00798981
-0.00764102
-0.00728767
-0.00692996
-0.0065681
-0.00620233
-0.00583284
-0.00545987
-0.00508363
-0.00470436
-0.00432227
-0.0039376
-0.00355058
-0.00316144
-0.0027704
-0.00237771
-0.0019836
-0.00158831
-0.00119206
-0.000795104
-0.000397671
