7.65688e-05
0.000153092
0.000229523
0.000305818
0.000381929
0.000457813
0.000533423
0.000608713
0.000683641
0.000758159
0.000832224
0.000905792
0.000978819
0.00105126
0.00112307
0.00119422
0.00126464
0.00133432
0.00140319
0.00147123
0.00153838
0.00160462
0.0016699
0.00173418
0.00179742
0.00185959
0.00192065
0.00198056
0.00203929
0.00209679
0.00215305
0.00220802
0.00226166
0.00231396
0.00236487
0.00241437
0.00246243
0.00250901
0.0025541
0.00259766
0.00263966
0.00268009
0.00271892
0.00275612
0.00279167
0.00282556
0.00285776
0.00288824
0.00291701
0.00294403
0.00296929
0.00299277
0.00301447
0.00303436
0.00305244
0.0030687
0.00308312
0.0030957
0.00310643
0.0031153
0.00312231
0.00312746
0.00313073
0.00313214
0.00313167
0.00312933
0.00312512
0.00311904
0.0031111
0.0031013
0.00308964
0.00307614
0.0030608
0.00304363
0.00302464
0.00300384
0.00298125
0.00295688
0.00293074
0.00290284
0.00287321
0.00284187
0.00280883
0.0027741
0.00273772
0.00269971
0.00266008
0.00261886
0.00257607
0.00253175
0.00248591
0.00243858
0.0023898
0.00233959
0.00228798
0.00223501
0.0021807
0.00212508
0.0020682
0.00201007
0.00195075
0.00189026
0.00182864
0.00176593
0.00170217
0.00163738
0.00157162
0.00150492
0.00143732
0.00136886
0.00129958
0.00122952
0.00115873
0.00108725
0.00101512
0.000942376
0.000869073
0.000795251
0.000720954
0.000646225
0.000571111
0.000495655
0.000419903
0.000343899
0.000267691
0.000191322
0.000114839
3.82873e-05
-3.82873e-05
-0.000114839
-0.000191322
-0.000267691
-0.000343899
-0.000419903
-0.000495655
-0.000571111
-0.000646225
-0.000720954
-0.000795251
-0.000869073
-0.000942376
-0.00101512
-0.00108725
-0.00115873
-0.00122952
-0.00129958
-0.00136886
-0.00143732
-0.00150492
-0.00157162
-0.00163738
-0.00170217
-0.00176593
-0.00182864
-0.00189026
-0.00195075
-0.00201007
-0.0020682
-0.00212508
-0.0021807
-0.00223501
-0.00228798
-0.00233959
-0.0023898
-0.00243858
-0.00248591
-0.00253175
-0.00257607
-0.00261886
-0.00266008
-0.00269971
-0.00273772
-0.0027741
-0.00280883
-0.00284187
-0.00287321
-0.00290284
-0.00293074
-0.00295688
-0.00298125
-0.00300384
-0.00302464
-0.00304363
-0.0030608
-0.00307614
-0.00308964
-0.0031013
-0.0031111
-0.00311904
-0.00312512
-0.00312933
-0.00313167
-0.00313214
-0.00313073
-0.00312746
-0.00312231
-0.0031153
-0.00310643
-0.0030957
-0.00308312
-0.0030687
-0.00305244
-0.00303436
-0.00301447
-0.00299277
-0.00296929
-0.00294403
-0.00291701
-0.00288824
-0.00285776
-0.00282556
-0.00279167
-0.00275612
-0.00271892
-0.00268009
-0.00263966
-0.00259766
-0.0025541
-0.00250901
-0.00246243
-0.00241437
-0.00236487
-0.00231396
-0.00226166
-0.00220802
-0.00215305
-0.00209679
-0.00203929
-0.00198056
-0.00192065
-0.00185959
-0.00179742
-0.00173418
-0.0016699
-0.00160462
-0.00153838
-0.00147123
-0.00140319
-0.00133432
-0.00126464
-0.00119422
-0.00112307
-0.00105126
-0.000978819
-0.000905792
-0.000832224
-0.000758159
-0.000683641
-0.000608713
-0.000533423
-0.000457813
-0.000381929
-0.000305818
-0.000229523
-0.000153092
-7.65688e-05
