1.42888e-06
2.8569e-06
4.28322e-06
5.70697e-06
7.12732e-06
8.54341e-06
9.95439e-06
1.13594e-05
1.27577e-05
1.41483e-05
1.55304e-05
1.69033e-05
1.82661e-05
1.96179e-05
2.09581e-05
2.22857e-05
2.36e-05
2.49001e-05
2.61854e-05
2.74551e-05
2.87083e-05
2.99444e-05
3.11626e-05
3.23621e-05
3.35424e-05
3.47025e-05
3.58419e-05
3.69599e-05
3.80559e-05
3.9129e-05
4.01788e-05
4.12046e-05
4.22057e-05
4.31816e-05
4.41317e-05
4.50555e-05
4.59523e-05
4.68216e-05
4.76629e-05
4.84758e-05
4.92597e-05
5.00141e-05
5.07387e-05
5.14329e-05
5.20964e-05
5.27287e-05
5.33296e-05
5.38985e-05
5.44353e-05
5.49395e-05
5.54109e-05
5.58491e-05
5.6254e-05
5.66253e-05
5.69627e-05
5.7266e-05
5.75352e-05
5.77699e-05
5.79701e-05
5.81357e-05
5.82665e-05
5.83626e-05
5.84237e-05
5.84499e-05
5.84411e-05
5.83975e-05
5.83189e-05
5.82055e-05
5.80573e-05
5.78744e-05
5.76569e-05
5.74049e-05
5.71186e-05
5.67982e-05
5.64439e-05
5.60558e-05
5.56342e-05
5.51793e-05
5.46915e-05
5.4171e-05
5.36181e-05
5.30331e-05
5.24165e-05
5.17685e-05
5.10896e-05
5.03802e-05
4.96406e-05
4.88714e-05
4.8073e-05
4.72458e-05
4.63904e-05
4.55073e-05
4.45969e-05
4.36599e-05
4.26969e-05
4.17083e-05
4.06947e-05
3.96569e-05
3.85953e-05
3.75107e-05
3.64037e-05
3.52749e-05
3.4125e-05
3.29547e-05
3.17647e-05
3.05558e-05
2.93286e-05
2.80838e-05
2.68223e-05
2.55447e-05
2.42519e-05
2.29445e-05
2.16235e-05
2.02895e-05
1.89434e-05
1.7586e-05
1.62181e-05
1.48405e-05
1.3454e-05
1.20594e-05
1.06577e-05
9.24959e-06
7.83595e-06
6.41763e-06
4.99547e-06
3.57033e-06
2.14305e-06
7.14492e-07
-7.14492e-07
-2.14305e-06
-3.57033e-06
-4.99547e-06
-6.41763e-06
-7.83595e-06
-9.24959e-06
-1.06577e-05
-1.20594e-05
-1.3454e-05
-1.48405e-05
-1.62181e-05
-1.7586e-05
-1.89434e-05
-2.02895e-05
-2.16235e-05
-2.29445e-05
-2.42519e-05
-2.55447e-05
-2.68223e-05
-2.80838e-05
-2.93286e-05
-3.05558e-05
-3.17647e-05
-3.29547e-05
-3.4125e-05
-3.52749e-05
-3.64037e-05
-3.75107e-05
-3.85953e-05
-3.96569e-05
-4.06947e-05
-4.17083e-05
-4.26969e-05
-4.36599e-05
-4.45969e-05
-4.55073e-05
-4.63904e-05
-4.72458e-05
-4.8073e-05
-4.88714e-05
-4.96406e-05
-5.03802e-05
-5.10896e-05
-5.17685e-05
-5.24165e-05
-5.30331e-05
-5.36181e-05
-5.4171e-05
-5.46915e-05
-5.51793e-05
-5.56342e-05
-5.60558e-05
-5.64439e-05
-5.67982e-05
-5.71186e-05
-5.74049e-05
-5.76569e-05
-5.78744e-05
-5.80573e-05
-5.82055e-05
-5.83189e-05
-5.83975e-05
-5.84411e-05
-5.84499e-05
-5.84237e-05
-5.83626e-05
-5.82665e-05
-5.81357e-05
-5.79701e-05
-5.77699e-05
-5.75352e-05
-5.7266e-05
-5.69627e-05
-5.66253e-05
-5.6254e-05
-5.58491e-05
-5.54109e-05
-5.49395e-05
-5.44353e-05
-5.38985e-05
-5.33296e-05
-5.27287e-05
-5.20964e-05
-5.14329e-05
-5.07387e-05
-5.00141e-05
-4.92597e-05
-4.84758e-05
-4.76629e-05
-4.68216e-05
-4.59523e-05
-4.50555e-05
-4.41317e-05
-4.31816e-05
-4.22057e-05
-4.12046e-05
-4.01788e-05
-3.9129e-05
-3.80559e-05
-3.69599e-05
-3.58419e-05
-3.47025e-05
-3.35424e-05
-3.23621e-05
-3.11626e-05
-2.99444e-05
-2.87083e-05
-2.74551e-05
-2.61854e-05
-2.49001e-05
-2.36e-05
-2.22857e-05
-2.09581e-05
-1.96179e-05
-1.82661e-05
-1.69033e-05
-1.55304e-05
-1.41483e-05
-1.27577e-05
-1.13594e-05
-9.95439e-06
-8.54341e-06
-7.12732e-06
-5.70697e-06
-4.28322e-06
-2.8569e-06
-1.42888e-06
