0.00180042
0.00359976
0.00539695
0.00719091
0.00898058
0.0107649
0.0125427
0.0143131
0.0160749
0.0178271
0.0195687
0.0212985
0.0230157
0.024719
0.0264076
0.0280804
0.0297365
0.0313747
0.0329942
0.034594
0.0361731
0.0377306
0.0392655
0.040777
0.0422641
0.0437259
0.0451616
0.0465703
0.0479512
0.0493034
0.0506262
0.0519186
0.0531801
0.0544098
0.0556069
0.0567708
0.0579008
0.0589962
0.0600563
0.0610805
0.0620683
0.0630189
0.0639318
0.0648066
0.0656426
0.0664394
0.0671964
0.0679133
0.0685896
0.069225
0.0698189
0.0703711
0.0708813
0.071349
0.0717742
0.0721564
0.0724956
0.0727913
0.0730436
0.0732523
0.0734171
0.0735381
0.0736151
0.0736481
0.0736371
0.0735821
0.0734831
0.0733402
0.0731534
0.0729229
0.0726489
0.0723314
0.0719707
0.071567
0.0711205
0.0706315
0.0701002
0.0695271
0.0689124
0.0682566
0.0675599
0.0668229
0.0660459
0.0652294
0.064374
0.0634801
0.0625482
0.061579
0.060573
0.0595307
0.0584529
0.0573401
0.0561931
0.0550125
0.053799
0.0525533
0.0512762
0.0499685
0.0486309
0.0472643
0.0458694
0.0444471
0.0429982
0.0415236
0.0400242
0.0385009
0.0369546
0.0353862
0.0337966
0.0321869
0.0305579
0.0289106
0.0272461
0.0255652
0.0238691
0.0221587
0.0204351
0.0186993
0.0169523
0.0151951
0.0134289
0.0116547
0.00987346
0.00808635
0.0062944
0.00449869
0.00270029
0.000900276
-0.000900276
-0.00270029
-0.00449869
-0.0062944
-0.00808635
-0.00987346
-0.0116547
-0.0134289
-0.0151951
-0.0169523
-0.0186993
-0.0204351
-0.0221587
-0.0238691
-0.0255652
-0.0272461
-0.0289106
-0.0305579
-0.0321869
-0.0337966
-0.0353862
-0.0369546
-0.0385009
-0.0400242
-0.0415236
-0.0429982
-0.0444471
-0.0458694
-0.0472643
-0.0486309
-0.0499685
-0.0512762
-0.0525533
-0.053799
-0.0550125
-0.0561931
-0.0573401
-0.0584529
-0.0595307
-0.060573
-0.061579
-0.0625482
-0.0634801
-0.064374
-0.0652294
-0.0660459
-0.0668229
-0.0675599
-0.0682566
-0.0689124
-0.0695271
-0.0701002
-0.0706315
-0.0711205
-0.071567
-0.0719707
-0.0723314
-0.0726489
-0.0729229
-0.0731534
-0.0733402
-0.0734831
-0.0735821
-0.0736371
-0.0736481
-0.0736151
-0.0735381
-0.0734171
-0.0732523
-0.0730436
-0.0727913
-0.0724956
-0.0721564
-0.0717742
-0.071349
-0.0708813
-0.0703711
-0.0698189
-0.069225
-0.0685896
-0.0679133
-0.0671964
-0.0664394
-0.0656426
-0.0648066
-0.0639318
-0.0630189
-0.0620683
-0.0610805
-0.0600563
-0.0589962
-0.0579008
-0.0567708
-0.0556069
-0.0544098
-0.0531801
-0.0519186
-0.0506262
-0.0493034
-0.0479512
-0.0465703
-0.0451616
-0.0437259
-0.0422641
-0.040777
-0.0392655
-0.0377306
-0.0361731
-0.034594
-0.0329942
-0.0313747
-0.0297365
-0.0280804
-0.0264076
-0.024719
-0.0230157
-0.0212985
-0.0195687
-0.0178271
-0.0160749
-0.0143131
-0.0125427
-0.0107649
-0.00898058
-0.00719091
-0.00539695
-0.00359976
-0.00180042
