0.00935072
0.0186958
0.0280298
0.037347
0.0466419
0.0559089
0.0651425
0.0743371
0.0834873
0.0925877
0.101633
0.110617
0.119535
0.128382
0.137152
0.14584
0.15444
0.162949
0.17136
0.179669
0.18787
0.195959
0.203931
0.211781
0.219504
0.227097
0.234553
0.241869
0.249041
0.256064
0.262934
0.269647
0.276198
0.282585
0.288802
0.294847
0.300716
0.306405
0.311911
0.31723
0.32236
0.327297
0.332039
0.336582
0.340924
0.345062
0.348994
0.352717
0.35623
0.359529
0.362614
0.365482
0.368132
0.370561
0.372769
0.374755
0.376516
0.378052
0.379362
0.380446
0.381302
0.38193
0.38233
0.382502
0.382445
0.382159
0.381645
0.380902
0.379932
0.378735
0.377312
0.375663
0.37379
0.371693
0.369374
0.366834
0.364075
0.361099
0.357906
0.3545
0.350882
0.347054
0.343019
0.338778
0.334335
0.329693
0.324853
0.319819
0.314594
0.309181
0.303583
0.297804
0.291847
0.285715
0.279412
0.272943
0.26631
0.259518
0.252572
0.245474
0.238229
0.230842
0.223317
0.215659
0.207872
0.19996
0.191929
0.183783
0.175528
0.167167
0.158707
0.150151
0.141506
0.132777
0.123968
0.115085
0.106133
0.0971174
0.0880441
0.0789181
0.069745
0.0605302
0.0512792
0.0419976
0.0326908
0.0233646
0.0140243
0.00467571
-0.00467571
-0.0140243
-0.0233646
-0.0326908
-0.0419976
-0.0512792
-0.0605302
-0.069745
-0.0789181
-0.0880441
-0.0971174
-0.106133
-0.115085
-0.123968
-0.132777
-0.141506
-0.150151
-0.158707
-0.167167
-0.175528
-0.183783
-0.191929
-0.19996
-0.207872
-0.215659
-0.223317
-0.230842
-0.238229
-0.245474
-0.252572
-0.259518
-0.26631
-0.272943
-0.279412
-0.285715
-0.291847
-0.297804
-0.303583
-0.309181
-0.314594
-0.319819
-0.324853
-0.329693
-0.334335
-0.338778
-0.343019
-0.347054
-0.350882
-0.3545
-0.357906
-0.361099
-0.364075
-0.366834
-0.369374
-0.371693
-0.37379
-0.375663
-0.377312
-0.378735
-0.379932
-0.380902
-0.381645
-0.382159
-0.382445
-0.382502
-0.38233
-0.38193
-0.381302
-0.380446
-0.379362
-0.378052
-0.376516
-0.374755
-0.372769
-0.370561
-0.368132
-0.365482
-0.362614
-0.359529
-0.35623
-0.352717
-0.348994
-0.345062
-0.340924
-0.336582
-0.332039
-0.327297
-0.32236
-0.31723
-0.311911
-0.306405
-0.300716
-0.294847
-0.288802
-0.282585
-0.276198
-0.269647
-0.262934
-0.256064
-0.249041
-0.241869
-0.234553
-0.227097
-0.219504
-0.211781
-0.203931
-0.195959
-0.18787
-0.179669
-0.17136
-0.162949
-0.15444
-0.14584
-0.137152
-0.128382
-0.119535
-0.110617
-0.101633
-0.0925877
-0.0834873
-0.0743371
-0.0651425
-0.0559089
-0.0466419
-0.037347
-0.0280298
-0.0186958
-0.00935072
