0.0107267
0.0214471
0.0321546
0.0428429
0.0535055
0.0641362
0.0747286
0.0852763
0.095773
0.106213
0.116589
0.126895
0.137125
0.147274
0.157334
0.167301
0.177167
0.186928
0.196577
0.206108
0.215516
0.224796
0.233941
0.242946
0.251806
0.260515
0.269069
0.277462
0.285689
0.293746
0.301626
0.309327
0.316843
0.324169
0.331301
0.338236
0.344968
0.351494
0.357811
0.363913
0.369798
0.375461
0.380901
0.386112
0.391093
0.39584
0.400351
0.404622
0.408651
0.412437
0.415975
0.419265
0.422305
0.425092
0.427625
0.429902
0.431923
0.433685
0.435188
0.436431
0.437413
0.438134
0.438593
0.438789
0.438724
0.438396
0.437806
0.436955
0.435842
0.434469
0.432836
0.430945
0.428795
0.42639
0.42373
0.420816
0.417651
0.414237
0.410575
0.406667
0.402516
0.398125
0.393496
0.388632
0.383535
0.378209
0.372657
0.366883
0.360889
0.354679
0.348257
0.341628
0.334794
0.32776
0.32053
0.313108
0.3055
0.297708
0.289739
0.281597
0.273286
0.264812
0.25618
0.247394
0.238461
0.229385
0.220172
0.210828
0.201358
0.191767
0.182061
0.172247
0.16233
0.152316
0.14221
0.13202
0.121751
0.111409
0.101
0.0905314
0.0800084
0.0694376
0.0588253
0.0481778
0.0375015
0.0268028
0.0160881
0.00536377
-0.00536377
-0.0160881
-0.0268028
-0.0375015
-0.0481778
-0.0588253
-0.0694376
-0.0800084
-0.0905314
-0.101
-0.111409
-0.121751
-0.13202
-0.14221
-0.152316
-0.16233
-0.172247
-0.182061
-0.191767
-0.201358
-0.210828
-0.220172
-0.229385
-0.238461
-0.247394
-0.25618
-0.264812
-0.273286
-0.281597
-0.289739
-0.297708
-0.3055
-0.313108
-0.32053
-0.32776
-0.334794
-0.341628
-0.348257
-0.354679
-0.360889
-0.366883
-0.372657
-0.378209
-0.383535
-0.388632
-0.393496
-0.398125
-0.402516
-0.406667
-0.410575
-0.414237
-0.417651
-0.420816
-0.42373
-0.42639
-0.428795
-0.430945
-0.432836
-0.434469
-0.435842
-0.436955
-0.437806
-0.438396
-0.438724
-0.438789
-0.438593
-0.438134
-0.437413
-0.436431
-0.435188
-0.433685
-0.431923
-0.429902
-0.427625
-0.425092
-0.422305
-0.419265
-0.415975
-0.412437
-0.408651
-0.404622
-0.400351
-0.39584
-0.391093
-0.386112
-0.380901
-0.375461
-0.369798
-0.363913
-0.357811
-0.351494
-0.344968
-0.338236
-0.331301
-0.324169
-0.316843
-0.309327
-0.301626
-0.293746
-0.285689
-0.277462
-0.269069
-0.260515
-0.251806
-0.242946
-0.233941
-0.224796
-0.215516
-0.206108
-0.196577
-0.186928
-0.177167
-0.167301
-0.157334
-0.147274
-0.137125
-0.126895
-0.116589
-0.106213
-0.095773
-0.0852763
-0.0747286
-0.0641362
-0.0535055
-0.0428429
-0.0321546
-0.0214471
-0.0107267
