1.28516e-05
2.56955e-05
3.85241e-05
5.13297e-05
6.41045e-05
7.68411e-05
8.95317e-05
0.000102169
0.000114745
0.000127252
0.000139684
0.000152032
0.000164289
0.000176448
0.000188501
0.000200442
0.000212263
0.000223957
0.000235517
0.000246936
0.000258208
0.000269326
0.000280282
0.000291071
0.000301687
0.000312121
0.00032237
0.000332425
0.000342282
0.000351934
0.000361376
0.000370602
0.000379607
0.000388384
0.000396929
0.000405238
0.000413304
0.000421123
0.00042869
0.000436001
0.000443051
0.000449837
0.000456354
0.000462598
0.000468565
0.000474253
0.000479657
0.000484774
0.000489602
0.000494137
0.000498376
0.000502318
0.00050596
0.000509299
0.000512334
0.000515062
0.000517483
0.000519594
0.000521395
0.000522884
0.000524061
0.000524924
0.000525474
0.00052571
0.000525631
0.000525238
0.000524532
0.000523512
0.000522179
0.000520533
0.000518577
0.000516311
0.000513736
0.000510854
0.000507667
0.000504177
0.000500385
0.000496294
0.000491906
0.000487224
0.000482252
0.00047699
0.000471444
0.000465616
0.00045951
0.000453129
0.000446478
0.000439559
0.000432378
0.000424938
0.000417244
0.000409301
0.000401114
0.000392686
0.000384024
0.000375132
0.000366016
0.000356682
0.000347134
0.000337379
0.000327422
0.000317269
0.000306927
0.000296401
0.000285698
0.000274825
0.000263787
0.000252591
0.000241245
0.000229754
0.000218126
0.000206368
0.000194486
0.000182488
0.000170381
0.000158172
0.000145869
0.000133478
0.000121008
0.000108465
9.58574e-05
8.31926e-05
7.04781e-05
5.77214e-05
4.49302e-05
3.21122e-05
1.9275e-05
6.42629e-06
-6.42629e-06
-1.9275e-05
-3.21122e-05
-4.49302e-05
-5.77214e-05
-7.04781e-05
-8.31926e-05
-9.58574e-05
-0.000108465
-0.000121008
-0.000133478
-0.000145869
-0.000158172
-0.000170381
-0.000182488
-0.000194486
-0.000206368
-0.000218126
-0.000229754
-0.000241245
-0.000252591
-0.000263787
-0.000274825
-0.000285698
-0.000296401
-0.000306927
-0.000317269
-0.000327422
-0.000337379
-0.000347134
-0.000356682
-0.000366016
-0.000375132
-0.000384024
-0.000392686
-0.000401114
-0.000409301
-0.000417244
-0.000424938
-0.000432378
-0.000439559
-0.000446478
-0.000453129
-0.00045951
-0.000465616
-0.000471444
-0.00047699
-0.000482252
-0.000487224
-0.000491906
-0.000496294
-0.000500385
-0.000504177
-0.000507667
-0.000510854
-0.000513736
-0.000516311
-0.000518577
-0.000520533
-0.000522179
-0.000523512
-0.000524532
-0.000525238
-0.000525631
-0.00052571
-0.000525474
-0.000524924
-0.000524061
-0.000522884
-0.000521395
-0.000519594
-0.000517483
-0.000515062
-0.000512334
-0.000509299
-0.00050596
-0.000502318
-0.000498376
-0.000494137
-0.000489602
-0.000484774
-0.000479657
-0.000474253
-0.000468565
-0.000462598
-0.000456354
-0.000449837
-0.000443051
-0.000436001
-0.00042869
-0.000421123
-0.000413304
-0.000405238
-0.000396929
-0.000388384
-0.000379607
-0.000370602
-0.000361376
-0.000351934
-0.000342282
-0.000332425
-0.00032237
-0.000312121
-0.000301687
-0.000291071
-0.000280282
-0.000269326
-0.000258208
-0.000246936
-0.000235517
-0.000223957
-0.000212263
-0.000200442
-0.000188501
-0.000176448
-0.000164289
-0.000152032
-0.000139684
-0.000127252
-0.000114745
-0.000102169
-8.95317e-05
-7.68411e-05
-6.41045e-05
-5.13297e-05
-3.85241e-05
-2.56955e-05
-1.28516e-05
