3.25635e-06
6.51075e-06
9.76127e-06
1.30059e-05
1.62428e-05
1.947e-05
2.26856e-05
2.58876e-05
2.90741e-05
3.22433e-05
3.53932e-05
3.85219e-05
4.16276e-05
4.47084e-05
4.77625e-05
5.07881e-05
5.37833e-05
5.67463e-05
5.96755e-05
6.25689e-05
6.5425e-05
6.8242e-05
7.10181e-05
7.37519e-05
7.64415e-05
7.90855e-05
8.16822e-05
8.42301e-05
8.67276e-05
8.91733e-05
9.15657e-05
9.39034e-05
9.61849e-05
9.8409e-05
0.000100574
0.000102679
0.000104723
0.000106704
0.000108622
0.000110474
0.000112261
0.00011398
0.000115631
0.000117213
0.000118725
0.000120166
0.000121536
0.000122832
0.000124056
0.000125205
0.000126279
0.000127278
0.0001282
0.000129046
0.000129815
0.000130507
0.00013112
0.000131655
0.000132111
0.000132489
0.000132787
0.000133006
0.000133145
0.000133205
0.000133185
0.000133085
0.000132906
0.000132648
0.00013231
0.000131893
0.000131397
0.000130823
0.000130171
0.000129441
0.000128633
0.000127749
0.000126788
0.000125751
0.000124639
0.000123453
0.000122193
0.00012086
0.000119455
0.000117978
0.000116431
0.000114814
0.000113129
0.000111376
0.000109556
0.000107671
0.000105722
0.000103709
0.000101634
9.94991e-05
9.73043e-05
9.50513e-05
9.27415e-05
9.03763e-05
8.7957e-05
8.54852e-05
8.29623e-05
8.03899e-05
7.77693e-05
7.51023e-05
7.23904e-05
6.96353e-05
6.68385e-05
6.40017e-05
6.11268e-05
5.82152e-05
5.52689e-05
5.22896e-05
4.9279e-05
4.62389e-05
4.31712e-05
4.00777e-05
3.69603e-05
3.38208e-05
3.0661e-05
2.74829e-05
2.42884e-05
2.10794e-05
1.78578e-05
1.46255e-05
1.13845e-05
8.13662e-06
4.88392e-06
1.6283e-06
-1.6283e-06
-4.88392e-06
-8.13662e-06
-1.13845e-05
-1.46255e-05
-1.78578e-05
-2.10794e-05
-2.42884e-05
-2.74829e-05
-3.0661e-05
-3.38208e-05
-3.69603e-05
-4.00777e-05
-4.31712e-05
-4.62389e-05
-4.9279e-05
-5.22896e-05
-5.52689e-05
-5.82152e-05
-6.11268e-05
-6.40017e-05
-6.68385e-05
-6.96353e-05
-7.23904e-05
-7.51023e-05
-7.77693e-05
-8.03899e-05
-8.29623e-05
-8.54852e-05
-8.7957e-05
-9.03763e-05
-9.27415e-05
-9.50513e-05
-9.73043e-05
-9.94991e-05
-0.000101634
-0.000103709
-0.000105722
-0.000107671
-0.000109556
-0.000111376
-0.000113129
-0.000114814
-0.000116431
-0.000117978
-0.000119455
-0.00012086
-0.000122193
-0.000123453
-0.000124639
-0.000125751
-0.000126788
-0.000127749
-0.000128633
-0.000129441
-0.000130171
-0.000130823
-0.000131397
-0.000131893
-0.00013231
-0.000132648
-0.000132906
-0.000133085
-0.000133185
-0.000133205
-0.000133145
-0.000133006
-0.000132787
-0.000132489
-0.000132111
-0.000131655
-0.00013112
-0.000130507
-0.000129815
-0.000129046
-0.0001282
-0.000127278
-0.000126279
-0.000125205
-0.000124056
-0.000122832
-0.000121536
-0.000120166
-0.000118725
-0.000117213
-0.000115631
-0.00011398
-0.000112261
-0.000110474
-0.000108622
-0.000106704
-0.000104723
-0.000102679
-0.000100574
-9.8409e-05
-9.61849e-05
-9.39034e-05
-9.15657e-05
-8.91733e-05
-8.67276e-05
-8.42301e-05
-8.16822e-05
-7.90855e-05
-7.64415e-05
-7.37519e-05
-7.10181e-05
-6.8242e-05
-6.5425e-05
-6.25689e-05
-5.96755e-05
-5.67463e-05
-5.37833e-05
-5.07881e-05
-4.77625e-05
-4.47084e-05
-4.16276e-05
-3.85219e-05
-3.53932e-05
-3.22433e-05
-2.90741e-05
-2.58876e-05
-2.26856e-05
-1.947e-05
-1.62428e-05
-1.30059e-05
-9.76127e-06
-6.51075e-06
-3.25635e-06
