1.24558e-06
2.49042e-06
3.73377e-06
4.97489e-06
6.21303e-06
7.44746e-06
8.67744e-06
9.90224e-06
1.11211e-05
1.23333e-05
1.35382e-05
1.4735e-05
1.59229e-05
1.71014e-05
1.82696e-05
1.94269e-05
2.05726e-05
2.1706e-05
2.28264e-05
2.39332e-05
2.50256e-05
2.61032e-05
2.71651e-05
2.82107e-05
2.92396e-05
3.02509e-05
3.12442e-05
3.22187e-05
3.31741e-05
3.41096e-05
3.50247e-05
3.59189e-05
3.67916e-05
3.76423e-05
3.84705e-05
3.92758e-05
4.00575e-05
4.08153e-05
4.15488e-05
4.22574e-05
4.29407e-05
4.35984e-05
4.423e-05
4.48351e-05
4.54135e-05
4.59647e-05
4.64885e-05
4.69845e-05
4.74524e-05
4.78919e-05
4.83028e-05
4.86848e-05
4.90378e-05
4.93614e-05
4.96555e-05
4.992e-05
5.01546e-05
5.03592e-05
5.05338e-05
5.06781e-05
5.07922e-05
5.08758e-05
5.09291e-05
5.0952e-05
5.09443e-05
5.09063e-05
5.08378e-05
5.07389e-05
5.06097e-05
5.04503e-05
5.02607e-05
5.0041e-05
4.97915e-05
4.95122e-05
4.92033e-05
4.8865e-05
4.84974e-05
4.81009e-05
4.76757e-05
4.7222e-05
4.674e-05
4.62301e-05
4.56925e-05
4.51277e-05
4.45359e-05
4.39174e-05
4.32728e-05
4.26022e-05
4.19062e-05
4.11851e-05
4.04395e-05
3.96696e-05
3.88761e-05
3.80593e-05
3.72197e-05
3.63579e-05
3.54744e-05
3.45697e-05
3.36443e-05
3.26989e-05
3.17338e-05
3.07498e-05
2.97475e-05
2.87273e-05
2.769e-05
2.66361e-05
2.55663e-05
2.44812e-05
2.33815e-05
2.22678e-05
2.11408e-05
2.00012e-05
1.88496e-05
1.76868e-05
1.65134e-05
1.53301e-05
1.41376e-05
1.29367e-05
1.17281e-05
1.05125e-05
9.29053e-06
8.06306e-06
6.83076e-06
5.59438e-06
4.35465e-06
3.11233e-06
1.86814e-06
6.22838e-07
-6.22838e-07
-1.86814e-06
-3.11233e-06
-4.35465e-06
-5.59438e-06
-6.83076e-06
-8.06306e-06
-9.29053e-06
-1.05125e-05
-1.17281e-05
-1.29367e-05
-1.41376e-05
-1.53301e-05
-1.65134e-05
-1.76868e-05
-1.88496e-05
-2.00012e-05
-2.11408e-05
-2.22678e-05
-2.33815e-05
-2.44812e-05
-2.55663e-05
-2.66361e-05
-2.769e-05
-2.87273e-05
-2.97475e-05
-3.07498e-05
-3.17338e-05
-3.26989e-05
-3.36443e-05
-3.45697e-05
-3.54744e-05
-3.63579e-05
-3.72197e-05
-3.80593e-05
-3.88761e-05
-3.96696e-05
-4.04395e-05
-4.11851e-05
-4.19062e-05
-4.26022e-05
-4.32728e-05
-4.39174e-05
-4.45359e-05
-4.51277e-05
-4.56925e-05
-4.62301e-05
-4.674e-05
-4.7222e-05
-4.76757e-05
-4.81009e-05
-4.84974e-05
-4.8865e-05
-4.92033e-05
-4.95122e-05
-4.97915e-05
-5.0041e-05
-5.02607e-05
-5.04503e-05
-5.06097e-05
-5.07389e-05
-5.08378e-05
-5.09063e-05
-5.09443e-05
-5.0952e-05
-5.09291e-05
-5.08758e-05
-5.07922e-05
-5.06781e-05
-5.05338e-05
-5.03592e-05
-5.01546e-05
-4.992e-05
-4.96555e-05
-4.93614e-05
-4.90378e-05
-4.86848e-05
-4.83028e-05
-4.78919e-05
-4.74524e-05
-4.69845e-05
-4.64885e-05
-4.59647e-05
-4.54135e-05
-4.48351e-05
-4.423e-05
-4.35984e-05
-4.29407e-05
-4.22574e-05
-4.15488e-05
-4.08153e-05
-4.00575e-05
-3.92758e-05
-3.84705e-05
-3.76423e-05
-3.67916e-05
-3.59189e-05
-3.50247e-05
-3.41096e-05
-3.31741e-05
-3.22187e-05
-3.12442e-05
-3.02509e-05
-2.92396e-05
-2.82107e-05
-2.71651e-05
-2.61032e-05
-2.50256e-05
-2.39332e-05
-2.28264e-05
-2.1706e-05
-2.05726e-05
-1.94269e-05
-1.82696e-05
-1.71014e-05
-1.59229e-05
-1.4735e-05
-1.35382e-05
-1.23333e-05
-1.11211e-05
-9.90224e-06
-8.67744e-06
-7.44746e-06
-6.21303e-06
-4.97489e-06
-3.73377e-06
-2.49042e-06
-1.24558e-06
