0.000263424
0.000526691
0.000789643
0.00105212
0.00131397
0.00157504
0.00183517
0.00209419
0.00235197
0.00260834
0.00286315
0.00311625
0.00336749
0.00361671
0.00386378
0.00410853
0.00435083
0.00459053
0.00482748
0.00506155
0.00529259
0.00552047
0.00574506
0.0059662
0.00618378
0.00639767
0.00660773
0.00681384
0.00701588
0.00721373
0.00740726
0.00759637
0.00778094
0.00796086
0.00813601
0.00830631
0.00847164
0.00863191
0.00878702
0.00893688
0.00908139
0.00922048
0.00935406
0.00948204
0.00960436
0.00972094
0.00983171
0.0099366
0.0100356
0.0101285
0.0102154
0.0102962
0.0103708
0.0104393
0.0105015
0.0105574
0.010607
0.0106503
0.0106872
0.0107178
0.0107419
0.0107596
0.0107708
0.0107757
0.0107741
0.010766
0.0107515
0.0107306
0.0107033
0.0106696
0.0106295
0.010583
0.0105302
0.0104712
0.0104058
0.0103343
0.0102566
0.0101727
0.0100828
0.00998682
0.00988489
0.00977705
0.00966337
0.00954392
0.00941875
0.00928796
0.00915162
0.00900981
0.00886261
0.00871012
0.00855241
0.0083896
0.00822178
0.00804904
0.00787149
0.00768923
0.00750238
0.00731104
0.00711534
0.00691538
0.00671129
0.00650319
0.0062912
0.00607545
0.00585607
0.00563319
0.00540694
0.00517746
0.00494489
0.00470936
0.00447101
0.00423
0.00398645
0.00374052
0.00349236
0.00324211
0.00298992
0.00273595
0.00248034
0.00222325
0.00196483
0.00170523
0.00144462
0.00118314
0.000920952
0.000658217
0.000395087
0.000131722
-0.000131722
-0.000395087
-0.000658217
-0.000920952
-0.00118314
-0.00144462
-0.00170523
-0.00196483
-0.00222325
-0.00248034
-0.00273595
-0.00298992
-0.00324211
-0.00349236
-0.00374052
-0.00398645
-0.00423
-0.00447101
-0.00470936
-0.00494489
-0.00517746
-0.00540694
-0.00563319
-0.00585607
-0.00607545
-0.0062912
-0.00650319
-0.00671129
-0.00691538
-0.00711534
-0.00731104
-0.00750238
-0.00768923
-0.00787149
-0.00804904
-0.00822178
-0.0083896
-0.00855241
-0.00871012
-0.00886261
-0.00900981
-0.00915162
-0.00928796
-0.00941875
-0.00954392
-0.00966337
-0.00977705
-0.00988489
-0.00998682
-0.0100828
-0.0101727
-0.0102566
-0.0103343
-0.0104058
-0.0104712
-0.0105302
-0.010583
-0.0106295
-0.0106696
-0.0107033
-0.0107306
-0.0107515
-0.010766
-0.0107741
-0.0107757
-0.0107708
-0.0107596
-0.0107419
-0.0107178
-0.0106872
-0.0106503
-0.010607
-0.0105574
-0.0105015
-0.0104393
-0.0103708
-0.0102962
-0.0102154
-0.0101285
-0.0100356
-0.0099366
-0.00983171
-0.00972094
-0.00960436
-0.00948204
-0.00935406
-0.00922048
-0.00908139
-0.00893688
-0.00878702
-0.00863191
-0.00847164
-0.00830631
-0.00813601
-0.00796086
-0.00778094
-0.00759637
-0.00740726
-0.00721373
-0.00701588
-0.00681384
-0.00660773
-0.00639767
-0.00618378
-0.0059662
-0.00574506
-0.00552047
-0.00529259
-0.00506155
-0.00482748
-0.00459053
-0.00435083
-0.00410853
-0.00386378
-0.00361671
-0.00336749
-0.00311625
-0.00286315
-0.00260834
-0.00235197
-0.00209419
-0.00183517
-0.00157504
-0.00131397
-0.00105212
-0.000789643
-0.000526691
-0.000263424
