0.00136813
0.00273544
0.00410112
0.00546435
0.00682431
0.0081802
0.00953119
0.0108765
0.0122153
0.0135468
0.0148702
0.0161847
0.0174895
0.0187839
0.0200671
0.0213382
0.0225966
0.0238415
0.0250722
0.0262879
0.0274878
0.0286714
0.0298377
0.0309863
0.0321163
0.0332272
0.0343182
0.0353886
0.036438
0.0374655
0.0384707
0.0394528
0.0404114
0.0413458
0.0422555
0.04314
0.0439987
0.044831
0.0456366
0.0464149
0.0471655
0.0478879
0.0485816
0.0492463
0.0498816
0.0504871
0.0510624
0.0516071
0.0521211
0.0526038
0.0530552
0.0534748
0.0538625
0.0542179
0.054541
0.0548315
0.0550892
0.0553139
0.0555056
0.0556642
0.0557894
0.0558814
0.0559399
0.055965
0.0559566
0.0559148
0.0558396
0.055731
0.0555891
0.0554139
0.0552057
0.0549644
0.0546903
0.0543835
0.0540442
0.0536726
0.053269
0.0528334
0.0523664
0.051868
0.0513386
0.0507785
0.0501881
0.0495677
0.0489176
0.0482383
0.0475302
0.0467937
0.0460292
0.0452372
0.0444182
0.0435726
0.0427009
0.0418038
0.0408817
0.0399351
0.0389646
0.0379709
0.0369545
0.035916
0.034856
0.0337752
0.0326742
0.0315537
0.0304143
0.0292567
0.0280817
0.0268899
0.025682
0.0244587
0.0232208
0.0219691
0.0207042
0.0194269
0.0181381
0.0168384
0.0155286
0.0142095
0.012882
0.0115467
0.0102046
0.00885635
0.00750281
0.00614479
0.00478309
0.00341854
0.00205194
0.000684117
-0.000684117
-0.00205194
-0.00341854
-0.00478309
-0.00614479
-0.00750281
-0.00885635
-0.0102046
-0.0115467
-0.012882
-0.0142095
-0.0155286
-0.0168384
-0.0181381
-0.0194269
-0.0207042
-0.0219691
-0.0232208
-0.0244587
-0.025682
-0.0268899
-0.0280817
-0.0292567
-0.0304143
-0.0315537
-0.0326742
-0.0337752
-0.034856
-0.035916
-0.0369545
-0.0379709
-0.0389646
-0.0399351
-0.0408817
-0.0418038
-0.0427009
-0.0435726
-0.0444182
-0.0452372
-0.0460292
-0.0467937
-0.0475302
-0.0482383
-0.0489176
-0.0495677
-0.0501881
-0.0507785
-0.0513386
-0.051868
-0.0523664
-0.0528334
-0.053269
-0.0536726
-0.0540442
-0.0543835
-0.0546903
-0.0549644
-0.0552057
-0.0554139
-0.0555891
-0.055731
-0.0558396
-0.0559148
-0.0559566
-0.055965
-0.0559399
-0.0558814
-0.0557894
-0.0556642
-0.0555056
-0.0553139
-0.0550892
-0.0548315
-0.054541
-0.0542179
-0.0538625
-0.0534748
-0.0530552
-0.0526038
-0.0521211
-0.0516071
-0.0510624
-0.0504871
-0.0498816
-0.0492463
-0.0485816
-0.0478879
-0.0471655
-0.0464149
-0.0456366
-0.044831
-0.0439987
-0.04314
-0.0422555
-0.0413458
-0.0404114
-0.0394528
-0.0384707
-0.0374655
-0.036438
-0.0353886
-0.0343182
-0.0332272
-0.0321163
-0.0309863
-0.0298377
-0.0286714
-0.0274878
-0.0262879
-0.0250722
-0.0238415
-0.0225966
-0.0213382
-0.0200671
-0.0187839
-0.0174895
-0.0161847
-0.0148702
-0.0135468
-0.0122153
-0.0108765
-0.00953119
-0.0081802
-0.00682431
-0.00546435
-0.00410112
-0.00273544
-0.00136813
