4.91585e-06
9.82877e-06
1.47358e-05
1.9634e-05
2.45205e-05
2.93924e-05
3.42467e-05
3.90805e-05
4.38909e-05
4.86751e-05
5.34303e-05
5.81535e-05
6.28419e-05
6.74928e-05
7.21033e-05
7.66707e-05
8.11924e-05
8.56654e-05
9.00873e-05
9.44554e-05
9.8767e-05
0.00010302
0.00010721
0.000111337
0.000115398
0.000119389
0.000123309
0.000127156
0.000130926
0.000134618
0.00013823
0.000141759
0.000145203
0.00014856
0.000151829
0.000155007
0.000158092
0.000161083
0.000163978
0.000166774
0.000169471
0.000172067
0.000174559
0.000176948
0.00017923
0.000181406
0.000183473
0.00018543
0.000187277
0.000189012
0.000190633
0.000192141
0.000193534
0.000194811
0.000195972
0.000197016
0.000197942
0.000198749
0.000199438
0.000200008
0.000200458
0.000200788
0.000200998
0.000201089
0.000201059
0.000200908
0.000200638
0.000200248
0.000199738
0.000199109
0.00019836
0.000197494
0.000196509
0.000195406
0.000194187
0.000192852
0.000191402
0.000189837
0.000188158
0.000186368
0.000184465
0.000182453
0.000180332
0.000178102
0.000175767
0.000173326
0.000170782
0.000168135
0.000165388
0.000162543
0.0001596
0.000156561
0.000153429
0.000150206
0.000146893
0.000143491
0.000140005
0.000136434
0.000132782
0.00012905
0.000125242
0.000121358
0.000117402
0.000113376
0.000109282
0.000105123
0.000100901
9.66184e-05
9.22782e-05
8.78829e-05
8.34351e-05
7.89374e-05
7.43926e-05
6.98032e-05
6.51722e-05
6.05022e-05
5.5796e-05
5.10565e-05
4.62865e-05
4.14888e-05
3.66663e-05
3.18219e-05
2.69585e-05
2.20789e-05
1.71862e-05
1.22832e-05
7.37286e-06
2.45811e-06
-2.45811e-06
-7.37286e-06
-1.22832e-05
-1.71862e-05
-2.20789e-05
-2.69585e-05
-3.18219e-05
-3.66663e-05
-4.14888e-05
-4.62865e-05
-5.10565e-05
-5.5796e-05
-6.05022e-05
-6.51722e-05
-6.98032e-05
-7.43926e-05
-7.89374e-05
-8.34351e-05
-8.78829e-05
-9.22782e-05
-9.66184e-05
-0.000100901
-0.000105123
-0.000109282
-0.000113376
-0.000117402
-0.000121358
-0.000125242
-0.00012905
-0.000132782
-0.000136434
-0.000140005
-0.000143491
-0.000146893
-0.000150206
-0.000153429
-0.000156561
-0.0001596
-0.000162543
-0.000165388
-0.000168135
-0.000170782
-0.000173326
-0.000175767
-0.000178102
-0.000180332
-0.000182453
-0.000184465
-0.000186368
-0.000188158
-0.000189837
-0.000191402
-0.000192852
-0.000194187
-0.000195406
-0.000196509
-0.000197494
-0.00019836
-0.000199109
-0.000199738
-0.000200248
-0.000200638
-0.000200908
-0.000201059
-0.000201089
-0.000200998
-0.000200788
-0.000200458
-0.000200008
-0.000199438
-0.000198749
-0.000197942
-0.000197016
-0.000195972
-0.000194811
-0.000193534
-0.000192141
-0.000190633
-0.000189012
-0.000187277
-0.00018543
-0.000183473
-0.000181406
-0.00017923
-0.000176948
-0.000174559
-0.000172067
-0.000169471
-0.000166774
-0.000163978
-0.000161083
-0.000158092
-0.000155007
-0.000151829
-0.00014856
-0.000145203
-0.000141759
-0.00013823
-0.000134618
-0.000130926
-0.000127156
-0.000123309
-0.000119389
-0.000115398
-0.000111337
-0.00010721
-0.00010302
-9.8767e-05
-9.44554e-05
-9.00873e-05
-8.56654e-05
-8.11924e-05
-7.66707e-05
-7.21033e-05
-6.74928e-05
-6.28419e-05
-5.81535e-05
-5.34303e-05
-4.86751e-05
-4.38909e-05
-3.90805e-05
-3.42467e-05
-2.93924e-05
-2.45205e-05
-1.9634e-05
-1.47358e-05
-9.82877e-06
-4.91585e-06
