0.992414
0.99672
0.998213
0.998453
0.998226
0.994078
0.986064
0.976084
0.964209
0.950121
0.933701
0.915002
0.894099
0.871048
0.845898
0.818709
0.789549
0.758486
0.725596
0.690958
0.654655
0.616776
0.57741
0.536653
0.494604
0.451363
0.407035
0.361726
0.315545
0.268605
0.221017
0.172897
0.12436
0.0755239
0.0265057
-0.0225763
-0.0716039
-0.120459
-0.169024
-0.217182
-0.264816
-0.311813
-0.358058
-0.403441
-0.447852
-0.491184
-0.533333
-0.574196
-0.613677
-0.651679
-0.688111
-0.722886
-0.755918
-0.78713
-0.816446
-0.843796
-0.869113
-0.892333
-0.913397
-0.932254
-0.948882
-0.963281
-0.975432
-0.985225
-0.992414
-0.99672
-0.998213
-0.998453
-0.998226
-0.994078
-0.986064
-0.976084
-0.964209
-0.950121
-0.933701
-0.915002
-0.894099
-0.871048
-0.845898
-0.818709
-0.789549
-0.758486
-0.725596
-0.690958
-0.654655
-0.616776
-0.57741
-0.536653
-0.494604
-0.451363
-0.407035
-0.361726
-0.315545
-0.268605
-0.221017
-0.172897
-0.12436
-0.0755239
-0.0265057
0.0225763
0.0716039
0.120459
0.169024
0.217182
0.264816
0.311813
0.358058
0.403441
0.447852
0.491184
0.533333
0.574196
0.613677
0.651679
0.688111
0.722886
0.755918
0.78713
0.816446
0.843796
0.869113
0.892333
0.913397
0.932254
0.948882
0.963281
0.975432
0.985225
