0.46062
0.503617
0.545401
0.585871
0.624929
0.662482
0.698439
0.732714
0.765223
0.795888
0.824638
0.851401
0.876111
0.898704
0.919123
0.937335
0.953331
0.967104
0.978592
0.987614
0.993903
0.997255
0.998178
0.9983
0.997635
0.992261
0.983495
0.972858
0.960309
0.94555
0.928472
0.909126
0.887588
0.863917
0.838166
0.810395
0.780671
0.749067
0.715658
0.680525
0.643753
0.60543
0.565648
0.524504
0.482096
0.438526
0.393901
0.348326
0.301912
0.254771
0.207016
0.158762
0.110126
0.0612244
0.0121755
-0.0369028
-0.0858922
-0.134675
-0.183133
-0.23115
-0.27861
-0.325398
-0.371403
-0.416513
-0.46062
-0.503617
-0.545401
-0.585871
-0.624929
-0.662482
-0.698439
-0.732714
-0.765223
-0.795888
-0.824638
-0.851401
-0.876111
-0.898704
-0.919123
-0.937335
-0.953331
-0.967104
-0.978592
-0.987614
-0.993903
-0.997255
-0.998178
-0.9983
-0.997635
-0.992261
-0.983495
-0.972858
-0.960309
-0.94555
-0.928472
-0.909126
-0.887588
-0.863917
-0.838166
-0.810395
-0.780671
-0.749067
-0.715658
-0.680525
-0.643753
-0.60543
-0.565648
-0.524504
-0.482096
-0.438526
-0.393901
-0.348326
-0.301912
-0.254771
-0.207016
-0.158762
-0.110126
-0.0612244
-0.0121755
0.0369028
0.0858922
0.134675
0.183133
0.23115
0.27861
0.325398
0.371403
0.416513
