0.881428
0.892754
0.903542
0.913786
0.923481
0.932619
0.941194
0.949199
0.956627
0.963476
0.969749
0.975454
0.980598
0.985179
0.989177
0.992553
0.99525
0.997218
0.998433
0.998921
0.999019
0.999029
0.99897
0.998177
0.996017
0.993023
0.989478
0.985459
0.980946
0.975894
0.970266
0.964049
0.957243
0.949855
0.941893
0.933365
0.924275
0.914629
0.904432
0.89369
0.88241
0.870598
0.858261
0.845408
0.832046
0.818182
0.803825
0.788985
0.773669
0.757887
0.741648
0.724963
0.707841
0.690293
0.672328
0.653959
0.635196
0.61605
0.596534
0.576658
0.556434
0.535876
0.514994
0.493802
0.472313
0.45054
0.428495
0.406192
0.383644
0.360865
0.337869
0.314669
0.29128
0.267715
0.243989
0.220116
0.196111
0.171987
0.14776
0.123443
0.0990526
0.0746023
0.050107
0.0255815
0.00104069
-0.0235008
-0.0480281
-0.0725265
-0.0969812
-0.121378
-0.145701
-0.169936
-0.194069
-0.218085
-0.24197
-0.265709
-0.289288
-0.312693
-0.335909
-0.358923
-0.381721
-0.404289
-0.426613
-0.448681
-0.470478
-0.491991
-0.513209
-0.534117
-0.554704
-0.574956
-0.594862
-0.61441
-0.633587
-0.652383
-0.670786
-0.688785
-0.706369
-0.723528
-0.74025
-0.756527
-0.772348
-0.787704
-0.802586
-0.816984
-0.830889
-0.844295
-0.857191
-0.869572
-0.881428
-0.892754
-0.903542
-0.913786
-0.923481
-0.932619
-0.941194
-0.949199
-0.956627
-0.963476
-0.969749
-0.975454
-0.980598
-0.985179
-0.989177
-0.992553
-0.99525
-0.997218
-0.998433
-0.998921
-0.999019
-0.999029
-0.99897
-0.998177
-0.996017
-0.993023
-0.989478
-0.985459
-0.980946
-0.975894
-0.970266
-0.964049
-0.957243
-0.949855
-0.941893
-0.933365
-0.924275
-0.914629
-0.904432
-0.89369
-0.88241
-0.870598
-0.858261
-0.845408
-0.832046
-0.818182
-0.803825
-0.788985
-0.773669
-0.757887
-0.741648
-0.724963
-0.707841
-0.690293
-0.672328
-0.653959
-0.635196
-0.61605
-0.596534
-0.576658
-0.556434
-0.535876
-0.514994
-0.493802
-0.472313
-0.45054
-0.428495
-0.406192
-0.383644
-0.360865
-0.337869
-0.314669
-0.29128
-0.267715
-0.243989
-0.220116
-0.196111
-0.171987
-0.14776
-0.123443
-0.0990526
-0.0746023
-0.050107
-0.0255815
-0.00104069
0.0235008
0.0480281
0.0725265
0.0969812
0.121378
0.145701
0.169936
0.194069
0.218085
0.24197
0.265709
0.289288
0.312693
0.335909
0.358923
0.381721
0.404289
0.426613
0.448681
0.470478
0.491991
0.513209
0.534117
0.554704
0.574956
0.594862
0.61441
0.633587
0.652383
0.670786
0.688785
0.706369
0.723528
0.74025
0.756527
0.772348
0.787704
0.802586
0.816984
0.830889
0.844295
0.857191
0.869572
