-0.443244
-0.486694
-0.528972
-0.569975
-0.609605
-0.647767
-0.684368
-0.719321
-0.75254
-0.783947
-0.813465
-0.841023
-0.866555
-0.890001
-0.911301
-0.930402
-0.947255
-0.961838
-0.974154
-0.984193
-0.991814
-0.99669
-0.998577
-0.998888
-0.998511
-0.994108
-0.986558
-0.977153
-0.965629
-0.951742
-0.935527
-0.917065
-0.896397
-0.873568
-0.848635
-0.821657
-0.7927
-0.761834
-0.729132
-0.694673
-0.658541
-0.620822
-0.581608
-0.540992
-0.499074
-0.455953
-0.411733
-0.366522
-0.320428
-0.273561
-0.226036
-0.177966
-0.129468
-0.0806573
-0.0316525
0.0174285
0.0664676
0.115346
0.163948
0.212154
0.259849
0.306918
0.353247
0.398726
0.443244
0.486694
0.528972
0.569975
0.609605
0.647767
0.684368
0.719321
0.75254
0.783947
0.813465
0.841023
0.866555
0.890001
0.911301
0.930402
0.947255
0.961838
0.974154
0.984193
0.991814
0.99669
0.998577
0.998888
0.998511
0.994108
0.986558
0.977153
0.965629
0.951742
0.935527
0.917065
0.896397
0.873568
0.848635
0.821657
0.7927
0.761834
0.729132
0.694673
0.658541
0.620822
0.581608
0.540992
0.499074
0.455953
0.411733
0.366522
0.320428
0.273561
0.226036
0.177966
0.129468
0.0806573
0.0316525
-0.0174285
-0.0664676
-0.115346
-0.163948
-0.212154
-0.259849
-0.306918
-0.353247
-0.398726
