-0.644772
-0.654103
-0.663336
-0.67247
-0.681501
-0.690431
-0.699256
-0.707976
-0.716589
-0.725094
-0.733491
-0.741776
-0.74995
-0.758011
-0.765958
-0.77379
-0.781505
-0.789102
-0.796581
-0.803939
-0.811177
-0.818292
-0.825284
-0.832152
-0.838895
-0.845511
-0.852
-0.85836
-0.864591
-0.870692
-0.876662
-0.8825
-0.888205
-0.893776
-0.899213
-0.904514
-0.909679
-0.914707
-0.919598
-0.924349
-0.928962
-0.933435
-0.937767
-0.941958
-0.946007
-0.949913
-0.953677
-0.957297
-0.960772
-0.964103
-0.967289
-0.970329
-0.973223
-0.975971
-0.978571
-0.981024
-0.98333
-0.985487
-0.987496
-0.989356
-0.991067
-0.992628
-0.994039
-0.995302
-0.996419
-0.99739
-0.998213
-0.998878
-0.999373
-0.999689
-0.999828
-0.99986
-0.999863
-0.999795
-0.999393
-0.998779
-0.998044
-0.997192
-0.996202
-0.995063
-0.993771
-0.992328
-0.990736
-0.988995
-0.987105
-0.985067
-0.98288
-0.980545
-0.978062
-0.975432
-0.972655
-0.969732
-0.966662
-0.963447
-0.960087
-0.956583
-0.952934
-0.949142
-0.945207
-0.941129
-0.93691
-0.93255
-0.928049
-0.923408
-0.918629
-0.913711
-0.908655
-0.903463
-0.898134
-0.892671
-0.887073
-0.881341
-0.875476
-0.86948
-0.863353
-0.857096
-0.850709
-0.844195
-0.837553
-0.830786
-0.823893
-0.816876
-0.809736
-0.802474
-0.795092
-0.787589
-0.779968
-0.77223
-0.764375
-0.756405
-0.748321
-0.740125
-0.731817
-0.723399
-0.714871
-0.706237
-0.697496
-0.688649
-0.6797
-0.670647
-0.661494
-0.652241
-0.64289
-0.633442
-0.623899
-0.614262
-0.604532
-0.594711
-0.584801
-0.574802
-0.564717
-0.554547
-0.544294
-0.533958
-0.523542
-0.513048
-0.502476
-0.491828
-0.481106
-0.470312
-0.459447
-0.448513
-0.437511
-0.426443
-0.415311
-0.404117
-0.392862
-0.381547
-0.370175
-0.358748
-0.347266
-0.335732
-0.324147
-0.312514
-0.300833
-0.289108
-0.277338
-0.265527
-0.253676
-0.241787
-0.229862
-0.217901
-0.205908
-0.193884
-0.181831
-0.16975
-0.157644
-0.145514
-0.133362
-0.12119
-0.109
-0.0967933
-0.0845721
-0.0723382
-0.0600934
-0.0478395
-0.0355784
-0.0233119
-0.011042
0.00122963
0.0135011
0.0257705
0.038036
0.0502958
0.062548
0.0747908
0.0870223
0.0992408
0.111444
0.123631
0.135799
0.147947
0.160072
0.172173
0.184249
0.196296
0.208314
0.220301
0.232254
0.244173
0.256054
0.267898
0.2797
0.291461
0.303178
0.314849
0.326473
0.338047
0.349571
0.361042
0.372459
0.383819
0.395122
0.406365
0.417547
0.428666
0.439721
0.450709
0.46163
0.472481
0.483261
0.493968
0.5046
0.515157
0.525636
0.536036
0.546355
0.556592
0.566745
0.576813
0.586794
0.596686
0.606489
0.6162
0.625819
0.635343
0.644772
0.654103
0.663336
0.67247
0.681501
0.690431
0.699256
0.707976
0.716589
0.725094
0.733491
0.741776
0.74995
0.758011
0.765958
0.77379
0.781505
0.789102
0.796581
0.803939
0.811177
0.818292
0.825284
0.832152
0.838895
0.845511
0.852
0.85836
0.864591
0.870692
0.876662
0.8825
0.888205
0.893776
0.899213
0.904514
0.909679
0.914707
0.919598
0.924349
0.928962
0.933435
0.937767
0.941958
0.946007
0.949913
0.953677
0.957297
0.960772
0.964103
0.967289
0.970329
0.973223
0.975971
0.978571
0.981024
0.98333
0.985487
0.987496
0.989356
0.991067
0.992628
0.994039
0.995302
0.996419
0.99739
0.998213
0.998878
0.999373
0.999689
0.999828
0.99986
0.999863
0.999795
0.999393
0.998779
0.998044
0.997192
0.996202
0.995063
0.993771
0.992328
0.990736
0.988995
0.987105
0.985067
0.98288
0.980545
0.978062
0.975432
0.972655
0.969732
0.966662
0.963447
0.960087
0.956583
0.952934
0.949142
0.945207
0.941129
0.93691
0.93255
0.928049
0.923408
0.918629
0.913711
0.908655
0.903463
0.898134
0.892671
0.887073
0.881341
0.875476
0.86948
0.863353
0.857096
0.850709
0.844195
0.837553
0.830786
0.823893
0.816876
0.809736
0.802474
0.795092
0.787589
0.779968
0.77223
0.764375
0.756405
0.748321
0.740125
0.731817
0.723399
0.714871
0.706237
0.697496
0.688649
0.6797
0.670647
0.661494
0.652241
0.64289
0.633442
0.623899
0.614262
0.604532
0.594711
0.584801
0.574802
0.564717
0.554547
0.544294
0.533958
0.523542
0.513048
0.502476
0.491828
0.481106
0.470312
0.459447
0.448513
0.437511
0.426443
0.415311
0.404117
0.392862
0.381547
0.370175
0.358748
0.347266
0.335732
0.324147
0.312514
0.300833
0.289108
0.277338
0.265527
0.253676
0.241787
0.229862
0.217901
0.205908
0.193884
0.181831
0.16975
0.157644
0.145514
0.133362
0.12119
0.109
0.0967933
0.0845721
0.0723382
0.0600934
0.0478395
0.0355784
0.0233119
0.011042
-0.00122963
-0.0135011
-0.0257705
-0.038036
-0.0502958
-0.062548
-0.0747908
-0.0870223
-0.0992408
-0.111444
-0.123631
-0.135799
-0.147947
-0.160072
-0.172173
-0.184249
-0.196296
-0.208314
-0.220301
-0.232254
-0.244173
-0.256054
-0.267898
-0.2797
-0.291461
-0.303178
-0.314849
-0.326473
-0.338047
-0.349571
-0.361042
-0.372459
-0.383819
-0.395122
-0.406365
-0.417547
-0.428666
-0.439721
-0.450709
-0.46163
-0.472481
-0.483261
-0.493968
-0.5046
-0.515157
-0.525636
-0.536036
-0.546355
-0.556592
-0.566745
-0.576813
-0.586794
-0.596686
-0.606489
-0.6162
-0.625819
-0.635343
