0.996933
0.990483
0.981473
0.970653
0.957756
0.942547
0.925021
0.905258
0.883321
0.859257
0.833123
0.804981
0.7749
0.742952
0.709214
0.673768
0.636699
0.598096
0.558052
0.516663
0.47403
0.430255
0.385443
0.339703
0.293144
0.245879
0.198022
0.149688
0.100993
0.0520551
0.0029916
-0.0460791
-0.0950389
-0.14377
-0.192154
-0.240076
-0.287419
-0.334069
-0.379915
-0.424846
-0.468753
-0.511531
-0.553077
-0.59329
-0.632074
-0.669335
-0.704984
-0.738934
-0.771104
-0.801417
-0.829799
-0.856183
-0.880503
-0.902698
-0.922711
-0.9405
-0.956055
-0.969377
-0.980419
-0.989011
-0.994873
-0.997748
-0.998436
-0.998496
-0.996933
-0.990483
-0.981473
-0.970653
-0.957756
-0.942547
-0.925021
-0.905258
-0.883321
-0.859257
-0.833123
-0.804981
-0.7749
-0.742952
-0.709214
-0.673768
-0.636699
-0.598096
-0.558052
-0.516663
-0.47403
-0.430255
-0.385443
-0.339703
-0.293144
-0.245879
-0.198022
-0.149688
-0.100993
-0.0520551
-0.0029916
0.0460791
0.0950389
0.14377
0.192154
0.240076
0.287419
0.334069
0.379915
0.424846
0.468753
0.511531
0.553077
0.59329
0.632074
0.669335
0.704984
0.738934
0.771104
0.801417
0.829799
0.856183
0.880503
0.902698
0.922711
0.9405
0.956055
0.969377
0.980419
0.989011
0.994873
0.997748
0.998436
0.998496
