-0.985033
-0.980518
-0.975403
-0.969698
-0.963409
-0.956542
-0.949098
-0.941082
-0.932499
-0.923355
-0.913654
-0.903403
-0.892608
-0.881275
-0.869411
-0.857024
-0.84412
-0.830708
-0.816796
-0.802391
-0.787503
-0.772141
-0.756314
-0.740031
-0.723303
-0.706138
-0.688549
-0.670544
-0.652136
-0.633335
-0.614152
-0.594599
-0.574689
-0.554432
-0.533841
-0.512928
-0.491707
-0.470189
-0.448388
-0.426318
-0.40399
-0.381419
-0.358618
-0.335601
-0.312382
-0.288975
-0.265394
-0.241653
-0.217766
-0.193748
-0.169613
-0.145377
-0.121052
-0.0966553
-0.0721998
-0.0477009
-0.0231733
0.00136833
0.0259091
0.0504343
0.0749291
0.0993787
0.123769
0.148084
0.17231
0.196432
0.220436
0.244307
0.268031
0.291594
0.314981
0.338178
0.361171
0.383947
0.406492
0.428791
0.450833
0.472603
0.494088
0.515276
0.536153
0.556707
0.576926
0.596797
0.616309
0.63545
0.654208
0.672572
0.690531
0.708073
0.72519
0.741869
0.758101
0.773877
0.789187
0.804021
0.818372
0.832229
0.845584
0.858431
0.87076
0.882565
0.893838
0.904573
0.914763
0.924402
0.933484
0.942004
0.949956
0.957336
0.964141
0.970363
0.975998
0.981042
0.985498
0.989377
0.992692
0.995427
0.997521
0.998871
0.999403
0.999494
0.999486
0.999081
0.997499
0.995155
0.992304
0.98895
0.985033
0.980518
0.975403
0.969698
0.963409
0.956542
0.949098
0.941082
0.932499
0.923355
0.913654
0.903403
0.892608
0.881275
0.869411
0.857024
0.84412
0.830708
0.816796
0.802391
0.787503
0.772141
0.756314
0.740031
0.723303
0.706138
0.688549
0.670544
0.652136
0.633335
0.614152
0.594599
0.574689
0.554432
0.533841
0.512928
0.491707
0.470189
0.448388
0.426318
0.40399
0.381419
0.358618
0.335601
0.312382
0.288975
0.265394
0.241653
0.217766
0.193748
0.169613
0.145377
0.121052
0.0966553
0.0721998
0.0477009
0.0231733
-0.00136833
-0.0259091
-0.0504343
-0.0749291
-0.0993787
-0.123769
-0.148084
-0.17231
-0.196432
-0.220436
-0.244307
-0.268031
-0.291594
-0.314981
-0.338178
-0.361171
-0.383947
-0.406492
-0.428791
-0.450833
-0.472603
-0.494088
-0.515276
-0.536153
-0.556707
-0.576926
-0.596797
-0.616309
-0.63545
-0.654208
-0.672572
-0.690531
-0.708073
-0.72519
-0.741869
-0.758101
-0.773877
-0.789187
-0.804021
-0.818372
-0.832229
-0.845584
-0.858431
-0.87076
-0.882565
-0.893838
-0.904573
-0.914763
-0.924402
-0.933484
-0.942004
-0.949956
-0.957336
-0.964141
-0.970363
-0.975998
-0.981042
-0.985498
-0.989377
-0.992692
-0.995427
-0.997521
-0.998871
-0.999403
-0.999494
-0.999486
-0.999081
-0.997499
-0.995155
-0.992304
-0.98895
