-0.628077
-0.665503
-0.701325
-0.735457
-0.767818
-0.798329
-0.826917
-0.853512
-0.878052
-0.900477
-0.920731
-0.938761
-0.954527
-0.968016
-0.979238
-0.988146
-0.994521
-0.997972
-0.998868
-0.998945
-0.996972
-0.990674
-0.982277
-0.971931
-0.959276
-0.944256
-0.926959
-0.907437
-0.885727
-0.861882
-0.835962
-0.808027
-0.778146
-0.746391
-0.712837
-0.677566
-0.640663
-0.602216
-0.562318
-0.521066
-0.478559
-0.434898
-0.39019
-0.344542
-0.298064
-0.250868
-0.203067
-0.154777
-0.106115
-0.0571965
-0.0081404
0.0409353
0.0899124
0.138673
0.187099
0.235075
0.282484
0.329213
0.375149
0.420181
0.4642
0.507102
0.548781
0.589139
0.628077
0.665503
0.701325
0.735457
0.767818
0.798329
0.826917
0.853512
0.878052
0.900477
0.920731
0.938761
0.954527
0.968016
0.979238
0.988146
0.994521
0.997972
0.998868
0.998945
0.996972
0.990674
0.982277
0.971931
0.959276
0.944256
0.926959
0.907437
0.885727
0.861882
0.835962
0.808027
0.778146
0.746391
0.712837
0.677566
0.640663
0.602216
0.562318
0.521066
0.478559
0.434898
0.39019
0.344542
0.298064
0.250868
0.203067
0.154777
0.106115
0.0571965
0.0081404
-0.0409353
-0.0899124
-0.138673
-0.187099
-0.235075
-0.282484
-0.329213
-0.375149
-0.420181
-0.4642
-0.507102
-0.548781
-0.589139
