0.757829
0.724902
0.690229
0.653893
0.615982
0.576587
0.535802
0.493727
0.450463
0.406113
0.360785
0.314588
0.267633
0.220033
0.171903
0.123359
0.074518
0.0254973
-0.0235849
-0.0726102
-0.121461
-0.170018
-0.218167
-0.265789
-0.312772
-0.359
-0.404364
-0.448754
-0.492063
-0.534186
-0.575023
-0.614474
-0.652445
-0.688844
-0.723583
-0.75658
-0.787753
-0.817029
-0.844337
-0.869612
-0.89279
-0.913813
-0.932627
-0.9492
-0.963529
-0.975612
-0.985367
-0.992564
-0.996895
-0.99838
-0.998611
-0.998239
-0.993705
-0.985709
-0.975829
-0.963969
-0.949823
-0.933339
-0.914592
-0.893648
-0.870553
-0.84536
-0.818131
-0.78893
-0.757829
-0.724902
-0.690229
-0.653893
-0.615982
-0.576587
-0.535802
-0.493727
-0.450463
-0.406113
-0.360785
-0.314588
-0.267633
-0.220033
-0.171903
-0.123359
-0.074518
-0.0254973
0.0235849
0.0726102
0.121461
0.170018
0.218167
0.265789
0.312772
0.359
0.404364
0.448754
0.492063
0.534186
0.575023
0.614474
0.652445
0.688844
0.723583
0.75658
0.787753
0.817029
0.844337
0.869612
0.89279
0.913813
0.932627
0.9492
0.963529
0.975612
0.985367
0.992564
0.996895
0.99838
0.998611
0.998239
0.993705
0.985709
0.975829
0.963969
0.949823
0.933339
0.914592
0.893648
0.870553
0.84536
0.818131
0.78893
