0.406368
0.41755
0.428669
0.439724
0.450712
0.461633
0.472484
0.483264
0.493971
0.504603
0.51516
0.525639
0.536039
0.546358
0.556595
0.566748
0.576816
0.586797
0.596689
0.606492
0.616203
0.625822
0.635346
0.644774
0.654106
0.663339
0.672472
0.681504
0.690433
0.699258
0.707978
0.716591
0.725097
0.733493
0.741779
0.749953
0.758014
0.76596
0.773792
0.781507
0.789104
0.796583
0.803941
0.811179
0.818294
0.825286
0.832154
0.838896
0.845513
0.852001
0.858362
0.864593
0.870694
0.876664
0.882502
0.888207
0.893778
0.899215
0.904516
0.909681
0.914709
0.919599
0.924351
0.928963
0.933436
0.937768
0.941959
0.946008
0.949914
0.953678
0.957297
0.960773
0.964104
0.96729
0.97033
0.973224
0.975971
0.978572
0.981026
0.983331
0.985488
0.987495
0.989353
0.991063
0.992626
0.994044
0.995317
0.996442
0.997413
0.998221
0.998857
0.999317
0.999607
0.999744
0.99978
0.999785
0.999777
0.999526
0.998912
0.998122
0.997218
0.996201
0.995055
0.993766
0.992327
0.990736
0.988995
0.987105
0.985066
0.982879
0.980544
0.978061
0.975431
0.972654
0.969731
0.966661
0.963446
0.960086
0.956582
0.952933
0.949141
0.945205
0.941128
0.936909
0.932548
0.928047
0.923407
0.918627
0.913709
0.908654
0.903461
0.898133
0.892669
0.887071
0.881339
0.875475
0.869478
0.863351
0.857094
0.850708
0.844193
0.837552
0.830784
0.823891
0.816874
0.809734
0.802472
0.79509
0.787587
0.779966
0.772228
0.764373
0.756403
0.748319
0.740122
0.731814
0.723396
0.714869
0.706234
0.697493
0.688647
0.679697
0.670645
0.661491
0.652239
0.642887
0.63344
0.623896
0.614259
0.604529
0.594708
0.584798
0.5748
0.564715
0.554544
0.544291
0.533955
0.523539
0.513045
0.502473
0.491825
0.481103
0.470309
0.459444
0.44851
0.437508
0.42644
0.415308
0.404114
0.392858
0.381544
0.370172
0.358744
0.347263
0.335729
0.324144
0.312511
0.30083
0.289104
0.277335
0.265524
0.253673
0.241784
0.229858
0.217898
0.205905
0.193881
0.181827
0.169747
0.157641
0.145511
0.133359
0.121187
0.108997
0.0967899
0.0845687
0.0723348
0.0600899
0.047836
0.035575
0.0233085
0.0110385
-0.00123307
-0.0135045
-0.0257739
-0.0380394
-0.0502992
-0.0625514
-0.0747942
-0.0870258
-0.0992442
-0.111448
-0.123634
-0.135802
-0.14795
-0.160075
-0.172177
-0.184252
-0.1963
-0.208318
-0.220304
-0.232258
-0.244176
-0.256058
-0.267901
-0.279704
-0.291464
-0.303181
-0.314852
-0.326476
-0.338051
-0.349574
-0.361045
-0.372462
-0.383822
-0.395125
-0.406368
-0.41755
-0.428669
-0.439724
-0.450712
-0.461633
-0.472484
-0.483264
-0.493971
-0.504603
-0.51516
-0.525639
-0.536039
-0.546358
-0.556595
-0.566748
-0.576816
-0.586797
-0.596689
-0.606492
-0.616203
-0.625822
-0.635346
-0.644774
-0.654106
-0.663339
-0.672472
-0.681504
-0.690433
-0.699258
-0.707978
-0.716591
-0.725097
-0.733493
-0.741779
-0.749953
-0.758014
-0.76596
-0.773792
-0.781507
-0.789104
-0.796583
-0.803941
-0.811179
-0.818294
-0.825286
-0.832154
-0.838896
-0.845513
-0.852001
-0.858362
-0.864593
-0.870694
-0.876664
-0.882502
-0.888207
-0.893778
-0.899215
-0.904516
-0.909681
-0.914709
-0.919599
-0.924351
-0.928963
-0.933436
-0.937768
-0.941959
-0.946008
-0.949914
-0.953678
-0.957297
-0.960773
-0.964104
-0.96729
-0.97033
-0.973224
-0.975971
-0.978572
-0.981026
-0.983331
-0.985488
-0.987495
-0.989353
-0.991063
-0.992626
-0.994044
-0.995317
-0.996442
-0.997413
-0.998221
-0.998857
-0.999317
-0.999607
-0.999744
-0.99978
-0.999785
-0.999777
-0.999526
-0.998912
-0.998122
-0.997218
-0.996201
-0.995055
-0.993766
-0.992327
-0.990736
-0.988995
-0.987105
-0.985066
-0.982879
-0.980544
-0.978061
-0.975431
-0.972654
-0.969731
-0.966661
-0.963446
-0.960086
-0.956582
-0.952933
-0.949141
-0.945205
-0.941128
-0.936909
-0.932548
-0.928047
-0.923407
-0.918627
-0.913709
-0.908654
-0.903461
-0.898133
-0.892669
-0.887071
-0.881339
-0.875475
-0.869478
-0.863351
-0.857094
-0.850708
-0.844193
-0.837552
-0.830784
-0.823891
-0.816874
-0.809734
-0.802472
-0.79509
-0.787587
-0.779966
-0.772228
-0.764373
-0.756403
-0.748319
-0.740122
-0.731814
-0.723396
-0.714869
-0.706234
-0.697493
-0.688647
-0.679697
-0.670645
-0.661491
-0.652239
-0.642887
-0.63344
-0.623896
-0.614259
-0.604529
-0.594708
-0.584798
-0.5748
-0.564715
-0.554544
-0.544291
-0.533955
-0.523539
-0.513045
-0.502473
-0.491825
-0.481103
-0.470309
-0.459444
-0.44851
-0.437508
-0.42644
-0.415308
-0.404114
-0.392858
-0.381544
-0.370172
-0.358744
-0.347263
-0.335729
-0.324144
-0.312511
-0.30083
-0.289104
-0.277335
-0.265524
-0.253673
-0.241784
-0.229858
-0.217898
-0.205905
-0.193881
-0.181827
-0.169747
-0.157641
-0.145511
-0.133359
-0.121187
-0.108997
-0.0967899
-0.0845687
-0.0723348
-0.0600899
-0.047836
-0.035575
-0.0233085
-0.0110385
0.00123307
0.0135045
0.0257739
0.0380394
0.0502992
0.0625514
0.0747942
0.0870258
0.0992442
0.111448
0.123634
0.135802
0.14795
0.160075
0.172177
0.184252
0.1963
0.208318
0.220304
0.232258
0.244176
0.256058
0.267901
0.279704
0.291464
0.303181
0.314852
0.326476
0.338051
0.349574
0.361045
0.372462
0.383822
0.395125
