0.524535
0.482128
0.438559
0.393934
0.34836
0.301946
0.254805
0.207051
0.158797
0.110161
0.0612595
0.0122104
-0.0368681
-0.0858577
-0.134641
-0.183099
-0.231116
-0.278577
-0.325366
-0.371372
-0.416483
-0.460591
-0.503589
-0.545373
-0.585844
-0.624904
-0.662458
-0.698416
-0.732692
-0.765203
-0.79587
-0.82462
-0.851383
-0.876096
-0.898698
-0.919129
-0.937339
-0.9533
-0.967013
-0.978471
-0.987569
-0.994047
-0.997589
-0.998563
-0.998678
-0.997528
-0.991676
-0.983167
-0.972833
-0.960382
-0.945591
-0.928483
-0.909137
-0.887607
-0.863938
-0.838187
-0.810417
-0.780695
-0.749092
-0.715684
-0.680553
-0.643781
-0.605459
-0.565679
-0.524535
-0.482128
-0.438559
-0.393934
-0.34836
-0.301946
-0.254805
-0.207051
-0.158797
-0.110161
-0.0612595
-0.0122104
0.0368681
0.0858577
0.134641
0.183099
0.231116
0.278577
0.325366
0.371372
0.416483
0.460591
0.503589
0.545373
0.585844
0.624904
0.662458
0.698416
0.732692
0.765203
0.79587
0.82462
0.851383
0.876096
0.898698
0.919129
0.937339
0.9533
0.967013
0.978471
0.987569
0.994047
0.997589
0.998563
0.998678
0.997528
0.991676
0.983167
0.972833
0.960382
0.945591
0.928483
0.909137
0.887607
0.863938
0.838187
0.810417
0.780695
0.749092
0.715684
0.680553
0.643781
0.605459
0.565679
