-0.693997
-0.728489
-0.761225
-0.792128
-0.821122
-0.848138
-0.873111
-0.895981
-0.916692
-0.935191
-0.951431
-0.965392
-0.977082
-0.986482
-0.993415
-0.997533
-0.998813
-0.998974
-0.997788
-0.992165
-0.984166
-0.974273
-0.962112
-0.947575
-0.930748
-0.911687
-0.890428
-0.867024
-0.841531
-0.814011
-0.78453
-0.753158
-0.719973
-0.685053
-0.648482
-0.61035
-0.570747
-0.529769
-0.487514
-0.444085
-0.399587
-0.354126
-0.307811
-0.260755
-0.213071
-0.164874
-0.116279
-0.0674045
-0.0183674
0.0307139
0.0797213
0.128537
0.177042
0.225121
0.272658
0.319538
0.365648
0.410878
0.455117
0.49826
0.540203
0.580844
0.620086
0.657834
0.693997
0.728489
0.761225
0.792128
0.821122
0.848138
0.873111
0.895981
0.916692
0.935191
0.951431
0.965392
0.977082
0.986482
0.993415
0.997533
0.998813
0.998974
0.997788
0.992165
0.984166
0.974273
0.962112
0.947575
0.930748
0.911687
0.890428
0.867024
0.841531
0.814011
0.78453
0.753158
0.719973
0.685053
0.648482
0.61035
0.570747
0.529769
0.487514
0.444085
0.399587
0.354126
0.307811
0.260755
0.213071
0.164874
0.116279
0.0674045
0.0183674
-0.0307139
-0.0797213
-0.128537
-0.177042
-0.225121
-0.272658
-0.319538
-0.365648
-0.410878
-0.455117
-0.49826
-0.540203
-0.580844
-0.620086
-0.657834
