0.901754
0.87946
0.855047
0.828574
0.800104
0.769707
0.737456
0.703428
0.667705
0.630374
0.591524
0.551249
0.509647
0.466816
0.422861
0.377887
0.332003
0.285319
0.237947
0.190002
0.1416
0.0928565
0.0438892
-0.00518374
-0.0542442
-0.103174
-0.151855
-0.200171
-0.248004
-0.29524
-0.341764
-0.387465
-0.432233
-0.475959
-0.518539
-0.55987
-0.599851
-0.638388
-0.675387
-0.710759
-0.744418
-0.776284
-0.80628
-0.834334
-0.860378
-0.88435
-0.906186
-0.925832
-0.943248
-0.958423
-0.97136
-0.982008
-0.990188
-0.995603
-0.998021
-0.998531
-0.998541
-0.996077
-0.989024
-0.979767
-0.968665
-0.955396
-0.939788
-0.921882
-0.901754
-0.87946
-0.855047
-0.828574
-0.800104
-0.769707
-0.737456
-0.703428
-0.667705
-0.630374
-0.591524
-0.551249
-0.509647
-0.466816
-0.422861
-0.377887
-0.332003
-0.285319
-0.237947
-0.190002
-0.1416
-0.0928565
-0.0438892
0.00518374
0.0542442
0.103174
0.151855
0.200171
0.248004
0.29524
0.341764
0.387465
0.432233
0.475959
0.518539
0.55987
0.599851
0.638388
0.675387
0.710759
0.744418
0.776284
0.80628
0.834334
0.860378
0.88435
0.906186
0.925832
0.943248
0.958423
0.97136
0.982008
0.990188
0.995603
0.998021
0.998531
0.998541
0.996077
0.989024
0.979767
0.968665
0.955396
0.939788
0.921882
