0.631966
0.593178
0.552961
0.511412
0.46863
0.42472
0.379787
0.333938
0.287285
0.23994
0.192017
0.143632
0.0949
0.0459397
-0.00313119
-0.0521946
-0.101132
-0.149826
-0.198159
-0.246015
-0.293278
-0.339835
-0.385572
-0.430381
-0.474153
-0.516783
-0.558168
-0.598208
-0.636807
-0.673872
-0.709314
-0.743046
-0.774989
-0.805064
-0.833201
-0.85933
-0.88339
-0.905319
-0.925059
-0.942568
-0.957828
-0.970844
-0.981585
-0.989895
-0.995479
-0.998054
-0.998611
-0.998628
-0.996194
-0.989255
-0.980151
-0.969181
-0.956009
-0.940489
-0.922674
-0.90264
-0.880436
-0.85611
-0.829721
-0.801334
-0.771016
-0.738841
-0.704885
-0.669232
-0.631966
-0.593178
-0.552961
-0.511412
-0.46863
-0.42472
-0.379787
-0.333938
-0.287285
-0.23994
-0.192017
-0.143632
-0.0949
-0.0459397
0.00313119
0.0521946
0.101132
0.149826
0.198159
0.246015
0.293278
0.339835
0.385572
0.430381
0.474153
0.516783
0.558168
0.598208
0.636807
0.673872
0.709314
0.743046
0.774989
0.805064
0.833201
0.85933
0.88339
0.905319
0.925059
0.942568
0.957828
0.970844
0.981585
0.989895
0.995479
0.998054
0.998611
0.998628
0.996194
0.989255
0.980151
0.969181
0.956009
0.940489
0.922674
0.90264
0.880436
0.85611
0.829721
0.801334
0.771016
0.738841
0.704885
0.669232
