-0.407675
-0.429962
-0.451989
-0.473745
-0.495214
-0.516386
-0.537246
-0.557783
-0.577984
-0.597837
-0.617329
-0.63645
-0.655188
-0.67353
-0.691467
-0.708988
-0.726081
-0.742737
-0.758946
-0.774697
-0.789982
-0.804791
-0.819115
-0.832946
-0.846275
-0.859095
-0.871396
-0.883173
-0.894418
-0.905124
-0.915285
-0.924895
-0.933947
-0.942438
-0.950362
-0.957711
-0.964481
-0.970666
-0.976264
-0.981284
-0.985736
-0.989625
-0.992933
-0.99561
-0.997582
-0.998781
-0.999216
-0.999291
-0.99929
-0.999049
-0.997641
-0.99524
-0.992245
-0.988768
-0.984786
-0.980244
-0.975111
-0.969382
-0.963063
-0.956163
-0.948688
-0.940642
-0.93203
-0.922856
-0.913126
-0.902846
-0.892022
-0.880661
-0.86877
-0.856355
-0.843424
-0.829985
-0.816047
-0.801617
-0.786703
-0.771316
-0.755465
-0.739158
-0.722406
-0.705219
-0.687608
-0.669582
-0.651152
-0.632331
-0.613128
-0.593556
-0.573627
-0.553352
-0.532744
-0.511815
-0.490577
-0.469045
-0.447229
-0.425144
-0.402803
-0.38022
-0.357407
-0.334379
-0.31115
-0.287733
-0.264143
-0.240394
-0.2165
-0.192476
-0.168336
-0.144094
-0.119766
-0.0953649
-0.0709068
-0.046406
-0.0218773
0.00266464
0.027205
0.0517289
0.0762216
0.100668
0.125055
0.149366
0.173587
0.197703
0.2217
0.245564
0.26928
0.292833
0.31621
0.339397
0.362379
0.385143
0.407675
0.429962
0.451989
0.473745
0.495214
0.516386
0.537246
0.557783
0.577984
0.597837
0.617329
0.63645
0.655188
0.67353
0.691467
0.708988
0.726081
0.742737
0.758946
0.774697
0.789982
0.804791
0.819115
0.832946
0.846275
0.859095
0.871396
0.883173
0.894418
0.905124
0.915285
0.924895
0.933947
0.942438
0.950362
0.957711
0.964481
0.970666
0.976264
0.981284
0.985736
0.989625
0.992933
0.99561
0.997582
0.998781
0.999216
0.999291
0.99929
0.999049
0.997641
0.99524
0.992245
0.988768
0.984786
0.980244
0.975111
0.969382
0.963063
0.956163
0.948688
0.940642
0.93203
0.922856
0.913126
0.902846
0.892022
0.880661
0.86877
0.856355
0.843424
0.829985
0.816047
0.801617
0.786703
0.771316
0.755465
0.739158
0.722406
0.705219
0.687608
0.669582
0.651152
0.632331
0.613128
0.593556
0.573627
0.553352
0.532744
0.511815
0.490577
0.469045
0.447229
0.425144
0.402803
0.38022
0.357407
0.334379
0.31115
0.287733
0.264143
0.240394
0.2165
0.192476
0.168336
0.144094
0.119766
0.0953649
0.0709068
0.046406
0.0218773
-0.00266464
-0.027205
-0.0517289
-0.0762216
-0.100668
-0.125055
-0.149366
-0.173587
-0.197703
-0.2217
-0.245564
-0.26928
-0.292833
-0.31621
-0.339397
-0.362379
-0.385143
