0.888613
0.910038
0.929265
0.946268
0.961047
0.973586
0.98378
0.991402
0.99617
0.998038
0.99838
0.99834
0.995223
0.987637
0.977898
0.966328
0.95262
0.936594
0.918272
0.897731
0.875033
0.850229
0.823376
0.794539
0.763788
0.731197
0.696844
0.660813
0.62319
0.584065
0.543533
0.501692
0.458643
0.414488
0.369335
0.323292
0.27647
0.228982
0.180943
0.132468
0.0836733
0.0346772
-0.0144023
-0.0634472
-0.112339
-0.160961
-0.209194
-0.256924
-0.304035
-0.350413
-0.395947
-0.440527
-0.484046
-0.526399
-0.567484
-0.607201
-0.645456
-0.682156
-0.717212
-0.750541
-0.782061
-0.811698
-0.83938
-0.86504
-0.888613
-0.910038
-0.929265
-0.946268
-0.961047
-0.973586
-0.98378
-0.991402
-0.99617
-0.998038
-0.99838
-0.99834
-0.995223
-0.987637
-0.977898
-0.966328
-0.95262
-0.936594
-0.918272
-0.897731
-0.875033
-0.850229
-0.823376
-0.794539
-0.763788
-0.731197
-0.696844
-0.660813
-0.62319
-0.584065
-0.543533
-0.501692
-0.458643
-0.414488
-0.369335
-0.323292
-0.27647
-0.228982
-0.180943
-0.132468
-0.0836733
-0.0346772
0.0144023
0.0634472
0.112339
0.160961
0.209194
0.256924
0.304035
0.350413
0.395947
0.440527
0.484046
0.526399
0.567484
0.607201
0.645456
0.682156
0.717212
0.750541
0.782061
0.811698
0.83938
0.86504
