-0.909679
-0.914707
-0.919597
-0.924349
-0.928962
-0.933434
-0.937767
-0.941957
-0.946006
-0.949913
-0.953677
-0.957296
-0.960772
-0.964103
-0.967289
-0.970329
-0.973223
-0.975971
-0.978571
-0.981024
-0.98333
-0.985487
-0.987496
-0.989356
-0.991067
-0.992629
-0.99404
-0.995302
-0.996417
-0.997386
-0.998208
-0.998877
-0.999378
-0.9997
-0.999842
-0.999874
-0.999877
-0.999789
-0.99937
-0.998762
-0.998039
-0.997193
-0.996204
-0.995064
-0.993771
-0.992328
-0.990736
-0.988995
-0.987105
-0.985067
-0.98288
-0.980545
-0.978062
-0.975432
-0.972655
-0.969732
-0.966662
-0.963447
-0.960087
-0.956583
-0.952934
-0.949142
-0.945207
-0.941129
-0.93691
-0.93255
-0.928049
-0.923408
-0.918629
-0.913711
-0.908655
-0.903463
-0.898135
-0.892671
-0.887073
-0.881341
-0.875477
-0.86948
-0.863353
-0.857096
-0.85071
-0.844195
-0.837554
-0.830786
-0.823893
-0.816876
-0.809736
-0.802475
-0.795092
-0.78759
-0.779969
-0.77223
-0.764375
-0.756405
-0.748322
-0.740125
-0.731817
-0.723399
-0.714872
-0.706237
-0.697496
-0.68865
-0.6797
-0.670648
-0.661494
-0.652242
-0.64289
-0.633443
-0.623899
-0.614262
-0.604532
-0.594712
-0.584801
-0.574803
-0.564718
-0.554548
-0.544294
-0.533959
-0.523543
-0.513048
-0.502476
-0.491828
-0.481107
-0.470312
-0.459447
-0.448513
-0.437511
-0.426444
-0.415312
-0.404117
-0.392862
-0.381548
-0.370176
-0.358748
-0.347266
-0.335732
-0.324148
-0.312514
-0.300834
-0.289108
-0.277339
-0.265528
-0.253677
-0.241788
-0.229862
-0.217902
-0.205909
-0.193885
-0.181831
-0.169751
-0.157644
-0.145514
-0.133363
-0.121191
-0.109
-0.0967938
-0.0845726
-0.0723386
-0.0600938
-0.0478399
-0.0355788
-0.0233124
-0.0110424
0.00122919
0.0135006
0.02577
0.0380356
0.0502953
0.0625476
0.0747904
0.0870219
0.0992403
0.111444
0.123631
0.135799
0.147946
0.160072
0.172173
0.184248
0.196296
0.208314
0.2203
0.232254
0.244172
0.256054
0.267897
0.2797
0.291461
0.303178
0.314849
0.326472
0.338047
0.349571
0.361042
0.372458
0.383819
0.395121
0.406365
0.417547
0.428666
0.439721
0.450709
0.461629
0.47248
0.48326
0.493967
0.5046
0.515157
0.525636
0.536036
0.546355
0.556592
0.566745
0.576813
0.586794
0.596686
0.606489
0.6162
0.625819
0.635343
0.644772
0.654103
0.663336
0.672469
0.681501
0.69043
0.699255
0.707975
0.716589
0.725094
0.73349
0.741776
0.74995
0.758011
0.765958
0.77379
0.781505
0.789102
0.796581
0.803939
0.811177
0.818292
0.825284
0.832152
0.838894
0.845511
0.851999
0.85836
0.864591
0.870692
0.876662
0.8825
0.888205
0.893776
0.899213
0.904514
0.909679
0.914707
0.919597
0.924349
0.928962
0.933434
0.937767
0.941957
0.946006
0.949913
0.953677
0.957296
0.960772
0.964103
0.967289
0.970329
0.973223
0.975971
0.978571
0.981024
0.98333
0.985487
0.987496
0.989356
0.991067
0.992629
0.99404
0.995302
0.996417
0.997386
0.998208
0.998877
0.999378
0.9997
0.999842
0.999874
0.999877
0.999789
0.99937
0.998762
0.998039
0.997193
0.996204
0.995064
0.993771
0.992328
0.990736
0.988995
0.987105
0.985067
0.98288
0.980545
0.978062
0.975432
0.972655
0.969732
0.966662
0.963447
0.960087
0.956583
0.952934
0.949142
0.945207
0.941129
0.93691
0.93255
0.928049
0.923408
0.918629
0.913711
0.908655
0.903463
0.898135
0.892671
0.887073
0.881341
0.875477
0.86948
0.863353
0.857096
0.85071
0.844195
0.837554
0.830786
0.823893
0.816876
0.809736
0.802475
0.795092
0.78759
0.779969
0.77223
0.764375
0.756405
0.748322
0.740125
0.731817
0.723399
0.714872
0.706237
0.697496
0.68865
0.6797
0.670648
0.661494
0.652242
0.64289
0.633443
0.623899
0.614262
0.604532
0.594712
0.584801
0.574803
0.564718
0.554548
0.544294
0.533959
0.523543
0.513048
0.502476
0.491828
0.481107
0.470312
0.459447
0.448513
0.437511
0.426444
0.415312
0.404117
0.392862
0.381548
0.370176
0.358748
0.347266
0.335732
0.324148
0.312514
0.300834
0.289108
0.277339
0.265528
0.253677
0.241788
0.229862
0.217902
0.205909
0.193885
0.181831
0.169751
0.157644
0.145514
0.133363
0.121191
0.109
0.0967938
0.0845726
0.0723386
0.0600938
0.0478399
0.0355788
0.0233124
0.0110424
-0.00122919
-0.0135006
-0.02577
-0.0380356
-0.0502953
-0.0625476
-0.0747904
-0.0870219
-0.0992403
-0.111444
-0.123631
-0.135799
-0.147946
-0.160072
-0.172173
-0.184248
-0.196296
-0.208314
-0.2203
-0.232254
-0.244172
-0.256054
-0.267897
-0.2797
-0.291461
-0.303178
-0.314849
-0.326472
-0.338047
-0.349571
-0.361042
-0.372458
-0.383819
-0.395121
-0.406365
-0.417547
-0.428666
-0.439721
-0.450709
-0.461629
-0.47248
-0.48326
-0.493967
-0.5046
-0.515157
-0.525636
-0.536036
-0.546355
-0.556592
-0.566745
-0.576813
-0.586794
-0.596686
-0.606489
-0.6162
-0.625819
-0.635343
-0.644772
-0.654103
-0.663336
-0.672469
-0.681501
-0.69043
-0.699255
-0.707975
-0.716589
-0.725094
-0.73349
-0.741776
-0.74995
-0.758011
-0.765958
-0.77379
-0.781505
-0.789102
-0.796581
-0.803939
-0.811177
-0.818292
-0.825284
-0.832152
-0.838894
-0.845511
-0.851999
-0.85836
-0.864591
-0.870692
-0.876662
-0.8825
-0.888205
-0.893776
-0.899213
-0.904514
