-0.754553
-0.785844
-0.815242
-0.842676
-0.86808
-0.891392
-0.912558
-0.931522
-0.948236
-0.962671
-0.97483
-0.984711
-0.992192
-0.996944
-0.998718
-0.998991
-0.99838
-0.993556
-0.985967
-0.976514
-0.964846
-0.950795
-0.93444
-0.915841
-0.895037
-0.872075
-0.847012
-0.819909
-0.790831
-0.759847
-0.727033
-0.692468
-0.656234
-0.61842
-0.579115
-0.538416
-0.496419
-0.453226
-0.408942
-0.363672
-0.317526
-0.270616
-0.223053
-0.174953
-0.126432
-0.0776055
-0.0285925
0.0204894
0.0695219
0.118387
0.166967
0.215144
0.262804
0.30983
0.35611
0.401532
0.445986
0.489366
0.531568
0.572488
0.61203
0.650097
0.686597
0.721444
0.754553
0.785844
0.815242
0.842676
0.86808
0.891392
0.912558
0.931522
0.948236
0.962671
0.97483
0.984711
0.992192
0.996944
0.998718
0.998991
0.99838
0.993556
0.985967
0.976514
0.964846
0.950795
0.93444
0.915841
0.895037
0.872075
0.847012
0.819909
0.790831
0.759847
0.727033
0.692468
0.656234
0.61842
0.579115
0.538416
0.496419
0.453226
0.408942
0.363672
0.317526
0.270616
0.223053
0.174953
0.126432
0.0776055
0.0285925
-0.0204894
-0.0695219
-0.118387
-0.166967
-0.215144
-0.262804
-0.30983
-0.35611
-0.401532
-0.445986
-0.489366
-0.531568
-0.572488
-0.61203
-0.650097
-0.686597
-0.721444
