-0.809276
-0.837125
-0.862957
-0.88671
-0.908328
-0.927755
-0.944942
-0.959852
-0.972481
-0.982836
-0.990841
-0.996212
-0.998564
-0.998997
-0.998772
-0.994838
-0.987681
-0.978656
-0.967477
-0.953916
-0.938033
-0.9199
-0.899551
-0.877034
-0.852405
-0.825722
-0.797049
-0.766457
-0.734018
-0.699811
-0.663917
-0.626425
-0.587423
-0.547006
-0.505271
-0.46232
-0.418254
-0.373181
-0.327208
-0.280448
-0.233012
-0.185014
-0.136571
-0.0877984
-0.0388146
0.0102627
0.0593153
0.108225
0.156874
0.205145
0.252922
0.300089
0.346534
0.392144
0.436809
0.480421
0.522877
0.564072
0.603909
0.642291
0.679126
0.714324
0.747802
0.779478
0.809276
0.837125
0.862957
0.88671
0.908328
0.927755
0.944942
0.959852
0.972481
0.982836
0.990841
0.996212
0.998564
0.998997
0.998772
0.994838
0.987681
0.978656
0.967477
0.953916
0.938033
0.9199
0.899551
0.877034
0.852405
0.825722
0.797049
0.766457
0.734018
0.699811
0.663917
0.626425
0.587423
0.547006
0.505271
0.46232
0.418254
0.373181
0.327208
0.280448
0.233012
0.185014
0.136571
0.0877984
0.0388146
-0.0102627
-0.0593153
-0.108225
-0.156874
-0.205145
-0.252922
-0.300089
-0.346534
-0.392144
-0.436809
-0.480421
-0.522877
-0.564072
-0.603909
-0.642291
-0.679126
-0.714324
-0.747802
-0.779478
