0.292933
0.26938
0.245665
0.221802
0.197805
0.173689
0.149469
0.125158
0.100772
0.0763258
0.0518332
0.0273094
0.0027691
-0.0217728
-0.0463017
-0.0708026
-0.0952609
-0.119662
-0.143991
-0.168233
-0.192373
-0.216398
-0.240293
-0.264043
-0.287633
-0.311051
-0.334281
-0.35731
-0.380123
-0.402708
-0.42505
-0.447136
-0.468952
-0.490486
-0.511725
-0.532655
-0.553265
-0.573541
-0.593472
-0.613045
-0.632249
-0.651073
-0.669504
-0.687531
-0.705145
-0.722334
-0.739088
-0.755396
-0.77125
-0.786639
-0.801554
-0.815986
-0.829927
-0.843368
-0.856301
-0.868718
-0.880611
-0.891975
-0.902801
-0.913083
-0.922815
-0.931992
-0.940608
-0.948657
-0.956133
-0.963028
-0.969339
-0.975069
-0.980225
-0.984818
-0.988846
-0.992286
-0.995089
-0.997187
-0.998522
-0.999083
-0.999197
-0.999206
-0.999125
-0.998146
-0.995947
-0.993036
-0.989618
-0.985717
-0.981289
-0.97629
-0.970698
-0.964512
-0.957741
-0.950392
-0.942472
-0.933984
-0.924934
-0.915327
-0.905169
-0.894465
-0.883222
-0.871447
-0.859148
-0.846331
-0.833004
-0.819175
-0.804853
-0.790046
-0.774763
-0.759014
-0.742807
-0.726153
-0.709061
-0.691543
-0.673607
-0.655266
-0.636531
-0.617411
-0.59792
-0.578069
-0.55787
-0.537334
-0.516475
-0.495305
-0.473836
-0.452082
-0.430056
-0.407771
-0.38524
-0.362477
-0.339495
-0.316309
-0.292933
-0.26938
-0.245665
-0.221802
-0.197805
-0.173689
-0.149469
-0.125158
-0.100772
-0.0763258
-0.0518332
-0.0273094
-0.0027691
0.0217728
0.0463017
0.0708026
0.0952609
0.119662
0.143991
0.168233
0.192373
0.216398
0.240293
0.264043
0.287633
0.311051
0.334281
0.35731
0.380123
0.402708
0.42505
0.447136
0.468952
0.490486
0.511725
0.532655
0.553265
0.573541
0.593472
0.613045
0.632249
0.651073
0.669504
0.687531
0.705145
0.722334
0.739088
0.755396
0.77125
0.786639
0.801554
0.815986
0.829927
0.843368
0.856301
0.868718
0.880611
0.891975
0.902801
0.913083
0.922815
0.931992
0.940608
0.948657
0.956133
0.963028
0.969339
0.975069
0.980225
0.984818
0.988846
0.992286
0.995089
0.997187
0.998522
0.999083
0.999197
0.999206
0.999125
0.998146
0.995947
0.993036
0.989618
0.985717
0.981289
0.97629
0.970698
0.964512
0.957741
0.950392
0.942472
0.933984
0.924934
0.915327
0.905169
0.894465
0.883222
0.871447
0.859148
0.846331
0.833004
0.819175
0.804853
0.790046
0.774763
0.759014
0.742807
0.726153
0.709061
0.691543
0.673607
0.655266
0.636531
0.617411
0.59792
0.578069
0.55787
0.537334
0.516475
0.495305
0.473836
0.452082
0.430056
0.407771
0.38524
0.362477
0.339495
0.316309
