0.9472
0.954777
0.961775
0.968195
0.974043
0.979328
0.984053
0.988203
0.991745
0.994627
0.996792
0.998205
0.998869
0.999024
0.999044
0.999018
0.998519
0.996647
0.99383
0.990419
0.986529
0.982153
0.977246
0.971768
0.965702
0.959045
0.951806
0.943991
0.935607
0.926661
0.917157
0.907101
0.896498
0.885355
0.873679
0.861477
0.848755
0.835523
0.821787
0.807556
0.792839
0.777644
0.76198
0.745858
0.729286
0.712276
0.694836
0.676977
0.658711
0.640048
0.620999
0.601577
0.581792
0.561656
0.541182
0.520382
0.499269
0.477855
0.456153
0.434177
0.411939
0.389452
0.366732
0.34379
0.320641
0.297299
0.273778
0.250092
0.226255
0.202282
0.178187
0.153985
0.129691
0.105318
0.0808811
0.056396
0.0318769
0.00733858
-0.0172042
-0.0417365
-0.0662438
-0.0907111
-0.115124
-0.139467
-0.163726
-0.187887
-0.211935
-0.235855
-0.259632
-0.283254
-0.306705
-0.329971
-0.353038
-0.375892
-0.398521
-0.420909
-0.443043
-0.464911
-0.486499
-0.507793
-0.528782
-0.549452
-0.569792
-0.589788
-0.609429
-0.628702
-0.647597
-0.666102
-0.684206
-0.701897
-0.719166
-0.736001
-0.752394
-0.768333
-0.783809
-0.798813
-0.813336
-0.827369
-0.840903
-0.853931
-0.866445
-0.878436
-0.889899
-0.900825
-0.911209
-0.921046
-0.930327
-0.939048
-0.9472
-0.954777
-0.961775
-0.968195
-0.974043
-0.979328
-0.984053
-0.988203
-0.991745
-0.994627
-0.996792
-0.998205
-0.998869
-0.999024
-0.999044
-0.999018
-0.998519
-0.996647
-0.99383
-0.990419
-0.986529
-0.982153
-0.977246
-0.971768
-0.965702
-0.959045
-0.951806
-0.943991
-0.935607
-0.926661
-0.917157
-0.907101
-0.896498
-0.885355
-0.873679
-0.861477
-0.848755
-0.835523
-0.821787
-0.807556
-0.792839
-0.777644
-0.76198
-0.745858
-0.729286
-0.712276
-0.694836
-0.676977
-0.658711
-0.640048
-0.620999
-0.601577
-0.581792
-0.561656
-0.541182
-0.520382
-0.499269
-0.477855
-0.456153
-0.434177
-0.411939
-0.389452
-0.366732
-0.34379
-0.320641
-0.297299
-0.273778
-0.250092
-0.226255
-0.202282
-0.178187
-0.153985
-0.129691
-0.105318
-0.0808811
-0.056396
-0.0318769
-0.00733858
0.0172042
0.0417365
0.0662438
0.0907111
0.115124
0.139467
0.163726
0.187887
0.211935
0.235855
0.259632
0.283254
0.306705
0.329971
0.353038
0.375892
0.398521
0.420909
0.443043
0.464911
0.486499
0.507793
0.528782
0.549452
0.569792
0.589788
0.609429
0.628702
0.647597
0.666102
0.684206
0.701897
0.719166
0.736001
0.752394
0.768333
0.783809
0.798813
0.813336
0.827369
0.840903
0.853931
0.866445
0.878436
0.889899
0.900825
0.911209
0.921046
0.930327
0.939048
