0.977678
0.986949
0.993546
0.997222
0.998298
0.998446
0.997834
0.992647
0.984145
0.97378
0.961462
0.94689
0.92999
0.910826
0.889472
0.865978
0.840399
0.812794
0.783231
0.751781
0.71852
0.683528
0.64689
0.608693
0.569029
0.527995
0.485689
0.442213
0.397671
0.352171
0.305823
0.258739
0.211031
0.162814
0.114205
0.0653214
0.0162802
-0.0328002
-0.0818017
-0.130606
-0.179096
-0.227154
-0.274665
-0.321514
-0.367589
-0.412778
-0.456973
-0.500067
-0.541956
-0.58254
-0.62172
-0.659403
-0.695496
-0.729915
-0.762575
-0.793397
-0.822309
-0.849241
-0.874126
-0.896902
-0.917508
-0.935902
-0.952067
-0.966003
-0.977678
-0.986949
-0.993546
-0.997222
-0.998298
-0.998446
-0.997834
-0.992647
-0.984145
-0.97378
-0.961462
-0.94689
-0.92999
-0.910826
-0.889472
-0.865978
-0.840399
-0.812794
-0.783231
-0.751781
-0.71852
-0.683528
-0.64689
-0.608693
-0.569029
-0.527995
-0.485689
-0.442213
-0.397671
-0.352171
-0.305823
-0.258739
-0.211031
-0.162814
-0.114205
-0.0653214
-0.0162802
0.0328002
0.0818017
0.130606
0.179096
0.227154
0.274665
0.321514
0.367589
0.412778
0.456973
0.500067
0.541956
0.58254
0.62172
0.659403
0.695496
0.729915
0.762575
0.793397
0.822309
0.849241
0.874126
0.896902
0.917508
0.935902
0.952067
0.966003
