-0.0194807
-0.0685154
-0.117385
-0.165972
-0.214159
-0.26183
-0.30887
-0.355166
-0.400607
-0.445082
-0.488486
-0.530712
-0.57166
-0.611231
-0.649329
-0.685863
-0.720744
-0.75389
-0.785219
-0.814656
-0.842131
-0.867578
-0.890935
-0.912143
-0.931148
-0.947906
-0.962402
-0.974642
-0.984593
-0.992079
-0.996769
-0.998509
-0.998789
-0.998421
-0.993987
-0.986279
-0.976711
-0.965079
-0.951108
-0.934802
-0.916244
-0.895485
-0.872567
-0.847547
-0.820485
-0.791447
-0.760502
-0.727725
-0.693195
-0.656994
-0.619211
-0.579937
-0.539265
-0.497294
-0.454125
-0.409862
-0.364611
-0.318482
-0.271586
-0.224036
-0.175946
-0.127432
-0.0786112
-0.0296009
0.0194807
0.0685154
0.117385
0.165972
0.214159
0.26183
0.30887
0.355166
0.400607
0.445082
0.488486
0.530712
0.57166
0.611231
0.649329
0.685863
0.720744
0.75389
0.785219
0.814656
0.842131
0.867578
0.890935
0.912143
0.931148
0.947906
0.962402
0.974642
0.984593
0.992079
0.996769
0.998509
0.998789
0.998421
0.993987
0.986279
0.976711
0.965079
0.951108
0.934802
0.916244
0.895485
0.872567
0.847547
0.820485
0.791447
0.760502
0.727725
0.693195
0.656994
0.619211
0.579937
0.539265
0.497294
0.454125
0.409862
0.364611
0.318482
0.271586
0.224036
0.175946
0.127432
0.0786112
0.0296009
