0.0857289
0.110154
0.134513
0.15879
0.182972
0.207044
0.230991
0.254799
0.278453
0.30194
0.325245
0.348354
0.371253
0.393928
0.416366
0.438554
0.460477
0.482123
0.503478
0.52453
0.545266
0.565674
0.585741
0.605455
0.624805
0.643778
0.662363
0.680549
0.698326
0.715681
0.732606
0.749089
0.765121
0.780693
0.795794
0.810415
0.824549
0.838185
0.851317
0.863936
0.876035
0.887605
0.898642
0.909138
0.919087
0.928482
0.937316
0.945581
0.953272
0.960386
0.966927
0.972903
0.978318
0.983171
0.987444
0.991101
0.994091
0.996365
0.997893
0.998692
0.99891
0.998943
0.998938
0.998711
0.99724
0.994604
0.991268
0.987422
0.983106
0.978286
0.97292
0.966976
0.960445
0.953327
0.94563
0.937362
0.92853
0.919138
0.909194
0.898702
0.887669
0.876101
0.864005
0.851389
0.83826
0.824626
0.810495
0.795877
0.780778
0.76521
0.74918
0.732699
0.715777
0.698424
0.68065
0.662466
0.643882
0.624911
0.605564
0.585852
0.565787
0.545381
0.524647
0.503596
0.482243
0.460598
0.438677
0.416491
0.394054
0.37138
0.348482
0.325374
0.302071
0.278585
0.254931
0.231124
0.207178
0.183107
0.158925
0.134648
0.11029
0.0858653
0.0613889
0.0368756
0.01234
-0.0122031
-0.0367387
-0.0612523
-0.0857289
-0.110154
-0.134513
-0.15879
-0.182972
-0.207044
-0.230991
-0.254799
-0.278453
-0.30194
-0.325245
-0.348354
-0.371253
-0.393928
-0.416366
-0.438554
-0.460477
-0.482123
-0.503478
-0.52453
-0.545266
-0.565674
-0.585741
-0.605455
-0.624805
-0.643778
-0.662363
-0.680549
-0.698326
-0.715681
-0.732606
-0.749089
-0.765121
-0.780693
-0.795794
-0.810415
-0.824549
-0.838185
-0.851317
-0.863936
-0.876035
-0.887605
-0.898642
-0.909138
-0.919087
-0.928482
-0.937316
-0.945581
-0.953272
-0.960386
-0.966927
-0.972903
-0.978318
-0.983171
-0.987444
-0.991101
-0.994091
-0.996365
-0.997893
-0.998692
-0.99891
-0.998943
-0.998938
-0.998711
-0.99724
-0.994604
-0.991268
-0.987422
-0.983106
-0.978286
-0.97292
-0.966976
-0.960445
-0.953327
-0.94563
-0.937362
-0.92853
-0.919138
-0.909194
-0.898702
-0.887669
-0.876101
-0.864005
-0.851389
-0.83826
-0.824626
-0.810495
-0.795877
-0.780778
-0.76521
-0.74918
-0.732699
-0.715777
-0.698424
-0.68065
-0.662466
-0.643882
-0.624911
-0.605564
-0.585852
-0.565787
-0.545381
-0.524647
-0.503596
-0.482243
-0.460598
-0.438677
-0.416491
-0.394054
-0.37138
-0.348482
-0.325374
-0.302071
-0.278585
-0.254931
-0.231124
-0.207178
-0.183107
-0.158925
-0.134648
-0.11029
-0.0858653
-0.0613889
-0.0368756
-0.01234
0.0122031
0.0367387
0.0612523
