0.486602
0.443149
0.398629
0.353149
0.306817
0.259747
0.212051
0.163844
0.115242
0.066363
0.0173238
-0.0317571
-0.0807615
-0.129571
-0.178069
-0.226138
-0.273662
-0.320526
-0.366619
-0.411828
-0.456045
-0.499164
-0.54108
-0.581692
-0.620903
-0.658619
-0.694747
-0.729202
-0.7619
-0.792763
-0.821716
-0.84869
-0.873619
-0.896444
-0.917103
-0.935547
-0.951742
-0.965688
-0.977381
-0.986736
-0.993503
-0.997375
-0.998533
-0.998687
-0.997851
-0.99243
-0.984131
-0.974002
-0.961788
-0.947242
-0.93037
-0.911255
-0.88995
-0.866502
-0.840965
-0.813403
-0.783881
-0.75247
-0.719247
-0.684291
-0.647686
-0.609521
-0.569888
-0.528882
-0.486602
-0.443149
-0.398629
-0.353149
-0.306817
-0.259747
-0.212051
-0.163844
-0.115242
-0.066363
-0.0173238
0.0317571
0.0807615
0.129571
0.178069
0.226138
0.273662
0.320526
0.366619
0.411828
0.456045
0.499164
0.54108
0.581692
0.620903
0.658619
0.694747
0.729202
0.7619
0.792763
0.821716
0.84869
0.873619
0.896444
0.917103
0.935547
0.951742
0.965688
0.977381
0.986736
0.993503
0.997375
0.998533
0.998687
0.997851
0.99243
0.984131
0.974002
0.961788
0.947242
0.93037
0.911255
0.88995
0.866502
0.840965
0.813403
0.783881
0.75247
0.719247
0.684291
0.647686
0.609521
0.569888
0.528882
