-0.711422
-0.676082
-0.639114
-0.600605
-0.56065
-0.519344
-0.476787
-0.433082
-0.388333
-0.342648
-0.296138
-0.248915
-0.201092
-0.152784
-0.104109
-0.0551821
-0.00612279
0.0429513
0.0919219
0.140671
0.189081
0.237036
0.28442
0.331118
0.377019
0.422012
0.465988
0.508841
0.550468
0.59077
0.629648
0.667009
0.702763
0.736825
0.769111
0.799544
0.828051
0.854564
0.879017
0.901354
0.921518
0.939463
0.955143
0.96852
0.97957
0.988303
0.994685
0.998415
0.999409
0.999334
0.996037
0.989992
0.981967
0.971499
0.958699
0.943588
0.926204
0.906589
0.88479
0.860859
0.834855
0.806839
0.776879
0.745048
0.711422
0.676082
0.639114
0.600605
0.56065
0.519344
0.476787
0.433082
0.388333
0.342648
0.296138
0.248915
0.201092
0.152784
0.104109
0.0551821
0.00612279
-0.0429513
-0.0919219
-0.140671
-0.189081
-0.237036
-0.28442
-0.331118
-0.377019
-0.422012
-0.465988
-0.508841
-0.550468
-0.59077
-0.629648
-0.667009
-0.702763
-0.736825
-0.769111
-0.799544
-0.828051
-0.854564
-0.879017
-0.901354
-0.921518
-0.939463
-0.955143
-0.96852
-0.97957
-0.988303
-0.994685
-0.998415
-0.999409
-0.999334
-0.996037
-0.989992
-0.981967
-0.971499
-0.958699
-0.943588
-0.926204
-0.906589
-0.88479
-0.860859
-0.834855
-0.806839
-0.776879
-0.745048
