0.985552
0.981073
0.976042
0.970429
0.964224
0.95743
0.950057
0.942111
0.933598
0.924523
0.914891
0.904709
0.893981
0.882715
0.870917
0.858594
0.845754
0.832405
0.818555
0.804211
0.789383
0.774079
0.75831
0.742083
0.725409
0.708299
0.690762
0.672808
0.65445
0.635697
0.616561
0.597054
0.577187
0.556973
0.536423
0.51555
0.494366
0.472885
0.451118
0.42908
0.406784
0.384243
0.36147
0.338479
0.315284
0.2919
0.26834
0.244618
0.220748
0.196746
0.172625
0.148401
0.124086
0.0996975
0.0752486
0.0507543
0.0262295
0.00168885
-0.0228528
-0.0473807
-0.0718801
-0.0963361
-0.120734
-0.145059
-0.169297
-0.193433
-0.217453
-0.241341
-0.265084
-0.288668
-0.312077
-0.335299
-0.358318
-0.381122
-0.403696
-0.426027
-0.448101
-0.469906
-0.491427
-0.512653
-0.533569
-0.554164
-0.574426
-0.594341
-0.613898
-0.633086
-0.651892
-0.670305
-0.688315
-0.70591
-0.72308
-0.739815
-0.756103
-0.771937
-0.787305
-0.802199
-0.81661
-0.830529
-0.843947
-0.856858
-0.869252
-0.881122
-0.892462
-0.903264
-0.913522
-0.923231
-0.932384
-0.940975
-0.948997
-0.956443
-0.963308
-0.969594
-0.975307
-0.980456
-0.985043
-0.989056
-0.992459
-0.995196
-0.997211
-0.998466
-0.998978
-0.999081
-0.99909
-0.999024
-0.998173
-0.995998
-0.99303
-0.989528
-0.985552
-0.981073
-0.976042
-0.970429
-0.964224
-0.95743
-0.950057
-0.942111
-0.933598
-0.924523
-0.914891
-0.904709
-0.893981
-0.882715
-0.870917
-0.858594
-0.845754
-0.832405
-0.818555
-0.804211
-0.789383
-0.774079
-0.75831
-0.742083
-0.725409
-0.708299
-0.690762
-0.672808
-0.65445
-0.635697
-0.616561
-0.597054
-0.577187
-0.556973
-0.536423
-0.51555
-0.494366
-0.472885
-0.451118
-0.42908
-0.406784
-0.384243
-0.36147
-0.338479
-0.315284
-0.2919
-0.26834
-0.244618
-0.220748
-0.196746
-0.172625
-0.148401
-0.124086
-0.0996975
-0.0752486
-0.0507543
-0.0262295
-0.00168885
0.0228528
0.0473807
0.0718801
0.0963361
0.120734
0.145059
0.169297
0.193433
0.217453
0.241341
0.265084
0.288668
0.312077
0.335299
0.358318
0.381122
0.403696
0.426027
0.448101
0.469906
0.491427
0.512653
0.533569
0.554164
0.574426
0.594341
0.613898
0.633086
0.651892
0.670305
0.688315
0.70591
0.72308
0.739815
0.756103
0.771937
0.787305
0.802199
0.81661
0.830529
0.843947
0.856858
0.869252
0.881122
0.892462
0.903264
0.913522
0.923231
0.932384
0.940975
0.948997
0.956443
0.963308
0.969594
0.975307
0.980456
0.985043
0.989056
0.992459
0.995196
0.997211
0.998466
0.998978
0.999081
0.99909
0.999024
0.998173
0.995998
0.99303
0.989528
