-0.174988
-0.126467
-0.0776405
-0.0286275
0.0204546
0.0694873
0.118353
0.166933
0.215111
0.262771
0.309798
0.356078
0.401501
0.445956
0.489337
0.53154
0.572461
0.612004
0.650072
0.686574
0.721422
0.754532
0.785825
0.815224
0.842659
0.868065
0.891379
0.912545
0.931514
0.948238
0.962678
0.974798
0.98457
0.991977
0.997024
0.999476
0.999857
0.997582
0.992971
0.985968
0.976589
0.964858
0.950802
0.934456
0.915858
0.895054
0.872094
0.847033
0.819932
0.790855
0.759872
0.727059
0.692495
0.656262
0.618449
0.579145
0.538447
0.496451
0.453259
0.408975
0.363706
0.31756
0.27065
0.223088
0.174988
0.126467
0.0776405
0.0286275
-0.0204546
-0.0694873
-0.118353
-0.166933
-0.215111
-0.262771
-0.309798
-0.356078
-0.401501
-0.445956
-0.489337
-0.53154
-0.572461
-0.612004
-0.650072
-0.686574
-0.721422
-0.754532
-0.785825
-0.815224
-0.842659
-0.868065
-0.891379
-0.912545
-0.931514
-0.948238
-0.962678
-0.974798
-0.98457
-0.991977
-0.997024
-0.999476
-0.999857
-0.997582
-0.992971
-0.985968
-0.976589
-0.964858
-0.950802
-0.934456
-0.915858
-0.895054
-0.872094
-0.847033
-0.819932
-0.790855
-0.759872
-0.727059
-0.692495
-0.656262
-0.618449
-0.579145
-0.538447
-0.496451
-0.453259
-0.408975
-0.363706
-0.31756
-0.27065
-0.223088
