0.998479
0.996476
0.989646
0.980437
0.969412
0.95628
0.940827
0.923065
0.903074
0.880912
0.85663
0.830283
0.801936
0.771657
0.739519
0.7056
0.669981
0.632747
0.593989
0.553801
0.512278
0.469521
0.425633
0.380719
0.334889
0.288251
0.240919
0.193007
0.14463
0.0959041
0.0469474
-0.00212236
-0.051187
-0.100128
-0.148829
-0.19717
-0.245037
-0.292313
-0.338885
-0.384641
-0.42947
-0.473264
-0.515919
-0.55733
-0.597399
-0.636028
-0.673126
-0.708601
-0.74237
-0.77435
-0.804465
-0.832642
-0.858814
-0.882916
-0.904886
-0.924668
-0.942225
-0.957548
-0.970637
-0.981435
-0.989755
-0.995312
-0.997878
-0.998448
-0.998479
-0.996476
-0.989646
-0.980437
-0.969412
-0.95628
-0.940827
-0.923065
-0.903074
-0.880912
-0.85663
-0.830283
-0.801936
-0.771657
-0.739519
-0.7056
-0.669981
-0.632747
-0.593989
-0.553801
-0.512278
-0.469521
-0.425633
-0.380719
-0.334889
-0.288251
-0.240919
-0.193007
-0.14463
-0.0959041
-0.0469474
0.00212236
0.051187
0.100128
0.148829
0.19717
0.245037
0.292313
0.338885
0.384641
0.42947
0.473264
0.515919
0.55733
0.597399
0.636028
0.673126
0.708601
0.74237
0.77435
0.804465
0.832642
0.858814
0.882916
0.904886
0.924668
0.942225
0.957548
0.970637
0.981435
0.989755
0.995312
0.997878
0.998448
