-0.520264
-0.561542
-0.601466
-0.639941
-0.676875
-0.712178
-0.745765
-0.777556
-0.807474
-0.835446
-0.861406
-0.885291
-0.907043
-0.926606
-0.943932
-0.958987
-0.971771
-0.982287
-0.990436
-0.99593
-0.998404
-0.998891
-0.998799
-0.995356
-0.988268
-0.979273
-0.968226
-0.954831
-0.939092
-0.921095
-0.900884
-0.878501
-0.854001
-0.827444
-0.798894
-0.768419
-0.736093
-0.701994
-0.666203
-0.628808
-0.589897
-0.549566
-0.507911
-0.465032
-0.421032
-0.376019
-0.330099
-0.283385
-0.235987
-0.188022
-0.139603
-0.0908475
-0.0418735
0.00720139
0.0562589
0.105181
0.15385
0.202148
0.249959
0.297167
0.34366
0.389325
0.434052
0.477734
0.520264
0.561542
0.601466
0.639941
0.676875
0.712178
0.745765
0.777556
0.807474
0.835446
0.861406
0.885291
0.907043
0.926606
0.943932
0.958987
0.971771
0.982287
0.990436
0.99593
0.998404
0.998891
0.998799
0.995356
0.988268
0.979273
0.968226
0.954831
0.939092
0.921095
0.900884
0.878501
0.854001
0.827444
0.798894
0.768419
0.736093
0.701994
0.666203
0.628808
0.589897
0.549566
0.507911
0.465032
0.421032
0.376019
0.330099
0.283385
0.235987
0.188022
0.139603
0.0908475
0.0418735
-0.00720139
-0.0562589
-0.105181
-0.15385
-0.202148
-0.249959
-0.297167
-0.34366
-0.389325
-0.434052
-0.477734
