-0.934465
-0.950803
-0.964853
-0.976618
-0.9861
-0.993173
-0.997492
-0.998909
-0.999091
-0.997853
-0.992304
-0.984503
-0.974754
-0.962675
-0.948226
-0.931497
-0.912529
-0.891361
-0.868045
-0.842639
-0.815202
-0.785801
-0.754508
-0.721396
-0.686547
-0.650044
-0.611975
-0.572431
-0.531509
-0.489306
-0.445924
-0.401468
-0.356045
-0.309764
-0.262737
-0.215076
-0.166898
-0.118318
-0.0694523
-0.0204196
0.0286623
0.0776752
0.126501
0.175022
0.223121
0.270683
0.317593
0.363737
0.409006
0.453289
0.49648
0.538475
0.579172
0.618475
0.656287
0.692519
0.727082
0.759893
0.790874
0.819949
0.84705
0.872109
0.895068
0.915871
0.934465
0.950803
0.964853
0.976618
0.9861
0.993173
0.997492
0.998909
0.999091
0.997853
0.992304
0.984503
0.974754
0.962675
0.948226
0.931497
0.912529
0.891361
0.868045
0.842639
0.815202
0.785801
0.754508
0.721396
0.686547
0.650044
0.611975
0.572431
0.531509
0.489306
0.445924
0.401468
0.356045
0.309764
0.262737
0.215076
0.166898
0.118318
0.0694523
0.0204196
-0.0286623
-0.0776752
-0.126501
-0.175022
-0.223121
-0.270683
-0.317593
-0.363737
-0.409006
-0.453289
-0.49648
-0.538475
-0.579172
-0.618475
-0.656287
-0.692519
-0.727082
-0.759893
-0.790874
-0.819949
-0.84705
-0.872109
-0.895068
-0.915871
