0.881883
0.857688
0.831426
0.803161
0.772962
0.7409
0.707053
0.671503
0.634336
0.59564
0.555509
0.51404
0.471332
0.427489
0.382617
0.336822
0.290216
0.242911
0.195021
0.146661
0.0979471
0.0489977
-6.97982e-05
-0.0491371
-0.098086
-0.146799
-0.195158
-0.243046
-0.29035
-0.336954
-0.382746
-0.427616
-0.471456
-0.51416
-0.555625
-0.595752
-0.634443
-0.671607
-0.707152
-0.740994
-0.77305
-0.803244
-0.831504
-0.857761
-0.881951
-0.904013
-0.923889
-0.941539
-0.956946
-0.970115
-0.981007
-0.989458
-0.99518
-0.997902
-0.998523
-0.998562
-0.996593
-0.989871
-0.980809
-0.969918
-0.956888
-0.941523
-0.923852
-0.903953
-0.881883
-0.857688
-0.831426
-0.803161
-0.772962
-0.7409
-0.707053
-0.671503
-0.634336
-0.59564
-0.555509
-0.51404
-0.471332
-0.427489
-0.382617
-0.336822
-0.290216
-0.242911
-0.195021
-0.146661
-0.0979471
-0.0489977
6.97982e-05
0.0491371
0.098086
0.146799
0.195158
0.243046
0.29035
0.336954
0.382746
0.427616
0.471456
0.51416
0.555625
0.595752
0.634443
0.671607
0.707152
0.740994
0.77305
0.803244
0.831504
0.857761
0.881951
0.904013
0.923889
0.941539
0.956946
0.970115
0.981007
0.989458
0.99518
0.997902
0.998523
0.998562
0.996593
0.989871
0.980809
0.969918
0.956888
0.941523
0.923852
0.903953
