0.96341
0.949173
0.932601
0.913761
0.892724
0.869541
0.844262
0.816948
0.787667
0.756488
0.723486
0.688742
0.652338
0.614363
0.574908
0.534068
0.491941
0.448629
0.404237
0.35887
0.312639
0.265655
0.21803
0.169881
0.121322
0.072471
0.0234453
-0.0256368
-0.0746572
-0.123498
-0.172041
-0.220169
-0.267767
-0.31472
-0.360915
-0.406241
-0.450587
-0.493849
-0.53592
-0.5767
-0.616091
-0.653998
-0.69033
-0.724998
-0.75792
-0.789015
-0.81821
-0.845435
-0.870623
-0.893712
-0.914641
-0.93336
-0.949844
-0.964092
-0.976092
-0.985739
-0.992786
-0.996945
-0.99832
-0.998529
-0.998148
-0.993547
-0.985415
-0.975387
-0.96341
-0.949173
-0.932601
-0.913761
-0.892724
-0.869541
-0.844262
-0.816948
-0.787667
-0.756488
-0.723486
-0.688742
-0.652338
-0.614363
-0.574908
-0.534068
-0.491941
-0.448629
-0.404237
-0.35887
-0.312639
-0.265655
-0.21803
-0.169881
-0.121322
-0.072471
-0.0234453
0.0256368
0.0746572
0.123498
0.172041
0.220169
0.267767
0.31472
0.360915
0.406241
0.450587
0.493849
0.53592
0.5767
0.616091
0.653998
0.69033
0.724998
0.75792
0.789015
0.81821
0.845435
0.870623
0.893712
0.914641
0.93336
0.949844
0.964092
0.976092
0.985739
0.992786
0.996945
0.99832
0.998529
0.998148
0.993547
0.985415
0.975387
