0.791568
0.806327
0.820599
0.834377
0.847653
0.860418
0.872664
0.884385
0.895573
0.906223
0.916327
0.925879
0.934874
0.943303
0.951159
0.958438
0.965139
0.971267
0.97683
0.981832
0.986268
0.99011
0.993313
0.995822
0.997591
0.998608
0.99895
0.99901
0.999012
0.998889
0.99774
0.995334
0.992179
0.988502
0.984354
0.979703
0.974504
0.968726
0.962358
0.955402
0.947866
0.939759
0.931086
0.921853
0.912065
0.901727
0.890846
0.879429
0.867482
0.855012
0.842028
0.828536
0.814545
0.800063
0.7851
0.769663
0.753763
0.737409
0.720611
0.703378
0.685722
0.667653
0.649182
0.630319
0.611077
0.591467
0.571501
0.55119
0.530548
0.509585
0.488316
0.466753
0.444908
0.422796
0.400429
0.37782
0.354984
0.331935
0.308685
0.285249
0.261642
0.237877
0.213968
0.189931
0.165779
0.141528
0.117191
0.0927837
0.0683204
0.043816
0.0192852
-0.00525723
-0.0297965
-0.0543178
-0.0788064
-0.103248
-0.127626
-0.151928
-0.176139
-0.200243
-0.224227
-0.248076
-0.271775
-0.295311
-0.318669
-0.341834
-0.364794
-0.387534
-0.410041
-0.432301
-0.4543
-0.476026
-0.497465
-0.518604
-0.539431
-0.559933
-0.580097
-0.599913
-0.619366
-0.638447
-0.657143
-0.675444
-0.693337
-0.710813
-0.727861
-0.74447
-0.760631
-0.776333
-0.791568
-0.806327
-0.820599
-0.834377
-0.847653
-0.860418
-0.872664
-0.884385
-0.895573
-0.906223
-0.916327
-0.925879
-0.934874
-0.943303
-0.951159
-0.958438
-0.965139
-0.971267
-0.97683
-0.981832
-0.986268
-0.99011
-0.993313
-0.995822
-0.997591
-0.998608
-0.99895
-0.99901
-0.999012
-0.998889
-0.99774
-0.995334
-0.992179
-0.988502
-0.984354
-0.979703
-0.974504
-0.968726
-0.962358
-0.955402
-0.947866
-0.939759
-0.931086
-0.921853
-0.912065
-0.901727
-0.890846
-0.879429
-0.867482
-0.855012
-0.842028
-0.828536
-0.814545
-0.800063
-0.7851
-0.769663
-0.753763
-0.737409
-0.720611
-0.703378
-0.685722
-0.667653
-0.649182
-0.630319
-0.611077
-0.591467
-0.571501
-0.55119
-0.530548
-0.509585
-0.488316
-0.466753
-0.444908
-0.422796
-0.400429
-0.37782
-0.354984
-0.331935
-0.308685
-0.285249
-0.261642
-0.237877
-0.213968
-0.189931
-0.165779
-0.141528
-0.117191
-0.0927837
-0.0683204
-0.043816
-0.0192852
0.00525723
0.0297965
0.0543178
0.0788064
0.103248
0.127626
0.151928
0.176139
0.200243
0.224227
0.248076
0.271775
0.295311
0.318669
0.341834
0.364794
0.387534
0.410041
0.432301
0.4543
0.476026
0.497465
0.518604
0.539431
0.559933
0.580097
0.599913
0.619366
0.638447
0.657143
0.675444
0.693337
0.710813
0.727861
0.74447
0.760631
0.776333
