-0.978501
-0.967239
-0.953604
-0.937685
-0.919506
-0.899111
-0.87655
-0.851878
-0.825153
-0.796441
-0.765809
-0.733333
-0.69909
-0.663163
-0.625639
-0.586607
-0.546162
-0.504401
-0.461425
-0.417338
-0.372245
-0.326255
-0.27948
-0.232031
-0.184023
-0.135571
-0.0867935
-0.0378066
0.0112715
0.0603224
0.109228
0.15787
0.206132
0.253898
0.301052
0.34748
0.393072
0.437716
0.481306
0.523737
0.564906
0.604714
0.643065
0.679867
0.715031
0.748472
0.78011
0.809869
0.837677
0.863467
0.887177
0.90875
0.928133
0.945279
0.960143
0.9727
0.982961
0.990913
0.996352
0.998807
0.999246
0.99876
0.994363
0.987403
0.978501
0.967239
0.953604
0.937685
0.919506
0.899111
0.87655
0.851878
0.825153
0.796441
0.765809
0.733333
0.69909
0.663163
0.625639
0.586607
0.546162
0.504401
0.461425
0.417338
0.372245
0.326255
0.27948
0.232031
0.184023
0.135571
0.0867935
0.0378066
-0.0112715
-0.0603224
-0.109228
-0.15787
-0.206132
-0.253898
-0.301052
-0.34748
-0.393072
-0.437716
-0.481306
-0.523737
-0.564906
-0.604714
-0.643065
-0.679867
-0.715031
-0.748472
-0.78011
-0.809869
-0.837677
-0.863467
-0.887177
-0.90875
-0.928133
-0.945279
-0.960143
-0.9727
-0.982961
-0.990913
-0.996352
-0.998807
-0.999246
-0.99876
-0.994363
-0.987403
