0.0319077
0.0441705
0.0564268
0.0686745
0.0809119
0.0931371
0.105348
0.117544
0.129721
0.141879
0.154016
0.16613
0.178218
0.19028
0.202313
0.214315
0.226286
0.238222
0.250122
0.261985
0.273808
0.28559
0.297329
0.309023
0.320671
0.33227
0.343819
0.355317
0.366761
0.37815
0.389481
0.400755
0.411967
0.423118
0.434205
0.445227
0.456182
0.467067
0.477883
0.488627
0.499297
0.509892
0.52041
0.530849
0.541209
0.551487
0.561682
0.571793
0.581818
0.591754
0.601602
0.611359
0.621024
0.630596
0.640073
0.649453
0.658735
0.667918
0.677001
0.685982
0.694859
0.703632
0.712298
0.720858
0.729309
0.73765
0.74588
0.753998
0.762002
0.769891
0.777664
0.785321
0.792859
0.800277
0.807576
0.814752
0.821806
0.828736
0.835541
0.842221
0.848773
0.855198
0.861494
0.86766
0.873696
0.8796
0.885371
0.891009
0.896513
0.901882
0.907115
0.912212
0.917171
0.921992
0.926674
0.931217
0.93562
0.939881
0.944001
0.947979
0.951814
0.955506
0.959053
0.962457
0.965715
0.968828
0.971795
0.974616
0.97729
0.979817
0.982197
0.984428
0.98651
0.988442
0.990226
0.991863
0.993354
0.9947
0.9959
0.996949
0.997838
0.998558
0.999103
0.999475
0.999685
0.999761
0.999777
0.999778
0.999711
0.999263
0.998546
0.997691
0.996728
0.995645
0.994428
0.993064
0.99155
0.989884
0.988069
0.986104
0.983991
0.98173
0.979321
0.976764
0.974061
0.971211
0.968214
0.965072
0.961784
0.958352
0.954775
0.951054
0.947191
0.943184
0.939036
0.934746
0.930315
0.925744
0.921034
0.916185
0.911198
0.906074
0.900814
0.895418
0.889887
0.884222
0.878423
0.872493
0.866431
0.860239
0.853917
0.847466
0.840888
0.834183
0.827353
0.820398
0.813319
0.806118
0.798796
0.791353
0.783791
0.776111
0.768314
0.760402
0.752375
0.744234
0.735982
0.727619
0.719146
0.710565
0.701877
0.693083
0.684185
0.675183
0.66608
0.656877
0.647575
0.638175
0.628679
0.619089
0.609405
0.59963
0.589764
0.579809
0.569767
0.55964
0.549428
0.539133
0.528757
0.518301
0.507768
0.497158
0.486473
0.475715
0.464885
0.453985
0.443017
0.431982
0.420882
0.409718
0.398493
0.387208
0.375865
0.364465
0.35301
0.341502
0.329942
0.318333
0.306676
0.294972
0.283225
0.271434
0.259603
0.247733
0.235825
0.223882
0.211905
0.199896
0.187857
0.17579
0.163696
0.151578
0.139437
0.127275
0.115093
0.102895
0.0906806
0.0784528
0.0662132
0.0539636
0.0417059
0.0294419
0.0171735
0.00490244
-0.00736932
-0.01964
-0.0319077
-0.0441705
-0.0564268
-0.0686745
-0.0809119
-0.0931371
-0.105348
-0.117544
-0.129721
-0.141879
-0.154016
-0.16613
-0.178218
-0.19028
-0.202313
-0.214315
-0.226286
-0.238222
-0.250122
-0.261985
-0.273808
-0.28559
-0.297329
-0.309023
-0.320671
-0.33227
-0.343819
-0.355317
-0.366761
-0.37815
-0.389481
-0.400755
-0.411967
-0.423118
-0.434205
-0.445227
-0.456182
-0.467067
-0.477883
-0.488627
-0.499297
-0.509892
-0.52041
-0.530849
-0.541209
-0.551487
-0.561682
-0.571793
-0.581818
-0.591754
-0.601602
-0.611359
-0.621024
-0.630596
-0.640073
-0.649453
-0.658735
-0.667918
-0.677001
-0.685982
-0.694859
-0.703632
-0.712298
-0.720858
-0.729309
-0.73765
-0.74588
-0.753998
-0.762002
-0.769891
-0.777664
-0.785321
-0.792859
-0.800277
-0.807576
-0.814752
-0.821806
-0.828736
-0.835541
-0.842221
-0.848773
-0.855198
-0.861494
-0.86766
-0.873696
-0.8796
-0.885371
-0.891009
-0.896513
-0.901882
-0.907115
-0.912212
-0.917171
-0.921992
-0.926674
-0.931217
-0.93562
-0.939881
-0.944001
-0.947979
-0.951814
-0.955506
-0.959053
-0.962457
-0.965715
-0.968828
-0.971795
-0.974616
-0.97729
-0.979817
-0.982197
-0.984428
-0.98651
-0.988442
-0.990226
-0.991863
-0.993354
-0.9947
-0.9959
-0.996949
-0.997838
-0.998558
-0.999103
-0.999475
-0.999685
-0.999761
-0.999777
-0.999778
-0.999711
-0.999263
-0.998546
-0.997691
-0.996728
-0.995645
-0.994428
-0.993064
-0.99155
-0.989884
-0.988069
-0.986104
-0.983991
-0.98173
-0.979321
-0.976764
-0.974061
-0.971211
-0.968214
-0.965072
-0.961784
-0.958352
-0.954775
-0.951054
-0.947191
-0.943184
-0.939036
-0.934746
-0.930315
-0.925744
-0.921034
-0.916185
-0.911198
-0.906074
-0.900814
-0.895418
-0.889887
-0.884222
-0.878423
-0.872493
-0.866431
-0.860239
-0.853917
-0.847466
-0.840888
-0.834183
-0.827353
-0.820398
-0.813319
-0.806118
-0.798796
-0.791353
-0.783791
-0.776111
-0.768314
-0.760402
-0.752375
-0.744234
-0.735982
-0.727619
-0.719146
-0.710565
-0.701877
-0.693083
-0.684185
-0.675183
-0.66608
-0.656877
-0.647575
-0.638175
-0.628679
-0.619089
-0.609405
-0.59963
-0.589764
-0.579809
-0.569767
-0.55964
-0.549428
-0.539133
-0.528757
-0.518301
-0.507768
-0.497158
-0.486473
-0.475715
-0.464885
-0.453985
-0.443017
-0.431982
-0.420882
-0.409718
-0.398493
-0.387208
-0.375865
-0.364465
-0.35301
-0.341502
-0.329942
-0.318333
-0.306676
-0.294972
-0.283225
-0.271434
-0.259603
-0.247733
-0.235825
-0.223882
-0.211905
-0.199896
-0.187857
-0.17579
-0.163696
-0.151578
-0.139437
-0.127275
-0.115093
-0.102895
-0.0906806
-0.0784528
-0.0662132
-0.0539636
-0.0417059
-0.0294419
-0.0171735
-0.00490244
0.00736932
0.01964
