0.561454
0.520174
0.477641
0.433957
0.389228
0.343561
0.297067
0.249857
0.202045
0.153746
0.105077
0.0561543
0.00709668
-0.0419781
-0.0909517
-0.139706
-0.188124
-0.236089
-0.283485
-0.330198
-0.376115
-0.421127
-0.465124
-0.508
-0.549653
-0.589981
-0.628888
-0.66628
-0.702067
-0.736163
-0.768485
-0.798956
-0.827502
-0.854055
-0.878551
-0.900928
-0.92113
-0.939106
-0.954834
-0.968314
-0.979535
-0.988373
-0.994559
-0.997771
-0.998586
-0.998665
-0.997147
-0.990894
-0.982183
-0.97164
-0.95895
-0.943915
-0.926571
-0.906995
-0.885239
-0.861351
-0.835387
-0.807411
-0.777489
-0.745694
-0.712103
-0.676797
-0.63986
-0.601381
-0.561454
-0.520174
-0.477641
-0.433957
-0.389228
-0.343561
-0.297067
-0.249857
-0.202045
-0.153746
-0.105077
-0.0561543
-0.00709668
0.0419781
0.0909517
0.139706
0.188124
0.236089
0.283485
0.330198
0.376115
0.421127
0.465124
0.508
0.549653
0.589981
0.628888
0.66628
0.702067
0.736163
0.768485
0.798956
0.827502
0.854055
0.878551
0.900928
0.92113
0.939106
0.954834
0.968314
0.979535
0.988373
0.994559
0.997771
0.998586
0.998665
0.997147
0.990894
0.982183
0.97164
0.95895
0.943915
0.926571
0.906995
0.885239
0.861351
0.835387
0.807411
0.777489
0.745694
0.712103
0.676797
0.63986
0.601381
