0.794645
0.823475
0.850323
0.875121
0.897805
0.918318
0.93662
0.952699
0.966555
0.978138
0.987287
0.993729
0.997241
0.998237
0.998372
0.997736
0.992458
0.983823
0.97332
0.960887
0.946222
0.929233
0.909978
0.888531
0.864949
0.839284
0.811596
0.781952
0.750425
0.717091
0.682028
0.645323
0.607062
0.56734
0.526251
0.483893
0.44037
0.395787
0.350249
0.303868
0.256755
0.209024
0.160788
0.112166
0.0632731
0.0142279
-0.0348516
-0.0838471
-0.132641
-0.181115
-0.229152
-0.276638
-0.323457
-0.369497
-0.414647
-0.458798
-0.501843
-0.54368
-0.584207
-0.623326
-0.660944
-0.696969
-0.731316
-0.7639
-0.794645
-0.823475
-0.850323
-0.875121
-0.897805
-0.918318
-0.93662
-0.952699
-0.966555
-0.978138
-0.987287
-0.993729
-0.997241
-0.998237
-0.998372
-0.997736
-0.992458
-0.983823
-0.97332
-0.960887
-0.946222
-0.929233
-0.909978
-0.888531
-0.864949
-0.839284
-0.811596
-0.781952
-0.750425
-0.717091
-0.682028
-0.645323
-0.607062
-0.56734
-0.526251
-0.483893
-0.44037
-0.395787
-0.350249
-0.303868
-0.256755
-0.209024
-0.160788
-0.112166
-0.0632731
-0.0142279
0.0348516
0.0838471
0.132641
0.181115
0.229152
0.276638
0.323457
0.369497
0.414647
0.458798
0.501843
0.54368
0.584207
0.623326
0.660944
0.696969
0.731316
0.7639
