0.882501
0.888206
0.893778
0.899214
0.904515
0.90968
0.914708
0.919599
0.92435
0.928963
0.933436
0.937768
0.941958
0.946007
0.949914
0.953677
0.957297
0.960773
0.964104
0.96729
0.97033
0.973224
0.975971
0.978572
0.981025
0.983331
0.985488
0.987496
0.989354
0.991064
0.992625
0.994041
0.995313
0.996437
0.99741
0.998222
0.998863
0.999329
0.999622
0.999758
0.999793
0.999798
0.999786
0.999506
0.998887
0.998104
0.997209
0.996199
0.995056
0.993767
0.992327
0.990736
0.988995
0.987105
0.985066
0.982879
0.980544
0.978061
0.975431
0.972654
0.969731
0.966662
0.963447
0.960086
0.956582
0.952933
0.949141
0.945206
0.941128
0.936909
0.932548
0.928048
0.923407
0.918627
0.91371
0.908654
0.903462
0.898133
0.892669
0.887071
0.88134
0.875475
0.869479
0.863352
0.857094
0.850708
0.844193
0.837552
0.830784
0.823891
0.816874
0.809735
0.802473
0.79509
0.787588
0.779966
0.772228
0.764373
0.756403
0.748319
0.740123
0.731815
0.723397
0.71487
0.706235
0.697494
0.688647
0.679697
0.670645
0.661492
0.652239
0.642888
0.63344
0.623897
0.614259
0.60453
0.594709
0.584799
0.5748
0.564715
0.554545
0.544291
0.533956
0.52354
0.513045
0.502473
0.491825
0.481104
0.470309
0.459444
0.44851
0.437508
0.426441
0.415309
0.404114
0.392859
0.381545
0.370173
0.358745
0.347263
0.335729
0.324145
0.312511
0.300831
0.289105
0.277336
0.265525
0.253674
0.241784
0.229859
0.217899
0.205906
0.193881
0.181828
0.169747
0.157641
0.145511
0.133359
0.121187
0.108997
0.0967906
0.0845694
0.0723354
0.0600906
0.0478367
0.0355756
0.0233092
0.0110392
-0.00123241
-0.0135038
-0.0257732
-0.0380388
-0.0502986
-0.0625508
-0.0747936
-0.0870251
-0.0992435
-0.111447
-0.123634
-0.135802
-0.147949
-0.160075
-0.172176
-0.184251
-0.196299
-0.208317
-0.220304
-0.232257
-0.244175
-0.256057
-0.2679
-0.279703
-0.291464
-0.303181
-0.314852
-0.326475
-0.33805
-0.349574
-0.361045
-0.372461
-0.383822
-0.395124
-0.406368
-0.41755
-0.428669
-0.439723
-0.450712
-0.461632
-0.472483
-0.483263
-0.49397
-0.504603
-0.515159
-0.525638
-0.536038
-0.546358
-0.556594
-0.566748
-0.576815
-0.586796
-0.596689
-0.606491
-0.616203
-0.625821
-0.635345
-0.644774
-0.654105
-0.663338
-0.672472
-0.681503
-0.690433
-0.699258
-0.707978
-0.716591
-0.725096
-0.733492
-0.741778
-0.749952
-0.758013
-0.76596
-0.773792
-0.781507
-0.789104
-0.796582
-0.803941
-0.811178
-0.818294
-0.825286
-0.832154
-0.838896
-0.845512
-0.852001
-0.858361
-0.864593
-0.870694
-0.876664
-0.882501
-0.888206
-0.893778
-0.899214
-0.904515
-0.90968
-0.914708
-0.919599
-0.92435
-0.928963
-0.933436
-0.937768
-0.941958
-0.946007
-0.949914
-0.953677
-0.957297
-0.960773
-0.964104
-0.96729
-0.97033
-0.973224
-0.975971
-0.978572
-0.981025
-0.983331
-0.985488
-0.987496
-0.989354
-0.991064
-0.992625
-0.994041
-0.995313
-0.996437
-0.99741
-0.998222
-0.998863
-0.999329
-0.999622
-0.999758
-0.999793
-0.999798
-0.999786
-0.999506
-0.998887
-0.998104
-0.997209
-0.996199
-0.995056
-0.993767
-0.992327
-0.990736
-0.988995
-0.987105
-0.985066
-0.982879
-0.980544
-0.978061
-0.975431
-0.972654
-0.969731
-0.966662
-0.963447
-0.960086
-0.956582
-0.952933
-0.949141
-0.945206
-0.941128
-0.936909
-0.932548
-0.928048
-0.923407
-0.918627
-0.91371
-0.908654
-0.903462
-0.898133
-0.892669
-0.887071
-0.88134
-0.875475
-0.869479
-0.863352
-0.857094
-0.850708
-0.844193
-0.837552
-0.830784
-0.823891
-0.816874
-0.809735
-0.802473
-0.79509
-0.787588
-0.779966
-0.772228
-0.764373
-0.756403
-0.748319
-0.740123
-0.731815
-0.723397
-0.71487
-0.706235
-0.697494
-0.688647
-0.679697
-0.670645
-0.661492
-0.652239
-0.642888
-0.63344
-0.623897
-0.614259
-0.60453
-0.594709
-0.584799
-0.5748
-0.564715
-0.554545
-0.544291
-0.533956
-0.52354
-0.513045
-0.502473
-0.491825
-0.481104
-0.470309
-0.459444
-0.44851
-0.437508
-0.426441
-0.415309
-0.404114
-0.392859
-0.381545
-0.370173
-0.358745
-0.347263
-0.335729
-0.324145
-0.312511
-0.300831
-0.289105
-0.277336
-0.265525
-0.253674
-0.241784
-0.229859
-0.217899
-0.205906
-0.193881
-0.181828
-0.169747
-0.157641
-0.145511
-0.133359
-0.121187
-0.108997
-0.0967906
-0.0845694
-0.0723354
-0.0600906
-0.0478367
-0.0355756
-0.0233092
-0.0110392
0.00123241
0.0135038
0.0257732
0.0380388
0.0502986
0.0625508
0.0747936
0.0870251
0.0992435
0.111447
0.123634
0.135802
0.147949
0.160075
0.172176
0.184251
0.196299
0.208317
0.220304
0.232257
0.244175
0.256057
0.2679
0.279703
0.291464
0.303181
0.314852
0.326475
0.33805
0.349574
0.361045
0.372461
0.383822
0.395124
0.406368
0.41755
0.428669
0.439723
0.450712
0.461632
0.472483
0.483263
0.49397
0.504603
0.515159
0.525638
0.536038
0.546358
0.556594
0.566748
0.576815
0.586796
0.596689
0.606491
0.616203
0.625821
0.635345
0.644774
0.654105
0.663338
0.672472
0.681503
0.690433
0.699258
0.707978
0.716591
0.725096
0.733492
0.741778
0.749952
0.758013
0.76596
0.773792
0.781507
0.789104
0.796582
0.803941
0.811178
0.818294
0.825286
0.832154
0.838896
0.845512
0.852001
0.858361
0.864593
0.870694
0.876664
