0.38088
0.42579
0.469674
0.512427
0.553945
0.594129
0.632881
0.670109
0.705722
0.739635
0.771767
0.802039
0.83038
0.856721
0.880995
0.903138
0.9231
0.94085
0.956387
0.969695
0.980687
0.989159
0.994845
0.99757
0.99822
0.998282
0.996989
0.990649
0.981436
0.970414
0.957421
0.942181
0.924625
0.904817
0.88283
0.858721
0.832543
0.80436
0.774238
0.742252
0.708477
0.672995
0.635893
0.597258
0.557184
0.515768
0.47311
0.429312
0.384479
0.33872
0.292146
0.244867
0.196999
0.148656
0.0999546
0.0510127
0.00194786
-0.0471217
-0.0960777
-0.144802
-0.193178
-0.241088
-0.288418
-0.335052
-0.38088
-0.42579
-0.469674
-0.512427
-0.553945
-0.594129
-0.632881
-0.670109
-0.705722
-0.739635
-0.771767
-0.802039
-0.83038
-0.856721
-0.880995
-0.903138
-0.9231
-0.94085
-0.956387
-0.969695
-0.980687
-0.989159
-0.994845
-0.99757
-0.99822
-0.998282
-0.996989
-0.990649
-0.981436
-0.970414
-0.957421
-0.942181
-0.924625
-0.904817
-0.88283
-0.858721
-0.832543
-0.80436
-0.774238
-0.742252
-0.708477
-0.672995
-0.635893
-0.597258
-0.557184
-0.515768
-0.47311
-0.429312
-0.384479
-0.33872
-0.292146
-0.244867
-0.196999
-0.148656
-0.0999546
-0.0510127
-0.00194786
0.0471217
0.0960777
0.144802
0.193178
0.241088
0.288418
0.335052
