0.112201
0.0633081
0.0142628
-0.0348168
-0.0838126
-0.132606
-0.181081
-0.229119
-0.276605
-0.323425
-0.369466
-0.414616
-0.458768
-0.501815
-0.543652
-0.58418
-0.623301
-0.66092
-0.696946
-0.731294
-0.76388
-0.794626
-0.823457
-0.850305
-0.875105
-0.897796
-0.918321
-0.936627
-0.952679
-0.966472
-0.978011
-0.987217
-0.993851
-0.997579
-0.998642
-0.99877
-0.997622
-0.991851
-0.983501
-0.973312
-0.960963
-0.946258
-0.929241
-0.90999
-0.888551
-0.86497
-0.839305
-0.811619
-0.781977
-0.750451
-0.717117
-0.682056
-0.645351
-0.607092
-0.56737
-0.526282
-0.483925
-0.440403
-0.39582
-0.350283
-0.303902
-0.25679
-0.209058
-0.160823
-0.112201
-0.0633081
-0.0142628
0.0348168
0.0838126
0.132606
0.181081
0.229119
0.276605
0.323425
0.369466
0.414616
0.458768
0.501815
0.543652
0.58418
0.623301
0.66092
0.696946
0.731294
0.76388
0.794626
0.823457
0.850305
0.875105
0.897796
0.918321
0.936627
0.952679
0.966472
0.978011
0.987217
0.993851
0.997579
0.998642
0.99877
0.997622
0.991851
0.983501
0.973312
0.960963
0.946258
0.929241
0.90999
0.888551
0.86497
0.839305
0.811619
0.781977
0.750451
0.717117
0.682056
0.645351
0.607092
0.56737
0.526282
0.483925
0.440403
0.39582
0.350283
0.303902
0.25679
0.209058
0.160823
