-0.995148
-0.99836
-0.999117
-0.999096
-0.99605
-0.989524
-0.981112
-0.97052
-0.957527
-0.942218
-0.924648
-0.904848
-0.882869
-0.858762
-0.832587
-0.804406
-0.774287
-0.742303
-0.70853
-0.673051
-0.63595
-0.597317
-0.557245
-0.515831
-0.473174
-0.429377
-0.384546
-0.338788
-0.292214
-0.244936
-0.197068
-0.148726
-0.100025
-0.0510827
-0.00201767
0.0470522
0.0960088
0.144734
0.193111
0.241022
0.288353
0.334989
0.380818
0.425729
0.469615
0.51237
0.55389
0.594076
0.632831
0.670061
0.705677
0.739593
0.771727
0.802002
0.830345
0.856688
0.880966
0.903123
0.923104
0.940859
0.956342
0.969529
0.980426
0.989024
0.995148
0.99836
0.999117
0.999096
0.99605
0.989524
0.981112
0.97052
0.957527
0.942218
0.924648
0.904848
0.882869
0.858762
0.832587
0.804406
0.774287
0.742303
0.70853
0.673051
0.63595
0.597317
0.557245
0.515831
0.473174
0.429377
0.384546
0.338788
0.292214
0.244936
0.197068
0.148726
0.100025
0.0510827
0.00201767
-0.0470522
-0.0960088
-0.144734
-0.193111
-0.241022
-0.288353
-0.334989
-0.380818
-0.425729
-0.469615
-0.51237
-0.55389
-0.594076
-0.632831
-0.670061
-0.705677
-0.739593
-0.771727
-0.802002
-0.830345
-0.856688
-0.880966
-0.903123
-0.923104
-0.940859
-0.956342
-0.969529
-0.980426
-0.989024
