0.34521
0.322073
0.298743
0.275232
0.251556
0.227728
0.203763
0.179676
0.15548
0.13119
0.106821
0.0823885
0.0579059
0.0333885
0.00885089
-0.015692
-0.0402255
-0.0647347
-0.0892049
-0.113621
-0.137969
-0.162234
-0.186402
-0.210457
-0.234385
-0.258172
-0.281803
-0.305265
-0.328543
-0.351623
-0.374491
-0.397133
-0.419537
-0.441687
-0.463572
-0.485177
-0.50649
-0.527498
-0.548188
-0.568549
-0.588566
-0.608229
-0.627526
-0.646444
-0.664974
-0.683102
-0.70082
-0.718115
-0.734977
-0.751397
-0.767364
-0.782869
-0.797903
-0.812455
-0.826519
-0.840084
-0.853144
-0.865689
-0.877713
-0.889209
-0.900168
-0.910586
-0.920455
-0.92977
-0.938526
-0.946716
-0.954334
-0.961373
-0.967829
-0.973703
-0.979001
-0.983733
-0.987903
-0.991493
-0.994459
-0.996735
-0.998259
-0.999002
-0.999179
-0.9992
-0.999164
-0.998535
-0.996581
-0.993816
-0.990513
-0.986732
-0.982438
-0.977582
-0.972138
-0.9661
-0.959473
-0.952267
-0.944488
-0.93614
-0.927229
-0.917759
-0.907737
-0.897168
-0.886058
-0.874414
-0.862244
-0.849555
-0.836353
-0.822648
-0.808447
-0.79376
-0.778594
-0.762959
-0.746865
-0.730321
-0.713337
-0.695923
-0.67809
-0.659848
-0.641209
-0.622184
-0.602784
-0.583021
-0.562907
-0.542454
-0.521674
-0.500579
-0.479183
-0.457499
-0.435539
-0.413316
-0.390845
-0.368138
-0.34521
-0.322073
-0.298743
-0.275232
-0.251556
-0.227728
-0.203763
-0.179676
-0.15548
-0.13119
-0.106821
-0.0823885
-0.0579059
-0.0333885
-0.00885089
0.015692
0.0402255
0.0647347
0.0892049
0.113621
0.137969
0.162234
0.186402
0.210457
0.234385
0.258172
0.281803
0.305265
0.328543
0.351623
0.374491
0.397133
0.419537
0.441687
0.463572
0.485177
0.50649
0.527498
0.548188
0.568549
0.588566
0.608229
0.627526
0.646444
0.664974
0.683102
0.70082
0.718115
0.734977
0.751397
0.767364
0.782869
0.797903
0.812455
0.826519
0.840084
0.853144
0.865689
0.877713
0.889209
0.900168
0.910586
0.920455
0.92977
0.938526
0.946716
0.954334
0.961373
0.967829
0.973703
0.979001
0.983733
0.987903
0.991493
0.994459
0.996735
0.998259
0.999002
0.999179
0.9992
0.999164
0.998535
0.996581
0.993816
0.990513
0.986732
0.982438
0.977582
0.972138
0.9661
0.959473
0.952267
0.944488
0.93614
0.927229
0.917759
0.907737
0.897168
0.886058
0.874414
0.862244
0.849555
0.836353
0.822648
0.808447
0.79376
0.778594
0.762959
0.746865
0.730321
0.713337
0.695923
0.67809
0.659848
0.641209
0.622184
0.602784
0.583021
0.562907
0.542454
0.521674
0.500579
0.479183
0.457499
0.435539
0.413316
0.390845
0.368138
