0.643114
0.679914
0.715075
0.748514
0.780149
0.809906
0.837712
0.8635
0.887204
0.908762
0.928127
0.945274
0.960202
0.97289
0.983231
0.990995
0.995914
0.997918
0.99831
0.998301
0.995677
0.988281
0.978595
0.967106
0.953532
0.937658
0.919481
0.899076
0.87651
0.851836
0.825109
0.796394
0.76576
0.733281
0.699036
0.663107
0.625581
0.586547
0.5461
0.504338
0.461361
0.417272
0.372178
0.326187
0.279411
0.231961
0.183953
0.135501
0.0867235
0.0377366
-0.0113412
-0.0603917
-0.109297
-0.157938
-0.2062
-0.253964
-0.301117
-0.347544
-0.393134
-0.437777
-0.481365
-0.523793
-0.56496
-0.604766
-0.643114
-0.679914
-0.715075
-0.748514
-0.780149
-0.809906
-0.837712
-0.8635
-0.887204
-0.908762
-0.928127
-0.945274
-0.960202
-0.97289
-0.983231
-0.990995
-0.995914
-0.997918
-0.99831
-0.998301
-0.995677
-0.988281
-0.978595
-0.967106
-0.953532
-0.937658
-0.919481
-0.899076
-0.87651
-0.851836
-0.825109
-0.796394
-0.76576
-0.733281
-0.699036
-0.663107
-0.625581
-0.586547
-0.5461
-0.504338
-0.461361
-0.417272
-0.372178
-0.326187
-0.279411
-0.231961
-0.183953
-0.135501
-0.0867235
-0.0377366
0.0113412
0.0603917
0.109297
0.157938
0.2062
0.253964
0.301117
0.347544
0.393134
0.437777
0.481365
0.523793
0.56496
0.604766
