0.993067
0.991551
0.989885
0.988069
0.986104
0.983991
0.98173
0.979321
0.976765
0.974061
0.971211
0.968215
0.965072
0.961785
0.958352
0.954776
0.951055
0.947191
0.943185
0.939036
0.934746
0.930316
0.925745
0.921035
0.916186
0.911199
0.906075
0.900815
0.895418
0.889887
0.884222
0.878424
0.872494
0.866432
0.860239
0.853918
0.847467
0.840889
0.834184
0.827354
0.820399
0.81332
0.806119
0.798797
0.791354
0.783792
0.776112
0.768315
0.760403
0.752376
0.744236
0.735983
0.72762
0.719147
0.710566
0.701878
0.693084
0.684186
0.675185
0.666082
0.656878
0.647576
0.638177
0.628681
0.61909
0.609407
0.599631
0.589765
0.579811
0.569769
0.559641
0.549429
0.539134
0.528758
0.518303
0.507769
0.497159
0.486474
0.475716
0.464886
0.453986
0.443018
0.431983
0.420883
0.40972
0.398495
0.38721
0.375866
0.364466
0.353011
0.341503
0.329944
0.318335
0.306677
0.294974
0.283226
0.271436
0.259605
0.247734
0.235827
0.223884
0.211907
0.199898
0.187859
0.175792
0.163698
0.15158
0.139439
0.127276
0.115095
0.102896
0.0906823
0.0784545
0.0662149
0.0539653
0.0417076
0.0294436
0.0171751
0.00490411
-0.00736765
-0.0196383
-0.031906
-0.0441689
-0.0564251
-0.0686729
-0.0809102
-0.0931355
-0.105347
-0.117542
-0.12972
-0.141878
-0.154014
-0.166128
-0.178216
-0.190278
-0.202311
-0.214314
-0.226284
-0.23822
-0.25012
-0.261983
-0.273806
-0.285588
-0.297327
-0.309021
-0.320669
-0.332268
-0.343818
-0.355315
-0.366759
-0.378148
-0.38948
-0.400753
-0.411966
-0.423117
-0.434204
-0.445225
-0.45618
-0.467066
-0.477882
-0.488625
-0.499295
-0.50989
-0.520408
-0.530848
-0.541208
-0.551486
-0.561681
-0.571792
-0.581816
-0.591753
-0.601601
-0.611358
-0.621023
-0.630595
-0.640071
-0.649451
-0.658734
-0.667917
-0.677
-0.68598
-0.694858
-0.70363
-0.712297
-0.720857
-0.729308
-0.737649
-0.745879
-0.753996
-0.762001
-0.76989
-0.777663
-0.78532
-0.792858
-0.800276
-0.807575
-0.814751
-0.821805
-0.828735
-0.83554
-0.84222
-0.848772
-0.855197
-0.861493
-0.867659
-0.873695
-0.879599
-0.88537
-0.891009
-0.896513
-0.901882
-0.907115
-0.912211
-0.917171
-0.921992
-0.926674
-0.931217
-0.935619
-0.939881
-0.944001
-0.947978
-0.951813
-0.955505
-0.959053
-0.962456
-0.965715
-0.968828
-0.971795
-0.974616
-0.97729
-0.979817
-0.982196
-0.984428
-0.986511
-0.988444
-0.990228
-0.991863
-0.993351
-0.994693
-0.99589
-0.996939
-0.997835
-0.998567
-0.999126
-0.999508
-0.999722
-0.999795
-0.999809
-0.999809
-0.999695
-0.9992
-0.998491
-0.99766
-0.996716
-0.995646
-0.994431
-0.993067
-0.991551
-0.989885
-0.988069
-0.986104
-0.983991
-0.98173
-0.979321
-0.976765
-0.974061
-0.971211
-0.968215
-0.965072
-0.961785
-0.958352
-0.954776
-0.951055
-0.947191
-0.943185
-0.939036
-0.934746
-0.930316
-0.925745
-0.921035
-0.916186
-0.911199
-0.906075
-0.900815
-0.895418
-0.889887
-0.884222
-0.878424
-0.872494
-0.866432
-0.860239
-0.853918
-0.847467
-0.840889
-0.834184
-0.827354
-0.820399
-0.81332
-0.806119
-0.798797
-0.791354
-0.783792
-0.776112
-0.768315
-0.760403
-0.752376
-0.744236
-0.735983
-0.72762
-0.719147
-0.710566
-0.701878
-0.693084
-0.684186
-0.675185
-0.666082
-0.656878
-0.647576
-0.638177
-0.628681
-0.61909
-0.609407
-0.599631
-0.589765
-0.579811
-0.569769
-0.559641
-0.549429
-0.539134
-0.528758
-0.518303
-0.507769
-0.497159
-0.486474
-0.475716
-0.464886
-0.453986
-0.443018
-0.431983
-0.420883
-0.40972
-0.398495
-0.38721
-0.375866
-0.364466
-0.353011
-0.341503
-0.329944
-0.318335
-0.306677
-0.294974
-0.283226
-0.271436
-0.259605
-0.247734
-0.235827
-0.223884
-0.211907
-0.199898
-0.187859
-0.175792
-0.163698
-0.15158
-0.139439
-0.127276
-0.115095
-0.102896
-0.0906823
-0.0784545
-0.0662149
-0.0539653
-0.0417076
-0.0294436
-0.0171751
-0.00490411
0.00736765
0.0196383
0.031906
0.0441689
0.0564251
0.0686729
0.0809102
0.0931355
0.105347
0.117542
0.12972
0.141878
0.154014
0.166128
0.178216
0.190278
0.202311
0.214314
0.226284
0.23822
0.25012
0.261983
0.273806
0.285588
0.297327
0.309021
0.320669
0.332268
0.343818
0.355315
0.366759
0.378148
0.38948
0.400753
0.411966
0.423117
0.434204
0.445225
0.45618
0.467066
0.477882
0.488625
0.499295
0.50989
0.520408
0.530848
0.541208
0.551486
0.561681
0.571792
0.581816
0.591753
0.601601
0.611358
0.621023
0.630595
0.640071
0.649451
0.658734
0.667917
0.677
0.68598
0.694858
0.70363
0.712297
0.720857
0.729308
0.737649
0.745879
0.753996
0.762001
0.76989
0.777663
0.78532
0.792858
0.800276
0.807575
0.814751
0.821805
0.828735
0.83554
0.84222
0.848772
0.855197
0.861493
0.867659
0.873695
0.879599
0.88537
0.891009
0.896513
0.901882
0.907115
0.912211
0.917171
0.921992
0.926674
0.931217
0.935619
0.939881
0.944001
0.947978
0.951813
0.955505
0.959053
0.962456
0.965715
0.968828
0.971795
0.974616
0.97729
0.979817
0.982196
0.984428
0.986511
0.988444
0.990228
0.991863
0.993351
0.994693
0.99589
0.996939
0.997835
0.998567
0.999126
0.999508
0.999722
0.999795
0.999809
0.999809
0.999695
0.9992
0.998491
0.99766
0.996716
0.995646
0.994431
