0.213207
0.260889
0.307942
0.354254
0.399713
0.444208
0.487634
0.529884
0.570858
0.610457
0.648585
0.685151
0.720066
0.753246
0.784612
0.814088
0.841604
0.867092
0.890484
0.911723
0.930765
0.947595
0.962212
0.974574
0.984543
0.991872
0.996317
0.997954
0.998241
0.998182
0.994912
0.98709
0.977076
0.965258
0.951347
0.935142
0.91664
0.895915
0.873038
0.84806
0.821038
0.792039
0.761131
0.728389
0.693893
0.657726
0.619973
0.580727
0.540082
0.498136
0.45499
0.410748
0.365517
0.319404
0.272523
0.224984
0.176904
0.128398
0.0795817
0.0305743
-0.0185069
-0.0675435
-0.116417
-0.165011
-0.213207
-0.260889
-0.307942
-0.354254
-0.399713
-0.444208
-0.487634
-0.529884
-0.570858
-0.610457
-0.648585
-0.685151
-0.720066
-0.753246
-0.784612
-0.814088
-0.841604
-0.867092
-0.890484
-0.911723
-0.930765
-0.947595
-0.962212
-0.974574
-0.984543
-0.991872
-0.996317
-0.997954
-0.998241
-0.998182
-0.994912
-0.98709
-0.977076
-0.965258
-0.951347
-0.935142
-0.91664
-0.895915
-0.873038
-0.84806
-0.821038
-0.792039
-0.761131
-0.728389
-0.693893
-0.657726
-0.619973
-0.580727
-0.540082
-0.498136
-0.45499
-0.410748
-0.365517
-0.319404
-0.272523
-0.224984
-0.176904
-0.128398
-0.0795817
-0.0305743
0.0185069
0.0675435
0.116417
0.165011
