-0.927354
-0.907876
-0.886212
-0.862413
-0.836536
-0.808643
-0.778803
-0.747086
-0.71357
-0.678334
-0.641465
-0.60305
-0.563182
-0.521958
-0.479476
-0.435839
-0.391152
-0.345522
-0.299061
-0.251878
-0.204089
-0.155809
-0.107153
-0.0582386
-0.00918411
0.0398925
0.088873
0.137639
0.186074
0.234061
0.281483
0.328228
0.374182
0.419234
0.463276
0.506203
0.54791
0.588296
0.627266
0.664725
0.700582
0.734751
0.76715
0.797701
0.826331
0.852969
0.877553
0.900023
0.920325
0.938409
0.95423
0.967749
0.978957
0.987867
0.994397
0.99819
0.999241
0.999291
0.996578
0.990479
0.982494
0.972231
0.959563
0.944597
0.927354
0.907876
0.886212
0.862413
0.836536
0.808643
0.778803
0.747086
0.71357
0.678334
0.641465
0.60305
0.563182
0.521958
0.479476
0.435839
0.391152
0.345522
0.299061
0.251878
0.204089
0.155809
0.107153
0.0582386
0.00918411
-0.0398925
-0.088873
-0.137639
-0.186074
-0.234061
-0.281483
-0.328228
-0.374182
-0.419234
-0.463276
-0.506203
-0.54791
-0.588296
-0.627266
-0.664725
-0.700582
-0.734751
-0.76715
-0.797701
-0.826331
-0.852969
-0.877553
-0.900023
-0.920325
-0.938409
-0.95423
-0.967749
-0.978957
-0.987867
-0.994397
-0.99819
-0.999241
-0.999291
-0.996578
-0.990479
-0.982494
-0.972231
-0.959563
-0.944597
