0.967328
0.978762
0.987767
0.994068
0.99742
0.998327
0.99844
0.997556
0.991882
0.983154
0.972595
0.960051
0.945237
0.928098
0.908703
0.887123
0.86341
0.837616
0.809804
0.780041
0.748399
0.714954
0.679786
0.642981
0.604627
0.564817
0.523645
0.481212
0.43762
0.392974
0.34738
0.30095
0.253795
0.206029
0.157766
0.109123
0.0602175
0.0111667
-0.037911
-0.0868974
-0.135674
-0.184125
-0.232131
-0.279579
-0.326353
-0.37234
-0.417431
-0.461516
-0.504489
-0.546247
-0.586689
-0.625717
-0.663238
-0.699162
-0.733401
-0.765873
-0.7965
-0.825208
-0.85193
-0.876598
-0.89915
-0.919528
-0.93769
-0.953623
-0.967328
-0.978762
-0.987767
-0.994068
-0.99742
-0.998327
-0.99844
-0.997556
-0.991882
-0.983154
-0.972595
-0.960051
-0.945237
-0.928098
-0.908703
-0.887123
-0.86341
-0.837616
-0.809804
-0.780041
-0.748399
-0.714954
-0.679786
-0.642981
-0.604627
-0.564817
-0.523645
-0.481212
-0.43762
-0.392974
-0.34738
-0.30095
-0.253795
-0.206029
-0.157766
-0.109123
-0.0602175
-0.0111667
0.037911
0.0868974
0.135674
0.184125
0.232131
0.279579
0.326353
0.37234
0.417431
0.461516
0.504489
0.546247
0.586689
0.625717
0.663238
0.699162
0.733401
0.765873
0.7965
0.825208
0.85193
0.876598
0.89915
0.919528
0.93769
0.953623
