-0.237069
-0.284452
-0.33115
-0.37705
-0.422042
-0.466017
-0.508869
-0.550496
-0.590796
-0.629673
-0.667033
-0.702786
-0.736846
-0.769131
-0.799563
-0.828069
-0.85458
-0.879032
-0.901367
-0.921527
-0.939461
-0.955134
-0.968541
-0.979687
-0.988493
-0.994708
-0.99796
-0.998773
-0.998839
-0.996894
-0.990488
-0.981909
-0.971429
-0.958687
-0.943581
-0.926188
-0.906571
-0.884771
-0.860839
-0.834833
-0.806816
-0.776855
-0.745023
-0.711396
-0.676055
-0.639085
-0.600576
-0.56062
-0.519313
-0.476755
-0.433049
-0.388299
-0.342614
-0.296104
-0.24888
-0.201057
-0.152749
-0.104073
-0.0551471
-0.00608787
0.042986
0.0919564
0.140705
0.189115
0.237069
0.284452
0.33115
0.37705
0.422042
0.466017
0.508869
0.550496
0.590796
0.629673
0.667033
0.702786
0.736846
0.769131
0.799563
0.828069
0.85458
0.879032
0.901367
0.921527
0.939461
0.955134
0.968541
0.979687
0.988493
0.994708
0.99796
0.998773
0.998839
0.996894
0.990488
0.981909
0.971429
0.958687
0.943581
0.926188
0.906571
0.884771
0.860839
0.834833
0.806816
0.776855
0.745023
0.711396
0.676055
0.639085
0.600576
0.56062
0.519313
0.476755
0.433049
0.388299
0.342614
0.296104
0.24888
0.201057
0.152749
0.104073
0.0551471
0.00608787
-0.042986
-0.0919564
-0.140705
-0.189115
