-0.962115
-0.974351
-0.984308
-0.99191
-0.996858
-0.998802
-0.999108
-0.998457
-0.99366
-0.986266
-0.976975
-0.965392
-0.951426
-0.935169
-0.916665
-0.89595
-0.873078
-0.848102
-0.821083
-0.792086
-0.761181
-0.728442
-0.693948
-0.657782
-0.620032
-0.580788
-0.540144
-0.4982
-0.455055
-0.410814
-0.365584
-0.319472
-0.272591
-0.225054
-0.176974
-0.128467
-0.0796518
-0.0306442
0.0184372
0.0674742
0.116349
0.164943
0.21314
0.260823
0.307878
0.354191
0.399651
0.444148
0.487576
0.529828
0.570804
0.610405
0.648536
0.685104
0.720022
0.753205
0.784574
0.814052
0.841569
0.867059
0.890461
0.911717
0.930776
0.947587
0.962115
0.974351
0.984308
0.99191
0.996858
0.998802
0.999108
0.998457
0.99366
0.986266
0.976975
0.965392
0.951426
0.935169
0.916665
0.89595
0.873078
0.848102
0.821083
0.792086
0.761181
0.728442
0.693948
0.657782
0.620032
0.580788
0.540144
0.4982
0.455055
0.410814
0.365584
0.319472
0.272591
0.225054
0.176974
0.128467
0.0796518
0.0306442
-0.0184372
-0.0674742
-0.116349
-0.164943
-0.21314
-0.260823
-0.307878
-0.354191
-0.399651
-0.444148
-0.487576
-0.529828
-0.570804
-0.610405
-0.648536
-0.685104
-0.720022
-0.753205
-0.784574
-0.814052
-0.841569
-0.867059
-0.890461
-0.911717
-0.930776
-0.947587
