-0.552545
-0.572833
-0.592776
-0.612363
-0.63158
-0.650417
-0.668862
-0.686904
-0.704532
-0.721736
-0.738506
-0.75483
-0.7707
-0.786105
-0.801037
-0.815487
-0.829445
-0.842903
-0.855854
-0.86829
-0.880202
-0.891584
-0.902429
-0.91273
-0.922482
-0.931678
-0.940313
-0.948383
-0.95588
-0.9628
-0.969136
-0.974885
-0.980051
-0.984644
-0.988674
-0.992133
-0.994982
-0.997151
-0.998565
-0.99918
-0.999306
-0.999316
-0.999198
-0.998101
-0.995893
-0.99304
-0.989699
-0.98586
-0.981468
-0.976487
-0.970909
-0.96474
-0.957988
-0.95066
-0.942761
-0.934293
-0.925263
-0.915675
-0.905536
-0.894851
-0.883627
-0.871871
-0.85959
-0.846791
-0.833482
-0.819671
-0.805366
-0.790576
-0.77531
-0.759576
-0.743386
-0.726747
-0.709671
-0.692167
-0.674246
-0.655919
-0.637197
-0.618091
-0.598613
-0.578774
-0.558587
-0.538063
-0.517215
-0.496056
-0.474597
-0.452853
-0.430836
-0.40856
-0.386037
-0.363282
-0.340308
-0.317129
-0.293759
-0.270212
-0.246503
-0.222645
-0.198652
-0.17454
-0.150323
-0.126016
-0.101632
-0.0771875
-0.0526962
-0.0281733
-0.00363331
0.0209088
0.0454384
0.0699405
0.0944006
0.118804
0.143135
0.167381
0.191525
0.215555
0.239454
0.263209
0.286806
0.310229
0.333466
0.356502
0.379324
0.401917
0.424267
0.446363
0.468189
0.489733
0.510982
0.531924
0.552545
0.572833
0.592776
0.612363
0.63158
0.650417
0.668862
0.686904
0.704532
0.721736
0.738506
0.75483
0.7707
0.786105
0.801037
0.815487
0.829445
0.842903
0.855854
0.86829
0.880202
0.891584
0.902429
0.91273
0.922482
0.931678
0.940313
0.948383
0.95588
0.9628
0.969136
0.974885
0.980051
0.984644
0.988674
0.992133
0.994982
0.997151
0.998565
0.99918
0.999306
0.999316
0.999198
0.998101
0.995893
0.99304
0.989699
0.98586
0.981468
0.976487
0.970909
0.96474
0.957988
0.95066
0.942761
0.934293
0.925263
0.915675
0.905536
0.894851
0.883627
0.871871
0.85959
0.846791
0.833482
0.819671
0.805366
0.790576
0.77531
0.759576
0.743386
0.726747
0.709671
0.692167
0.674246
0.655919
0.637197
0.618091
0.598613
0.578774
0.558587
0.538063
0.517215
0.496056
0.474597
0.452853
0.430836
0.40856
0.386037
0.363282
0.340308
0.317129
0.293759
0.270212
0.246503
0.222645
0.198652
0.17454
0.150323
0.126016
0.101632
0.0771875
0.0526962
0.0281733
0.00363331
-0.0209088
-0.0454384
-0.0699405
-0.0944006
-0.118804
-0.143135
-0.167381
-0.191525
-0.215555
-0.239454
-0.263209
-0.286806
-0.310229
-0.333466
-0.356502
-0.379324
-0.401917
-0.424267
-0.446363
-0.468189
-0.489733
-0.510982
-0.531924
