0.849212
0.835998
0.822279
0.808066
0.793365
0.778187
0.76254
0.746434
0.729878
0.712882
0.695457
0.677613
0.659361
0.640712
0.621677
0.602267
0.582494
0.562371
0.541909
0.52112
0.500018
0.478614
0.456922
0.434955
0.412726
0.390248
0.367535
0.344601
0.321459
0.298124
0.274609
0.250929
0.227097
0.203129
0.179038
0.154839
0.130547
0.106177
0.0817425
0.0572588
0.0327407
0.00820276
-0.0163401
-0.0408731
-0.0653814
-0.0898504
-0.114265
-0.138611
-0.162874
-0.187038
-0.21109
-0.235015
-0.258798
-0.282425
-0.305882
-0.329155
-0.352229
-0.375092
-0.397728
-0.420125
-0.442269
-0.464146
-0.485744
-0.507049
-0.528049
-0.54873
-0.569081
-0.58909
-0.608743
-0.62803
-0.646939
-0.665457
-0.683575
-0.701282
-0.718565
-0.735416
-0.751824
-0.767779
-0.783272
-0.798293
-0.812833
-0.826883
-0.840435
-0.853481
-0.866013
-0.878023
-0.889505
-0.90045
-0.910853
-0.920708
-0.930008
-0.938747
-0.946922
-0.954526
-0.961554
-0.968004
-0.973871
-0.97915
-0.983841
-0.987938
-0.99144
-0.994346
-0.996652
-0.998358
-0.999462
-0.999965
-0.999865
-0.999163
-0.997859
-0.995954
-0.993449
-0.990345
-0.986645
-0.982351
-0.977465
-0.97199
-0.96593
-0.959288
-0.952068
-0.944274
-0.935912
-0.926986
-0.917502
-0.907465
-0.896881
-0.885757
-0.874099
-0.861915
-0.849212
-0.835998
-0.822279
-0.808066
-0.793365
-0.778187
-0.76254
-0.746434
-0.729878
-0.712882
-0.695457
-0.677613
-0.659361
-0.640712
-0.621677
-0.602267
-0.582494
-0.562371
-0.541909
-0.52112
-0.500018
-0.478614
-0.456922
-0.434955
-0.412726
-0.390248
-0.367535
-0.344601
-0.321459
-0.298124
-0.274609
-0.250929
-0.227097
-0.203129
-0.179038
-0.154839
-0.130547
-0.106177
-0.0817425
-0.0572588
-0.0327407
-0.00820276
0.0163401
0.0408731
0.0653814
0.0898504
0.114265
0.138611
0.162874
0.187038
0.21109
0.235015
0.258798
0.282425
0.305882
0.329155
0.352229
0.375092
0.397728
0.420125
0.442269
0.464146
0.485744
0.507049
0.528049
0.54873
0.569081
0.58909
0.608743
0.62803
0.646939
0.665457
0.683575
0.701282
0.718565
0.735416
0.751824
0.767779
0.783272
0.798293
0.812833
0.826883
0.840435
0.853481
0.866013
0.878023
0.889505
0.90045
0.910853
0.920708
0.930008
0.938747
0.946922
0.954526
0.961554
0.968004
0.973871
0.97915
0.983841
0.987938
0.99144
0.994346
0.996652
0.998358
0.999462
0.999965
0.999865
0.999163
0.997859
0.995954
0.993449
0.990345
0.986645
0.982351
0.977465
0.97199
0.96593
0.959288
0.952068
0.944274
0.935912
0.926986
0.917502
0.907465
0.896881
0.885757
0.874099
0.861915
