-0.950492
-0.957804
-0.964544
-0.970708
-0.976291
-0.981291
-0.985704
-0.989528
-0.992761
-0.9954
-0.997444
-0.998893
-0.999744
-0.999998
-0.999654
-0.998712
-0.997174
-0.995039
-0.99231
-0.988988
-0.985075
-0.980573
-0.975485
-0.969813
-0.963563
-0.956736
-0.949337
-0.941371
-0.932843
-0.923757
-0.914118
-0.903934
-0.893209
-0.88195
-0.870164
-0.857858
-0.84504
-0.831716
-0.817895
-0.803586
-0.788796
-0.773534
-0.75781
-0.741634
-0.725014
-0.707961
-0.690484
-0.672595
-0.654304
-0.635622
-0.61656
-0.597129
-0.577342
-0.557209
-0.536744
-0.515957
-0.494862
-0.473472
-0.451799
-0.429855
-0.407654
-0.385208
-0.362534
-0.339648
-0.316567
-0.293291
-0.269805
-0.246103
-0.222235
-0.198354
-0.174663
-0.151232
-0.127766
-0.103537
-0.0776502
-0.049598
-0.0197266
0.0107707
0.0404162
0.0682015
0.0940066
0.118438
0.142301
0.166134
0.190081
0.214047
0.237906
0.261595
0.285108
0.308448
0.331609
0.354573
0.377325
0.399851
0.422138
0.444172
0.465942
0.487432
0.508632
0.529527
0.550106
0.570356
0.590265
0.609822
0.629014
0.64783
0.666259
0.684289
0.701911
0.719113
0.735885
0.752217
0.7681
0.783524
0.79848
0.812958
0.82695
0.840448
0.853444
0.86593
0.877898
0.889341
0.900253
0.910627
0.920456
0.929736
0.93846
0.946622
0.954219
0.961246
0.967698
0.973572
0.978864
0.983571
0.98769
0.991218
0.994155
0.996497
0.998243
0.999393
0.999945
0.9999
0.999258
0.998017
0.996181
0.993749
0.990723
0.987105
0.982897
0.978102
0.972722
0.96676
0.960221
0.953108
0.945425
0.937177
0.928369
0.919006
0.909094
0.898639
0.887646
0.876123
0.864076
0.851513
0.838441
0.824867
0.810801
0.79625
0.781223
0.76573
0.749778
0.733379
0.716541
0.699275
0.681591
0.663499
0.645011
0.626138
0.60689
0.587279
0.567318
0.547017
0.52639
0.505448
0.484203
0.46267
0.44086
0.418786
0.396462
0.373901
0.351117
0.328122
0.304932
0.281559
0.258019
0.234323
0.210488
0.186527
0.162455
0.138285
0.114033
0.0897127
0.0653388
0.0409257
0.0164882
-0.0079591
-0.0324017
-0.0568249
-0.0812142
-0.105555
-0.129833
-0.154033
-0.178141
-0.202142
-0.226023
-0.249768
-0.273365
-0.296797
-0.320053
-0.343117
-0.365976
-0.388617
-0.411025
-0.433187
-0.455091
-0.476723
-0.498069
-0.519118
-0.539857
-0.560273
-0.580354
-0.600088
-0.619464
-0.638469
-0.657093
-0.675324
-0.693152
-0.710565
-0.727553
-0.744107
-0.760216
-0.77587
-0.791061
-0.805779
-0.820015
-0.833761
-0.847009
-0.859751
-0.871979
-0.883686
-0.894864
-0.905508
-0.91561
-0.925165
-0.934167
-0.942611
