0.00913941
-0.015308
-0.0397463
-0.0641608
-0.088537
-0.11286
-0.137116
-0.16129
-0.185367
-0.209334
-0.233176
-0.256878
-0.280426
-0.303808
-0.327007
-0.350011
-0.372806
-0.395378
-0.417714
-0.4398
-0.461623
-0.48317
-0.504429
-0.525386
-0.546028
-0.566345
-0.586323
-0.605951
-0.625216
-0.644108
-0.662615
-0.680726
-0.69843
-0.715717
-0.732575
-0.748996
-0.764969
-0.780486
-0.795535
-0.810109
-0.824199
-0.837796
-0.850893
-0.863481
-0.875553
-0.887101
-0.89812
-0.908601
-0.91854
-0.927929
-0.936764
-0.945039
-0.95275
-0.95989
-0.966457
-0.972447
-0.977855
-0.982679
-0.986915
-0.990562
-0.993616
-0.996077
-0.997942
-0.999211
-0.999883
-0.999957
-0.999433
-0.998312
-0.996594
-0.994281
-0.991373
-0.987873
-0.983783
-0.979104
-0.97384
-0.967995
-0.96157
-0.954571
-0.947002
-0.938866
-0.930169
-0.920917
-0.911114
-0.900766
-0.88988
-0.878462
-0.866519
-0.854058
-0.841087
-0.827613
-0.813644
-0.799189
-0.784257
-0.768855
-0.752994
-0.736683
-0.719932
-0.702751
-0.685149
-0.667138
-0.648728
-0.629931
-0.610757
-0.591217
-0.571325
-0.551091
-0.530528
-0.509648
-0.488463
-0.466985
-0.445228
-0.423204
-0.40093
-0.378423
-0.355698
-0.332754
-0.309582
-0.286172
-0.262552
-0.238816
-0.21512
-0.191605
-0.168261
-0.144815
-0.120727
-0.0953688
-0.068329
-0.0396851
-0.0100695
0.0195403
0.0482094
0.075397
0.101091
0.12568
0.149686
0.173515
0.197355
0.221211
0.245005
0.268663
0.292144
0.315437
0.338536
0.361435
0.38412
0.406576
0.428789
0.450745
0.472432
0.493836
0.514945
0.535747
0.556228
0.576377
0.596182
0.61563
0.63471
0.653411
0.671721
0.68963
0.707126
0.7242
0.740841
0.757039
0.772785
0.788069
0.802882
0.817215
0.83106
0.844408
0.857251
0.869582
0.881393
0.892677
0.903428
0.913639
0.923304
0.932416
0.940972
0.948965
0.956391
0.963246
0.969524
0.975224
0.98034
0.98487
0.988812
0.992163
0.994921
0.997084
0.998651
0.999621
0.999994
0.999769
0.998947
0.997528
0.995512
0.992901
0.989697
0.985902
0.981517
0.976545
0.97099
0.964855
0.958142
0.950858
0.943004
0.934588
0.925612
0.916084
0.906007
0.89539
0.884237
0.872556
0.860353
0.847636
0.834412
0.82069
0.806477
0.791782
0.776614
0.760982
0.744895
0.728362
0.711395
0.694002
0.676194
0.657982
0.639377
0.62039
0.601032
0.581315
0.56125
0.54085
0.520127
0.499092
0.47776
0.456142
0.434251
0.412101
0.389704
0.367074
0.344226
0.321171
0.297924
0.2745
0.250911
0.227172
0.203298
0.179302
0.155199
0.131003
0.106729
0.0823905
0.0580033
0.0335814
