0.860306
0.834257
0.806197
0.776196
0.744325
0.71066
0.675284
0.638281
0.59974
0.559754
0.51842
0.475837
0.432107
0.387337
0.341633
0.295106
0.247869
0.200034
0.151717
0.103035
0.0541048
0.00504415
-0.0440287
-0.0929955
-0.141738
-0.190139
-0.238083
-0.285452
-0.332134
-0.378016
-0.422987
-0.466939
-0.509767
-0.551366
-0.591637
-0.630482
-0.667809
-0.703527
-0.73755
-0.769796
-0.800188
-0.828652
-0.855119
-0.879527
-0.901816
-0.921932
-0.939827
-0.955458
-0.968788
-0.979783
-0.988418
-0.994672
-0.998529
-0.999981
-0.999024
-0.995661
-0.989898
-0.981751
-0.971239
-0.958387
-0.943226
-0.925793
-0.906129
-0.884283
-0.860306
-0.834257
-0.806197
-0.776196
-0.744325
-0.71066
-0.675284
-0.638281
-0.59974
-0.559754
-0.51842
-0.475837
-0.432107
-0.387337
-0.341633
-0.295106
-0.247869
-0.200034
-0.151717
-0.103035
-0.0541048
-0.00504415
0.0440287
0.0929955
0.141738
0.190139
0.238083
0.285452
0.332134
0.378016
0.422987
0.466939
0.509767
0.551366
0.591637
0.630482
0.667809
0.703527
0.73755
0.769796
0.800188
0.828652
0.855119
0.879527
0.901816
0.921932
0.939827
0.955458
0.968788
0.979783
0.988418
0.994672
0.998529
0.999981
0.999024
0.995661
0.989898
0.981751
0.971239
0.958387
0.943226
0.925793
0.906129
0.884283
