0.999967
0.998408
0.994443
0.988082
0.979341
0.968241
0.954808
0.939075
0.92108
0.900866
0.878481
0.85398
0.827422
0.798871
0.768395
0.736067
0.701967
0.666175
0.628779
0.589868
0.549535
0.507879
0.464999
0.421
0.375985
0.330066
0.28335
0.235953
0.187987
0.139568
0.0908125
0.0418385
-0.00723626
-0.0562936
-0.105215
-0.153884
-0.202181
-0.249992
-0.2972
-0.343692
-0.389356
-0.434083
-0.477763
-0.520293
-0.561569
-0.601492
-0.639966
-0.676899
-0.7122
-0.745786
-0.777576
-0.807492
-0.835463
-0.861421
-0.885304
-0.907054
-0.926618
-0.943951
-0.95901
-0.971758
-0.982165
-0.990206
-0.995861
-0.999118
-0.999967
-0.998408
-0.994443
-0.988082
-0.979341
-0.968241
-0.954808
-0.939075
-0.92108
-0.900866
-0.878481
-0.85398
-0.827422
-0.798871
-0.768395
-0.736067
-0.701967
-0.666175
-0.628779
-0.589868
-0.549535
-0.507879
-0.464999
-0.421
-0.375985
-0.330066
-0.28335
-0.235953
-0.187987
-0.139568
-0.0908125
-0.0418385
0.00723626
0.0562936
0.105215
0.153884
0.202181
0.249992
0.2972
0.343692
0.389356
0.434083
0.477763
0.520293
0.561569
0.601492
0.639966
0.676899
0.7122
0.745786
0.777576
0.807492
0.835463
0.861421
0.885304
0.907054
0.926618
0.943951
0.95901
0.971758
0.982165
0.990206
0.995861
0.999118
