0.713034
0.695612
0.677772
0.659524
0.640878
0.621846
0.602439
0.58267
0.56255
0.542091
0.521305
0.500205
0.478804
0.457115
0.43515
0.412923
0.390447
0.367736
0.344804
0.321664
0.29833
0.274817
0.251138
0.227307
0.20334
0.17925
0.155053
0.130762
0.106392
0.0819578
0.0574745
0.0329566
0.00841881
-0.0161241
-0.0406572
-0.0651659
-0.0896353
-0.114051
-0.138397
-0.162661
-0.186826
-0.210879
-0.234805
-0.258589
-0.282218
-0.305676
-0.328951
-0.352027
-0.374891
-0.39753
-0.419929
-0.442075
-0.463955
-0.485555
-0.506863
-0.527865
-0.54855
-0.568904
-0.588915
-0.608572
-0.627862
-0.646774
-0.665296
-0.683418
-0.701128
-0.718415
-0.73527
-0.751682
-0.767641
-0.783138
-0.798163
-0.812707
-0.826762
-0.840318
-0.853369
-0.865905
-0.87792
-0.889406
-0.900356
-0.910764
-0.920624
-0.929928
-0.938673
-0.946852
-0.954461
-0.961495
-0.96795
-0.973822
-0.979107
-0.983802
-0.987905
-0.991412
-0.994323
-0.996634
-0.998345
-0.999455
-0.999963
-0.999869
-0.999172
-0.997873
-0.995973
-0.993473
-0.990375
-0.986681
-0.982391
-0.977511
-0.972041
-0.965986
-0.959349
-0.952134
-0.944346
-0.935988
-0.927067
-0.917588
-0.907555
-0.896977
-0.885857
-0.874204
-0.862025
-0.849326
-0.836116
-0.822402
-0.808193
-0.793497
-0.778323
-0.76268
-0.746577
-0.730025
-0.713034
-0.695612
-0.677772
-0.659524
-0.640878
-0.621846
-0.602439
-0.58267
-0.56255
-0.542091
-0.521305
-0.500205
-0.478804
-0.457115
-0.43515
-0.412923
-0.390447
-0.367736
-0.344804
-0.321664
-0.29833
-0.274817
-0.251138
-0.227307
-0.20334
-0.17925
-0.155053
-0.130762
-0.106392
-0.0819578
-0.0574745
-0.0329566
-0.00841881
0.0161241
0.0406572
0.0651659
0.0896353
0.114051
0.138397
0.162661
0.186826
0.210879
0.234805
0.258589
0.282218
0.305676
0.328951
0.352027
0.374891
0.39753
0.419929
0.442075
0.463955
0.485555
0.506863
0.527865
0.54855
0.568904
0.588915
0.608572
0.627862
0.646774
0.665296
0.683418
0.701128
0.718415
0.73527
0.751682
0.767641
0.783138
0.798163
0.812707
0.826762
0.840318
0.853369
0.865905
0.87792
0.889406
0.900356
0.910764
0.920624
0.929928
0.938673
0.946852
0.954461
0.961495
0.96795
0.973822
0.979107
0.983802
0.987905
0.991412
0.994323
0.996634
0.998345
0.999455
0.999963
0.999869
0.999172
0.997873
0.995973
0.993473
0.990375
0.986681
0.982391
0.977511
0.972041
0.965986
0.959349
0.952134
0.944346
0.935988
0.927067
0.917588
0.907555
0.896977
0.885857
0.874204
0.862025
0.849326
0.836116
0.822402
0.808193
0.793497
0.778323
0.76268
0.746577
0.730025
