0.935275
0.943648
0.951456
0.958695
0.965362
0.971451
0.97696
0.981885
0.986224
0.989972
0.993129
0.995693
0.997661
0.999033
0.999808
0.999986
0.999566
0.998548
0.996933
0.994723
0.991918
0.98852
0.984532
0.979955
0.974792
0.969047
0.962722
0.955822
0.948351
0.940313
0.931713
0.922556
0.912848
0.902594
0.891801
0.880474
0.868622
0.85625
0.843366
0.829979
0.816095
0.801724
0.786873
0.771552
0.75577
0.739536
0.72286
0.705753
0.688223
0.670282
0.65194
0.633209
0.614099
0.594623
0.57479
0.554615
0.534108
0.513281
0.492148
0.470721
0.449012
0.427035
0.404803
0.382328
0.359626
0.336708
0.313589
0.290283
0.266803
0.243164
0.219379
0.195463
0.171431
0.147295
0.123072
0.0987757
0.0744201
0.0500199
0.0255898
0.0011445
-0.0233015
-0.0477337
-0.0721372
-0.0964977
-0.1208
-0.145031
-0.169175
-0.193218
-0.217145
-0.240943
-0.264596
-0.288091
-0.311415
-0.334552
-0.357489
-0.380212
-0.402708
-0.424964
-0.446965
-0.4687
-0.490154
-0.511315
-0.532171
-0.552709
-0.572916
-0.592781
-0.612291
-0.631436
-0.650203
-0.668581
-0.68656
-0.704129
-0.721277
-0.737993
-0.754269
-0.770094
-0.785458
-0.800353
-0.81477
-0.8287
-0.842134
-0.855065
-0.867485
-0.879387
-0.890763
-0.901606
-0.911911
-0.92167
-0.930879
-0.939532
-0.947622
-0.955147
-0.9621
-0.968479
-0.974279
-0.979496
-0.984128
-0.988172
-0.991625
-0.994486
-0.996752
-0.998422
-0.999496
-0.999972
-0.99985
-0.999131
-0.997815
-0.995903
-0.993395
-0.990293
-0.9866
-0.982317
-0.977446
-0.971992
-0.965957
-0.959344
-0.952158
-0.944403
-0.936083
-0.927204
-0.91777
-0.907789
-0.897264
-0.886204
-0.874613
-0.8625
-0.849872
-0.836735
-0.823098
-0.80897
-0.794358
-0.779271
-0.763718
-0.747709
-0.731253
-0.71436
-0.69704
-0.679303
-0.66116
-0.642623
-0.623701
-0.604406
-0.58475
-0.564745
-0.544403
-0.523734
-0.50275
-0.481466
-0.459895
-0.438055
-0.415961
-0.393625
-0.371045
-0.348214
-0.325124
-0.301797
-0.278297
-0.254741
-0.231258
-0.20792
-0.18466
-0.161224
-0.137198
-0.112137
-0.0857352
-0.0579872
-0.0292424
-0.000122863
0.0286671
0.0565585
0.0832684
0.108829
0.1335
0.157623
0.181492
0.20528
0.229039
0.252741
0.276332
0.299765
0.323009
0.346051
0.368881
0.39149
0.413867
0.435997
0.457867
0.479463
0.500772
0.521782
0.54248
0.562854
0.582892
0.602581
0.62191
0.640867
0.659441
0.677622
0.695397
0.712756
0.72969
0.746187
0.762238
0.777834
0.792965
0.807622
0.821796
0.835479
0.848663
0.861339
0.873501
0.885141
0.896251
0.906826
0.916859
0.926344
