-0.315125
-0.338231
-0.361135
-0.383823
-0.406281
-0.428497
-0.450457
-0.472147
-0.493556
-0.514669
-0.535475
-0.55596
-0.576114
-0.595923
-0.615375
-0.63446
-0.653166
-0.671482
-0.689396
-0.706898
-0.723977
-0.740624
-0.756829
-0.77258
-0.787871
-0.80269
-0.817029
-0.83088
-0.844235
-0.857085
-0.869422
-0.88124
-0.892532
-0.90329
-0.913508
-0.92318
-0.9323
-0.940863
-0.948864
-0.956297
-0.963159
-0.969445
-0.975152
-0.980276
-0.984815
-0.988764
-0.992123
-0.994888
-0.997059
-0.998634
-0.999613
-0.999993
-0.999776
-0.998962
-0.99755
-0.995543
-0.99294
-0.989744
-0.985956
-0.981579
-0.976615
-0.971067
-0.964939
-0.958235
-0.950958
-0.943112
-0.934702
-0.925734
-0.916213
-0.906144
-0.895534
-0.884388
-0.872713
-0.860517
-0.847807
-0.83459
-0.820874
-0.806668
-0.791979
-0.776817
-0.761191
-0.74511
-0.728583
-0.711621
-0.694234
-0.676432
-0.658225
-0.639625
-0.620643
-0.60129
-0.581577
-0.561517
-0.541121
-0.520402
-0.499372
-0.478044
-0.456429
-0.43454
-0.412391
-0.389999
-0.367381
-0.34455
-0.321506
-0.298235
-0.274732
-0.251035
-0.227256
-0.203565
-0.180085
-0.15674
-0.133144
-0.108658
-0.0826408
-0.0548156
-0.0255108
0.00438617
0.0337783
0.0618182
0.0882125
0.113219
0.137388
0.161242
0.185078
0.208958
0.232812
0.256551
0.280121
0.303507
0.326704
0.349708
0.372506
0.395081
0.41742
0.43951
0.461336
0.482887
0.50415
0.525111
0.545758
0.566079
0.586062
0.605694
0.624965
0.643861
0.662373
0.68049
0.698199
0.715491
0.732356
0.748782
0.764762
0.780284
0.79534
0.80992
0.824016
0.83762
0.850723
0.863318
0.875397
0.886952
0.897978
0.908467
0.918412
0.927809
0.936651
0.944934
0.952652
0.9598
0.966374
0.972372
0.977787
0.982619
0.986863
0.990517
0.99358
0.996048
0.997921
0.999198
0.999878
0.99996
0.999444
0.998331
0.996621
0.994315
0.991416
0.987923
0.983841
0.97917
0.973914
0.968076
0.961659
0.954668
0.947105
0.938977
0.930288
0.921043
0.911247
0.900906
0.890027
0.878616
0.86668
0.854226
0.841262
0.827794
0.813832
0.799383
0.784457
0.769062
0.753207
0.736902
0.720156
0.70298
0.685384
0.667378
0.648974
0.630181
0.611012
0.591478
0.57159
0.551361
0.530802
0.509925
0.488744
0.467271
0.445519
0.4235
0.401228
0.378716
0.355978
0.333028
0.309878
0.286543
0.263036
0.239373
0.215566
0.191631
0.167581
0.143431
0.119195
0.094888
0.0705242
0.0461182
0.0216847
-0.00276174
-0.0272065
-0.0516351
-0.0760328
-0.100385
-0.124677
-0.148895
-0.173024
-0.197049
-0.220957
-0.244732
-0.268361
-0.29183
