0.643114
0.679914
0.715075
0.748514
0.780149
0.809906
0.83771
0.863497
0.887204
0.908773
0.928153
0.945297
0.960164
0.972717
0.982927
0.990769
0.996225
0.99928
0.999928
0.998167
0.994001
0.987441
0.978502
0.967206
0.953579
0.937655
0.919473
0.899075
0.876511
0.851836
0.825109
0.796394
0.76576
0.733281
0.699036
0.663107
0.625581
0.586547
0.5461
0.504338
0.461361
0.417272
0.372178
0.326187
0.279411
0.231961
0.183953
0.135501
0.0867235
0.0377366
-0.0113412
-0.0603917
-0.109297
-0.157938
-0.2062
-0.253964
-0.301117
-0.347544
-0.393134
-0.437777
-0.481365
-0.523793
-0.56496
-0.604766
-0.643114
-0.679914
-0.715075
-0.748514
-0.780149
-0.809906
-0.83771
-0.863497
-0.887204
-0.908773
-0.928153
-0.945297
-0.960164
-0.972717
-0.982927
-0.990769
-0.996225
-0.99928
-0.999928
-0.998167
-0.994001
-0.987441
-0.978502
-0.967206
-0.953579
-0.937655
-0.919473
-0.899075
-0.876511
-0.851836
-0.825109
-0.796394
-0.76576
-0.733281
-0.699036
-0.663107
-0.625581
-0.586547
-0.5461
-0.504338
-0.461361
-0.417272
-0.372178
-0.326187
-0.279411
-0.231961
-0.183953
-0.135501
-0.0867235
-0.0377366
0.0113412
0.0603917
0.109297
0.157938
0.2062
0.253964
0.301117
0.347544
0.393134
0.437777
0.481365
0.523793
0.56496
0.604766
