0.0765412
0.052049
0.0275253
0.00298516
-0.0215568
-0.0460858
-0.0705871
-0.0950458
-0.119447
-0.143777
-0.16802
-0.192161
-0.216187
-0.240083
-0.263834
-0.287426
-0.310845
-0.334077
-0.357108
-0.379923
-0.40251
-0.424854
-0.446942
-0.468761
-0.490298
-0.511539
-0.532473
-0.553085
-0.573364
-0.593298
-0.612875
-0.632082
-0.650909
-0.669343
-0.687375
-0.704992
-0.722185
-0.738942
-0.755255
-0.771112
-0.786505
-0.801425
-0.815861
-0.829806
-0.843252
-0.856189
-0.868611
-0.880509
-0.891877
-0.902708
-0.912995
-0.922732
-0.931913
-0.940533
-0.948586
-0.956068
-0.962974
-0.9693
-0.975043
-0.980197
-0.984762
-0.988733
-0.992108
-0.994886
-0.997065
-0.998643
-0.99962
-0.999994
-0.999766
-0.998936
-0.997504
-0.995472
-0.992839
-0.989609
-0.985782
-0.981362
-0.976351
-0.970751
-0.964567
-0.957801
-0.950459
-0.942544
-0.934062
-0.925017
-0.915414
-0.90526
-0.894561
-0.883323
-0.871553
-0.859258
-0.846446
-0.833123
-0.819299
-0.804981
-0.790179
-0.7749
-0.759154
-0.742952
-0.726301
-0.709214
-0.691699
-0.673767
-0.65543
-0.636697
-0.617581
-0.598094
-0.578246
-0.558049
-0.537517
-0.51666
-0.495493
-0.474027
-0.452275
-0.430251
-0.407968
-0.385439
-0.362678
-0.339699
-0.316514
-0.29314
-0.269588
-0.245874
-0.222013
-0.198017
-0.173902
-0.149682
-0.125373
-0.100987
-0.0765412
-0.052049
-0.0275253
-0.00298516
0.0215568
0.0460858
0.0705871
0.0950458
0.119447
0.143777
0.16802
0.192161
0.216187
0.240083
0.263834
0.287426
0.310845
0.334077
0.357108
0.379923
0.40251
0.424854
0.446942
0.468761
0.490298
0.511539
0.532473
0.553085
0.573364
0.593298
0.612875
0.632082
0.650909
0.669343
0.687375
0.704992
0.722185
0.738942
0.755255
0.771112
0.786505
0.801425
0.815861
0.829806
0.843252
0.856189
0.868611
0.880509
0.891877
0.902708
0.912995
0.922732
0.931913
0.940533
0.948586
0.956068
0.962974
0.9693
0.975043
0.980197
0.984762
0.988733
0.992108
0.994886
0.997065
0.998643
0.99962
0.999994
0.999766
0.998936
0.997504
0.995472
0.992839
0.989609
0.985782
0.981362
0.976351
0.970751
0.964567
0.957801
0.950459
0.942544
0.934062
0.925017
0.915414
0.90526
0.894561
0.883323
0.871553
0.859258
0.846446
0.833123
0.819299
0.804981
0.790179
0.7749
0.759154
0.742952
0.726301
0.709214
0.691699
0.673767
0.65543
0.636697
0.617581
0.598094
0.578246
0.558049
0.537517
0.51666
0.495493
0.474027
0.452275
0.430251
0.407968
0.385439
0.362678
0.339699
0.316514
0.29314
0.269588
0.245874
0.222013
0.198017
0.173902
0.149682
0.125373
0.100987
