-0.288913
-0.265423
-0.241775
-0.217985
-0.194066
-0.17
-0.145785
-0.121657
-0.0980432
-0.0743854
-0.0480361
-0.0165634
0.017765
0.0490238
0.074759
0.0981093
0.122057
0.146447
0.170603
0.194616
0.218544
0.242332
0.265977
0.289462
0.312775
0.335901
0.358826
0.381536
0.404019
0.42626
0.448246
0.469965
0.491402
0.512546
0.533383
0.553902
0.574089
0.593934
0.613423
0.632546
0.651291
0.669646
0.687602
0.705146
0.722269
0.73896
0.755209
0.771008
0.786345
0.801212
0.815601
0.829501
0.842907
0.855808
0.868198
0.880069
0.891414
0.902226
0.912499
0.922226
0.931403
0.940022
0.94808
0.955571
0.962492
0.968836
0.974602
0.979785
0.984383
0.988392
0.991811
0.994636
0.996868
0.998503
0.999542
0.999983
0.999826
0.999072
0.997721
0.995774
0.993231
0.990095
0.986367
0.982049
0.977145
0.971656
0.965587
0.958941
0.951721
0.943933
0.93558
0.926668
0.917203
0.907189
0.896633
0.885541
0.87392
0.861776
0.849118
0.835952
0.822286
0.808129
0.793489
0.778374
0.762795
0.746759
0.730277
0.713359
0.696014
0.678253
0.660087
0.641526
0.622582
0.603266
0.583589
0.563564
0.543201
0.522514
0.501515
0.480216
0.45863
0.43677
0.414648
0.392279
0.369676
0.346851
0.323819
0.300594
0.277189
0.253618
0.229896
0.206036
0.182054
0.157962
0.133776
0.10951
0.0851784
0.060796
0.0363773
0.0119369
-0.0125107
-0.0369508
-0.0613688
-0.0857502
-0.11008
-0.134345
-0.158529
-0.182618
-0.206598
-0.230455
-0.254173
-0.27774
-0.301141
-0.324362
-0.347389
-0.370209
-0.392807
-0.415171
-0.437286
-0.45914
-0.480719
-0.502011
-0.523004
-0.543683
-0.564038
-0.584055
-0.603724
-0.623031
-0.641967
-0.660518
-0.678675
-0.696426
-0.713761
-0.730669
-0.74714
-0.763165
-0.778734
-0.793838
-0.808467
-0.822612
-0.836267
-0.849421
-0.862067
-0.874199
-0.885808
-0.896887
-0.90743
-0.917431
-0.926884
-0.935783
-0.944122
-0.951897
-0.959103
-0.965736
-0.971792
-0.977267
-0.982157
-0.986461
-0.990175
-0.993298
-0.995826
-0.99776
-0.999097
-0.999837
-0.999979
-0.999524
-0.998471
-0.996822
-0.994577
-0.991737
-0.988305
-0.984282
-0.97967
-0.974473
-0.968694
-0.962336
-0.955402
-0.947898
-0.939827
-0.931194
-0.922004
-0.912264
-0.901978
-0.891154
-0.879796
-0.867913
-0.855511
-0.842598
-0.829181
-0.815268
-0.800869
-0.78599
-0.770642
-0.754833
-0.738573
-0.721872
-0.704739
-0.687185
-0.66922
-0.650855
-0.632102
-0.61297
-0.593472
-0.573619
-0.553424
-0.532898
-0.512053
-0.490902
-0.469458
-0.447733
-0.425741
-0.403494
-0.381006
-0.35829
-0.33536
-0.31223
