-0.209124
-0.232966
-0.25667
-0.28022
-0.303603
-0.326804
-0.349809
-0.372606
-0.39518
-0.417518
-0.439606
-0.461432
-0.482982
-0.504243
-0.525202
-0.545848
-0.566168
-0.586149
-0.60578
-0.625049
-0.643944
-0.662454
-0.680568
-0.698276
-0.715566
-0.732429
-0.748854
-0.764831
-0.780351
-0.795405
-0.809983
-0.824077
-0.837679
-0.85078
-0.863372
-0.875449
-0.887002
-0.898025
-0.908511
-0.918455
-0.927849
-0.936689
-0.944969
-0.952684
-0.95983
-0.966402
-0.972397
-0.97781
-0.982639
-0.98688
-0.990532
-0.993592
-0.996058
-0.997928
-0.999202
-0.999879
-0.999959
-0.99944
-0.998324
-0.996612
-0.994304
-0.991402
-0.987907
-0.983821
-0.979148
-0.973889
-0.968049
-0.961629
-0.954635
-0.947071
-0.93894
-0.930248
-0.921001
-0.911202
-0.900859
-0.889978
-0.878565
-0.866627
-0.85417
-0.841203
-0.827734
-0.813769
-0.799319
-0.78439
-0.768993
-0.753136
-0.736829
-0.720082
-0.702904
-0.685306
-0.667298
-0.648892
-0.630098
-0.610927
-0.591391
-0.571502
-0.551271
-0.53071
-0.509833
-0.488651
-0.467176
-0.445421
-0.423399
-0.401126
-0.378619
-0.355894
-0.332955
-0.309794
-0.286399
-0.262785
-0.239034
-0.215298
-0.191732
-0.168363
-0.144948
-0.120949
-0.0957035
-0.06874
-0.0400936
-0.0103994
0.0193189
0.0480677
0.0752741
0.100935
0.125475
0.149449
0.173274
0.197128
0.221
0.244802
0.26846
0.29194
0.315232
0.338333
0.361234
0.383921
0.406379
0.428594
0.450553
0.472242
0.493649
0.514761
0.535565
0.55605
0.576201
0.596009
0.61546
0.634544
0.653248
0.671561
0.689474
0.706974
0.724052
0.740697
0.756899
0.772649
0.787937
0.802754
0.817091
0.83094
0.844292
0.85714
0.869476
0.881291
0.89258
0.903336
0.913551
0.923221
0.932339
0.940899
0.948898
0.956329
0.963188
0.969472
0.975176
0.980298
0.984833
0.98878
0.992136
0.994899
0.997068
0.99864
0.999616
0.999994
0.999774
0.998957
0.997543
0.995532
0.992927
0.989728
0.985938
0.981558
0.976592
0.971042
0.964911
0.958204
0.950924
0.943076
0.934664
0.925694
0.91617
0.906099
0.895486
0.884338
0.872661
0.860463
0.84775
0.834531
0.820813
0.806604
0.791914
0.77675
0.761121
0.745038
0.72851
0.711546
0.694157
0.676353
0.658144
0.639543
0.620559
0.601204
0.58149
0.561428
0.541031
0.52031
0.499279
0.477949
0.456333
0.434445
0.412297
0.389902
0.367275
0.344428
0.321375
0.29813
0.274707
0.251119
0.227382
0.203508
0.179514
0.155411
0.131216
0.106943
0.082605
0.0582181
0.0337965
0.00935461
-0.0150928
-0.0395313
-0.0639461
-0.0883227
-0.112646
-0.136903
-0.161078
-0.185156
