0.255949
0.303073
0.349467
0.39502
0.439621
0.483163
0.52554
0.566652
0.606399
0.644684
0.681417
0.716508
0.749873
0.781431
0.811107
0.838829
0.86453
0.888148
0.909627
0.928914
0.945964
0.960734
0.97319
0.983302
0.991045
0.9964
0.999355
0.999902
0.99804
0.993774
0.987114
0.978076
0.966682
0.952958
0.93694
0.918663
0.898174
0.875521
0.850759
0.823947
0.79515
0.764438
0.731884
0.697567
0.661569
0.623978
0.584883
0.544379
0.502564
0.459538
0.415405
0.370272
0.324246
0.277439
0.229964
0.181935
0.133467
0.0846784
0.0356854
-0.0133936
-0.0624403
-0.111337
-0.159965
-0.208207
-0.255949
-0.303073
-0.349467
-0.39502
-0.439621
-0.483163
-0.52554
-0.566652
-0.606399
-0.644684
-0.681417
-0.716508
-0.749873
-0.781431
-0.811107
-0.838829
-0.86453
-0.888148
-0.909627
-0.928914
-0.945964
-0.960734
-0.97319
-0.983302
-0.991045
-0.9964
-0.999355
-0.999902
-0.99804
-0.993774
-0.987114
-0.978076
-0.966682
-0.952958
-0.93694
-0.918663
-0.898174
-0.875521
-0.850759
-0.823947
-0.79515
-0.764438
-0.731884
-0.697567
-0.661569
-0.623978
-0.584883
-0.544379
-0.502564
-0.459538
-0.415405
-0.370272
-0.324246
-0.277439
-0.229964
-0.181935
-0.133467
-0.0846784
-0.0356854
0.0133936
0.0624403
0.111337
0.159965
0.208207
