-0.143563
-0.167807
-0.191949
-0.215976
-0.239873
-0.263626
-0.287219
-0.31064
-0.333874
-0.356906
-0.379724
-0.402312
-0.424659
-0.446749
-0.468571
-0.49011
-0.511354
-0.53229
-0.552905
-0.573187
-0.593124
-0.612704
-0.631915
-0.650745
-0.669183
-0.687218
-0.704839
-0.722035
-0.738797
-0.755113
-0.770975
-0.786372
-0.801296
-0.815736
-0.829686
-0.843136
-0.856077
-0.868504
-0.880407
-0.891779
-0.902615
-0.912907
-0.922649
-0.931835
-0.94046
-0.948518
-0.956005
-0.962916
-0.969247
-0.974995
-0.980155
-0.984724
-0.988701
-0.992081
-0.994865
-0.997049
-0.998632
-0.999614
-0.999994
-0.999771
-0.998946
-0.99752
-0.995492
-0.992865
-0.98964
-0.985819
-0.981404
-0.976397
-0.970803
-0.964624
-0.957864
-0.950526
-0.942617
-0.934139
-0.925099
-0.915501
-0.905352
-0.894658
-0.883425
-0.871659
-0.859369
-0.846561
-0.833243
-0.819423
-0.805109
-0.790311
-0.775036
-0.759295
-0.743096
-0.72645
-0.709366
-0.691855
-0.673927
-0.655593
-0.636864
-0.617751
-0.598267
-0.578422
-0.558228
-0.537699
-0.516845
-0.49568
-0.474217
-0.452468
-0.430446
-0.408165
-0.385639
-0.362879
-0.339902
-0.316719
-0.293346
-0.269796
-0.246084
-0.222223
-0.198229
-0.174115
-0.149896
-0.125587
-0.101202
-0.0767566
-0.0522647
-0.0277413
-0.00320121
0.0213408
0.04587
0.0703716
0.0948307
0.119233
0.143563
0.167807
0.191949
0.215976
0.239873
0.263626
0.287219
0.31064
0.333874
0.356906
0.379724
0.402312
0.424659
0.446749
0.468571
0.49011
0.511354
0.53229
0.552905
0.573187
0.593124
0.612704
0.631915
0.650745
0.669183
0.687218
0.704839
0.722035
0.738797
0.755113
0.770975
0.786372
0.801296
0.815736
0.829686
0.843136
0.856077
0.868504
0.880407
0.891779
0.902615
0.912907
0.922649
0.931835
0.94046
0.948518
0.956005
0.962916
0.969247
0.974995
0.980155
0.984724
0.988701
0.992081
0.994865
0.997049
0.998632
0.999614
0.999994
0.999771
0.998946
0.99752
0.995492
0.992865
0.98964
0.985819
0.981404
0.976397
0.970803
0.964624
0.957864
0.950526
0.942617
0.934139
0.925099
0.915501
0.905352
0.894658
0.883425
0.871659
0.859369
0.846561
0.833243
0.819423
0.805109
0.790311
0.775036
0.759295
0.743096
0.72645
0.709366
0.691855
0.673927
0.655593
0.636864
0.617751
0.598267
0.578422
0.558228
0.537699
0.516845
0.49568
0.474217
0.452468
0.430446
0.408165
0.385639
0.362879
0.339902
0.316719
0.293346
0.269796
0.246084
0.222223
0.198229
0.174115
0.149896
0.125587
0.101202
0.0767566
0.0522647
0.0277413
0.00320121
-0.0213408
-0.04587
-0.0703716
-0.0948307
-0.119233
