-0.999923
-0.999319
-0.996308
-0.990897
-0.983099
-0.972932
-0.960421
-0.945597
-0.928494
-0.909155
-0.887626
-0.863958
-0.838209
-0.81044
-0.780719
-0.749117
-0.715711
-0.68058
-0.64381
-0.605489
-0.565709
-0.524566
-0.48216
-0.438592
-0.393967
-0.348393
-0.30198
-0.25484
-0.207085
-0.158832
-0.110196
-0.0612945
-0.0122453
0.0368333
0.0858232
0.134606
0.183065
0.231083
0.278544
0.325334
0.371341
0.416452
0.460561
0.50356
0.545346
0.585818
0.624879
0.662434
0.698393
0.73267
0.765182
0.795851
0.824602
0.851367
0.876081
0.898684
0.919122
0.937346
0.953312
0.966981
0.978321
0.987303
0.993908
0.998118
0.999923
0.999319
0.996308
0.990897
0.983099
0.972932
0.960421
0.945597
0.928494
0.909155
0.887626
0.863958
0.838209
0.81044
0.780719
0.749117
0.715711
0.68058
0.64381
0.605489
0.565709
0.524566
0.48216
0.438592
0.393967
0.348393
0.30198
0.25484
0.207085
0.158832
0.110196
0.0612945
0.0122453
-0.0368333
-0.0858232
-0.134606
-0.183065
-0.231083
-0.278544
-0.325334
-0.371341
-0.416452
-0.460561
-0.50356
-0.545346
-0.585818
-0.624879
-0.662434
-0.698393
-0.73267
-0.765182
-0.795851
-0.824602
-0.851367
-0.876081
-0.898684
-0.919122
-0.937346
-0.953312
-0.966981
-0.978321
-0.987303
-0.993908
-0.998118
