0.847467
0.840889
0.834184
0.827354
0.820399
0.81332
0.806119
0.798797
0.791354
0.783792
0.776113
0.768316
0.760403
0.752376
0.744236
0.735983
0.72762
0.719147
0.710566
0.701878
0.693084
0.684186
0.675185
0.666082
0.656879
0.647577
0.638177
0.628681
0.619091
0.609407
0.599631
0.589766
0.579811
0.569769
0.559641
0.549429
0.539135
0.528759
0.518303
0.50777
0.49716
0.486475
0.475716
0.464887
0.453987
0.443019
0.431984
0.420884
0.40972
0.398495
0.38721
0.375867
0.364467
0.353012
0.341504
0.329944
0.318335
0.306678
0.294975
0.283227
0.271436
0.259605
0.247735
0.235827
0.223884
0.211907
0.199898
0.187859
0.175792
0.163698
0.15158
0.139439
0.127277
0.115096
0.102897
0.0906827
0.0784549
0.0662153
0.0539657
0.041708
0.029444
0.0171756
0.00490455
-0.00736721
-0.0196379
-0.0319056
-0.0441684
-0.0564247
-0.0686724
-0.0809098
-0.093135
-0.105346
-0.117542
-0.129719
-0.141877
-0.154014
-0.166127
-0.178216
-0.190278
-0.202311
-0.214313
-0.226283
-0.23822
-0.25012
-0.261983
-0.273806
-0.285588
-0.297327
-0.309021
-0.320669
-0.332268
-0.343817
-0.355315
-0.366759
-0.378148
-0.389479
-0.400753
-0.411965
-0.423116
-0.434203
-0.445225
-0.45618
-0.467066
-0.477881
-0.488625
-0.499295
-0.50989
-0.520408
-0.530848
-0.541207
-0.551486
-0.561681
-0.571791
-0.581816
-0.591753
-0.6016
-0.611358
-0.621023
-0.630594
-0.640071
-0.649451
-0.658734
-0.667917
-0.676999
-0.68598
-0.694857
-0.70363
-0.712297
-0.720856
-0.729307
-0.737648
-0.745878
-0.753996
-0.762
-0.76989
-0.777663
-0.785319
-0.792858
-0.800276
-0.807574
-0.814751
-0.821805
-0.828735
-0.83554
-0.842219
-0.848772
-0.855197
-0.861493
-0.867659
-0.873695
-0.879599
-0.88537
-0.891008
-0.896512
-0.901881
-0.907115
-0.912211
-0.91717
-0.921991
-0.926674
-0.931216
-0.935619
-0.93988
-0.944
-0.947978
-0.951813
-0.955505
-0.959053
-0.962456
-0.965715
-0.968828
-0.971795
-0.974616
-0.97729
-0.979817
-0.982196
-0.984427
-0.98651
-0.988445
-0.990231
-0.991867
-0.993354
-0.994692
-0.99588
-0.996918
-0.997805
-0.998543
-0.99913
-0.999566
-0.999852
-0.999988
-0.999973
-0.999807
-0.999491
-0.999024
-0.998407
-0.997639
-0.996721
-0.995653
-0.994436
-0.993068
-0.991551
-0.989884
-0.988069
-0.986104
-0.983991
-0.98173
-0.979321
-0.976765
-0.974061
-0.971211
-0.968215
-0.965072
-0.961785
-0.958352
-0.954776
-0.951055
-0.947191
-0.943185
-0.939036
-0.934747
-0.930316
-0.925745
-0.921035
-0.916186
-0.911199
-0.906075
-0.900815
-0.895419
-0.889888
-0.884223
-0.878424
-0.872494
-0.866432
-0.86024
-0.853918
-0.847467
-0.840889
-0.834184
-0.827354
-0.820399
-0.81332
-0.806119
-0.798797
-0.791354
-0.783792
-0.776113
-0.768316
-0.760403
-0.752376
-0.744236
-0.735983
-0.72762
-0.719147
-0.710566
-0.701878
-0.693084
-0.684186
-0.675185
-0.666082
-0.656879
-0.647577
-0.638177
-0.628681
-0.619091
-0.609407
-0.599631
-0.589766
-0.579811
-0.569769
-0.559641
-0.549429
-0.539135
-0.528759
-0.518303
-0.50777
-0.49716
-0.486475
-0.475716
-0.464887
-0.453987
-0.443019
-0.431984
-0.420884
-0.40972
-0.398495
-0.38721
-0.375867
-0.364467
-0.353012
-0.341504
-0.329944
-0.318335
-0.306678
-0.294975
-0.283227
-0.271436
-0.259605
-0.247735
-0.235827
-0.223884
-0.211907
-0.199898
-0.187859
-0.175792
-0.163698
-0.15158
-0.139439
-0.127277
-0.115096
-0.102897
-0.0906827
-0.0784549
-0.0662153
-0.0539657
-0.041708
-0.029444
-0.0171756
-0.00490455
0.00736721
0.0196379
0.0319056
0.0441684
0.0564247
0.0686724
0.0809098
0.093135
0.105346
0.117542
0.129719
0.141877
0.154014
0.166127
0.178216
0.190278
0.202311
0.214313
0.226283
0.23822
0.25012
0.261983
0.273806
0.285588
0.297327
0.309021
0.320669
0.332268
0.343817
0.355315
0.366759
0.378148
0.389479
0.400753
0.411965
0.423116
0.434203
0.445225
0.45618
0.467066
0.477881
0.488625
0.499295
0.50989
0.520408
0.530848
0.541207
0.551486
0.561681
0.571791
0.581816
0.591753
0.6016
0.611358
0.621023
0.630594
0.640071
0.649451
0.658734
0.667917
0.676999
0.68598
0.694857
0.70363
0.712297
0.720856
0.729307
0.737648
0.745878
0.753996
0.762
0.76989
0.777663
0.785319
0.792858
0.800276
0.807574
0.814751
0.821805
0.828735
0.83554
0.842219
0.848772
0.855197
0.861493
0.867659
0.873695
0.879599
0.88537
0.891008
0.896512
0.901881
0.907115
0.912211
0.91717
0.921991
0.926674
0.931216
0.935619
0.93988
0.944
0.947978
0.951813
0.955505
0.959053
0.962456
0.965715
0.968828
0.971795
0.974616
0.97729
0.979817
0.982196
0.984427
0.98651
0.988445
0.990231
0.991867
0.993354
0.994692
0.99588
0.996918
0.997805
0.998543
0.99913
0.999566
0.999852
0.999988
0.999973
0.999807
0.999491
0.999024
0.998407
0.997639
0.996721
0.995653
0.994436
0.993068
0.991551
0.989884
0.988069
0.986104
0.983991
0.98173
0.979321
0.976765
0.974061
0.971211
0.968215
0.965072
0.961785
0.958352
0.954776
0.951055
0.947191
0.943185
0.939036
0.934747
0.930316
0.925745
0.921035
0.916186
0.911199
0.906075
0.900815
0.895419
0.889888
0.884223
0.878424
0.872494
0.866432
0.86024
0.853918
