-0.781828
-0.766352
-0.750419
-0.734037
-0.717216
-0.699967
-0.682299
-0.664224
-0.645751
-0.626893
-0.607659
-0.588063
-0.568115
-0.547828
-0.527213
-0.506283
-0.485051
-0.463528
-0.441729
-0.419665
-0.397351
-0.374799
-0.352023
-0.329036
-0.305853
-0.282493
-0.258968
-0.235272
-0.211382
-0.187334
-0.163312
-0.139594
-0.116171
-0.0922654
-0.0664254
-0.0375665
-0.00622998
0.0253414
0.054729
0.0810794
0.105352
0.12905
0.152982
0.177121
0.201195
0.225092
0.248832
0.272431
0.295872
0.319136
0.342208
0.365075
0.387725
0.410142
0.432315
0.454229
0.475871
0.49723
0.518291
0.539042
0.559471
0.579565
0.599314
0.618704
0.637724
0.656363
0.67461
0.692454
0.709883
0.726889
0.74346
0.759586
0.775259
0.790468
0.805205
0.819461
0.833227
0.846495
0.859256
0.871505
0.883232
0.894432
0.905097
0.915221
0.924798
0.933822
0.942288
0.950191
0.957526
0.964289
0.970475
0.976081
0.981104
0.985541
0.989388
0.992644
0.995307
0.997375
0.998847
0.999722
0.999999
0.999679
0.998761
0.997246
0.995136
0.99243
0.989131
0.985241
0.980763
0.975698
0.970049
0.963822
0.957018
0.949642
0.941698
0.933192
0.924127
0.914511
0.904348
0.893644
0.882407
0.870642
0.858356
0.845558
0.832254
0.818452
0.804162
0.789391
0.774148
0.758442
0.742283
0.725681
0.708644
0.691185
0.673312
0.655036
0.636369
0.617322
0.597906
0.578132
0.558013
0.537561
0.516787
0.495704
0.474325
0.452662
0.430729
0.408539
0.386104
0.363438
0.340556
0.317469
0.294193
0.270742
0.247128
0.223367
0.199472
0.175458
0.151339
0.127129
0.102844
0.078497
0.0541032
0.0296771
0.00523329
-0.0192137
-0.0436492
-0.0680586
-0.0924273
-0.116741
-0.140985
-0.165144
-0.189205
-0.213152
-0.236973
-0.260651
-0.284174
-0.307527
-0.330696
-0.353668
-0.376428
-0.398963
-0.42126
-0.443305
-0.465085
-0.486587
-0.507798
-0.528706
-0.549297
-0.569561
-0.589484
-0.609054
-0.628261
-0.647092
-0.665536
-0.683583
-0.701221
-0.71844
-0.735229
-0.751579
-0.76748
-0.782922
-0.797897
-0.812394
-0.826406
-0.839923
-0.852939
-0.865445
-0.877434
-0.888898
-0.899831
-0.910227
-0.920078
-0.929379
-0.938125
-0.94631
-0.95393
-0.960979
-0.967454
-0.973351
-0.978666
-0.983396
-0.987538
-0.99109
-0.99405
-0.996416
-0.998186
-0.999359
-0.999935
-0.999914
-0.999295
-0.998078
-0.996265
-0.993857
-0.990855
-0.98726
-0.983075
-0.978303
-0.972946
-0.967008
-0.960491
-0.953401
-0.94574
-0.937515
-0.928729
-0.919388
-0.909497
-0.899063
-0.888092
-0.87659
-0.864563
-0.85202
-0.838968
-0.825415
-0.811368
-0.796836
