0.573369
0.612879
0.650913
0.687378
0.722187
0.755257
0.786507
0.815862
0.843252
0.86861
0.891876
0.912993
0.931911
0.948584
0.962971
0.975038
0.984757
0.992103
0.997059
0.999613
0.999759
0.997497
0.992831
0.985774
0.976342
0.964557
0.950449
0.934052
0.915404
0.89455
0.871542
0.846434
0.819287
0.790166
0.759142
0.726289
0.691686
0.655417
0.617569
0.578233
0.537504
0.49548
0.452262
0.407955
0.362665
0.316502
0.269576
0.222
0.17389
0.125361
0.0765297
0.0275142
-0.0215677
-0.0705976
-0.119457
-0.168029
-0.216197
-0.263843
-0.310854
-0.357116
-0.402517
-0.446949
-0.490304
-0.532478
-0.573369
-0.612879
-0.650913
-0.687378
-0.722187
-0.755257
-0.786507
-0.815862
-0.843252
-0.86861
-0.891876
-0.912993
-0.931911
-0.948584
-0.962971
-0.975038
-0.984757
-0.992103
-0.997059
-0.999613
-0.999759
-0.997497
-0.992831
-0.985774
-0.976342
-0.964557
-0.950449
-0.934052
-0.915404
-0.89455
-0.871542
-0.846434
-0.819287
-0.790166
-0.759142
-0.726289
-0.691686
-0.655417
-0.617569
-0.578233
-0.537504
-0.49548
-0.452262
-0.407955
-0.362665
-0.316502
-0.269576
-0.222
-0.17389
-0.125361
-0.0765297
-0.0275142
0.0215677
0.0705976
0.119457
0.168029
0.216197
0.263843
0.310854
0.357116
0.402517
0.446949
0.490304
0.532478
