0.953303
0.960401
0.966925
0.972871
0.978235
0.983015
0.987208
0.99081
0.99382
0.996236
0.998057
0.999281
0.999908
0.999937
0.999369
0.998203
0.996441
0.994083
0.991131
0.987587
0.983452
0.97873
0.973422
0.967533
0.961066
0.954024
0.946412
0.938234
0.929496
0.920202
0.910358
0.899969
0.889043
0.877586
0.865604
0.853105
0.840095
0.826584
0.812579
0.798088
0.78312
0.767684
0.751789
0.735445
0.718661
0.701448
0.683815
0.665774
0.647335
0.628508
0.609307
0.589741
0.569822
0.549563
0.528976
0.508072
0.486865
0.465367
0.443591
0.421549
0.399256
0.376723
0.353966
0.330997
0.307831
0.28448
0.260959
0.237283
0.213464
0.189518
0.165459
0.141301
0.117058
0.0927454
0.0683773
0.0439684
0.0195332
-0.00491372
-0.0293577
-0.0537841
-0.0781783
-0.102526
-0.126812
-0.151023
-0.175143
-0.199158
-0.223055
-0.246818
-0.270434
-0.293888
-0.317166
-0.340255
-0.36314
-0.385809
-0.408246
-0.43044
-0.452377
-0.474043
-0.495426
-0.516512
-0.53729
-0.557747
-0.577871
-0.597649
-0.61707
-0.636122
-0.654794
-0.673074
-0.690953
-0.708418
-0.72546
-0.742068
-0.758233
-0.773944
-0.789193
-0.803971
-0.818267
-0.832075
-0.845386
-0.858191
-0.870483
-0.882255
-0.8935
-0.90421
-0.91438
-0.924004
-0.933075
-0.941589
-0.94954
-0.956923
-0.963735
-0.96997
-0.975626
-0.980699
-0.985185
-0.989083
-0.992389
-0.995103
-0.997221
-0.998744
-0.999669
-0.999997
-0.999728
-0.998861
-0.997397
-0.995337
-0.992681
-0.989433
-0.985593
-0.981164
-0.976149
-0.97055
-0.964372
-0.957616
-0.950289
-0.942393
-0.933935
-0.924918
-0.915348
-0.905231
-0.894573
-0.883381
-0.87166
-0.859419
-0.846663
-0.833402
-0.819643
-0.805394
-0.790663
-0.77546
-0.759793
-0.743672
-0.727107
-0.710107
-0.692683
-0.674845
-0.656603
-0.637969
-0.618954
-0.599569
-0.579825
-0.559735
-0.539311
-0.518563
-0.497504
-0.476147
-0.454507
-0.432603
-0.410448
-0.388051
-0.365411
-0.342518
-0.319368
-0.295991
-0.272462
-0.248907
-0.22545
-0.202139
-0.178867
-0.155334
-0.131104
-0.105743
-0.0790028
-0.0509614
-0.0220491
0.00706646
0.0356895
0.0633075
0.0897173
0.115021
0.139518
0.16355
0.187386
0.211167
0.234918
0.258599
0.282156
0.305544
0.328738
0.351728
0.374504
0.397057
0.419374
0.441441
0.463244
0.48477
0.506007
0.526941
0.54756
0.567851
0.587804
0.607405
0.626643
0.645506
0.663984
0.682064
0.699737
0.716992
0.733819
0.750206
0.766146
0.781627
0.796642
0.81118
0.825233
0.838793
0.851852
0.864401
0.876434
0.887944
0.898922
0.909363
0.919261
0.928609
0.937402
0.945635
