-0.182164
-0.158061
-0.133809
-0.109631
-0.08604
-0.0621367
-0.0340534
0.000276011
0.034891
0.062693
0.0859015
0.109774
0.134281
0.158417
0.182512
0.206493
0.23035
0.254069
0.277637
0.301039
0.324261
0.347289
0.370109
0.392708
0.415073
0.437189
0.459044
0.480625
0.501918
0.522912
0.543593
0.563949
0.583968
0.603638
0.622947
0.641884
0.660437
0.678596
0.696349
0.713685
0.730596
0.747069
0.763096
0.778667
0.793772
0.808403
0.822551
0.836208
0.849364
0.862013
0.874146
0.885758
0.896839
0.907385
0.917388
0.926844
0.935745
0.944087
0.951864
0.959073
0.965708
0.971766
0.977244
0.982137
0.986444
0.99016
0.993285
0.995817
0.997753
0.999092
0.999835
0.99998
0.999528
0.998477
0.996831
0.994588
0.991751
0.988321
0.984301
0.979692
0.974498
0.968721
0.962365
0.955434
0.947932
0.939863
0.931233
0.922046
0.912308
0.902025
0.891202
0.879847
0.867966
0.855567
0.842656
0.829241
0.815331
0.800933
0.786057
0.770711
0.754904
0.738646
0.721946
0.704815
0.687263
0.6693
0.650937
0.632185
0.613055
0.593559
0.573708
0.553514
0.532989
0.512145
0.490996
0.469553
0.447829
0.425838
0.403592
0.381105
0.358391
0.335462
0.312332
0.289016
0.265527
0.24188
0.218088
0.194165
0.170126
0.145986
0.121759
0.0974585
0.0731
0.0486978
0.0242665
-0.000179334
-0.024625
-0.049056
-0.0734577
-0.0978154
-0.122115
-0.146341
-0.17048
-0.194517
-0.218438
-0.242228
-0.265873
-0.289359
-0.312673
-0.3358
-0.358726
-0.381437
-0.403921
-0.426163
-0.44815
-0.46987
-0.491308
-0.512453
-0.533292
-0.553812
-0.574001
-0.593847
-0.613338
-0.632463
-0.651209
-0.669567
-0.687524
-0.70507
-0.722194
-0.738887
-0.755139
-0.770939
-0.786278
-0.801148
-0.815538
-0.829441
-0.842849
-0.855752
-0.868145
-0.880018
-0.891365
-0.90218
-0.912455
-0.922185
-0.931364
-0.939986
-0.948046
-0.95554
-0.962462
-0.96881
-0.974578
-0.979764
-0.984364
-0.988376
-0.991797
-0.994625
-0.996859
-0.998497
-0.999538
-0.999982
-0.999829
-0.999077
-0.997729
-0.995784
-0.993244
-0.99011
-0.986385
-0.98207
-0.977168
-0.971682
-0.965615
-0.958971
-0.951754
-0.943968
-0.935618
-0.926709
-0.917246
-0.907234
-0.896681
-0.885591
-0.873972
-0.861831
-0.849175
-0.836011
-0.822347
-0.808192
-0.793554
-0.778442
-0.762864
-0.746831
-0.730351
-0.713434
-0.696091
-0.678332
-0.660168
-0.641609
-0.622667
-0.603352
-0.583677
-0.563653
-0.543292
-0.522606
-0.501608
-0.48031
-0.458726
-0.436866
-0.414746
-0.392378
-0.369776
-0.346952
-0.323921
-0.300697
-0.277292
-0.253722
-0.230001
-0.206142
