0.662048
0.643529
0.624626
0.605349
0.58571
0.565721
0.545394
0.524742
0.503775
0.482507
0.460951
0.43912
0.417026
0.394683
0.372104
0.349302
0.326292
0.303087
0.2797
0.256147
0.23244
0.208594
0.184624
0.160543
0.136367
0.112109
0.0877835
0.0634059
0.0389904
0.0145517
-0.00989582
-0.0343374
-0.0587584
-0.0831444
-0.107481
-0.131753
-0.155946
-0.180046
-0.204038
-0.227909
-0.251643
-0.275227
-0.298646
-0.321887
-0.344936
-0.367778
-0.3904
-0.41279
-0.434932
-0.456814
-0.478424
-0.499747
-0.520772
-0.541486
-0.561876
-0.58193
-0.601636
-0.620983
-0.639958
-0.658551
-0.676751
-0.694546
-0.711926
-0.72888
-0.745399
-0.761472
-0.77709
-0.792244
-0.806924
-0.821122
-0.834829
-0.848037
-0.860738
-0.872925
-0.88459
-0.895726
-0.906327
-0.916386
-0.925898
-0.934856
-0.943256
-0.951091
-0.958358
-0.965053
-0.97117
-0.976708
-0.981661
-0.986028
-0.989805
-0.992991
-0.995583
-0.99758
-0.998981
-0.999785
-0.999991
-0.9996
-0.998611
-0.997026
-0.994844
-0.992068
-0.988699
-0.984739
-0.98019
-0.975056
-0.969339
-0.963042
-0.95617
-0.948726
-0.940716
-0.932143
-0.923013
-0.913331
-0.903103
-0.892336
-0.881035
-0.869208
-0.856861
-0.844002
-0.830639
-0.816779
-0.802431
-0.787603
-0.772305
-0.756545
-0.740333
-0.723678
-0.706591
-0.689081
-0.67116
-0.652838
-0.634125
-0.615033
-0.595574
-0.575759
-0.5556
-0.535108
-0.514297
-0.493178
-0.471763
-0.450066
-0.428101
-0.405886
-0.383437
-0.360762
-0.337853
-0.314701
-0.291309
-0.267724
-0.244057
-0.220456
-0.197028
-0.173723
-0.150259
-0.126145
-0.100842
-0.0740034
-0.0456892
-0.0164151
0.0129988
0.0417205
0.0691935
0.0952823
0.120223
0.144438
0.168327
0.19214
0.215956
0.239741
0.263425
0.286952
0.310295
0.333441
0.356385
0.379117
0.401624
0.423892
0.445907
0.467654
0.489122
0.510298
0.531169
0.551722
0.571946
0.591827
0.611355
0.630518
0.649303
0.667701
0.6857
0.703288
0.720457
0.737195
0.753492
0.769339
0.784726
0.799643
0.814084
0.828037
0.841496
0.854451
0.866896
0.878823
0.890224
0.901094
0.911425
0.921211
0.930447
0.939126
0.947244
0.954796
0.961777
0.968184
0.974012
0.979257
0.983918
0.98799
0.991472
0.994361
0.996656
0.998355
0.999458
0.999963
0.99987
0.99918
0.997893
0.996009
0.99353
0.990457
0.986793
0.982538
0.977696
0.97227
0.966263
0.959678
0.952519
0.944791
0.936499
0.927647
0.91824
0.908285
0.897787
0.886752
0.875187
0.863099
0.850495
0.837383
0.82377
0.809665
0.795076
0.780012
0.764482
0.748495
0.73206
0.715188
0.697888
0.680172
