0.676155
0.711491
0.745113
0.77694
0.806895
0.834907
0.860907
0.884833
0.906627
0.926238
0.943616
0.958722
0.971518
0.981974
0.990063
0.995768
0.999074
0.999973
0.998463
0.994547
0.988236
0.979544
0.968492
0.955107
0.939421
0.921471
0.901302
0.878962
0.854504
0.827987
0.799476
0.769039
0.736749
0.702684
0.666927
0.629562
0.590681
0.550377
0.508747
0.465892
0.421914
0.37692
0.331017
0.284318
0.236933
0.188977
0.140566
0.091817
0.0428464
-0.00622745
-0.0552863
-0.104212
-0.152887
-0.201193
-0.249014
-0.296236
-0.342744
-0.388426
-0.433173
-0.476876
-0.51943
-0.560733
-0.600685
-0.63919
-0.676155
-0.711491
-0.745113
-0.77694
-0.806895
-0.834907
-0.860907
-0.884833
-0.906627
-0.926238
-0.943616
-0.958722
-0.971518
-0.981974
-0.990063
-0.995768
-0.999074
-0.999973
-0.998463
-0.994547
-0.988236
-0.979544
-0.968492
-0.955107
-0.939421
-0.921471
-0.901302
-0.878962
-0.854504
-0.827987
-0.799476
-0.769039
-0.736749
-0.702684
-0.666927
-0.629562
-0.590681
-0.550377
-0.508747
-0.465892
-0.421914
-0.37692
-0.331017
-0.284318
-0.236933
-0.188977
-0.140566
-0.091817
-0.0428464
0.00622745
0.0552863
0.104212
0.152887
0.201193
0.249014
0.296236
0.342744
0.388426
0.433173
0.476876
0.51943
0.560733
0.600685
0.63919
