-0.879513
-0.901803
-0.921921
-0.939818
-0.955451
-0.968782
-0.979779
-0.988416
-0.994671
-0.99853
-0.999984
-0.999029
-0.995667
-0.989906
-0.981761
-0.97125
-0.9584
-0.94324
-0.925809
-0.906147
-0.884302
-0.860326
-0.834278
-0.80622
-0.77622
-0.74435
-0.710687
-0.675312
-0.638309
-0.599769
-0.559785
-0.518451
-0.475869
-0.43214
-0.38737
-0.341667
-0.29514
-0.247903
-0.200069
-0.151752
-0.10307
-0.0541398
-0.00507906
0.043994
0.092961
0.141704
0.190106
0.238049
0.28542
0.332102
0.377985
0.422957
0.46691
0.509738
0.551338
0.59161
0.630457
0.667785
0.703504
0.737529
0.769776
0.800169
0.828635
0.855104
0.879513
0.901803
0.921921
0.939818
0.955451
0.968782
0.979779
0.988416
0.994671
0.99853
0.999984
0.999029
0.995667
0.989906
0.981761
0.97125
0.9584
0.94324
0.925809
0.906147
0.884302
0.860326
0.834278
0.80622
0.77622
0.74435
0.710687
0.675312
0.638309
0.599769
0.559785
0.518451
0.475869
0.43214
0.38737
0.341667
0.29514
0.247903
0.200069
0.151752
0.10307
0.0541398
0.00507906
-0.043994
-0.092961
-0.141704
-0.190106
-0.238049
-0.28542
-0.332102
-0.377985
-0.422957
-0.46691
-0.509738
-0.551338
-0.59161
-0.630457
-0.667785
-0.703504
-0.737529
-0.769776
-0.800169
-0.828635
-0.855104
