-0.956635
-0.94119
-0.923478
-0.903541
-0.881427
-0.85719
-0.830888
-0.802584
-0.772347
-0.740248
-0.706367
-0.670784
-0.633585
-0.59486
-0.554701
-0.513206
-0.470475
-0.426611
-0.381718
-0.335906
-0.289285
-0.241967
-0.194066
-0.145698
-0.0969782
-0.0480251
0.00104374
0.05011
0.0990556
0.147763
0.196114
0.243992
0.291283
0.337872
0.383647
0.428498
0.472316
0.514997
0.556437
0.596536
0.635199
0.672331
0.707843
0.74165
0.773671
0.803827
0.832048
0.858263
0.882411
0.904433
0.924277
0.941894
0.957241
0.970283
0.980987
0.989327
0.995285
0.998844
0.999998
0.998742
0.99508
0.989021
0.980579
0.969775
0.956635
0.94119
0.923478
0.903541
0.881427
0.85719
0.830888
0.802584
0.772347
0.740248
0.706367
0.670784
0.633585
0.59486
0.554701
0.513206
0.470475
0.426611
0.381718
0.335906
0.289285
0.241967
0.194066
0.145698
0.0969782
0.0480251
-0.00104374
-0.05011
-0.0990556
-0.147763
-0.196114
-0.243992
-0.291283
-0.337872
-0.383647
-0.428498
-0.472316
-0.514997
-0.556437
-0.596536
-0.635199
-0.672331
-0.707843
-0.74165
-0.773671
-0.803827
-0.832048
-0.858263
-0.882411
-0.904433
-0.924277
-0.941894
-0.957241
-0.970283
-0.980987
-0.989327
-0.995285
-0.998844
-0.999998
-0.998742
-0.99508
-0.989021
-0.980579
-0.969775
