0.968452
0.974255
0.979474
0.984109
0.988155
0.991611
0.994474
0.996743
0.998416
0.999492
0.999971
0.999852
0.999136
0.997822
0.995912
0.993407
0.990308
0.986617
0.982337
0.977469
0.972017
0.965984
0.959374
0.952191
0.944438
0.936121
0.927244
0.917813
0.907834
0.897312
0.886253
0.874665
0.862555
0.849928
0.836794
0.823159
0.809033
0.794423
0.779338
0.763787
0.74778
0.731326
0.714435
0.697117
0.679382
0.661241
0.642705
0.623785
0.604492
0.584837
0.564834
0.544492
0.523825
0.502845
0.481565
0.459996
0.438153
0.416048
0.393694
0.371105
0.348294
0.325275
0.302061
0.278667
0.255106
0.231393
0.207542
0.183566
0.159481
0.135301
0.111039
0.0867116
0.062332
0.0379152
0.0134758
-0.0109718
-0.0354127
-0.0598325
-0.0842165
-0.10855
-0.132819
-0.157009
-0.181104
-0.205091
-0.228956
-0.252684
-0.276261
-0.299673
-0.322906
-0.345945
-0.368778
-0.391391
-0.413769
-0.4359
-0.457771
-0.479368
-0.500679
-0.52169
-0.54239
-0.562765
-0.582804
-0.602495
-0.621826
-0.640785
-0.659361
-0.677542
-0.695319
-0.712681
-0.729616
-0.746115
-0.762169
-0.777767
-0.792899
-0.807559
-0.821735
-0.83542
-0.848606
-0.861285
-0.873449
-0.885091
-0.896204
-0.906781
-0.916816
-0.926304
-0.935237
-0.943612
-0.951423
-0.958665
-0.965334
-0.971426
-0.976938
-0.981865
-0.986206
-0.989957
-0.993117
-0.995683
-0.997654
-0.999029
-0.999806
-0.999986
-0.999569
-0.998554
-0.996942
-0.994734
-0.991932
-0.988537
-0.984551
-0.979976
-0.974816
-0.969073
-0.962751
-0.955854
-0.948385
-0.94035
-0.931752
-0.922598
-0.912892
-0.90264
-0.891849
-0.880525
-0.868675
-0.856305
-0.843424
-0.830039
-0.816157
-0.801788
-0.786939
-0.77162
-0.75584
-0.739609
-0.722935
-0.705829
-0.688301
-0.670362
-0.652022
-0.633292
-0.614184
-0.594709
-0.574879
-0.554705
-0.534199
-0.513373
-0.492239
-0.47081
-0.449103
-0.427135
-0.404919
-0.382464
-0.359763
-0.336807
-0.313599
-0.290174
-0.266624
-0.243077
-0.219649
-0.19636
-0.17306
-0.149407
-0.124947
-0.0992691
-0.0721909
-0.0438783
-0.0148371
0.0142315
0.0426534
0.0699821
0.0960954
0.12116
0.145504
0.169464
0.193278
0.217053
0.240794
0.264451
0.287969
0.31131
0.334455
0.357392
0.380114
0.40261
0.424866
0.446869
0.468605
0.49006
0.511223
0.53208
0.552619
0.572828
0.592694
0.612206
0.631352
0.650121
0.668501
0.686482
0.704053
0.721202
0.737921
0.754198
0.770025
0.785392
0.800289
0.814708
0.828639
0.842076
0.855009
0.867432
0.879335
0.890714
0.90156
0.911867
0.921629
0.93084
0.939495
0.947588
0.955115
0.962071
