0.164638
0.188503
0.212272
0.235991
0.259642
0.283179
0.306558
0.329749
0.352734
0.375503
0.398046
0.420351
0.442406
0.464197
0.485711
0.506934
0.527855
0.548459
0.568736
0.588674
0.608259
0.627481
0.646327
0.664788
0.682851
0.700505
0.717742
0.734549
0.750917
0.766837
0.782298
0.797291
0.811808
0.82584
0.839378
0.852415
0.864942
0.876952
0.888438
0.899392
0.90981
0.919683
0.929007
0.937776
0.945984
0.953627
0.9607
0.967198
0.973119
0.978458
0.983212
0.987378
0.990955
0.993939
0.996329
0.998123
0.999321
0.999922
0.999924
0.99933
0.998138
0.996349
0.993965
0.990987
0.987417
0.983256
0.978508
0.973175
0.96726
0.960768
0.953701
0.946063
0.937861
0.929098
0.919779
0.909911
0.899499
0.88855
0.877069
0.865064
0.852542
0.839511
0.825978
0.811951
0.797439
0.78245
0.766994
0.751079
0.734715
0.717912
0.70068
0.683029
0.66497
0.646514
0.627671
0.608453
0.588871
0.568938
0.548664
0.528062
0.507145
0.485925
0.464414
0.442626
0.420573
0.398269
0.375726
0.352959
0.329982
0.306807
0.283448
0.25992
0.236237
0.212413
0.188462
0.164398
0.140235
0.115989
0.0916739
0.0673038
0.0428934
0.0184573
-0.0059897
-0.0304332
-0.0548585
-0.079251
-0.103596
-0.127879
-0.152086
-0.176202
-0.200213
-0.224103
-0.24786
-0.271469
-0.294916
-0.318186
-0.341266
-0.364142
-0.386801
-0.409228
-0.431411
-0.453336
-0.47499
-0.49636
-0.517433
-0.538197
-0.55864
-0.578748
-0.598511
-0.617916
-0.636951
-0.655606
-0.673869
-0.69173
-0.709177
-0.7262
-0.742789
-0.758934
-0.774625
-0.789853
-0.80461
-0.818885
-0.832671
-0.84596
-0.858742
-0.871012
-0.882761
-0.893982
-0.904669
-0.914815
-0.924414
-0.933461
-0.94195
-0.949877
-0.957235
-0.964021
-0.970231
-0.975861
-0.980908
-0.985369
-0.98924
-0.992521
-0.995208
-0.9973
-0.998797
-0.999696
-0.999998
-0.999702
-0.998809
-0.997318
-0.995232
-0.992551
-0.989276
-0.98541
-0.980956
-0.975915
-0.97029
-0.964086
-0.957306
-0.949953
-0.942033
-0.933549
-0.924508
-0.914914
-0.904773
-0.894091
-0.882875
-0.871132
-0.858868
-0.84609
-0.832807
-0.819026
-0.804755
-0.790003
-0.77478
-0.759093
-0.742952
-0.726368
-0.709349
-0.691906
-0.67405
-0.655791
-0.63714
-0.618108
-0.598707
-0.578948
-0.558843
-0.538403
-0.51764
-0.496567
-0.475199
-0.453554
-0.431646
-0.409485
-0.387071
-0.364395
-0.341452
-0.318261
-0.29488
-0.27141
-0.247973
-0.224653
-0.201428
-0.178123
-0.154412
-0.129899
-0.104245
-0.0773151
-0.0492586
-0.0205032
0.00835786
0.0367344
0.0641987
0.0905763
0.115941
0.140532
