0.818803
0.804468
0.789648
0.774353
0.758591
0.742373
0.725707
0.708604
0.691074
0.673128
0.654776
0.63603
0.616901
0.597401
0.57754
0.557332
0.536787
0.51592
0.494742
0.473265
0.451504
0.429471
0.407179
0.384641
0.361873
0.338886
0.315694
0.292313
0.268756
0.245037
0.22117
0.19717
0.173051
0.148828
0.124515
0.100128
0.0756795
0.0511859
0.0266614
0.00212095
-0.0224208
-0.0469491
-0.0714491
-0.095906
-0.120305
-0.144632
-0.168872
-0.193009
-0.217031
-0.240922
-0.264668
-0.288254
-0.311667
-0.334892
-0.357915
-0.380722
-0.403301
-0.425636
-0.447715
-0.469524
-0.491051
-0.512282
-0.533204
-0.553805
-0.574072
-0.593993
-0.613557
-0.632751
-0.651564
-0.669985
-0.688002
-0.705604
-0.722782
-0.739524
-0.755821
-0.771662
-0.787039
-0.801941
-0.81636
-0.830288
-0.843716
-0.856635
-0.869038
-0.880918
-0.892267
-0.903079
-0.913347
-0.923064
-0.932226
-0.940826
-0.948859
-0.956321
-0.963207
-0.969512
-0.975234
-0.980368
-0.984911
-0.988862
-0.992216
-0.994973
-0.997131
-0.998688
-0.999643
-0.999996
-0.999747
-0.998896
-0.997443
-0.995389
-0.992735
-0.989484
-0.985637
-0.981195
-0.976163
-0.970543
-0.964338
-0.957552
-0.95019
-0.942255
-0.933753
-0.924688
-0.915066
-0.904893
-0.894175
-0.882918
-0.871129
-0.858816
-0.845985
-0.832645
-0.818803
-0.804468
-0.789648
-0.774353
-0.758591
-0.742373
-0.725707
-0.708604
-0.691074
-0.673128
-0.654776
-0.63603
-0.616901
-0.597401
-0.57754
-0.557332
-0.536787
-0.51592
-0.494742
-0.473265
-0.451504
-0.429471
-0.407179
-0.384641
-0.361873
-0.338886
-0.315694
-0.292313
-0.268756
-0.245037
-0.22117
-0.19717
-0.173051
-0.148828
-0.124515
-0.100128
-0.0756795
-0.0511859
-0.0266614
-0.00212095
0.0224208
0.0469491
0.0714491
0.095906
0.120305
0.144632
0.168872
0.193009
0.217031
0.240922
0.264668
0.288254
0.311667
0.334892
0.357915
0.380722
0.403301
0.425636
0.447715
0.469524
0.491051
0.512282
0.533204
0.553805
0.574072
0.593993
0.613557
0.632751
0.651564
0.669985
0.688002
0.705604
0.722782
0.739524
0.755821
0.771662
0.787039
0.801941
0.81636
0.830288
0.843716
0.856635
0.869038
0.880918
0.892267
0.903079
0.913347
0.923064
0.932226
0.940826
0.948859
0.956321
0.963207
0.969512
0.975234
0.980368
0.984911
0.988862
0.992216
0.994973
0.997131
0.998688
0.999643
0.999996
0.999747
0.998896
0.997443
0.995389
0.992735
0.989484
0.985637
0.981195
0.976163
0.970543
0.964338
0.957552
0.95019
0.942255
0.933753
0.924688
0.915066
0.904893
0.894175
0.882918
0.871129
0.858816
0.845985
0.832645
