0.433863
0.411708
0.389307
0.366674
0.343821
0.320763
0.297513
0.274086
0.250494
0.226753
0.202876
0.178878
0.154773
0.130576
0.106301
0.0819616
0.0575736
0.0331512
0.00870903
-0.0157384
-0.0401764
-0.0645903
-0.0889657
-0.113288
-0.137542
-0.161715
-0.18579
-0.209755
-0.233594
-0.257294
-0.28084
-0.304218
-0.327414
-0.350414
-0.373205
-0.395773
-0.418105
-0.440186
-0.462004
-0.483547
-0.5048
-0.525752
-0.546389
-0.5667
-0.586672
-0.606293
-0.625552
-0.644437
-0.662937
-0.681041
-0.698738
-0.716017
-0.732868
-0.749281
-0.765247
-0.780754
-0.795796
-0.810361
-0.824443
-0.838031
-0.851119
-0.863698
-0.87576
-0.8873
-0.898309
-0.908781
-0.91871
-0.92809
-0.936915
-0.94518
-0.95288
-0.960011
-0.966568
-0.972547
-0.977945
-0.982758
-0.986984
-0.99062
-0.993664
-0.996115
-0.997969
-0.999228
-0.999889
-0.999952
-0.999418
-0.998287
-0.996559
-0.994235
-0.991317
-0.987806
-0.983705
-0.979016
-0.973742
-0.967886
-0.961452
-0.954443
-0.946863
-0.938718
-0.930011
-0.920749
-0.910936
-0.900579
-0.889683
-0.878256
-0.866304
-0.853834
-0.840854
-0.827371
-0.813394
-0.79893
-0.783989
-0.76858
-0.752711
-0.736392
-0.719633
-0.702444
-0.684835
-0.666817
-0.6484
-0.629596
-0.610416
-0.59087
-0.570972
-0.550732
-0.530163
-0.509278
-0.488087
-0.466604
-0.444841
-0.422813
-0.400539
-0.378033
-0.355304
-0.332347
-0.309149
-0.285714
-0.262091
-0.238396
-0.214783
-0.191354
-0.168039
-0.144518
-0.120257
-0.0946991
-0.0675328
-0.0389021
-0.00942923
0.019989
0.0485152
0.0756633
0.101408
0.126081
0.150146
0.173989
0.19781
0.221638
0.245415
0.269069
0.292552
0.315845
0.338943
0.361837
0.384517
0.406969
0.429177
0.451129
0.472811
0.49421
0.515314
0.53611
0.556586
0.576729
0.596527
0.615969
0.635042
0.653736
0.672039
0.689941
0.70743
0.724497
0.74113
0.75732
0.773058
0.788334
0.803138
0.817463
0.831299
0.844638
0.857472
0.869794
0.881596
0.892871
0.903612
0.913814
0.923469
0.932572
0.941118
0.949101
0.956517
0.963361
0.96963
0.975319
0.980425
0.984945
0.988876
0.992217
0.994964
0.997116
0.998673
0.999633
0.999995
0.99976
0.998927
0.997497
0.995471
0.99285
0.989635
0.985829
0.981434
0.976452
0.970887
0.964741
0.958019
0.950724
0.942861
0.934434
0.925449
0.915911
0.905825
0.895198
0.884036
0.872345
0.860133
0.847407
0.834175
0.820444
0.806222
0.791519
0.776343
0.760702
0.744607
0.728067
0.711092
0.693692
0.675877
0.657658
0.639046
0.620052
0.600688
0.580964
0.560894
0.540488
0.519759
0.498719
0.477381
0.455758
