0.323819
0.346857
0.369682
0.392283
0.414651
0.436771
0.458631
0.480218
0.501517
0.522516
0.543203
0.563565
0.583591
0.603267
0.622584
0.641528
0.660088
0.678254
0.696015
0.713359
0.730278
0.74676
0.762795
0.778375
0.793489
0.808129
0.822286
0.835952
0.849118
0.861776
0.87392
0.885541
0.896633
0.907188
0.917202
0.926668
0.935579
0.943932
0.95172
0.958939
0.965586
0.971655
0.977143
0.982048
0.986365
0.990093
0.99323
0.995772
0.997719
0.999071
0.999824
0.999981
0.999539
0.998501
0.996865
0.994634
0.991808
0.98839
0.98438
0.979783
0.974599
0.968833
0.962489
0.955569
0.948077
0.940019
0.9314
0.922223
0.912496
0.902223
0.89141
0.880065
0.868194
0.855805
0.842903
0.829498
0.815597
0.801208
0.786341
0.771004
0.755206
0.738956
0.722265
0.705142
0.687598
0.669643
0.651287
0.632542
0.613419
0.59393
0.574086
0.553898
0.533379
0.512542
0.491398
0.469961
0.448242
0.426256
0.404015
0.381533
0.358822
0.335897
0.312771
0.289459
0.265973
0.242328
0.218539
0.194619
0.170582
0.146444
0.122218
0.0979191
0.0735616
0.0491601
0.0247293
0.000283694
-0.0241621
-0.0485934
-0.0729957
-0.0973544
-0.121655
-0.145883
-0.170023
-0.194062
-0.217985
-0.241778
-0.265426
-0.288916
-0.312232
-0.335363
-0.358293
-0.381008
-0.403496
-0.425743
-0.447735
-0.46946
-0.490904
-0.512055
-0.532899
-0.553426
-0.573621
-0.593473
-0.612971
-0.632103
-0.650856
-0.669221
-0.687186
-0.70474
-0.721872
-0.738574
-0.754834
-0.770642
-0.78599
-0.800869
-0.815268
-0.829181
-0.842598
-0.855511
-0.867913
-0.879796
-0.891153
-0.901978
-0.912263
-0.922004
-0.931193
-0.939826
-0.947897
-0.955401
-0.962335
-0.968693
-0.974472
-0.979669
-0.98428
-0.988303
-0.991736
-0.994575
-0.99682
-0.99847
-0.999522
-0.999977
-0.999835
-0.999095
-0.997758
-0.995824
-0.993295
-0.990173
-0.986459
-0.982155
-0.977264
-0.971789
-0.965733
-0.9591
-0.951894
-0.944119
-0.935779
-0.926881
-0.917428
-0.907427
-0.896884
-0.885804
-0.874195
-0.862064
-0.849417
-0.836263
-0.822609
-0.808463
-0.793834
-0.778731
-0.763162
-0.747137
-0.730665
-0.713757
-0.696422
-0.678671
-0.660514
-0.641963
-0.623027
-0.60372
-0.584052
-0.564035
-0.54368
-0.522998
-0.502003
-0.480709
-0.459132
-0.43729
-0.415193
-0.392846
-0.370241
-0.347372
-0.324245
-0.300904
-0.277437
-0.253964
-0.230593
-0.207341
-0.184085
-0.160536
-0.136298
-0.110993
-0.0844091
-0.0566104
-0.0279607
0.000965278
0.0295467
0.0572911
0.0839515
0.109547
0.134292
0.158483
0.182384
0.206169
0.229904
0.25358
0.277154
0.300578
