0.235828
0.223885
0.211908
0.199899
0.18786
0.175793
0.163699
0.151581
0.13944
0.127278
0.115096
0.102898
0.0906835
0.0784557
0.0662161
0.0539665
0.0417088
0.0294448
0.0171763
0.00490533
-0.00736643
-0.0196371
-0.0319048
-0.0441677
-0.0564239
-0.0686716
-0.080909
-0.0931342
-0.105345
-0.117541
-0.129718
-0.141876
-0.154013
-0.166127
-0.178215
-0.190277
-0.20231
-0.214312
-0.226283
-0.238219
-0.250119
-0.261982
-0.273805
-0.285587
-0.297326
-0.30902
-0.320668
-0.332267
-0.343817
-0.355314
-0.366758
-0.378147
-0.389479
-0.400752
-0.411965
-0.423116
-0.434203
-0.445224
-0.456179
-0.467065
-0.477881
-0.488624
-0.499294
-0.509889
-0.520407
-0.530847
-0.541207
-0.551485
-0.56168
-0.571791
-0.581815
-0.591752
-0.6016
-0.611357
-0.621022
-0.630594
-0.64007
-0.649451
-0.658733
-0.667916
-0.676999
-0.68598
-0.694857
-0.70363
-0.712296
-0.720856
-0.729307
-0.737648
-0.745878
-0.753996
-0.762
-0.769889
-0.777663
-0.785319
-0.792857
-0.800276
-0.807574
-0.81475
-0.821804
-0.828734
-0.83554
-0.842219
-0.848772
-0.855196
-0.861492
-0.867659
-0.873694
-0.879598
-0.88537
-0.891008
-0.896512
-0.901881
-0.907114
-0.912211
-0.91717
-0.921991
-0.926673
-0.931216
-0.935619
-0.93988
-0.944
-0.947978
-0.951813
-0.955505
-0.959053
-0.962456
-0.965715
-0.968828
-0.971795
-0.974616
-0.97729
-0.979816
-0.982196
-0.984427
-0.98651
-0.988445
-0.99023
-0.991867
-0.993354
-0.994692
-0.99588
-0.996918
-0.997805
-0.998543
-0.99913
-0.999566
-0.999852
-0.999988
-0.999973
-0.999807
-0.999491
-0.999024
-0.998407
-0.997639
-0.996721
-0.995653
-0.994436
-0.993068
-0.991551
-0.989884
-0.988069
-0.986104
-0.983991
-0.98173
-0.979321
-0.976765
-0.974062
-0.971211
-0.968215
-0.965073
-0.961785
-0.958353
-0.954776
-0.951055
-0.947192
-0.943185
-0.939037
-0.934747
-0.930316
-0.925746
-0.921035
-0.916187
-0.9112
-0.906076
-0.900815
-0.895419
-0.889888
-0.884223
-0.878425
-0.872494
-0.866432
-0.86024
-0.853918
-0.847468
-0.84089
-0.834185
-0.827354
-0.820399
-0.813321
-0.80612
-0.798798
-0.791355
-0.783793
-0.776113
-0.768316
-0.760404
-0.752377
-0.744236
-0.735984
-0.727621
-0.719148
-0.710567
-0.701879
-0.693085
-0.684187
-0.675185
-0.666083
-0.656879
-0.647577
-0.638177
-0.628682
-0.619091
-0.609408
-0.599632
-0.589766
-0.579812
-0.56977
-0.559642
-0.54943
-0.539135
-0.52876
-0.518304
-0.50777
-0.49716
-0.486475
-0.475717
-0.464887
-0.453987
-0.443019
-0.431984
-0.420884
-0.409721
-0.398496
-0.387211
-0.375867
-0.364467
-0.353012
-0.341504
-0.329945
-0.318336
-0.306679
-0.294975
-0.283228
-0.271437
-0.259606
-0.247736
-0.235828
-0.223885
-0.211908
-0.199899
-0.18786
-0.175793
-0.163699
-0.151581
-0.13944
-0.127278
-0.115096
-0.102898
-0.0906835
-0.0784557
-0.0662161
-0.0539665
-0.0417088
-0.0294448
-0.0171763
-0.00490533
0.00736643
0.0196371
0.0319048
0.0441677
0.0564239
0.0686716
0.080909
0.0931342
0.105345
0.117541
0.129718
0.141876
0.154013
0.166127
0.178215
0.190277
0.20231
0.214312
0.226283
0.238219
0.250119
0.261982
0.273805
0.285587
0.297326
0.30902
0.320668
0.332267
0.343817
0.355314
0.366758
0.378147
0.389479
0.400752
0.411965
0.423116
0.434203
0.445224
0.456179
0.467065
0.477881
0.488624
0.499294
0.509889
0.520407
0.530847
0.541207
0.551485
0.56168
0.571791
0.581815
0.591752
0.6016
0.611357
0.621022
0.630594
0.64007
0.649451
0.658733
0.667916
0.676999
0.68598
0.694857
0.70363
0.712296
0.720856
0.729307
0.737648
0.745878
0.753996
0.762
0.769889
0.777663
0.785319
0.792857
0.800276
0.807574
0.81475
0.821804
0.828734
0.83554
0.842219
0.848772
0.855196
0.861492
0.867659
0.873694
0.879598
0.88537
0.891008
0.896512
0.901881
0.907114
0.912211
0.91717
0.921991
0.926673
0.931216
0.935619
0.93988
0.944
0.947978
0.951813
0.955505
0.959053
0.962456
0.965715
0.968828
0.971795
0.974616
0.97729
0.979816
0.982196
0.984427
0.98651
0.988445
0.99023
0.991867
0.993354
0.994692
0.99588
0.996918
0.997805
0.998543
0.99913
0.999566
0.999852
0.999988
0.999973
0.999807
0.999491
0.999024
0.998407
0.997639
0.996721
0.995653
0.994436
0.993068
0.991551
0.989884
0.988069
0.986104
0.983991
0.98173
0.979321
0.976765
0.974062
0.971211
0.968215
0.965073
0.961785
0.958353
0.954776
0.951055
0.947192
0.943185
0.939037
0.934747
0.930316
0.925746
0.921035
0.916187
0.9112
0.906076
0.900815
0.895419
0.889888
0.884223
0.878425
0.872494
0.866432
0.86024
0.853918
0.847468
0.84089
0.834185
0.827354
0.820399
0.813321
0.80612
0.798798
0.791355
0.783793
0.776113
0.768316
0.760404
0.752377
0.744236
0.735984
0.727621
0.719148
0.710567
0.701879
0.693085
0.684187
0.675185
0.666083
0.656879
0.647577
0.638177
0.628682
0.619091
0.609408
0.599632
0.589766
0.579812
0.56977
0.559642
0.54943
0.539135
0.52876
0.518304
0.50777
0.49716
0.486475
0.475717
0.464887
0.453987
0.443019
0.431984
0.420884
0.409721
0.398496
0.387211
0.375867
0.364467
0.353012
0.341504
0.329945
0.318336
0.306679
0.294975
0.283228
0.271437
0.259606
0.247736
