-0.958665
-0.951423
-0.943612
-0.935237
-0.926304
-0.916816
-0.906781
-0.896203
-0.88509
-0.873448
-0.861284
-0.848606
-0.83542
-0.821734
-0.807558
-0.792899
-0.777766
-0.762168
-0.746114
-0.729615
-0.712679
-0.695318
-0.677541
-0.659359
-0.640783
-0.621824
-0.602493
-0.582803
-0.562763
-0.542388
-0.521688
-0.500677
-0.479366
-0.457769
-0.435898
-0.413767
-0.391388
-0.368775
-0.345941
-0.322903
-0.299678
-0.276277
-0.252687
-0.228893
-0.20493
-0.180958
-0.157219
-0.133781
-0.11019
-0.0854112
-0.0583505
-0.0287445
0.00232986
0.032928
0.0614275
0.0874521
0.111795
0.13557
0.159441
0.183487
0.207521
0.231406
0.255118
0.278671
0.302063
0.325278
0.348297
0.371108
0.393697
0.416051
0.438156
0.46
0.481568
0.502849
0.523829
0.544496
0.564837
0.584841
0.604495
0.623788
0.642708
0.661245
0.679385
0.69712
0.714438
0.731329
0.747784
0.763791
0.779341
0.794426
0.809036
0.823162
0.836797
0.849931
0.862557
0.874668
0.886256
0.897314
0.907836
0.917816
0.927247
0.936123
0.94444
0.952193
0.959376
0.965987
0.972019
0.977471
0.982339
0.986619
0.99031
0.993409
0.995914
0.997824
0.999137
0.999854
0.999972
0.999493
0.998417
0.996744
0.994475
0.991612
0.988156
0.98411
0.979475
0.974255
0.968453
0.962072
0.955115
0.947588
0.939495
0.93084
0.921629
0.911867
0.901559
0.890713
0.879335
0.867431
0.855009
0.842075
0.828639
0.814707
0.800288
0.785391
0.770024
0.754197
0.73792
0.721201
0.704051
0.686481
0.6685
0.65012
0.631351
0.612204
0.592692
0.572826
0.552617
0.532078
0.511221
0.490058
0.468603
0.446867
0.424864
0.402608
0.38011
0.357386
0.334448
0.31131
0.287986
0.26449
0.240835
0.217037
0.193109
0.169066
0.144922
0.120691
0.0963875
0.0720268
0.047623
0.0231908
-0.00125534
-0.0257007
-0.0501307
-0.0745307
-0.0988862
-0.123183
-0.147405
-0.17154
-0.195572
-0.219487
-0.243271
-0.26691
-0.290389
-0.313695
-0.336813
-0.35973
-0.382431
-0.404905
-0.427136
-0.449112
-0.470819
-0.492245
-0.513377
-0.534202
-0.554708
-0.574882
-0.594712
-0.614188
-0.633296
-0.652025
-0.670365
-0.688304
-0.705832
-0.722938
-0.739612
-0.755844
-0.771624
-0.786942
-0.801791
-0.81616
-0.830042
-0.843427
-0.856308
-0.868678
-0.880528
-0.891852
-0.902643
-0.912894
-0.9226
-0.931755
-0.940352
-0.948388
-0.955856
-0.962753
-0.969075
-0.974818
-0.979978
-0.984553
-0.988538
-0.991933
-0.994736
-0.996943
-0.998555
-0.99957
-0.999988
-0.999808
-0.99903
-0.997655
-0.995684
-0.993118
-0.989958
-0.986207
-0.981866
-0.976938
-0.971427
-0.965334
