-0.26079
-0.213106
-0.164909
-0.116314
-0.0674395
-0.0184024
0.0306792
0.0796868
0.128502
0.177008
0.225088
0.272625
0.319506
0.365617
0.410847
0.455087
0.498231
0.540175
0.580817
0.62006
0.65781
0.693974
0.728467
0.761205
0.792109
0.821105
0.848122
0.873097
0.895968
0.91668
0.935185
0.951436
0.965395
0.977029
0.986308
0.993212
0.997723
0.99983
0.999529
0.99682
0.991709
0.984209
0.974338
0.96212
0.947584
0.930765
0.911704
0.890446
0.867044
0.841552
0.814033
0.784554
0.753184
0.719999
0.68508
0.648511
0.610379
0.570777
0.5298
0.487546
0.444118
0.39962
0.354159
0.307845
0.26079
0.213106
0.164909
0.116314
0.0674395
0.0184024
-0.0306792
-0.0796868
-0.128502
-0.177008
-0.225088
-0.272625
-0.319506
-0.365617
-0.410847
-0.455087
-0.498231
-0.540175
-0.580817
-0.62006
-0.65781
-0.693974
-0.728467
-0.761205
-0.792109
-0.821105
-0.848122
-0.873097
-0.895968
-0.91668
-0.935185
-0.951436
-0.965395
-0.977029
-0.986308
-0.993212
-0.997723
-0.99983
-0.999529
-0.99682
-0.991709
-0.984209
-0.974338
-0.96212
-0.947584
-0.930765
-0.911704
-0.890446
-0.867044
-0.841552
-0.814033
-0.784554
-0.753184
-0.719999
-0.68508
-0.648511
-0.610379
-0.570777
-0.5298
-0.487546
-0.444118
-0.39962
-0.354159
-0.307845
