0.597288
0.557215
0.5158
0.473142
0.429344
0.384512
0.338754
0.29218
0.244902
0.197034
0.148691
0.0999897
0.0510477
0.00198277
-0.0470869
-0.0960432
-0.144768
-0.193144
-0.241055
-0.288385
-0.335021
-0.380849
-0.42576
-0.469645
-0.512398
-0.553918
-0.594102
-0.632856
-0.670085
-0.7057
-0.739614
-0.771747
-0.802021
-0.830362
-0.856703
-0.88098
-0.903135
-0.923114
-0.940869
-0.956358
-0.969542
-0.980391
-0.988878
-0.994983
-0.998691
-0.999993
-0.998886
-0.995372
-0.98946
-0.981165
-0.970506
-0.957509
-0.942205
-0.924632
-0.90483
-0.88285
-0.858742
-0.832565
-0.804383
-0.774263
-0.742277
-0.708504
-0.673023
-0.635921
-0.597288
-0.557215
-0.5158
-0.473142
-0.429344
-0.384512
-0.338754
-0.29218
-0.244902
-0.197034
-0.148691
-0.0999897
-0.0510477
-0.00198277
0.0470869
0.0960432
0.144768
0.193144
0.241055
0.288385
0.335021
0.380849
0.42576
0.469645
0.512398
0.553918
0.594102
0.632856
0.670085
0.7057
0.739614
0.771747
0.802021
0.830362
0.856703
0.88098
0.903135
0.923114
0.940869
0.956358
0.969542
0.980391
0.988878
0.994983
0.998691
0.999993
0.998886
0.995372
0.98946
0.981165
0.970506
0.957509
0.942205
0.924632
0.90483
0.88285
0.858742
0.832565
0.804383
0.774263
0.742277
0.708504
0.673023
0.635921
