0.902194
0.891337
0.879943
0.868019
0.855572
0.84261
0.82914
0.815171
0.800711
0.785768
0.770353
0.754473
0.738138
0.721359
0.704146
0.686508
0.668457
0.650003
0.631158
0.611932
0.592338
0.572387
0.552091
0.531463
0.510515
0.489259
0.467708
0.445876
0.423775
0.401418
0.37882
0.355994
0.332954
0.309712
0.286285
0.262684
0.238926
0.215023
0.190992
0.166845
0.142597
0.118264
0.0938593
0.0693981
0.0448952
0.0203652
-0.00417699
-0.0287167
-0.0532391
-0.0777295
-0.102173
-0.126555
-0.150861
-0.175076
-0.199185
-0.223174
-0.247029
-0.270736
-0.294279
-0.317645
-0.340819
-0.363788
-0.386539
-0.409056
-0.431327
-0.453338
-0.475076
-0.496527
-0.51768
-0.538521
-0.559038
-0.579217
-0.599048
-0.618518
-0.637616
-0.656329
-0.674647
-0.692559
-0.710053
-0.72712
-0.743749
-0.759929
-0.775652
-0.790908
-0.805687
-0.819982
-0.833782
-0.84708
-0.859867
-0.872137
-0.883881
-0.895093
-0.905766
-0.915893
-0.925468
-0.934486
-0.942942
-0.950829
-0.958143
-0.96488
-0.971036
-0.976607
-0.98159
-0.985982
-0.989779
-0.992981
-0.995584
-0.997587
-0.99899
-0.999791
-0.99999
-0.999586
-0.99858
-0.996973
-0.994765
-0.991958
-0.988553
-0.984553
-0.97996
-0.974777
-0.969006
-0.962652
-0.955718
-0.948208
-0.940127
-0.93148
-0.922272
-0.912508
-0.902194
-0.891337
-0.879943
-0.868019
-0.855572
-0.84261
-0.82914
-0.815171
-0.800711
-0.785768
-0.770353
-0.754473
-0.738138
-0.721359
-0.704146
-0.686508
-0.668457
-0.650003
-0.631158
-0.611932
-0.592338
-0.572387
-0.552091
-0.531463
-0.510515
-0.489259
-0.467708
-0.445876
-0.423775
-0.401418
-0.37882
-0.355994
-0.332954
-0.309712
-0.286285
-0.262684
-0.238926
-0.215023
-0.190992
-0.166845
-0.142597
-0.118264
-0.0938593
-0.0693981
-0.0448952
-0.0203652
0.00417699
0.0287167
0.0532391
0.0777295
0.102173
0.126555
0.150861
0.175076
0.199185
0.223174
0.247029
0.270736
0.294279
0.317645
0.340819
0.363788
0.386539
0.409056
0.431327
0.453338
0.475076
0.496527
0.51768
0.538521
0.559038
0.579217
0.599048
0.618518
0.637616
0.656329
0.674647
0.692559
0.710053
0.72712
0.743749
0.759929
0.775652
0.790908
0.805687
0.819982
0.833782
0.84708
0.859867
0.872137
0.883881
0.895093
0.905766
0.915893
0.925468
0.934486
0.942942
0.950829
0.958143
0.96488
0.971036
0.976607
0.98159
0.985982
0.989779
0.992981
0.995584
0.997587
0.99899
0.999791
0.99999
0.999586
0.99858
0.996973
0.994765
0.991958
0.988553
0.984553
0.97996
0.974777
0.969006
0.962652
0.955718
0.948208
0.940127
0.93148
0.922272
0.912508
