0.982417
0.97756
0.972118
0.966096
0.959496
0.952322
0.94458
0.936272
0.927405
0.917984
0.908014
0.897502
0.886453
0.874874
0.862772
0.850155
0.83703
0.823404
0.809286
0.794684
0.779608
0.764065
0.748066
0.73162
0.714736
0.697426
0.679698
0.661564
0.643035
0.624121
0.604835
0.585187
0.565189
0.544853
0.524192
0.503217
0.481942
0.460378
0.43854
0.416439
0.394089
0.371504
0.348697
0.325682
0.302471
0.27908
0.255522
0.231812
0.207963
0.183989
0.159906
0.135727
0.111467
0.0871404
0.0627616
0.0383453
0.0139061
-0.0105414
-0.0349826
-0.0594029
-0.0837877
-0.108122
-0.132392
-0.156583
-0.180681
-0.20467
-0.228537
-0.252268
-0.275847
-0.299262
-0.322498
-0.345541
-0.368378
-0.390995
-0.413377
-0.435513
-0.457389
-0.478991
-0.500306
-0.521323
-0.542028
-0.56241
-0.582455
-0.602152
-0.621489
-0.640454
-0.659037
-0.677226
-0.69501
-0.712379
-0.729322
-0.745829
-0.76189
-0.777496
-0.792637
-0.807305
-0.82149
-0.835184
-0.848378
-0.861066
-0.873239
-0.88489
-0.896013
-0.9066
-0.916644
-0.926141
-0.935085
-0.94347
-0.95129
-0.958542
-0.965222
-0.971324
-0.976846
-0.981784
-0.986135
-0.989896
-0.993067
-0.995643
-0.997625
-0.99901
-0.999798
-0.999989
-0.999581
-0.998577
-0.996975
-0.994778
-0.991986
-0.988602
-0.984626
-0.980062
-0.974912
-0.96918
-0.962868
-0.95598
-0.948522
-0.940496
-0.931908
-0.922764
-0.913067
-0.902826
-0.892044
-0.880729
-0.868888
-0.856528
-0.843655
-0.830279
-0.816406
-0.802045
-0.787205
-0.771894
-0.756122
-0.739898
-0.723232
-0.706134
-0.688613
-0.670681
-0.652348
-0.633625
-0.614524
-0.595055
-0.575231
-0.555063
-0.534563
-0.513743
-0.492615
-0.471192
-0.449488
-0.42752
-0.405305
-0.382854
-0.360166
-0.33723
-0.314043
-0.290626
-0.267055
-0.243457
-0.219964
-0.19663
-0.173339
-0.149766
-0.125439
-0.0998976
-0.0729022
-0.044584
-0.0154555
0.0137393
0.042271
0.0696548
0.0957629
0.120785
0.145083
0.169014
0.192825
0.216614
0.240371
0.264039
0.287562
0.310905
0.33405
0.35699
0.379715
0.402216
0.424476
0.446484
0.468225
0.489685
0.510853
0.531716
0.55226
0.572475
0.592347
0.611866
0.631019
0.649794
0.668181
0.686169
0.703747
0.720904
0.73763
0.753916
0.769751
0.785125
0.800031
0.814458
0.828399
0.841844
0.854786
0.867218
0.879131
0.890518
0.901373
0.91169
0.921462
0.930683
0.939347
0.947451
0.954988
0.961954
0.968345
0.974158
0.979388
0.984033
0.988089
0.991556
0.994429
0.996708
0.998392
0.999479
0.999968
0.99986
0.999154
0.997851
0.995951
0.993456
0.990368
0.986688
