-0.917911
-0.936275
-0.952382
-0.966196
-0.977682
-0.986812
-0.993565
-0.997925
-0.99988
-0.999427
-0.996566
-0.991304
-0.983654
-0.973634
-0.961269
-0.946588
-0.929626
-0.910425
-0.889031
-0.865495
-0.839874
-0.812229
-0.782628
-0.751141
-0.717845
-0.68282
-0.646149
-0.607922
-0.56823
-0.52717
-0.484839
-0.441341
-0.396779
-0.351261
-0.304897
-0.257799
-0.210079
-0.161854
-0.113238
-0.0643498
-0.0153064
0.0337738
0.0827726
0.131572
0.180055
0.228103
0.275603
0.322438
0.368496
0.413667
0.457841
0.500912
0.542777
0.583334
0.622485
0.660137
0.696199
0.730583
0.763207
0.793993
0.822866
0.849757
0.8746
0.897337
0.917911
0.936275
0.952382
0.966196
0.977682
0.986812
0.993565
0.997925
0.99988
0.999427
0.996566
0.991304
0.983654
0.973634
0.961269
0.946588
0.929626
0.910425
0.889031
0.865495
0.839874
0.812229
0.782628
0.751141
0.717845
0.68282
0.646149
0.607922
0.56823
0.52717
0.484839
0.441341
0.396779
0.351261
0.304897
0.257799
0.210079
0.161854
0.113238
0.0643498
0.0153064
-0.0337738
-0.0827726
-0.131572
-0.180055
-0.228103
-0.275603
-0.322438
-0.368496
-0.413667
-0.457841
-0.500912
-0.542777
-0.583334
-0.622485
-0.660137
-0.696199
-0.730583
-0.763207
-0.793993
-0.822866
-0.849757
-0.8746
-0.897337
