0.0828417
0.131641
0.180122
0.22817
0.275668
0.322502
0.368559
0.413728
0.4579
0.50097
0.542832
0.583387
0.622536
0.660186
0.696245
0.730626
0.763248
0.794031
0.822901
0.849788
0.874629
0.897362
0.917934
0.936294
0.952398
0.966208
0.97769
0.986817
0.993567
0.997923
0.999875
0.999418
0.996554
0.991289
0.983635
0.973612
0.961244
0.94656
0.929595
0.910391
0.888994
0.865455
0.839831
0.812184
0.78258
0.751091
0.717792
0.682765
0.646092
0.607863
0.56817
0.527107
0.484775
0.441275
0.396712
0.351194
0.304829
0.25773
0.21001
0.161784
0.113168
0.0642798
0.0152366
-0.0338433
-0.0828417
-0.131641
-0.180122
-0.22817
-0.275668
-0.322502
-0.368559
-0.413728
-0.4579
-0.50097
-0.542832
-0.583387
-0.622536
-0.660186
-0.696245
-0.730626
-0.763248
-0.794031
-0.822901
-0.849788
-0.874629
-0.897362
-0.917934
-0.936294
-0.952398
-0.966208
-0.97769
-0.986817
-0.993567
-0.997923
-0.999875
-0.999418
-0.996554
-0.991289
-0.983635
-0.973612
-0.961244
-0.94656
-0.929595
-0.910391
-0.888994
-0.865455
-0.839831
-0.812184
-0.78258
-0.751091
-0.717792
-0.682765
-0.646092
-0.607863
-0.56817
-0.527107
-0.484775
-0.441275
-0.396712
-0.351194
-0.304829
-0.25773
-0.21001
-0.161784
-0.113168
-0.0642798
-0.0152366
0.0338433
