0.981745
0.964564
0.998221
1.02866
1.01255
0.980663
0.98401
1.01183
1.01541
0.992838
0.986773
1.00487
1.01068
0.995874
0.991814
1.00417
1.00578
0.995578
0.996583
1.00441
1.00118
0.996174
1.0007
1.00259
0.998169
0.999048
1.00193
0.999494
0.998904
1.00116
0.999935
0.999205
1.00071
0.999951
0.99953
1.00049
0.99985
0.99981
1.00031
0.999786
1.00003
1.00011
0.999838
1.00013
0.999943
0.99999
1.00005
0.999931
1.00007
0.999947
1.00004
0.999976
1.00001
0.999992
1
0.999998
1
1
1
1
1
1
1
1
1
1
1
1
1
1
1
1
1
1
1
1
1
1
1
1
1
1
1
1
1
1
1
1
1
1
1
1
1
1
1
1
1
1
1
1
1
1
1
1
1
1
1
1
1
1
1
1
1
1
1
1
1
1
1
1
1
1
1
1
1
1
1
1
1
1
1
1
1
1
1
1
1
1
1
1
1
1
1
1
1
1
1
1
1
1
1
1
1
1
1
1
1
1
1
1
1
1
1
1
1
1
1
1
1
1
1
1
1
1
1
1
1
1
1
1
1
1
1
1
1
1
1
1
1
1
1
1
1
1
1
1
1
1
1
1
1
1
1
1
1
1
1
1
1
1
0.999999
0.999998
0.999996
0.999989
0.999973
0.999935
0.999846
0.999644
0.999203
0.998274
0.996379
0.992658
0.985632
0.972898
0.950816
0.914286
0.856874
0.771569
0.652522
0.497864
0.31322
0.114744
-0.07031
-0.207707
-0.266137
-0.231173
-0.117643
0.027895
0.141157
0.169266
0.101863
-0.0166882
-0.10921
-0.11533
-0.03686
0.0596745
0.094434
0.04289
-0.0405446
-0.0735699
-0.0283228
0.0399455
0.0545867
0.00510688
-0.0427857
-0.0308542
0.0182546
0.0354358
0.00177903
-0.0286591
-0.012553
0.0193375
0.0159897
-0.0118279
-0.0154057
0.00716206
0.0132269
-0.00487182
-0.0106817
0.00412635
0.00818631
-0.00417424
-0.00577752
0.00442177
0.00341749
-0.00440976
-0.00117538
0.00382573
-0.000698775
-0.00258851
0.00183082
0.000952316
-0.00193282
0.000505979
0.00109642
-0.00115609
6.5395e-05
0.000794843
-0.000712953
4.91693e-05
0.000469673
-0.000485822
0.000149656
0.00019021
-0.000311367
0.000214468
-3.01425e-05
-0.000113603
0.000161553
-0.000127729
5.69029e-05
1.03809e-05
-5.323e-05
6.91526e-05
-6.571e-05
5.26355e-05
-3.7445e-05
2.42878e-05
-1.45907e-05
8.20316e-06
-4.34848e-06
2.18562e-06
-1.04615e-06
4.78559e-07
-2.09828e-07
8.83986e-08
-3.58591e-08
1.4032e-08
-5.3052e-09
1.94073e-09
-6.878e-10
2.36423e-10
-7.89043e-11
2.5592e-11
-8.07379e-12
2.47952e-12
-7.41811e-13
2.16348e-13
-6.15492e-14
1.70907e-14
-4.63455e-15
1.22798e-15
-3.1807e-16
8.05761e-17
-1.99724e-17
4.84588e-18
-1.15135e-18
2.67973e-19
-6.11199e-20
1.36655e-20
-2.99614e-21
6.44352e-22
-1.35968e-22
2.81596e-23
-5.72544e-24
1.14313e-24
-2.24178e-25
4.31922e-26
-8.17774e-27
1.52185e-27
-2.78428e-28
5.00892e-29
-8.86244e-30
1.54249e-30
-2.64138e-31
4.45098e-32
-7.38195e-33
1.20517e-33
-1.93714e-34
3.06601e-35
-4.77916e-36
7.33767e-37
-1.10983e-37
1.65388e-38
-2.42862e-39
3.51463e-40
-5.01324e-41
7.04902e-42
-9.77151e-43
1.33557e-43
-1.8001e-44
2.39272e-45
-3.13692e-46
4.05671e-47
-5.17544e-48
6.51428e-49
-8.09043e-50
9.91525e-51
-1.19923e-51
1.43154e-52
-1.68673e-53
1.96186e-54
-2.25268e-55
2.55376e-56
-2.85851e-57
3.15946e-58
-3.44851e-59
3.71731e-60
-3.95549e-61
4.35195e-62
1.30095e-62
1.56475e-61
1.3884e-60
1.22117e-59
1.06155e-58
9.11999e-58
7.74312e-57
6.49653e-56
5.38599e-55
4.41209e-54
3.57101e-53
2.85549e-52
2.25572e-51
1.76027e-50
1.35685e-49
1.03303e-48
7.76782e-48
5.76838e-47
4.23008e-46
3.06303e-45
2.18992e-44
1.54578e-43
1.07714e-42
7.40921e-42
5.03044e-41
3.37084e-40
2.22911e-39
1.45461e-38
9.36574e-38
5.94948e-37
3.72832e-36
2.30464e-35
1.40508e-34
8.44825e-34
5.00897e-33
2.92819e-32
1.6876e-31
9.58756e-31
5.36862e-30
2.96264e-29
1.61102e-28
8.6312e-28
4.55545e-27
2.36821e-26
1.21248e-25
6.11268e-25
3.03404e-24
1.48244e-23
7.129e-23
3.37365e-22
1.57078e-21
7.19448e-21
3.24092e-20
1.43561e-19
6.25202e-19
2.67625e-18
1.12581e-17
4.653e-17
1.88901e-16
7.53117e-16
2.94787e-15
1.13255e-14
4.26967e-14
1.57904e-13
5.72696e-13
2.03636e-12
7.0965e-12
2.42295e-11
8.10214e-11
2.65247e-10
8.49814e-10
2.66343e-09
8.16233e-09
2.44479e-08
7.15343e-08
2.04365e-07
5.69745e-07
1.54912e-06
4.10534e-06
1.05971e-05
2.66248e-05
6.50606e-05
0.000154499
0.000356221
0.000796676
0.00172646
0.00362112
0.00734164
0.0143682
0.0271016
0.0491841
0.0857136
0.143126
0.228431
0.347478
0.502136
0.68678
0.885256
1.07031
1.20771
1.26614
1.23117
1.11764
0.972105
0.858843
0.830734
0.898137
1.01669
1.10921
1.11533
1.03686
0.940326
0.905566
0.95711
1.04054
1.07357
1.02832
0.960055
0.945413
0.994893
1.04279
1.03085
