1
1
1
1
1
1
1
1
1
1
1
1
1
1
1
1
1
1
1
1
1
1
1
1
1
1
1
1
1
1
1
1
1
1
1
1
1
1
1
1
1
1
1
1
1
1
1
1
1
1
1
1
1
1
1
1
1
1
1
1
1
1
1
1
1
1
1
1
1
0.999999
0.999998
0.999993
0.999979
0.999939
0.99983
0.999544
0.99883
0.997131
0.993289
0.985058
0.968424
0.936847
0.880881
0.788949
0.650402
0.461571
0.233985
0.000921744
-0.184527
-0.266345
-0.216523
-0.0648673
0.0990087
0.170518
0.105289
-0.0342756
-0.120508
-0.076921
0.0386875
0.0915553
0.0270631
-0.0597687
-0.0513592
0.0273073
0.0506474
-0.00871359
-0.0419984
0.00229746
0.0331398
-0.0031023
-0.0253839
0.00712868
0.017588
-0.0112549
-0.00873222
0.0125799
-0.000371132
-0.00905754
0.00648377
0.00168971
-0.00607039
0.00420561
0.000276133
-0.00324847
0.00336018
-0.00164369
-0.000298701
0.00150846
-0.00184289
0.00160315
-0.00115006
0.000718983
-0.000403024
0.000206107
-9.72969e-05
4.27601e-05
-1.76086e-05
6.82936e-06
-2.50505e-06
8.72048e-07
-2.88955e-07
9.1366e-08
-2.76288e-08
8.00588e-09
-2.22676e-09
5.95427e-10
-1.53278e-10
3.80347e-11
-9.10808e-12
2.10709e-12
-4.71378e-13
1.02065e-13
-2.14078e-14
4.35296e-15
-8.58683e-16
1.64441e-16
-3.05906e-17
5.53129e-18
-9.72676e-19
1.66434e-19
-2.77244e-20
4.49816e-21
-7.11134e-22
1.09596e-22
-1.64718e-23
2.4152e-24
-3.45611e-25
4.82832e-26
-6.58748e-27
8.77999e-28
-1.14354e-28
1.45583e-29
-1.81215e-30
2.20605e-31
-2.62712e-32
3.06122e-33
-3.49106e-34
3.8973e-35
-4.25996e-36
4.56005e-37
-4.78123e-38
4.91131e-39
-4.94333e-40
4.87619e-41
-4.71468e-42
4.46892e-43
-4.15333e-44
3.78529e-45
-3.38353e-46
2.96665e-47
-2.5518e-48
2.15358e-49
-1.78347e-50
1.44945e-51
-1.15619e-52
9.05278e-54
-6.95839e-55
5.2511e-56
-3.89086e-57
2.83097e-58
-2.0228e-59
1.4195e-60
-9.78393e-62
6.62401e-63
-4.40543e-64
2.87834e-65
-1.84762e-66
1.16526e-67
-7.221e-69
4.39704e-70
-2.63108e-71
1.54716e-72
-8.94106e-74
5.07819e-75
-2.83473e-76
1.5553e-77
-8.38745e-79
4.44602e-80
-2.3166e-81
1.18653e-82
-5.97399e-84
2.95676e-85
-1.4386e-86
6.88089e-88
-3.23543e-89
1.49558e-90
-6.79633e-92
3.03621e-93
-1.33347e-94
5.75737e-96
-2.44341e-97
1.09602e-98
1.70671e-98
3.93802e-97
8.71718e-96
1.89687e-94
4.05745e-93
8.5317e-92
1.76357e-90
3.58369e-89
7.15907e-88
1.40597e-86
2.71454e-85
5.15248e-84
9.6148e-83
1.76388e-81
3.18128e-80
5.64078e-79
9.83281e-78
1.68505e-76
2.83886e-75
4.70177e-74
7.65526e-73
1.22527e-71
1.92783e-70
2.98167e-69
4.53308e-68
6.7742e-67
9.95037e-66
1.43656e-64
2.03842e-63
2.8427e-62
3.89602e-61
5.24736e-60
6.94498e-59
9.03209e-58
1.15417e-56
1.44907e-55
1.78739e-54
2.16589e-53
2.57814e-52
3.01441e-51
3.46171e-50
3.90424e-49
4.32419e-48
4.70284e-47
5.02183e-46
5.26466e-45
5.41805e-44
5.47314e-43
5.42631e-42
5.27958e-41
5.04046e-40
4.72135e-39
4.33843e-38
3.91033e-37
3.45661e-36
2.99627e-35
2.54649e-34
2.12163e-33
1.73257e-32
1.38656e-31
1.08726e-30
8.35222e-30
6.28436e-29
4.63049e-28
3.3405e-27
2.35898e-26
1.63031e-25
1.10242e-24
7.29215e-24
4.7172e-23
2.98347e-22
1.84438e-21
1.11415e-20
6.57475e-20
3.78893e-19
2.13165e-18
1.17039e-17
6.2691e-17
3.27473e-16
1.66752e-15
8.27392e-15
3.9986e-14
1.88131e-13
8.61307e-13
3.83511e-12
1.65991e-11
6.97956e-11
2.84933e-10
1.12862e-09
4.3345e-09
1.61287e-08
5.8101e-08
2.02453e-07
6.81746e-07
2.21643e-06
6.94949e-06
2.09904e-05
6.09968e-05
0.0001703
0.000456129
0.00117003
0.00286905
0.00671136
0.0149417
0.0315765
0.0631526
0.119119
0.211051
0.349598
0.538429
0.766015
0.999078
1.18453
1.26635
1.21652
1.06487
0.900991
0.829482
0.894711
1.03428
1.12051
1.07692
0.961313
0.908445
0.972937
1.05977
1.05136
0.972693
0.949353
1.00871
1.042
0.997703
0.96686
1.0031
1.02538
0.992871
0.982412
1.01125
1.00873
0.98742
1.00037
1.00906
0.993516
0.99831
1.00607
0.995794
0.999724
1.00325
0.99664
1.00164
1.0003
0.998492
1.00184
0.998397
1.00115
0.999281
1.0004
0.999794
1.0001
0.999957
1.00002
0.999993
1
0.999999
1
1
1
1
1
1
1
1
1
1
1
1
1
1
1
1
1
1
1
1
1
1
1
1
1
1
1
1
1
1
1
1
1
1
1
1
1
1
1
1
1
1
1
1
1
1
1
1
1
1
1
1
1
1
1
1
1
1
1
1
1
1
1
1
1
1
1
1
1
1
1
1
1
1
1
1
1
1
1
1
1
1
1
1
1
1
1
1
1
1
1
1
1
1
1
1
1
1
1
1
1
1
1
1
1
1
1
1
1
1
1
1
1
1
1
1
