3.62899e-31
1.81271e-30
8.94194e-30
4.35566e-29
2.09482e-28
9.94636e-28
4.66184e-27
2.15663e-26
9.84623e-26
4.43594e-25
1.97183e-24
8.64702e-24
3.7404e-23
1.59575e-22
6.7135e-22
2.78487e-21
1.13886e-20
4.59068e-20
1.82371e-19
7.13902e-19
2.75328e-18
1.04596e-17
3.9134e-17
1.44174e-16
5.22916e-16
1.8668e-15
6.55842e-15
2.26693e-14
7.70761e-14
2.57717e-13
8.4723e-13
2.73771e-12
8.6933e-12
2.71192e-11
8.30877e-11
2.4994e-10
7.37972e-10
2.13798e-09
6.07545e-09
1.6928e-08
4.623e-08
1.23696e-07
3.24127e-07
8.31402e-07
2.08658e-06
5.12118e-06
1.22852e-05
2.87886e-05
6.58601e-05
0.000146995
0.000319854
0.000678023
0.00139901
0.00280734
0.00547324
0.0103564
0.0189966
0.0337357
0.0579201
0.0959845
0.15326
0.235311
0.346615
0.488568
0.657048
0.840276
1.0181
1.16408
1.25122
1.26092
1.19267
1.06986
0.936981
0.84571
0.833044
0.901211
1.01194
1.10309
1.12307
1.06395
0.969592
0.907736
0.921144
0.99376
1.06242
1.06971
1.0146
0.953231
0.944584
0.991994
1.04116
1.03977
0.994889
0.962248
0.978536
1.01827
1.02932
1.00128
0.975953
0.987021
1.0142
1.01681
0.994619
0.984202
0.999566
1.01289
1.00339
0.990129
0.995637
1.00747
1.0042
0.994204
0.996526
1.0047
1.00252
0.996037
0.998505
1.00337
1.00052
0.997245
1.00033
1.00204
0.999059
0.998773
1.00122
1.0004
0.998879
1.00026
1.00071
0.999396
0.999836
1.00056
0.999746
0.999766
1.00036
0.999892
0.999822
1.00023
0.99993
0.999898
1.00015
0.999931
0.999964
1.00009
0.999933
1.00001
1.00003
0.999952
1.00003
0.999993
0.999986
1.00002
0.999979
1.00001
0.999997
0.999996
1.00001
0.999991
1.00001
0.999994
1
0.999997
1
0.999999
1
1
1
1
1
1
1
1
1
1
1
1
1
1
1
1
1
1
1
1
1
1
1
1
1
1
1
1
1
1
1
1
1
1
1
1
1
1
1
1
1
1
1
1
1
1
1
1
1
1
1
1
1
1
1
1
1
1
1
1
1
1
1
1
1
1
1
1
1
1
1
1
1
1
1
1
1
1
1
1
1
1
1
1
1
1
1
1
1
1
1
1
1
1
1
1
1
1
1
1
1
1
1
1
1
1
1
1
1
1
1
1
1
1
1
1
1
1
1
1
1
1
1
1
1
1
1
1
1
1
1
1
1
1
1
0.999999
0.999998
0.999995
0.999988
0.999971
0.999934
0.999853
0.99968
0.999322
0.998601
0.997193
0.994527
0.989644
0.981003
0.966264
0.94208
0.904016
0.84674
0.764689
0.653385
0.511432
0.342952
0.159724
-0.0181021
-0.164082
-0.251218
-0.260922
-0.192669
-0.0698567
0.0630186
0.15429
0.166956
0.0987886
-0.0119357
-0.10309
-0.123073
-0.0639519
0.0304083
0.0922638
0.0788556
0.00624017
-0.062424
-0.0697058
-0.0146009
0.0467685
0.0554157
0.00800649
-0.0411631
-0.0397725
0.00511108
0.0377523
0.0214642
-0.0182669
-0.0293248
-0.00127591
0.0240467
0.012979
-0.0142034
-0.0168059
0.00538075
0.0157979
0.00043376
-0.0128926
-0.0033896
0.00987055
0.00436296
-0.00746666
-0.00419883
0.00579582
0.00347407
-0.00470337
-0.00251582
0.00396337
0.00149528
-0.00336653
-0.000515772
0.00275508
-0.000330282
-0.00204186
0.000940703
0.00122694
-0.00121922
-0.000404315
0.00112116
-0.000261333
-0.000707269
0.000603655
0.000163943
-0.000557021
0.000254097
0.000233537
-0.000361293
0.000107962
0.000177989
-0.000228639
7.00954e-05
0.000102394
-0.000146793
6.88191e-05
3.62456e-05
-8.67028e-05
6.67529e-05
-1.19129e-05
-3.36674e-05
4.75262e-05
-3.3167e-05
7.47923e-06
1.36583e-05
-2.27734e-05
2.06213e-05
-1.21945e-05
2.72723e-06
4.46308e-06
-8.28929e-06
9.1904e-06
-8.23117e-06
6.45585e-06
-4.59362e-06
3.02338e-06
-1.86318e-06
1.0841e-06
-5.99208e-07
3.16085e-07
-1.59716e-07
7.75373e-08
-3.62555e-08
1.63628e-08
-7.14078e-09
3.01806e-09
-1.23712e-09
4.92411e-10
-1.9053e-10
7.1738e-11
-2.63077e-11
9.4042e-12
-3.27943e-12
1.11639e-12
-3.71241e-13
1.20665e-13
-3.8356e-14
1.193e-14
-3.63262e-15
1.08335e-15
-3.16574e-16
9.06816e-17
-2.54724e-17
7.01915e-18
-1.89809e-18
5.0386e-19
-1.31341e-19
3.36296e-20
-8.46048e-21
2.09191e-21
-5.08484e-22
1.21537e-22
-2.85721e-23
6.60811e-24
-1.50388e-24
3.36853e-25
-7.42764e-26
1.61261e-26
-3.44795e-27
7.26146e-28
-1.5066e-28
3.08004e-29
-6.20543e-30
1.2323e-30
-2.41243e-31
4.65645e-32
-8.86301e-33
1.66377e-33
-3.08073e-34
5.62754e-35
-1.01425e-35
1.8038e-36
-3.16593e-37
5.48448e-38
-9.37869e-39
1.58332e-39
-2.63917e-40
4.34389e-41
-7.06076e-42
1.13352e-42
-1.79744e-43
2.81559e-44
-4.35727e-45
6.66239e-46
-1.00655e-46
1.50564e-47
-2.03443e-48
1.52816e-48
7.79342e-48
5.04828e-47
3.21494e-46
2.0256e-45
1.2624e-44
7.78177e-44
4.74425e-43
2.86046e-42
1.7055e-41
1.00551e-40
5.86148e-40
3.37818e-39
1.92478e-38
1.0841e-37
6.03542e-37
3.32099e-36
1.80597e-35
9.70506e-35
5.15342e-34
2.70373e-33
1.4014e-32
7.17544e-32
