3.62894e-14
-4.29454e-15
4.83378e-16
-5.18075e-17
5.29286e-18
-5.15935e-19
4.80268e-20
-4.27268e-21
3.63545e-22
-2.96033e-23
2.30837e-24
-1.72459e-25
1.23508e-26
-8.4824e-28
5.58896e-29
-3.53413e-30
2.14539e-31
-1.2506e-32
7.00195e-34
-3.76612e-35
1.94631e-36
-9.66556e-38
4.61296e-39
-2.1159e-40
9.32796e-42
-3.95231e-43
1.60942e-44
-6.29821e-46
2.36834e-47
-8.55649e-49
2.96959e-50
-9.89823e-52
3.16794e-53
-9.7327e-55
2.86941e-56
-8.11522e-58
2.20082e-59
-5.72082e-61
1.42465e-62
-3.39706e-64
7.7516e-66
-1.69158e-67
3.52779e-69
-7.02571e-71
1.33503e-72
-2.4183e-74
4.17172e-76
-6.84593e-78
1.06745e-79
-1.5794e-81
2.21436e-83
-2.93721e-85
3.6796e-87
-4.34529e-89
4.82693e-91
-5.03194e-93
4.9099e-95
-4.47098e-97
3.7869e-99
-2.97217e-101
2.15228e-103
-1.43085e-105
8.68237e-108
-4.77595e-110
2.36215e-112
-1.04009e-114
4.0272e-117
-1.34995e-119
3.83802e-122
-8.99883e-125
1.6706e-127
-2.30242e-130
2.09417e-133
-9.42896e-137
0
0
0
0
0
0
0
0
0
0
0
0
0
0
0
0
0
0
0
0
0
0
0
0
0
0
0
0
0
0
0
0
0
0
0
0
0
0
0
0
0
0
0
0
0
0
0
0
0
0
0
0
0
0
5.97904e-128
1.08759e-124
9.79329e-122
5.81995e-119
2.5677e-116
8.96987e-114
2.58421e-111
6.31472e-109
1.3359e-106
2.48526e-104
4.11622e-102
6.13003e-100
8.27591e-98
1.01984e-95
1.1538e-93
1.20441e-91
1.16505e-89
1.04828e-87
8.80278e-86
6.9191e-84
5.10398e-82
3.54175e-80
2.31684e-78
1.43143e-76
8.3675e-75
4.63501e-73
2.43644e-71
1.21697e-69
5.7828e-68
2.61701e-66
1.12905e-64
4.64792e-63
1.82729e-61
6.86584e-60
2.46729e-58
8.48533e-57
2.79443e-55
8.81715e-54
2.66676e-52
7.73487e-51
2.15232e-49
5.74783e-48
1.4736e-46
3.62789e-45
8.57902e-44
1.94903e-42
4.25473e-41
8.92611e-40
1.79984e-38
3.48838e-37
6.49906e-36
1.16391e-34
2.00366e-33
3.31544e-32
5.27278e-31
8.05875e-30
1.18348e-28
1.66973e-27
2.2627e-26
2.94438e-25
3.67811e-24
4.40936e-23
5.07094e-22
5.59224e-21
5.9111e-20
5.98576e-19
5.80358e-18
5.38436e-17
4.77687e-16
4.04952e-15
3.27768e-14
2.53074e-13
1.86222e-12
1.30452e-11
8.68977e-11
5.49724e-10
3.29799e-09
1.87347e-08
1.00598e-07
5.0962e-07
2.43046e-06
1.08862e-05
4.56708e-05
0.000178914
0.000652195
0.00220338
0.00686675
0.0196325
0.0511593
0.120554
0.254429
0.475212
0.773834
1.07841
1.25908
1.21278
0.994401
0.833562
0.908658
1.08919
1.09028
0.939844
0.93895
1.0598
1.01867
0.946596
1.02667
1.01278
0.968433
1.0296
0.980532
1.01021
0.995487
1.00173
0.999411
1.00018
0.99995
1.00001
0.999997
1
1
1
1
1
1
1
1
1
1
1
1
1
1
1
1
1
1
1
1
1
1
1
1
1
1
1
1
1
1
1
1
1
1
1
1
1
1
1
1
1
1
1
1
1
1
1
1
1
1
1
1
1
1
1
1
1
1
1
1
1
1
1
1
1
1
1
1
1
1
1
1
1
1
1
1
1
1
1
1
1
1
1
1
1
1
1
1
1
1
1
1
1
1
1
1
1
1
1
1
1
1
1
1
1
1
1
1
1
1
1
1
1
1
1
1
1
1
1
1
1
1
1
1
1
1
1
1
1
1
1
1
1
1
1
1
1
1
1
1
1
1
1
1
1
1
1
1
1
1
1
1
1
1
1
1
1
1
1
1
1
1
1
1
1
1
1
1
1
1
1
1
1
1
1
1
1
1
1
1
1
1
1
1
1
1
1
1
1
1
1
1
1
1
1
1
1
1
1
1
1
1
1
1
1
1
1
1
1
1
1
1
1
1
1
1
0.999999
0.999998
0.999989
0.999954
0.999821
0.999348
0.997797
0.993133
0.980368
0.948841
0.879446
0.745571
0.524788
0.226166
-0.0784103
-0.259081
-0.212784
0.00559854
0.166438
0.0913425
-0.0891897
-0.0902821
0.0601563
0.06105
-0.0598021
-0.0186718
0.0534043
-0.0266653
-0.012777
0.0315671
-0.0295968
0.019468
-0.010212
0.00451269
-0.00173221
0.000589074
-0.000179955
4.98965e-05
-1.26585e-05
2.95737e-06
-6.39649e-07
1.28654e-07
-2.41544e-08
4.24689e-09
-7.01262e-10
1.0902e-10
-1.5992e-11
2.21779e-12
-2.91285e-13
