1
1
1
1
1
1
1
1
1
1
1
1
1
1
1
1
1
1
1
1
1
1
1
1
1
1
1
1
1
1
0.999999
0.999996
0.999986
0.999954
0.99986
0.999594
0.998881
0.997068
0.992724
0.982946
0.962372
0.922149
0.849643
0.73036
0.553818
0.323846
0.0699527
-0.149284
-0.262534
-0.22551
-0.0658596
0.108153
0.168929
0.0757338
-0.0716271
-0.118327
-0.023823
0.0816427
0.0605708
-0.0404754
-0.0611996
0.0181779
0.050531
-0.0120453
-0.038516
0.014621
0.0259718
-0.0193095
-0.0115835
0.0200546
-0.00314073
-0.0125189
0.0116931
-0.000835137
-0.00751979
0.00813973
-0.00361512
-0.00138475
0.00419719
-0.00464398
0.00373322
-0.00247505
0.00142434
-0.000731289
0.000340768
-0.000145831
5.78132e-05
-2.13742e-05
7.40879e-06
-2.41821e-06
7.45953e-07
-2.18146e-07
6.0641e-08
-1.60614e-08
4.06157e-09
-9.8242e-10
2.27671e-10
-5.06257e-11
1.08162e-11
-2.22304e-12
4.4003e-13
-8.39708e-14
1.54632e-14
-2.75031e-15
4.72858e-16
-7.86463e-17
1.26629e-17
-1.97509e-18
2.98614e-19
-4.37883e-20
6.23115e-21
-8.60927e-22
1.15549e-22
-1.50719e-23
1.91143e-24
-2.35788e-25
2.83023e-26
-3.30692e-27
3.76252e-28
-4.16996e-29
4.50317e-30
-4.73991e-31
4.8642e-32
-4.8681e-33
4.75255e-34
-4.52709e-35
4.2086e-36
-3.81926e-37
3.38404e-38
-2.92815e-39
2.47478e-40
-2.04335e-41
1.64849e-42
-1.29969e-43
1.00154e-44
-7.54464e-46
5.5566e-47
-4.00164e-48
2.81825e-49
-1.94126e-50
1.30798e-51
-8.62133e-53
5.55965e-54
-3.508e-55
2.16596e-56
-1.30873e-57
7.73919e-59
-4.47933e-60
2.53765e-61
-1.40727e-62
7.6396e-64
-4.06006e-65
2.11243e-66
-1.07606e-67
5.36667e-69
-2.62061e-70
1.25296e-71
-5.86571e-73
2.68876e-74
-1.20681e-75
5.30371e-77
-2.28231e-78
9.61657e-80
-3.96745e-81
1.60266e-82
-6.33867e-84
2.45456e-85
-9.30577e-87
3.45398e-88
-1.25503e-89
4.46418e-91
-1.55437e-92
5.29751e-94
-1.76711e-95
5.76903e-97
-1.84313e-98
5.76225e-100
-1.76267e-101
5.27543e-103
-1.54457e-104
4.42362e-106
-1.23914e-107
3.39461e-109
-9.09346e-111
2.38169e-112
-6.09817e-114
1.52703e-115
-3.50077e-118
1.33766e-115
5.15598e-114
1.94154e-112
7.13913e-111
2.56385e-109
8.99429e-108
3.08278e-106
1.0325e-104
3.37972e-103
1.08138e-101
3.38252e-100
1.0345e-98
3.09385e-97
9.04909e-96
2.58877e-94
7.24459e-93
1.9834e-91
5.31278e-90
1.39249e-88
3.57151e-87
8.96482e-86
2.20237e-84
5.29575e-83
1.24647e-81
2.87193e-80
6.47787e-79
1.43046e-77
3.09257e-76
6.54612e-75
1.35669e-73
2.75311e-72
5.47043e-71
1.06434e-69
2.02773e-68
3.78279e-67
6.91015e-66
1.23605e-64
2.16499e-63
3.71315e-62
6.23575e-61
1.02538e-59
1.65091e-58
2.60249e-57
4.01667e-56
6.06929e-55
8.97813e-54
1.30013e-52
1.84297e-51
2.55713e-50
3.47265e-49
4.61546e-48
6.00314e-47
7.64041e-46
9.51461e-45
1.15921e-43
1.3816e-42
1.61067e-41
1.83649e-40
2.04773e-39
2.23256e-38
2.37972e-37
2.47956e-36
2.52515e-35
2.51301e-34
2.44356e-33
2.32113e-32
2.15348e-31
1.95104e-30
1.72579e-29
1.49009e-28
1.25557e-27
1.03222e-26
8.27754e-26
6.47312e-25
4.93504e-24
3.66699e-23
2.65484e-22
1.87214e-21
1.28549e-20
8.59159e-20
5.5872e-19
3.53395e-18
2.17318e-17
1.29871e-16
7.53888e-16
4.24887e-15
2.32375e-14
1.23258e-13
6.33731e-13
3.15638e-12
1.5219e-11
7.09891e-11
3.20099e-10
1.39418e-09
5.86039e-09
2.37523e-08
9.27319e-08
3.48363e-07
1.2578e-06
4.35936e-06
1.44832e-05
4.60561e-05
0.000139948
0.000405608
0.00111898
0.00293167
0.00727567
0.0170539
0.0376282
0.0778513
0.150357
0.26964
0.446182
0.676154
0.930047
1.14928
1.26253
1.22551
1.06586
0.891847
0.831071
0.924266
1.07163
1.11833
1.02382
0.918357
0.939429
1.04048
1.0612
0.981822
0.949469
1.01205
1.03852
0.985379
0.974028
1.01931
1.01158
0.979945
1.00314
1.01252
0.988307
1.00084
1.00752
0.99186
1.00362
1.00138
0.995803
1.00464
0.996267
1.00248
0.998576
1.00073
0.999659
1.00015
0.999942
1.00002
0.999993
1
0.999999
1
1
1
1
1
1
1
1
1
1
1
1
1
1
1
1
1
1
1
1
1
1
1
1
1
1
1
1
1
1
1
1
1
1
1
1
1
1
1
1
1
1
1
1
1
1
1
1
1
1
1
1
1
1
1
1
1
1
1
1
1
1
1
1
1
1
1
1
1
1
1
1
1
1
1
1
1
1
1
1
1
1
1
1
1
1
1
1
1
1
1
1
1
1
1
1
1
1
1
1
1
1
1
1
1
1
1
1
1
1
1
1
1
1
1
1
1
1
1
1
1
1
1
1
1
1
1
1
1
1
1
1
1
1
1
1
1
1
1
1
1
1
1
1
1
1
1
1
1
1
1
1
1
1
1
1
1
1
1
1
1
1
1
1
1
