1
1
1
1
1
1
1
0.999999
0.999997
0.99999
0.999969
0.99991
0.99975
0.999336
0.998322
0.995961
0.990766
0.979988
0.958969
0.920615
0.855472
0.753213
0.606264
0.415606
0.197086
-0.0156116
-0.176313
-0.242748
-0.199831
-0.0769095
0.0572897
0.128396
0.103043
0.0140759
-0.0628211
-0.0701401
-0.0163313
0.0371182
0.0398808
0.00186234
-0.0263931
-0.0165372
0.00914075
0.0151518
0.000151314
-0.00966985
-0.00290495
0.00532991
0.00274557
-0.00285967
-0.0018449
0.00162416
0.00101624
-0.000995381
-0.000439762
0.000620857
9.88924e-05
-0.000355068
6.03035e-05
0.000160018
-9.51593e-05
-3.64838e-05
6.42875e-05
-1.69404e-05
-2.04765e-05
2.05067e-05
-4.21002e-06
-6.22405e-06
6.45243e-06
-2.3336e-06
-8.33642e-07
1.6865e-06
-1.16282e-06
4.0067e-07
7.36488e-08
-2.29613e-07
2.09844e-07
-1.386e-07
7.58562e-08
-3.62369e-08
1.55196e-08
-6.05666e-09
2.17747e-09
-7.26851e-10
2.26615e-10
-6.62981e-11
1.82689e-11
-4.75619e-12
1.17292e-12
-2.74599e-13
6.11463e-14
-1.29717e-14
2.62543e-15
-5.07617e-16
9.38617e-17
-1.66146e-17
2.81791e-18
-4.58295e-19
7.15237e-20
-1.07181e-20
1.54312e-21
-2.13555e-22
2.84216e-23
-3.63907e-24
4.48424e-25
-5.3192e-26
6.11804e-27
-2.59712e-28
3.9813e-27
3.60067e-26
3.19516e-25
2.73136e-24
2.25015e-23
1.78673e-22
1.36765e-21
1.00925e-20
7.1807e-20
4.926e-19
3.2583e-18
2.07802e-17
1.27777e-16
7.5748e-16
4.32876e-15
2.38437e-14
1.26571e-13
6.47381e-13
3.18975e-12
1.51359e-11
6.91499e-11
3.04059e-10
1.2863e-09
5.23317e-09
2.04654e-08
7.68919e-08
2.77393e-07
9.60255e-07
3.18746e-06
1.01374e-05
3.08643e-05
8.98695e-05
0.000249992
0.000663558
0.00167837
0.00403923
0.00923376
0.0200123
0.0410309
0.0793855
0.144528
0.246787
0.393736
0.584394
0.802914
1.01561
1.17631
1.24275
1.19983
1.07691
0.94271
0.871604
0.896957
0.985924
1.06282
1.07014
1.01633
0.962882
0.960119
0.998138
1.02639
1.01654
0.990859
0.984848
0.999849
1.00967
1.0029
0.99467
0.997254
1.00286
1.00184
0.998376
0.998984
1.001
1.00044
0.999379
0.999901
1.00036
0.99994
0.99984
1.0001
1.00004
0.999936
1.00002
1.00002
0.999979
1
1.00001
0.999994
1
1
0.999998
1
1
1
1
1
1
1
1
1
1
1
1
1
1
1
1
1
1
1
1
1
1
1
1
1
1
1
1
1
1
1
1
1
1
1
1
1
1
1
1
1
1
1
1
1
1
1
1
1
1
1
1
1
1
1
1
