1
1
1
1
1
1
1
1
1
1
1
1
1
1
1
1
1
1
1
1
1
1
1
1
1
1
1
1
1
1
1
1
1
1
1
1
1
1
1
0.999998
0.999994
0.999982
0.999944
0.999833
0.999529
0.998732
0.996752
0.992107
0.981853
0.960657
0.91987
0.847331
0.729277
0.555853
0.330636
0.0810939
-0.137995
-0.258687
-0.23547
-0.0873589
0.0893487
0.170277
0.0994378
-0.047838
-0.121913
-0.0523525
0.0648846
0.079639
-0.014025
-0.0695002
-0.00994251
0.0529762
0.0145979
-0.0408301
-0.0094297
0.0326894
6.9173e-05
-0.0247907
0.00955105
0.0139771
-0.0147978
-0.000828988
0.0113418
-0.00845662
-0.000665136
0.00661765
-0.00639312
0.00252937
0.00138504
-0.00348211
0.00374673
-0.00298986
0.00198462
-0.00114942
0.000596118
-0.000281414
0.000122303
-4.93429e-05
1.85998e-05
-6.58442e-06
2.19828e-06
-6.94609e-07
2.0835e-07
-5.94801e-08
1.6198e-08
-4.21635e-09
1.05092e-09
-2.51222e-10
5.76807e-11
-1.27367e-11
2.70807e-12
-5.55029e-13
1.09765e-13
-2.09656e-14
3.87102e-15
-6.91458e-16
1.19579e-16
-2.00352e-17
3.25437e-18
-5.12795e-19
7.84281e-20
-1.1649e-20
1.68117e-21
-2.35861e-22
3.21823e-23
-4.2725e-24
5.52113e-25
-6.9474e-26
8.51579e-27
-1.01716e-27
1.18428e-28
-1.3445e-29
1.4888e-30
-1.60845e-31
1.69586e-32
-1.74541e-33
1.75403e-34
-1.7215e-35
1.65048e-36
-1.54609e-37
1.41538e-38
-1.2665e-39
1.10794e-40
-9.47715e-42
7.92805e-43
-6.48709e-44
5.19272e-45
-4.06692e-46
3.11688e-47
-2.33785e-48
1.71636e-49
-1.23352e-50
8.67923e-52
-5.9794e-53
4.03384e-54
-2.66506e-55
1.72449e-56
-1.09299e-57
6.78587e-59
-4.12728e-60
2.45935e-61
-1.43582e-62
8.21356e-64
-4.60402e-65
2.52894e-66
-1.3613e-67
7.18133e-69
-3.71281e-70
1.88132e-71
-9.34327e-73
4.54799e-74
-2.16986e-75
1.01471e-76
-4.65115e-78
2.0897e-79
-9.20268e-81
3.97239e-82
-1.68072e-83
6.97008e-85
-2.83318e-86
1.12875e-87
-4.40755e-89
1.68679e-90
-6.3267e-92
2.32557e-93
-8.37723e-95
2.95714e-96
-1.02287e-97
3.46679e-99
-1.15124e-100
3.74548e-102
-1.19378e-103
3.72724e-105
-1.13989e-106
3.41439e-108
-1.00162e-109
2.88338e-111
1.27454e-112
7.05671e-111
2.33645e-109
7.57202e-108
2.40152e-106
7.45479e-105
2.26522e-103
6.73848e-102
1.96262e-100
5.59727e-99
1.56324e-97
4.27589e-96
1.14555e-94
3.00622e-93
7.72832e-92
1.94642e-90
4.80289e-89
1.16121e-87
2.75099e-86
6.38644e-85
1.45292e-83
3.23932e-82
7.07811e-81
1.51581e-79
3.18165e-78
6.54561e-77
1.31993e-75
2.6089e-74
5.05455e-73
9.59905e-72
1.78689e-70
3.26056e-69
5.83192e-68
1.02248e-66
1.75717e-65
2.95996e-64
4.88724e-63
7.90928e-62
1.25457e-60
1.95039e-59
2.97171e-58
4.43742e-57
6.49344e-56
9.31148e-55
1.3084e-53
1.80142e-52
2.43004e-51
3.21152e-50
4.15791e-49
5.27317e-48
6.55039e-47
7.96936e-46
9.49514e-45
1.10779e-43
1.26546e-42
1.41523e-41
1.54933e-40
1.66015e-39
1.74092e-38
1.78643e-37
1.79351e-36
1.76144e-35
1.69205e-34
1.58954e-33
1.46004e-32
1.31104e-31
1.15066e-30
9.86892e-30
8.26984e-29
6.76917e-28
5.41111e-27
4.22326e-26
3.21745e-25
2.39203e-24
1.73498e-23
1.22735e-22
8.46566e-22
5.69161e-21
3.72861e-20
2.37928e-19
1.47834e-18
8.9405e-18
5.26061e-17
3.0103e-16
1.67451e-15
9.05031e-15
4.75027e-14
2.42002e-13
1.19598e-12
5.73015e-12
2.65995e-11
1.1955e-10
5.19847e-10
2.18534e-09
8.87397e-09
3.47763e-08
1.31401e-07
4.782e-07
1.67429e-06
5.63289e-06
1.81857e-05
5.62595e-05
0.000166506
0.000470611
0.00126776
0.00324784
0.00789334
0.0181474
0.0393426
0.0801305
0.152669
0.270723
0.444147
0.669364
0.918906
1.138
1.25869
1.23547
1.08736
0.910651
0.829723
0.900562
1.04784
1.12191
1.05235
0.935115
0.920361
1.01403
1.0695
1.00994
0.947024
0.985402
1.04083
1.00943
0.967311
0.999931
1.02479
0.990449
0.986023
1.0148
1.00083
0.988658
1.00846
1.00067
0.993382
1.00639
0.997471
0.998615
1.00348
0.996253
1.00299
0.998015
1.00115
0.999404
1.00028
0.999878
1.00005
0.999981
1.00001
0.999998
1
1
1
1
1
1
1
1
1
1
1
1
1
1
1
1
1
1
1
1
1
1
1
1
1
1
1
1
1
1
1
1
1
1
1
1
1
1
1
1
1
1
1
1
1
1
1
1
1
1
1
1
1
1
1
1
1
1
1
1
1
1
1
1
1
1
1
1
1
1
1
1
1
1
1
1
1
1
1
1
1
1
1
1
1
1
1
1
1
1
1
1
1
1
1
1
1
1
1
1
1
1
1
1
1
1
1
1
1
1
1
1
1
1
1
1
1
1
1
1
1
1
1
1
1
1
1
1
1
1
1
1
1
1
1
1
1
1
1
1
1
1
1
1
1
1
1
1
1
1
1
1
1
1
1
