-2.61068e-16
1.55411e-17
-8.2866e-19
3.94437e-20
-1.6688e-21
6.24111e-23
-2.04898e-24
5.85338e-26
-1.43873e-27
2.99836e-29
-5.19521e-31
7.28304e-33
-7.93719e-35
6.30954e-37
-3.25456e-39
8.17586e-42
0
0
0
0
0
0
0
0
0
0
0
0
0
0
0
0
0
0
0
0
0
0
0
0
0
0
0
0
0
0
0
0
0
0
0
0
0
0
0
0
0
0
0
0
0
0
0
0
6.50879e-33
1.56256e-30
1.82759e-28
1.38758e-26
7.68777e-25
3.31278e-23
1.15557e-21
3.35324e-20
8.25533e-19
1.74987e-17
3.23002e-16
5.2383e-15
7.51663e-14
9.59719e-13
1.09521e-11
1.12103e-10
1.03203e-09
8.56243e-09
6.41123e-08
4.33584e-07
2.64907e-06
1.4617e-05
7.27725e-05
0.0003264
0.00131595
0.00475465
0.0153349
0.0439274
0.111045
0.245732
0.471202
0.773159
1.06969
1.23074
1.17811
0.994646
0.882627
0.943922
1.05055
1.04274
0.974506
0.979182
1.01745
1.00427
0.989842
1.004
1.00157
0.997106
1.00203
0.999024
1.00037
0.999886
1.00003
0.999993
1
1
1
1
1
1
1
1
1
1
1
1
1
1
1
1
1
1
1
1
1
1
1
1
1
1
1
1
1
1
1
1
1
1
1
1
1
1
1
1
1
1
1
1
1
1
1
1
1
1
1
1
1
1
1
1
1
1
1
1
1
1
1
1
1
1
1
1
1
1
1
1
1
1
1
1
1
1
1
1
1
1
1
1
1
1
1
1
1
1
1
1
1
1
0.999997
0.999985
0.999927
0.999674
0.998684
0.995245
0.984665
0.956073
0.888955
0.754268
0.528798
0.226841
-0.0696894
-0.230735
-0.178115
0.0053545
0.117373
0.0560776
-0.0505473
-0.0427413
0.0254943
0.020818
-0.0174477
-0.00426949
0.0101581
-0.00399794
-0.00156569
0.00289375
-0.00202524
0.000975506
-0.000366781
0.000113572
-2.98277e-05
6.76861e-06
-1.34395e-06
2.35597e-07
-3.67041e-08
5.10651e-09
-6.36713e-10
7.13294e-11
-7.19152e-12
6.53122e-13
-5.34421e-14
3.93819e-15
