1.08686
1.06482
1.01003
0.959936
0.945051
0.969333
1.00952
1.03423
1.02807
1.0017
0.980102
0.980057
0.997009
1.01237
1.01262
1.00105
0.991555
0.992941
1.00106
1.00579
1.00302
0.997789
0.996576
0.999614
1.00216
1.00135
0.999175
0.998726
1.00002
1.00085
1.00029
0.99954
0.999672
1.0002
1.00026
0.999928
0.999823
1.00001
1.00011
1
0.999933
0.999994
1.00004
1
0.999977
0.999998
1.00001
1
0.999992
1
1
0.999999
0.999998
1
1
0.999999
1
1
1
1
1
1
1
1
1
1
1
1
1
1
1
1
1
1
1
1
1
1
1
1
1
1
1
1
1
1
1
1
1
1
1
1
1
0.999999
0.999997
0.999992
0.999982
0.999957
0.999902
0.999784
0.999534
0.999024
0.998014
0.996079
0.992492
0.98607
0.974988
0.956583
0.927229
0.882399
0.817042
0.726462
0.607751
0.46169
0.294698
0.120107
-0.0422493
-0.168953
-0.238662
-0.239454
-0.17543
-0.0692029
0.0424901
0.120426
0.138274
0.0948924
0.0162493
-0.0562562
-0.0868591
-0.0648196
-0.0100307
0.0400645
0.0549487
0.0306671
-0.0095242
-0.0342316
-0.0280669
-0.00169511
0.0198983
0.0199433
0.00299125
-0.0123651
-0.012618
-0.00105259
0.00844478
0.00705925
-0.00106444
-0.00579046
-0.00301963
0.00221123
0.00342404
0.000386252
-0.00215597
-0.00134781
0.000825466
0.00127445
-2.17008e-05
-0.000852985
-0.000291888
0.000459667
0.000328153
-0.00020453
-0.000259644
7.17131e-05
0.000176536
-1.49545e-05
-0.000110883
-3.61122e-06
6.68922e-05
6.39979e-06
-3.96487e-05
-4.27235e-06
2.33138e-05
1.60415e-06
-1.35537e-05
2.62509e-07
7.66414e-06
-1.18707e-06
-4.08967e-06
1.40705e-06
1.95475e-06
-1.21648e-06
-7.47437e-07
8.58287e-07
1.40122e-07
-4.97277e-07
9.81026e-08
2.21654e-07
-1.36612e-07
-5.68012e-08
9.3601e-08
-1.4064e-08
-3.98144e-08
2.67193e-08
5.60615e-09
-1.59671e-08
6.248e-09
3.97819e-09
-5.34256e-09
1.45706e-09
1.54613e-09
-1.69402e-09
4.48741e-10
4.5215e-10
-5.27391e-10
1.89292e-10
8.89844e-11
-1.51798e-10
8.3656e-11
7.89115e-13
-2.34506e-11
6.18856e-11
9.1157e-11
3.18019e-10
9.78957e-10
2.88682e-09
8.41157e-09
2.38995e-08
6.63713e-08
1.80049e-07
4.76926e-07
1.23313e-06
3.11088e-06
7.65406e-06
1.83584e-05
4.29039e-05
9.76451e-05
0.000216296
0.000466039
0.00097608
0.00198575
0.00392103
0.00750826
0.0139295
0.0250116
0.0434175
0.0727708
0.117601
0.182958
0.273538
0.392249
0.53831
0.705302
0.879893
1.04225
1.16895
1.23866
1.23945
1.17543
1.0692
0.95751
0.879574
0.861726
0.905108
0.983751
1.05626
