-0.00503368
0.00215678
-0.000819314
0.000280048
-8.70664e-05
2.48262e-05
-6.5355e-06
1.59698e-06
-3.63855e-07
7.75922e-08
-1.5538e-08
2.93018e-09
-5.21683e-10
8.78801e-11
-1.40347e-11
2.12867e-12
-3.07115e-13
4.22088e-14
-5.53327e-15
6.92713e-16
-8.29065e-17
9.49552e-18
-1.04169e-18
1.0955e-19
-1.10529e-20
1.07061e-21
-9.96245e-23
8.91125e-24
-7.66636e-25
6.34657e-26
-5.05815e-27
3.88269e-28
-2.87166e-29
2.04716e-30
-1.40711e-31
9.32805e-33
-5.96569e-34
3.68163e-35
-2.19292e-36
1.26094e-37
-7.00038e-39
3.75292e-40
-1.94308e-41
9.71682e-43
-4.69358e-44
2.19005e-45
-9.87153e-47
4.29835e-48
-1.80801e-49
7.34625e-51
-2.8832e-52
1.09293e-53
-4.00111e-55
1.41443e-56
-4.82768e-58
1.59065e-59
-5.0584e-61
1.55223e-62
-4.59519e-64
1.31201e-65
-3.61188e-67
9.58409e-69
-2.4504e-70
6.03431e-72
-1.43068e-73
3.26425e-75
-7.16376e-77
1.51143e-78
-3.06389e-80
5.96396e-82
-1.11399e-83
1.99529e-85
-3.42427e-87
5.62613e-89
-8.84174e-91
1.32779e-92
-1.90337e-94
2.6015e-96
-3.38601e-98
4.19112e-100
-4.92612e-102
5.48922e-104
-5.78862e-106
5.76566e-108
-5.41248e-110
4.77722e-112
-3.95394e-114
3.05957e-116
-2.20602e-118
1.47644e-120
-9.13255e-123
5.19466e-125
-2.70131e-127
1.27543e-129
-5.42302e-132
2.05589e-134
-6.86402e-137
1.98688e-139
-4.88499e-142
9.91871e-145
-1.59681e-147
1.911e-150
-1.51134e-153
5.9245e-157
0
0
0
0
0
0
0
0
0
0
0
0
0
0
0
0
0
0
0
0
0
0
0
0
7.62205e-147
1.59225e-143
1.64871e-140
1.12817e-137
5.73889e-135
2.31469e-132
7.71017e-130
2.18143e-127
5.35108e-125
1.15603e-122
2.22679e-120
3.86277e-118
6.08406e-116
8.76093e-114
1.16012e-111
1.41983e-109
1.61301e-107
1.70752e-105
1.68999e-103
1.5685e-101
1.36877e-99
1.12579e-97
8.746e-96
6.43031e-94
4.48226e-92
2.96694e-90
1.86771e-88
1.11967e-86
6.40015e-85
3.49228e-83
1.82099e-81
9.08252e-80
4.33712e-78
1.98451e-76
8.7076e-75
3.66648e-73
1.48249e-71
5.75966e-70
2.15135e-68
7.72968e-67
2.67278e-65
8.89838e-64
2.85356e-62
8.81774e-61
2.62649e-59
7.54367e-58
2.08981e-56
5.5855e-55
1.44064e-53
3.5866e-52
8.62036e-51
2.00059e-49
4.48377e-48
9.70588e-47
2.02945e-45
4.0993e-44
7.99931e-43
1.50808e-41
2.74684e-40
4.83369e-39
8.21767e-38
1.34966e-36
2.1413e-35
3.28146e-34
4.85678e-33
6.94167e-32
9.57954e-31
1.27619e-29
1.64091e-28
2.0359e-27
2.4368e-26
2.81288e-25
3.13053e-24
3.35792e-23
3.47016e-22
3.45364e-21
3.30874e-20
3.05e-19
2.70372e-18
2.30359e-17
1.88523e-16
1.481e-15
1.116e-14
8.06044e-14
5.57534e-13
3.68983e-12
2.33418e-11
1.4099e-10
8.12178e-10
4.45624e-09
2.32555e-08
1.15252e-07
5.41496e-07
2.40735e-06
1.01056e-05
3.99617e-05
0.000148466
0.000516659
0.00167838
0.00506959
0.014173
0.0364776
0.0858801
0.183538
0.352744
0.602659
0.902307
1.16369
1.26974
1.16459
0.946336
0.829311
0.929791
1.09634
1.08869
0.945293
0.929405
1.04673
1.04161
0.950394
0.995421
1.03833
0.972855
0.998663
1.01996
0.977013
1.01729
0.989807
1.00503
0.997843
1.00082
0.99972
1.00009
0.999975
1.00001
0.999998
1
1
1
1
1
1
1
1
1
1
1
1
1
1
1
1
1
1
1
1
1
1
1
1
1
1
1
1
1
1
1
1
1
1
1
1
1
1
1
1
1
1
1
1
1
1
1
1
1
1
1
1
1
1
1
1
1
1
1
1
1
1
1
1
1
1
1
1
1
1
1
1
1
1
1
1
1
1
1
1
1
1
1
1
1
1
1
1
1
1
1
1
1
1
1
1
1
1
1
1
1
1
1
1
1
1
1
1
1
1
1
1
1
1
1
1
1
1
1
1
1
1
1
1
1
1
1
1
1
1
1
1
1
1
1
1
1
1
1
1
1
1
1
1
1
1
1
1
1
1
1
1
1
1
1
1
1
1
1
1
1
1
1
1
1
1
1
1
1
1
1
1
1
1
1
1
1
1
1
1
1
1
1
1
1
1
1
1
1
1
1
1
1
1
1
1
1
1
1
1
1
1
1
1
1
1
1
1
1
1
1
1
0.999999
0.999998
0.99999
0.99996
0.999852
0.999483
0.998322
0.99493
0.985827
0.963522
0.91412
0.816462
0.647256
0.397341
0.0976932
-0.163692
-0.269742
-0.164592
0.0536643
0.170689
0.0702094
-0.0963389
-0.0886929
0.0547072
0.0705952
-0.0467321
-0.0416137
0.0496062
0.00457885
-0.038328
0.0271455
0.00133725
-0.0199593
0.0229873
-0.0172945
0.0101933
