1.00078e-05
2.26263e-05
4.9993e-05
0.000107902
0.000227384
0.000467605
0.000937867
0.00183351
0.00349158
0.00647214
0.0116688
0.0204451
0.0347806
0.0573888
0.0917429
0.141917
0.212136
0.305949
0.425005
0.567583
0.727183
0.891761
1.04424
1.16488
1.23553
1.24516
1.19502
1.10113
0.992246
0.902343
0.859442
0.874629
0.936505
1.01492
1.07387
1.08836
1.05675
1.00123
0.954992
0.942826
0.966872
1.00677
1.03447
1.03363
1.00973
0.983921
0.975531
0.987618
1.0067
1.01599
1.00982
0.996744
0.989715
0.993676
1.00245
1.00665
1.00333
0.997617
0.995868
0.998857
1.0022
1.00223
0.999813
0.998324
0.999183
1.00072
1.00093
0.999965
0.999348
0.999736
1.00033
1.0003
0.999896
0.999764
0.999992
1.00015
1.00005
0.999916
0.999951
1.00004
1.00004
0.99998
0.999973
1.00001
1.00002
0.999996
0.999989
1
1.00001
0.999999
0.999996
1
1
0.999999
0.999999
1
1
1
1
1
1
1
1
1
1
1
1
1
1
1
1
1
1
1
1
1
1
1
1
1
1
1
1
1
1
0.999999
0.999998
0.999996
0.99999
0.999977
0.99995
0.999892
0.999773
0.999532
0.999062
0.998166
0.996508
0.993528
0.988331
0.979555
0.965219
0.942611
0.908257
0.858083
0.787864
0.694051
0.574995
0.432417
0.272817
0.108239
-0.0442428
-0.16488
-0.235529
-0.245164
-0.19502
-0.101135
0.00775374
0.0976574
0.140558
0.125371
0.0634952
-0.0149221
-0.0738715
-0.088357
-0.0567491
-0.00123328
0.045008
0.0571738
0.0331279
-0.00676989
-0.0344737
-0.0336261
-0.00973464
0.0160792
0.0244695
0.0123824
-0.00670244
-0.0159898
-0.00981724
0.00325579
0.0102847
0.00632449
-0.00245212
-0.00664711
-0.00332634
0.00238336
0.00413217
0.0011433
-0.00220123
-0.00222664
0.000186785
0.00167583
0.000816753
-0.00072138
-0.000934508
3.52762e-05
0.00065173
0.000264055
-0.000326834
-0.000304506
0.000103658
0.000235957
8.45139e-06
-0.000150414
-4.69578e-05
8.42878e-05
4.92185e-05
-4.29433e-05
-3.87701e-05
2.04078e-05
2.68159e-05
-9.34696e-06
-1.72405e-05
4.36797e-06
1.05925e-05
-2.27137e-06
-6.30148e-06
1.40482e-06
3.63868e-06
-1.00702e-06
-2.02367e-06
7.66574e-07
1.06278e-06
-5.7589e-07
-5.06663e-07
4.09206e-07
2.00429e-07
-2.6765e-07
-4.66125e-08
1.56724e-07
-1.77197e-08
-7.84904e-08
3.38273e-08
3.01466e-08
-2.82075e-08
-5.27195e-09
1.65763e-08
-4.01418e-09
-6.72496e-09
4.99559e-09
1.07494e-09
-2.99438e-09
9.67408e-10
1.01644e-09
-8.79358e-10
3.75903e-10
1.31519e-09
2.16748e-09
6.67642e-09
1.81495e-08
4.71974e-08
1.21694e-07
3.06925e-07
7.57545e-07
1.83052e-06
4.32784e-06
