-0.0173593
0.150222
0.137129
-0.0233358
-0.121221
-0.035024
0.0833856
0.0423473
-0.0613895
-0.0278127
0.0514532
0.00424254
-0.0396221
0.0192122
0.0152847
-0.0258468
0.0130442
0.00436102
-0.0139011
0.0145985
-0.0108087
0.00646128
-0.00329534
0.0014774
-0.000593334
0.000216267
-7.22387e-05
2.22786e-05
-6.38173e-06
1.7063e-06
-4.27588e-07
1.00778e-07
-2.24073e-08
4.7124e-09
-9.39574e-10
1.77972e-10
-3.20851e-11
5.51454e-12
-9.04936e-13
1.41978e-13
-2.13236e-14
3.06921e-15
-4.23812e-16
5.61977e-17
-7.16221e-18
8.78038e-19
-1.03621e-19
1.17803e-20
-1.29099e-21
1.36462e-22
-1.39209e-23
1.37125e-24
-1.30491e-25
1.20019e-26
-1.06737e-27
9.18218e-29
-7.64372e-30
6.15944e-31
-4.80612e-32
3.6324e-33
-2.65987e-34
1.88757e-35
-1.29846e-36
8.66015e-38
-5.60125e-39
3.51387e-40
-2.13845e-41
1.26267e-42
-7.2346e-44
4.0228e-45
-2.17108e-46
1.13735e-47
-5.78384e-49
2.85542e-50
-1.3686e-51
6.36872e-53
-2.87742e-54
1.26222e-55
-5.3758e-57
2.22291e-58
-8.92393e-60
3.47798e-61
-1.31586e-62
4.83247e-64
-1.72255e-65
5.95899e-67
-2.00042e-68
6.51576e-70
-2.05891e-71
6.31062e-73
-1.87582e-74
5.40647e-76
-1.51059e-77
4.09068e-79
-1.07338e-80
2.72836e-82
-6.71622e-84
1.60062e-85
-3.6919e-87
8.23874e-89
-1.77811e-90
3.70998e-92
-7.48025e-94
1.45678e-95
-2.73904e-97
4.96938e-99
-8.69498e-101
1.46636e-102
-2.38204e-104
3.72477e-106
-5.6025e-108
8.09957e-110
-1.12456e-111
1.49816e-113
-1.91328e-115
2.3399e-117
-2.7374e-119
3.05974e-121
-3.26345e-123
3.31671e-125
-3.20713e-127
2.94567e-129
-2.56521e-131
2.11383e-133
-1.64464e-135
1.20523e-137
-8.29651e-140
5.34856e-142
-3.21824e-144
1.80041e-146
-9.3238e-149
4.44721e-151
-1.94226e-153
8.04675e-156
1.30938e-154
4.37892e-152
1.2712e-149
3.25473e-147
7.44107e-145
1.53431e-142
2.8769e-140
4.93933e-138
7.81074e-136
1.14338e-133
1.5562e-131
1.97692e-129
2.35199e-127
2.62854e-125
2.76695e-123
2.75011e-121
2.5865e-119
2.3065e-117
1.95373e-115
1.57456e-113
1.20922e-111
8.86141e-110
6.20462e-108
4.15584e-106
2.6657e-104
1.63915e-102
9.67146e-101
5.48045e-99
2.98503e-97
1.56396e-95
7.88778e-94
3.83205e-92
1.79443e-90
8.10398e-89
3.53169e-87
1.48596e-85
6.03917e-84
2.37189e-82
9.0062e-81
3.30743e-79
1.17518e-77
4.04143e-76
1.34562e-74
4.3391e-73
1.35547e-71
4.10304e-70
1.20381e-68
3.42405e-67
9.44379e-66
2.52616e-64
6.55478e-63
1.6501e-61
4.03069e-60
9.55483e-59
2.19833e-57
4.90942e-56
1.06433e-54
2.24008e-53
4.57741e-52
9.08161e-51
1.74949e-49
3.27244e-48
5.94361e-47
1.0482e-45
1.79493e-44
2.98432e-43
4.81748e-42
7.54999e-41
1.14867e-39
1.69639e-38
2.43166e-37
3.38276e-36
4.56645e-35
5.98085e-34
7.59898e-33
9.36443e-32
1.11907e-30
1.29657e-29
1.45612e-28
1.58473e-27
1.67092e-26
1.70638e-25
1.68727e-24
1.61488e-23
1.4955e-22
1.33956e-21
1.16009e-20
9.70928e-20
7.8496e-19
6.12714e-18
4.61516e-17
3.35265e-16
2.34745e-15
1.58317e-14
1.02772e-13
6.4167e-13
3.85021e-12
2.21825e-11
1.22597e-10
6.49301e-10
3.29174e-09
1.59548e-08
7.38366e-08
3.2579e-07
1.36836e-06
5.46134e-06
2.06725e-05
7.40538e-05
0.000250445
0.000797456
0.00238339
0.00666261
0.0173496
0.0418868
0.0932351
0.190067
0.352025
0.58658
0.868911
1.12802
1.26387
1.21102
1.01736
0.849778
0.862871
1.02334
1.12122
1.03502
0.916614
0.957653
1.06139
1.02781
0.948547
0.995757
1.03962
0.980788
0.984715
1.02585
0.986956
0.995639
1.0139
0.985401
1.01081
0.993539
1.0033
0.998523
1.00059
0.999784
1.00007
0.999978
1.00001
0.999998
1
1
1
1
1
1
1
1
1
1
1
1
1
1
1
1
1
1
1
1
1
1
1
1
1
1
1
1
1
1
1
1
1
1
1
1
1
1
1
1
1
1
1
1
1
1
1
1
1
1
1
1
1
1
1
1
1
1
1
1
1
1
1
1
1
1
1
1
1
1
1
1
1
1
1
1
1
1
1
1
1
1
1
1
1
1
1
1
1
1
1
1
1
1
1
1
1
1
1
1
1
1
1
1
1
1
1
1
1
1
1
1
1
1
1
1
1
1
1
1
1
1
1
1
1
1
1
1
1
1
1
1
1
1
1
1
1
1
1
1
1
1
1
1
1
1
1
1
1
1
1
1
1
1
1
1
1
1
1
1
1
1
1
1
1
1
1
1
1
1
1
1
1
1
1
1
1
1
1
1
1
1
1
1
1
1
1
1
1
1
1
1
1
1
1
1
1
1
1
1
1
1
1
1
1
1
1
1
0.999999
0.999995
0.999979
0.999926
0.99975
0.999203
0.997617
0.993337
0.98265
0.958113
0.906765
0.809933
0.647975
0.41342
0.131089
-0.128025
-0.263872
-0.211024
