0.0031339
-0.0674183
-0.0453045
0.0196013
0.0382445
0.00180068
-0.0230909
-0.00569965
0.0129278
0.00374894
-0.00741017
-0.00116877
0.00418278
-0.000511051
-0.00194952
0.0010506
0.000438259
-0.000732095
0.000245592
0.000161042
-0.000225047
0.000111119
-2.48498e-06
-4.22298e-05
4.19636e-05
-2.70617e-05
1.37757e-05
-5.91965e-06
2.22001e-06
-7.41141e-07
2.23178e-07
-6.119e-08
1.53832e-08
-3.56551e-09
7.65236e-10
-1.52617e-10
2.8367e-11
-4.92581e-12
8.00723e-13
-1.22059e-13
1.7473e-14
-2.35182e-15
2.9793e-16
-3.55518e-17
3.9989e-18
-4.24209e-19
4.24572e-20
-4.01026e-21
3.57527e-22
-3.00868e-23
2.38967e-24
-1.79109e-25
1.26642e-26
-8.44388e-28
5.30613e-29
-3.14051e-30
1.74931e-31
-9.16171e-33
4.50676e-34
-2.07966e-35
8.98978e-37
-3.63439e-38
1.37165e-39
-4.8226e-41
1.57584e-42
-4.77261e-44
1.33558e-45
-3.44116e-47
8.384e-49
2.08055e-48
1.42135e-46
8.12808e-45
4.00432e-43
1.72605e-41
6.58934e-40
2.24979e-38
6.92526e-37
1.93474e-35
4.93343e-34
1.15372e-32
2.48467e-31
4.94549e-30
9.12582e-29
1.56546e-27
2.5024e-26
3.73536e-25
5.21643e-24
6.82635e-23
8.38308e-22
9.6731e-21
1.04992e-19
1.07296e-18
1.03327e-17
9.38302e-17
8.03941e-16
6.5022e-15
4.966e-14
3.58239e-13
2.44131e-12
1.57173e-11
9.55904e-11
5.49112e-10
2.97852e-09
1.52499e-08
7.36619e-08
3.3547e-07
1.43936e-06
5.81281e-06
2.20718e-05
7.86993e-05
0.000263113
0.000823389
0.00240707
0.00655814
0.0166074
0.0389643
0.0843823
0.167932
0.305515
0.504949
0.752674
1.00351
1.1868
1.23864
1.14988
0.992538
0.884282
0.898484
0.996866
1.06742
1.0453
0.980399
0.961755
0.998199
1.02309
1.0057
0.987072
0.996251
1.00741
1.00117
0.995817
1.00051
1.00195
0.998949
0.999562
1.00073
0.999754
0.999839
1.00023
0.999889
1
1.00004
0.999958
1.00003
0.999986
1.00001
0.999998
1
1
1
1
1
1
1
1
1
1
1
1
1
1
1
1
1
1
1
1
1
1
1
1
1
1
1
1
1
1
1
1
1
1
1
1
1
1
1
1
1
1
1
1
1
1
1
1
1
1
1
1
1
1
1
1
1
1
1
1
1
1
1
1
1
1
1
1
1
1
1
1
1
1
1
1
1
0.999999
0.999994
0.999978
0.999921
0.999737
0.999177
0.997593
0.993442
0.983393
0.961036
0.915618
0.832068
0.694485
0.495051
0.247326
-0.00351311
-0.186804
-0.238638
-0.14988
0.00746178
0.115718
0.101516
