1
1
1
1
1
1
1
1
1
1
1
1
1
1
1
1
1
1
1
1
1
1
1
1
1
1
1
1
0.999999
0.999998
0.999993
0.999981
0.999949
0.999865
0.99966
0.999174
0.998076
0.9957
0.990801
0.981188
0.963292
0.931781
0.879526
0.798329
0.680911
0.524359
0.334521
0.129691
-0.0591745
-0.194446
-0.244728
-0.201011
-0.0877346
0.0409019
0.123271
0.122938
0.0517787
-0.0358107
-0.0793932
-0.0560054
0.00416807
0.0458693
0.037939
-0.00160859
-0.0287607
-0.0202105
0.00634884
0.0182299
0.00647534
-0.00890051
-0.00882717
0.0019208
0.00659377
0.00114381
-0.00386848
-0.00178338
0.00201078
0.00147722
-0.00101363
-0.000992893
0.000542463
0.000593155
-0.000326627
-0.000319185
0.000216333
0.000147612
-0.000145137
-4.87582e-05
9.00346e-05
-3.71982e-07
-4.68102e-05
1.71757e-05
1.69141e-05
-1.59369e-05
-8.91933e-07
8.218e-06
-3.98185e-06
-1.62904e-06
2.84698e-06
-1.0586e-06
-5.8943e-07
8.88539e-07
-3.89068e-07
-9.15879e-08
2.40502e-07
-1.59324e-07
3.52677e-08
3.47216e-08
-4.61156e-08
2.95133e-08
-1.03834e-08
-1.15928e-09
5.19634e-09
-5.04681e-09
3.52068e-09
-2.0457e-09
1.04485e-09
-4.81972e-10
2.04054e-10
-8.0144e-11
2.94245e-11
-1.01565e-11
3.31064e-12
-1.02276e-12
3.00334e-13
-8.40394e-14
2.24554e-14
-5.73988e-15
1.40578e-15
-3.30344e-16
7.45732e-17
-1.61898e-17
3.38365e-18
-6.80503e-19
1.37349e-19
5.80366e-21
1.84132e-19
1.02386e-18
5.67553e-18
3.05247e-17
1.59399e-16
8.08056e-16
3.97606e-15
1.89866e-14
8.79715e-14
3.95409e-13
1.7237e-12
7.28581e-12
2.98521e-11
1.18529e-10
4.55913e-10
1.69822e-09
6.1234e-09
2.13646e-08
7.20946e-08
2.3518e-07
7.41232e-07
2.25584e-06
6.62499e-06
1.87622e-05
5.11999e-05
0.000134518
0.000339955
0.000825565
0.00192436
0.0043002
0.00919944
0.0188121
0.0367085
0.0682188
0.120474
0.201671
0.319089
0.475641
0.665479
0.870309
1.05917
1.19445
1.24473
1.20101
1.08773
0.959098
0.876729
0.877062
0.948221
1.03581
1.07939
1.05601
0.995832
0.954131
0.962061
1.00161
1.02876
1.02021
0.993651
0.98177
0.993525
1.0089
1.00883
0.998079
0.993406
0.998856
1.00387
1.00178
0.997989
0.998523
1.00101
1.00099
0.999458
0.999407
1.00033
1.00032
0.999784
0.999852
1.00015
1.00005
0.99991
1
1.00005
0.999983
0.999983
1.00002
1
0.999992
1
1
0.999997
1
1
0.999999
1
1
1
1
1
1
1
1
1
1
1
1
1
1
1
1
1
1
1
1
1
1
1
1
1
1
