-0.0169994
0.0362556
0.0247583
-0.015057
-0.01806
0.00665448
0.0106151
-0.00419059
-0.00526833
0.00329174
0.00181092
-0.00229812
8.79687e-05
0.00105469
-0.000636701
-7.48431e-05
0.000332646
-0.00022151
4.41694e-05
5.05772e-05
-6.5246e-05
4.61967e-05
-2.47958e-05
1.10315e-05
-4.23708e-06
1.43794e-06
-4.3768e-07
1.20742e-07
-3.04234e-08
7.04343e-09
-1.50532e-09
2.98114e-10
-5.48776e-11
9.41412e-12
-1.50823e-12
2.26064e-13
-3.17484e-14
4.18292e-15
-5.17549e-16
6.01864e-17
-6.58277e-18
6.77486e-19
-6.56341e-20
5.98675e-21
-5.14188e-22
4.15821e-23
-3.16569e-24
2.26821e-25
-1.52885e-26
9.68886e-28
-5.76906e-29
3.22476e-30
-1.69051e-31
8.30155e-33
-3.81363e-34
1.63637e-35
-6.54665e-37
2.43705e-38
-8.42191e-40
2.69463e-41
-7.95799e-43
2.16169e-44
-5.37899e-46
1.22028e-47
-2.5098e-49
4.65101e-51
3.31723e-52
5.54501e-50
5.55716e-48
4.387e-46
2.84092e-44
1.55184e-42
7.29742e-41
3.00017e-39
1.09155e-37
3.54898e-36
1.03941e-34
2.76051e-33
6.68552e-32
1.48354e-30
3.0287e-29
5.70879e-28
9.96544e-27
1.6154e-25
2.43731e-24
3.4299e-23
4.51001e-22
5.54985e-21
6.40018e-20
6.92515e-19
7.03785e-18
6.7237e-17
6.04302e-16
5.1126e-15
4.07362e-14
3.05792e-13
2.16314e-12
1.44215e-11
9.0617e-11
5.36579e-10
2.99354e-09
1.57293e-08
7.78041e-08
3.62068e-07
1.58395e-06
6.508e-06
2.50857e-05
9.05957e-05
0.000306069
0.000965551
0.00283831
0.00775534
0.0196399
0.0459408
0.0988618
0.194786
0.349394
0.566727
0.824714
1.06733
1.21838
1.22339
1.09904
0.943657
0.87521
0.931748
1.03371
1.06862
1.017
0.963744
0.975242
1.01506
1.01806
0.993346
0.989385
1.00419
1.00527
0.996708
0.998189
1.0023
0.999912
0.998945
1.00064
1.00007
0.999667
1.00022
0.999956
0.999949
1.00007
0.999954
1.00002
0.999989
1
0.999999
1
1
1
1
1
1
1
1
1
1
1
1
1
1
1
1
1
1
1
1
1
1
1
1
1
1
1
1
1
1
1
1
1
1
1
1
1
1
1
1
1
1
1
1
1
1
1
1
1
1
1
1
1
1
1
1
1
1
1
1
1
1
1
1
1
1
1
1
1
1
1
1
1
1
1
1
1
1
0.999998
0.999993
0.999975
0.999909
0.999694
0.999034
0.997162
0.992245
0.98036
0.954059
0.901138
0.805214
0.650606
0.433273
0.175286
-0.0673275
-0.218382
-0.223388
-0.0990379
0.056343
0.12479
0.068252
-0.0337096
-0.0686211
