1
1
1
1
1
1
1
1
1
1
1
1
1
1
1
1
1
1
1
1
1
1
1
1
1
1
1
1
1
1
1
1
1
1
1
1
1
1
1
1
1
1
1
1
1
1
1
1
1
1
1
1
1
1
1
1
1
1
1
1
0.999999
0.999998
0.999994
0.999983
0.999948
0.999853
0.999598
0.998949
0.997376
0.993756
0.985878
0.969719
0.938639
0.882917
0.790505
0.650216
0.458173
0.226617
-0.00911276
-0.193014
-0.267285
-0.20604
-0.0461923
0.11428
0.169363
0.0859765
-0.0557464
-0.122287
-0.055518
0.0593272
0.0855306
0.0019311
-0.0687521
-0.0311805
0.044488
0.0370759
-0.0282799
-0.0325646
0.0210403
0.0245459
-0.0192046
-0.015145
0.018764
0.00498845
-0.0162154
0.0043034
0.00956548
-0.00930406
-0.000328203
0.00699056
-0.00576319
0.000376446
0.00369474
-0.00421473
0.00223148
0.000210713
-0.00179429
0.00226764
-0.00199238
0.00143136
-0.000891893
0.000496676
-0.000251706
0.000117507
-5.09803e-05
2.06925e-05
-7.89935e-06
2.84838e-06
-9.73611e-07
3.16421e-07
-9.80318e-08
2.90184e-08
-8.22343e-09
2.23497e-09
-5.83473e-10
1.46528e-10
-3.5443e-11
8.26739e-12
-1.86167e-12
4.05102e-13
-8.52617e-14
1.73716e-14
-3.42901e-15
6.5623e-16
-1.21844e-16
2.1963e-17
-3.84575e-18
6.54516e-19
-1.08328e-19
1.74447e-20
-2.7346e-21
4.17473e-22
-6.20945e-23
9.00211e-24
-1.27253e-24
1.75464e-25
-2.36075e-26
3.10027e-27
-3.97535e-28
4.9786e-29
-6.09145e-30
7.28341e-31
-8.51263e-32
9.72785e-33
-1.08717e-33
1.18852e-34
-1.27128e-35
1.33072e-36
-1.36345e-37
1.36765e-38
-1.34332e-39
1.2922e-40
-1.21757e-41
1.12396e-42
-1.01663e-43
9.01149e-45
-7.82915e-46
6.66771e-47
-5.56724e-48
4.55784e-49
-3.6592e-50
2.88119e-51
-2.22518e-52
1.68582e-53
-1.253e-54
9.1376e-56
-6.53869e-57
4.59161e-58
-3.16441e-59
2.14046e-60
-1.42116e-61
9.26249e-63
-5.92644e-64
3.72279e-65
-2.29603e-66
1.39042e-67
-8.26794e-69
4.82784e-70
-2.76842e-71
1.55903e-72
-8.62263e-74
4.68382e-75
-2.49892e-76
1.30951e-77
-6.74035e-79
3.40787e-80
-1.69247e-81
8.25662e-83
-3.95672e-84
1.86262e-85
-8.61342e-87
3.91282e-88
-1.7461e-89
7.65447e-91
-3.29629e-92
1.39443e-93
-5.79468e-95
2.36546e-96
-9.48527e-98
3.73616e-99
-1.44549e-100
5.66265e-102
4.08053e-102
1.06751e-100
2.61079e-99
6.27093e-98
1.47923e-96
3.42693e-95
7.79747e-94
1.7426e-92
3.82518e-91
8.24762e-90
1.74678e-88
3.63407e-87
7.42676e-86
1.49096e-84
2.94036e-83
5.69647e-82
1.08414e-80
2.02696e-79
3.72292e-78
6.7174e-77
1.19069e-75
2.07333e-74
3.54659e-73
5.95966e-72
9.83767e-71
1.5952e-69
2.54088e-68
3.97546e-67
6.1096e-66
9.22249e-65
1.36735e-63
1.99109e-62
2.84753e-61
3.99935e-60
5.51616e-59
7.47119e-58
9.93631e-57
1.29754e-55
1.66359e-54
2.09402e-53
2.58757e-52
3.1387e-51
3.73701e-50
4.36699e-49
5.00825e-48
5.63637e-47
6.22423e-46
6.74375e-45
7.16813e-44
7.47402e-43
7.64362e-42
7.66642e-41
7.54022e-40
7.27142e-39
6.87455e-38
6.37089e-37
5.78665e-36
5.15065e-35
4.492e-34
3.83788e-33
3.21178e-32
2.63226e-31
2.11234e-30
1.65946e-29
1.27602e-28
9.60167e-28
7.06873e-27
5.09034e-26
3.58479e-25
2.46823e-24
1.66114e-23
1.09247e-22
7.01908e-22
4.40443e-21
2.69842e-20
1.61362e-19
9.4151e-19
5.35832e-18
2.97341e-17
1.6082e-16
8.47437e-16
4.34887e-15
2.17247e-14
1.05593e-13
4.99121e-13
2.29319e-12
1.02352e-11
4.43525e-11
1.86482e-10
7.60263e-10
3.00324e-09
1.14865e-08
4.25019e-08
1.52009e-07
5.25008e-07
1.74929e-06
5.61666e-06
1.73581e-05
5.15669e-05
0.000147051
0.000401899
0.00105092
0.00262416
0.00624385
0.0141224
0.0302812
0.0613606
0.117083
0.209495
0.349784
0.541827
0.773383
1.00911
1.19301
1.26729
1.20604
1.04619
0.88572
0.830637
0.914023
1.05575
1.12229
1.05552
0.940673
0.914469
0.998069
1.06875
1.03118
0.955512
0.962924
1.02828
1.03256
0.97896
0.975454
1.0192
1.01514
0.981236
0.995012
1.01622
0.995697
0.990435
1.0093
1.00033
0.993009
1.00576
0.999624
0.996305
1.00421
0.997769
0.999789
1.00179
0.997732
1.00199
0.998569
1.00089
0.999503
1.00025
0.999882
1.00005
0.999979
1.00001
0.999997
1
1
1
1
1
1
1
1
1
1
1
1
1
1
1
1
1
1
1
1
1
1
1
1
1
1
1
1
1
1
1
1
1
1
1
1
1
1
1
1
1
1
1
1
1
1
1
1
1
1
1
1
1
1
1
1
1
1
1
1
1
1
1
1
1
1
1
1
1
1
1
1
1
1
1
1
1
1
1
1
1
1
1
1
1
1
1
1
1
1
1
1
1
1
1
1
1
1
1
1
1
1
1
1
1
1
1
1
1
1
1
1
1
1
1
1
1
1
1
1
1
1
1
1
1
1
1
1
