1
1
1
1
1
1
1
1
1
1
1
1
1
1
1
1
1
1
1
1
1
1
1
1
1
1
1
1
1
1
1
1
1
1
1
1
1
1
1
1
1
1
1
1
1
1
1
1
1
1
1
1
1
1
1
1
1
1
1
1
1
1
1
1
1
1
1
1
1
1
1
1
1
1
1
1
1
1
1
1
1
1
1
1
1
1
1
1
1
1
1
1
1
1
1
1
1
1
1
1
1
1
1
1
1
1
1
1
1
1
1
1
1
1
1
1
1
1
1
1
1
1
0.999999
0.999998
0.999993
0.99998
0.999947
0.999861
0.99965
0.99915
0.998016
0.99555
0.990425
0.980275
0.961182
0.927204
0.870282
0.781069
0.651352
0.478399
0.270627
0.0523116
-0.136663
-0.250113
-0.25477
-0.152995
0.00523113
0.136484
0.167084
0.0839582
-0.0467638
-0.121782
-0.0838247
0.0234466
0.0917932
0.0562021
-0.0341625
-0.071077
-0.0170113
0.049205
0.0394514
-0.0225849
-0.0411732
0.00477814
0.0346706
0.00339316
-0.0273083
-0.00511728
0.0215213
0.00336499
-0.0171872
-5.62993e-05
0.0133393
-0.00350868
-0.00908487
0.00614145
0.00418277
-0.00669684
0.00057124
0.00463142
-0.00350055
-0.000880015
0.00323731
-0.00204995
-0.000519242
0.00195598
-0.00157297
0.000263074
0.000816076
-0.0011246
0.000789544
-0.00021782
-0.000255532
0.000496182
-0.000528286
0.000440059
-0.000313958
0.000199582
-0.000115548
6.17769e-05
-3.07953e-05
1.44151e-05
-6.37086e-06
2.67006e-06
-1.06497e-06
4.05459e-07
-1.47725e-07
5.16198e-08
-1.73328e-08
5.60205e-09
-1.74547e-09
5.24991e-10
-1.52617e-10
4.29289e-11
-1.1696e-11
3.08937e-12
-7.91822e-13
1.97086e-13
-4.76736e-14
1.12149e-14
-2.56738e-15
5.723e-16
-1.24292e-16
2.63139e-17
-5.43332e-18
1.09469e-18
-2.15308e-19
4.13578e-20
-7.76173e-21
1.42374e-21
-2.5535e-22
4.47944e-23
-7.68846e-24
1.29158e-24
-2.12424e-25
3.42144e-26
-5.39836e-27
8.34597e-28
-1.26464e-28
1.8786e-29
-2.73646e-30
3.90952e-31
-5.47943e-32
7.53556e-33
-1.01707e-33
1.3475e-34
-1.75278e-35
2.23887e-36
-2.80871e-37
3.46126e-38
-4.19066e-39
4.98563e-40
-5.82925e-41
6.69922e-42
-7.56861e-43
8.40713e-44
-9.18284e-45
9.86414e-46
-1.04219e-46
1.08317e-47
-1.10753e-48
1.11422e-49
-1.10305e-50
1.07465e-51
-1.03047e-52
9.7262e-54
-9.03713e-55
8.26681e-56
-7.44568e-57
6.60339e-58
-5.76718e-59
4.96052e-60
-4.20237e-61
3.50668e-62
-2.88248e-63
2.33418e-64
-1.86222e-65
1.46381e-66
-1.13376e-67
8.6531e-69
-6.50819e-70
4.82405e-71
-3.52412e-72
2.53747e-73
-1.80088e-74
1.25986e-75
-8.68835e-77
5.90676e-78
-3.95891e-79
2.61622e-80
-1.6716e-81
5.89503e-82
6.93699e-81
9.9073e-80
1.39411e-78
1.93474e-77
2.64801e-76
3.57416e-75
4.75744e-74
6.24458e-73
8.08258e-72
1.03157e-70
1.29816e-69
1.61075e-68
1.97051e-67
2.37663e-66
2.82591e-65
3.31244e-64
3.82746e-63
4.35939e-62
4.89407e-61
5.41528e-60
5.90549e-59
6.34671e-58
6.72164e-57
7.01469e-56
7.21308e-55
7.30776e-54
7.29408e-53
7.17214e-52
6.94684e-51
6.62758e-50
6.22755e-49
5.7629e-48
5.25158e-47
4.71225e-46
4.1631e-45
3.62091e-44
3.1002e-43
2.61271e-42
2.1671e-41
1.76893e-40
1.42081e-39
1.12283e-38
8.7295e-38
6.67598e-37
5.02155e-36
3.71453e-35
2.70183e-34
1.93215e-33
1.3583e-32
9.38553e-32
6.37334e-31
4.2526e-30
2.78775e-29
1.79512e-28
1.13528e-27
7.0502e-27
4.29848e-26
2.57254e-25
1.51097e-24
8.7079e-24
4.92313e-23
2.72989e-22
1.48432e-21
7.91203e-21
4.13352e-20
2.11599e-19
1.06109e-18
5.21102e-18
2.5055e-17
1.17907e-16
5.42904e-16
2.44513e-15
1.07678e-14
4.63497e-14
1.94937e-13
8.00754e-13
3.2113e-12
1.25676e-11
4.79745e-11
1.78545e-10
6.47499e-10
2.28692e-09
7.86196e-09
2.62915e-08
8.54713e-08
2.69926e-07
8.27495e-07
2.46057e-06
7.09063e-06
1.97838e-05
5.33922e-05
0.000139225
0.000350359
0.000849775
0.00198368
0.00444972
0.0095748
0.0197249
0.0388179
0.0727956
0.129718
0.218931
0.348648
0.521601
0.729373
0.947688
1.13666
1.25011
1.25477
1.153
0.994769
0.863516
0.832916
0.916042
1.04676
1.12178
1.08382
0.976553
0.908207
0.943798
1.03416
1.07108
1.01701
0.950795
0.960549
1.02258
1.04117
0.995222
0.965329
0.996607
1.02731
1.00512
0.978479
0.996635
1.01719
1.00006
0.986661
1.00351
1.00908
0.993859
0.995817
1.0067
0.999429
0.995369
1.0035
1.00088
0.996763
1.00205
1.00052
0.998044
1.00157
0.999737
0.999184
1.00112
0.99921
1.00022
1.00026
0.999504
1.00053
0.99956
1.00031
0.9998
1.00012
0.999938
1.00003
0.999986
1.00001
0.999997
1
1
1
1
1
1
1
1
1
1
1
1
1
1
1
1
1
1
1
1
1
1
1
1
1
1
1
1
1
1
1
1
1
1
1
1
1
1
1
1
1
1
1
1
1
1
1
1
1
1
1
1
