1
1
1
1
1
1
1
1
1
1
1
1
1
1
1
1
1
1
1
1
0.999999
0.999996
0.999988
0.999965
0.999904
0.999746
0.999358
0.998446
0.996401
0.992042
0.983224
0.966343
0.93587
0.884226
0.802507
0.68265
0.521334
0.325039
0.11425
-0.0765433
-0.206354
-0.243201
-0.182525
-0.0578017
0.0678048
0.130996
0.105317
0.0199714
-0.0587975
-0.0761569
-0.0306141
0.0281936
0.0469828
0.0178323
-0.0201001
-0.0268115
-0.00346504
0.016411
0.0113581
-0.00537943
-0.00993165
-0.000419771
0.00626314
0.00213826
-0.00339622
-0.00201567
0.00175776
0.00140932
-0.000951275
-0.000845477
0.000568682
0.000443633
-0.000367636
-0.000189827
0.0002372
4.65369e-05
-0.000138516
1.92714e-05
6.45096e-05
-3.51343e-05
-1.71137e-05
2.53521e-05
-4.52973e-06
-9.67584e-06
7.74812e-06
-2.73469e-07
-3.37088e-06
2.43675e-06
-2.57646e-07
-8.72895e-07
7.99533e-07
-2.86016e-07
-9.03459e-08
1.98109e-07
-1.45376e-07
5.89473e-08
-6.00749e-10
-2.22641e-08
2.34563e-08
-1.68004e-08
9.84351e-09
-5.02051e-09
2.29729e-09
-9.59887e-10
3.70492e-10
-1.33181e-10
4.48603e-11
-1.42263e-11
4.26365e-12
-1.21138e-12
3.27126e-13
-8.41484e-14
2.06584e-14
-4.84821e-15
1.08925e-15
-2.3458e-16
4.848e-17
-9.62455e-18
1.83713e-18
-3.37439e-19
5.96852e-20
-1.01727e-20
1.67327e-21
-2.54528e-22
1.15605e-22
5.11936e-22
3.46436e-21
2.24405e-20
1.40871e-19
8.5675e-19
5.04789e-18
2.88107e-17
1.59273e-16
8.52755e-16
4.42118e-15
2.2193e-14
1.07838e-13
5.07136e-13
2.30763e-12
1.01574e-11
4.32371e-11
1.77928e-10
7.07614e-10
2.71861e-09
1.00859e-08
3.61159e-08
1.24762e-07
4.15553e-07
1.33374e-06
4.12224e-06
1.22602e-05
3.50607e-05
9.63224e-05
0.00025398
0.000642067
0.00155439
0.0035989
0.00795756
0.0167757
0.0336571
0.0641302
0.115774
0.197493
0.31735
0.478666
0.674961
0.88575
1.07654
1.20635
1.2432
1.18252
1.0578
0.932195
0.869004
0.894683
0.980029
1.0588
1.07616
1.03061
0.971806
0.953017
0.982168
1.0201
1.02681
1.00347
0.983589
0.988642
1.00538
1.00993
1.00042
0.993737
0.997862
1.0034
1.00202
0.998242
0.998591
1.00095
1.00085
0.999431
0.999556
1.00037
1.00019
0.999763
0.999953
1.00014
0.999981
0.999935
1.00004
1.00002
0.999975
1
1.00001
0.999992
1
1
0.999998
1
1
0.999999
1
1
1
1
1
1
1
1
1
1
1
1
1
1
1
1
1
1
1
1
1
1
1
1
1
1
1
1
1
1
1
1
1
1
1
1
1
