0.425615
0.572997
0.738048
0.907256
1.06158
1.17939
1.24165
1.23839
1.17428
1.07057
0.961121
0.882289
0.859519
0.896184
0.97083
1.04602
1.08609
1.07537
1.02628
0.971527
0.943969
0.956293
0.994237
1.02827
1.03552
1.0156
0.98841
0.976281
0.98586
1.00482
1.01514
1.00972
0.996943
0.990255
0.994524
1.00296
1.00617
1.00222
0.997078
0.996517
0.999899
1.00239
1.00142
0.999116
0.998568
0.999908
1.00093
1.00046
0.999569
0.999529
1.00012
1.00035
1.00003
0.999786
0.999927
1.00012
1.00007
0.999938
0.999947
1.00003
1.00004
0.999984
0.999978
1.00001
1.00001
0.999995
0.999992
1
1
0.999998
0.999998
1
1
0.999999
1
1
1
1
1
1
1
1
1
1
1
1
1
1
1
1
1
1
1
1
1
1
1
1
1
1
1
1
1
1
1
1
1
1
0.999999
0.999997
0.999994
0.999985
0.999966
0.999925
0.999835
0.99965
0.999274
0.998537
0.99713
0.994531
0.989877
0.981823
0.968364
0.946688
0.913122
0.863273
0.792501
0.69684
0.574385
0.427003
0.261952
0.0927442
-0.0615797
-0.179386
-0.241646
-0.238389
-0.174282
-0.0705727
0.0388792
0.117711
0.140481
0.103816
0.0291703
-0.0460177
-0.086094
-0.0753727
-0.0262762
0.0284727
0.0560313
0.0437074
0.00576299
-0.0282716
-0.0355223
-0.0156047
0.0115897
0.0237191
0.0141403
-0.00481912
-0.0151365
-0.00971684
0.00305715
0.0097451
0.00547617
-0.0029613
-0.00616752
-0.00221989
0.00292154
0.00348296
0.000100671
-0.00238718
-0.00142416
0.000884126
0.00143215
9.23472e-05
-0.000927638
-0.000463236
0.000430974
0.000470644
-0.00011676
-0.00034553
-2.89859e-05
0.000214153
7.25419e-05
-0.000119174
-6.97657e-05
6.1953e-05
5.27393e-05
-3.12581e-05
-3.54803e-05
1.6032e-05
2.22574e-05
-8.79411e-06
-1.32777e-05
5.32431e-06
7.55852e-06
-3.51634e-06
-4.06014e-06
2.42089e-06
1.99501e-06
-1.65235e-06
-8.32732e-07
1.07247e-06
2.29422e-07
-6.37715e-07
3.85916e-08
3.31401e-07
-1.18999e-07
-1.37222e-07
1.08845e-07
3.22883e-08
-6.84417e-08
1.08232e-08
3.02461e-08
-1.87636e-08
-6.51439e-09
1.24426e-08
-2.99683e-09
-4.53209e-09
3.89069e-09
1.64776e-11
-1.86852e-09
1.10329e-09
2.02814e-10
-6.4173e-10
3.28191e-10
9.06679e-11
-1.63954e-10
2.22745e-10
3.60885e-10
9.62805e-10
2.9715e-09
8.2557e-09
2.27491e-08
6.13951e-08
1.61926e-07
4.17752e-07
1.05359e-06
2.5967e-06
6.25178e-06
1.46972e-05
3.37226e-05
7.5484e-05
0.000164746
0.000350398
0.000725833
0.0014634
0.00286971
0.00546931
0.0101225
0.0181768
0.0316365
0.0533121
0.0868776
0.136727
0.207499
0.30316
