1
1
1
1
1
1
1
1
1
1
1
0.999999
0.999998
0.999992
0.999977
0.999934
0.999818
0.999519
0.998783
0.997065
0.993258
0.985281
0.969511
0.940219
0.889325
0.8071
0.684535
0.517809
0.314181
0.0968459
-0.0954164
-0.217798
-0.23833
-0.158853
-0.024197
0.0930419
0.131036
0.0788101
-0.0140805
-0.0736635
-0.060388
-0.000289347
0.0435748
0.0342295
-0.00610134
-0.0279161
-0.0127072
0.0119596
0.0143845
-0.00159205
-0.00994956
-0.00225381
0.00564992
0.00266435
-0.00299641
-0.0019706
0.0016358
0.00118925
-0.00097123
-0.000603085
0.000613948
0.000229417
-0.000380417
-2.46984e-05
0.000206725
-5.83022e-05
-8.24004e-05
6.44484e-05
1.02068e-05
-3.64012e-05
1.52193e-05
8.05364e-06
-1.20951e-05
4.44272e-06
2.25425e-06
-3.62995e-06
1.86562e-06
1.46405e-08
-7.92049e-07
6.99166e-07
-3.26884e-07
3.59129e-08
9.20613e-08
-1.08426e-07
8.0261e-08
-4.7516e-08
2.42035e-08
-1.0975e-08
4.51727e-09
-1.70908e-09
5.99641e-10
-1.96384e-10
6.03393e-11
-1.74632e-11
4.77647e-12
-1.23806e-12
3.04813e-13
-7.14246e-14
1.59563e-14
-3.40363e-15
6.94148e-16
-1.35509e-16
2.53482e-17
-4.54769e-18
7.8318e-19
-1.29564e-19
2.0604e-20
-3.15155e-21
4.63918e-22
-6.57528e-23
8.97714e-24
-1.18018e-24
1.57616e-25
4.96048e-26
5.71122e-25
4.6014e-24
3.59388e-23
2.71068e-22
1.97466e-21
1.38941e-20
9.44286e-20
6.19893e-19
3.93062e-18
2.40725e-17
1.42386e-16
8.13315e-16
4.48587e-15
2.38874e-14
1.22786e-13
6.09124e-13
2.91564e-12
1.34624e-11
5.99433e-11
2.57305e-10
1.06435e-09
4.24103e-09
1.62709e-08
6.00745e-08
2.13336e-07
7.28237e-07
2.38794e-06
7.5161e-06
2.26897e-05
6.56354e-05
0.000181755
0.000481277
0.0012171
0.00293548
0.00674195
0.0147194
0.0304886
0.0597806
0.110675
0.1929
0.315465
0.482191
0.685819
0.903154
1.09542
1.2178
1.23833
1.15885
1.0242
0.906958
0.868964
0.92119
1.01408
1.07366
1.06039
1.00029
0.956425
0.965771
1.0061
1.02792
1.01271
0.98804
0.985615
1.00159
1.00995
1.00225
0.99435
0.997336
1.003
1.00197
0.998364
0.998811
1.00097
1.0006
0.999386
0.999771
1.00038
1.00002
0.999793
1.00006
1.00008
0.999936
0.99999
1.00004
0.999985
0.999992
1.00001
0.999996
0.999998
1
0.999998
1
1
0.999999
1
1
1
1
1
1
1
1
1
1
1
1
1
1
1
1
1
1
1
1
1
1
1
1
1
1
1
1
1
1
1
1
1
1
1
1
1
1
1
1
1
1
1
1
1
1
1
1
