0.999999
1
1
1
1
1
1
1
1
1
1
1
1
1
1
1
1
1
1
1
1
1
1
1
1
1
1
1
1
1
1
1
1
1
1
1
1
1
1
1
1
1
1
1
1
1
1
1
1
1
0.999999
0.999996
0.999989
0.999972
0.99993
0.999828
0.999595
0.999077
0.997969
0.995694
0.991214
0.982762
0.967531
0.94138
0.898734
0.832953
0.737464
0.607897
0.445108
0.258357
0.0671674
-0.10004
-0.212059
-0.24545
-0.196341
-0.0875573
0.0350792
0.119499
0.13166
0.0745173
-0.0119003
-0.073454
-0.0760027
-0.0275837
0.0292699
0.0513257
0.0283086
-0.0120556
-0.0320039
-0.0184759
0.00843948
0.019934
0.00848322
-0.00835185
-0.011392
-0.00109269
0.00724838
0.00457339
-0.00266879
-0.00426283
1.35309e-05
0.00279971
0.000932371
-0.00151811
-0.000990332
0.000729934
0.000754323
-0.000332237
-0.000498553
0.000157708
0.000304717
-8.79e-05
-0.000175968
5.95522e-05
9.53091e-05
-4.46358e-05
-4.65176e-05
3.29977e-05
1.83833e-05
-2.22664e-05
-3.70954e-06
1.28774e-05
-2.37393e-06
-5.77965e-06
3.48983e-06
1.43874e-06
-2.39268e-06
4.41451e-07
9.42612e-07
-7.19957e-07
-4.25074e-08
3.64881e-07
-2.06588e-07
-3.45181e-08
1.17484e-07
-6.67693e-08
-3.82628e-09
3.2306e-08
-2.34903e-08
4.97647e-09
5.87413e-09
-7.11348e-09
3.8098e-09
-5.17198e-10
-1.06884e-09
1.22533e-09
-7.71191e-10
2.89754e-10
2.82572e-12
-1.14048e-10
1.20834e-10
-8.91999e-11
5.46709e-11
-2.95169e-11
1.44458e-11
-6.51617e-12
2.73867e-12
-1.08068e-12
4.02652e-13
-1.42252e-13
4.79594e-14
-1.48394e-14
7.01751e-15
8.5872e-15
4.25328e-14
1.73361e-13
6.95715e-13
2.71758e-12
1.03377e-11
3.82843e-11
1.37993e-10
4.83951e-10
1.65089e-09
5.47592e-09
1.76547e-08
5.5304e-08
1.68253e-07
4.96914e-07
1.42397e-06
3.95721e-06
1.06587e-05
2.78081e-05
7.02271e-05
0.000171549
0.000405021
0.000923417
0.00203112
0.00430566
0.00878635
0.0172381
0.0324687
0.0586201
0.101266
0.167047
0.262536
0.392103
0.554892
0.741643
0.932833
1.10004
1.21206
1.24545
1.19634
1.08756
0.964921
0.880501
0.86834
0.925483
1.0119
1.07345
1.076
1.02758
0.97073
0.948674
0.971691
1.01206
1.032
1.01848
0.991561
0.980066
0.991517
1.00835
1.01139
1.00109
0.992752
0.995427
1.00267
1.00426
0.999986
0.9972
0.999068
1.00152
1.00099
0.99927
0.999246
1.00033
1.0005
0.999842
0.999695
1.00009
1.00018
0.99994
0.999905
1.00004
1.00005
0.999967
0.999982
1.00002
1
0.999987
1
1.00001
0.999997
0.999999
1
1
