1
1
1
1
1
0.999999
0.999996
0.999988
0.999964
0.999895
0.999707
0.999221
0.998028
0.99526
0.989192
0.976668
0.952427
0.908619
0.835138
0.721614
0.561783
0.359922
0.137016
-0.0679209
-0.206482
-0.240818
-0.167828
-0.0318483
0.0899755
0.13006
0.0760015
-0.0183297
-0.0743137
-0.0543523
0.00771353
0.044831
0.0268215
-0.0134867
-0.0263516
-0.00498044
0.0151139
0.00951064
-0.00632871
-0.00790398
0.00202758
0.00521882
-0.0005352
-0.00313551
0.00023433
0.00179209
-0.000272923
-0.000959024
0.000320124
0.000441669
-0.000290469
-0.000135311
0.000198024
-1.43545e-05
-9.0943e-05
5.28139e-05
1.43361e-05
-3.31716e-05
1.44182e-05
5.2491e-06
-1.01565e-05
5.39405e-06
5.54156e-08
-2.31606e-06
2.0016e-06
-8.85531e-07
4.28578e-08
3.04489e-07
-3.28013e-07
2.32409e-07
-1.32759e-07
6.53482e-08
-2.86205e-08
1.13636e-08
-4.14067e-09
1.39668e-09
-4.38937e-10
1.2917e-10
-3.57373e-11
9.32622e-12
-2.302e-12
5.38675e-13
-1.19739e-13
2.53267e-14
-5.10513e-15
9.81963e-16
-1.80446e-16
3.17112e-17
-5.33443e-18
8.59667e-19
-1.32817e-19
1.96854e-20
-2.8006e-21
3.82648e-22
-5.02329e-23
6.33862e-24
-7.69083e-25
8.97551e-26
-1.00776e-26
1.09137e-27
-8.71289e-29
2.79977e-28
2.65571e-27
2.52744e-26
2.31342e-25
2.03795e-24
1.72818e-23
1.411e-22
1.10936e-21
8.4e-21
6.12618e-20
4.30361e-19
2.91222e-18
1.8983e-17
1.19192e-16
7.2085e-16
4.19878e-15
2.35522e-14
1.27204e-13
6.6139e-13
3.30981e-12
1.59377e-11
7.38241e-11
3.28832e-10
1.40796e-09
5.79239e-09
2.28861e-08
8.67956e-08
3.15777e-07
1.10137e-06
3.67991e-06
1.1769e-05
3.59957e-05
0.00010518
0.000293292
0.000779492
0.00197179
0.00473982
0.0108081
0.0233316
0.0475729
0.0913806
0.164862
0.278386
0.438217
0.640078
0.862984
1.06792
1.20648
1.24082
1.16783
1.03185
0.910024
0.86994
0.923998
1.01833
1.07431
1.05435
0.992286
0.955169
0.973178
1.01349
1.02635
1.00498
0.984886
0.990489
1.00633
1.0079
0.997972
0.994781
1.00054
1.00314
0.999766
0.998208
1.00027
1.00096
0.99968
0.999558
1.00029
1.00014
0.999802
1.00001
1.00009
0.999947
0.999986
1.00003
0.999986
0.999995
1.00001
0.999995
1
1
0.999998
1
1
1
1
1
1
1
1
1
1
1
1
1
1
1
1
1
1
1
1
1
1
1
1
1
1
1
1
1
1
1
1
1
1
1
1
1
1
1
1
1
1
1
1
1
1
1
1
1
1
1
1
1
1
1
1
1
1
1
