0
0
0
0
0
0
0
0
0
0
0
0
0
0
0
0
0
0
0
0
0
0
0
0
0
0
0
0
0
0
0
0
0
0
0
0
0
0
0
0
0
0
0
0
0
0
0
0
0
0
0
0
0
0
0
0
0
0
0
0
0
0
0
0
0
0
0
0
0
0
0
0
0
0
0
0
0
0
0
0
0
0
0
0
0
0
0
0
0
0
0
0
0
0
0
0
0
0
0
0
0
0
0
0
0
0
0
0
0
0
0
0
0
0
0
0
0
0
0
0
0
0
0
0
0
0
0
0
1.77595e-33
8.32919e-31
1.87802e-28
2.70998e-26
2.81058e-24
2.23047e-22
1.40797e-20
7.25498e-19
3.10734e-17
1.12069e-15
3.43537e-14
9.00968e-13
2.03046e-11
3.94201e-10
6.59825e-09
9.51412e-08
1.1788e-06
1.24952e-05
0.00011257
0.000853973
0.00538562
0.027738
0.113786
0.358506
0.821121
1.25503
1.1478
0.79279
1.10247
0.968439
1.007
0.998804
1.00016
0.999982
1
1
1
1
1
1
1
1
1
1
1
1
1
1
1
1
1
1
1
1
1
1
1
1
1
1
1
1
1
1
1
1
1
1
1
1
1
1
1
1
1
1
1
1
1
1
1
1
1
1
1
1
1
1
1
1
1
1
1
1
1
1
1
1
1
1
1
1
1
1
1
1
1
1
1
1
1
1
1
1
1
1
1
1
1
1
1
1
1
1
1
1
1
1
1
1
1
1
1
1
1
1
1
1
1
1
1
1
1
1
1
1
1
1
1
1
1
1
1
1
1
1
1
1
1
1
1
1
1
1
1
1
1
1
1
1
1
1
1
1
1
1
1
1
1
1
1
1
1
1
1
1
1
1
1
1
1
1
1
1
1
1
1
1
1
1
1
1
1
1
1
1
1
1
1
1
1
1
1
1
1
1
1
1
1
1
1
1
1
1
1
1
1
1
1
1
1
1
1
1
1
1
1
1
1
1
1
1
1
1
1
1
1
1
1
1
1
1
1
1
1
1
1
1
1
1
1
1
1
1
1
1
1
1
1
1
1
1
0.999999
0.999988
0.999887
0.999146
0.994614
0.972262
0.886214
0.641494
0.178879
-0.255026
-0.147803
0.20721
-0.102474
0.0315609
-0.00699962
0.00119583
-0.000163598
1.83737e-05
-1.72286e-06
1.36471e-07
-9.20682e-09
5.31905e-10
-2.6402e-11
1.1275e-12
-4.14093e-14
1.30504e-15
-3.5148e-17
8.03802e-19
-1.54663e-20
2.47189e-22
-3.22297e-24
3.34084e-26
-2.64866e-28
1.50864e-30
-5.49745e-33
9.62776e-36
0
0
0
0
0
0
0
0
0
0
0
0
0
0
0
0
0
0
0
0
0
0
0
0
0
0
0
0
0
0
0
0
0
0
0
0
0
0
0
0
0
0
0
0
0
0
0
0
0
0
0
0
0
0
0
0
0
0
0
0
0
0
0
0
0
0
0
0
0
0
0
0
0
0
0
0
