1.12208
1.09862
1.00685
0.921808
0.911495
0.978329
1.05558
1.06971
1.01303
0.951024
0.950651
1.00546
1.04565
1.02475
0.976322
0.966133
1.00263
1.02945
1.0101
0.979411
0.984921
1.01262
1.01534
0.992728
0.986464
1.00441
1.01116
0.996703
0.991179
1.00319
1.00662
0.99649
0.995491
1.0038
1.00245
0.996283
0.99946
1.00306
0.999051
0.998134
1.0017
1.00044
0.99846
1.00067
1.00068
0.999008
1.00026
1.00052
0.999373
1.00018
1.00028
0.999595
1.0002
1.00008
0.999774
1.0002
0.999928
0.999947
1.00012
0.99989
1.00006
0.999989
0.999972
1.00005
0.999949
1.00004
0.999967
1.00002
0.999986
1.00001
0.999996
1
0.999999
1
1
1
1
1
1
1
1
1
1
1
1
1
1
1
1
1
1
1
1
1
1
1
1
1
1
1
1
1
1
1
1
1
1
1
1
1
1
1
1
1
1
1
1
1
1
1
1
1
1
1
1
1
1
1
1
1
1
1
1
1
1
1
1
1
1
1
1
1
1
1
1
1
1
1
1
1
1
1
1
1
1
1
1
1
1
1
1
1
1
1
1
1
1
1
1
1
1
1
1
1
1
1
1
1
1
1
1
1
1
1
1
1
1
1
1
1
1
1
1
1
1
1
1
1
1
1
1
1
1
1
1
1
1
1
1
1
1
1
1
1
1
1
1
1
1
1
1
1
1
1
0.999999
0.999997
0.999992
0.99998
0.999952
0.999885
0.999735
0.999407
0.998711
0.997287
0.994473
0.989115
0.979307
0.962086
0.93317
0.886895
0.816618
0.715894
0.580644
0.412227
0.220715
0.0268937
-0.139049
-0.243889
-0.2628
-0.192698
-0.0609425
0.078211
0.163183
0.155249
0.0635923
-0.053855
-0.122076
-0.0986234
-0.00685134
0.0781924
0.0885051
0.0216711
-0.0555806
-0.0697077
-0.0130261
0.0489761
0.0493494
-0.00545702
-0.0456464
-0.024749
0.023678
0.0338668
-0.00263064
-0.0294455
-0.0101049
0.020589
0.0150787
-0.012617
-0.0153426
0.00727156
0.013536
-0.00441079
-0.0111621
0.00329745
0.00882125
-0.00319275
-0.00662386
0.00351012
0.00450945
-0.00379883
-0.00244636
0.00371749
0.000539751
-0.00306498
0.000949324
0.00186622
-0.0016994
-0.000440506
0.00154037
-0.000669812
-0.000682128
0.000991673
-0.000260283
-0.000515583
0.000626649
-0.000181875
-0.000283949
0.000404763
-0.00020331
-7.6167e-05
0.000226431
-0.000199794
7.23571e-05
5.30837e-05
-0.000115812
0.00011049
-6.48225e-05
1.14955e-05
2.83404e-05
-4.80643e-05
5.08824e-05
-4.36748e-05
3.27684e-05
-2.22337e-05
1.39056e-05
-8.11473e-06
4.45581e-06
-2.3166e-06
1.14584e-06
-5.41259e-07
2.44933e-07
-1.0646e-07
4.45431e-08
-1.79748e-08
7.00749e-09
-2.64312e-09
9.6582e-10
-3.42306e-10
1.17797e-10
-3.93981e-11
1.28181e-11
-4.06008e-12
1.25294e-12
-3.76977e-13
1.10654e-13
-3.17069e-14
8.87387e-15
-2.42704e-15
6.49025e-16
-1.69773e-16
4.346e-17
-1.0892e-17
2.67357e-18
-6.42992e-19
1.51567e-19
-3.50297e-20
7.94037e-21
-1.76584e-21
3.85388e-22
-8.25662e-23
1.73692e-23
-3.58878e-24
7.28466e-25
-1.45302e-25
2.8486e-26
-5.49018e-27
1.04047e-27
-1.93932e-28
3.55575e-29
-6.41443e-30
1.1387e-30
-1.9896e-31
3.42214e-32
-5.79534e-33
9.6645e-34
-1.58733e-34
2.56808e-35
-4.09321e-36
6.42834e-37
-9.94881e-38
1.51753e-38
-2.2817e-39
3.38208e-40
-4.94276e-41
7.12306e-42
-1.01234e-42
1.41904e-43
-1.96209e-44
2.67639e-45
-3.60187e-46
4.78299e-47
-6.26767e-48
8.10566e-49
-1.03464e-49
1.3036e-50
-1.62142e-51
1.99103e-52
-2.41395e-53
2.88991e-54
-3.41648e-55
3.98882e-56
-4.59957e-57
5.23883e-58
-5.88669e-59
7.18244e-60
4.71351e-60
4.62672e-59
3.88223e-58
3.22592e-57
2.64975e-56
2.1514e-55
1.72654e-54
1.36946e-53
1.07352e-52
8.31643e-52
6.3665e-51
4.81587e-50
3.59942e-49
2.65793e-48
1.939e-47
1.39736e-46
9.94728e-46
6.9941e-45
4.85691e-44
3.33085e-43
2.25572e-42
1.50839e-41
9.95879e-41
6.49122e-40
4.17673e-39
2.65276e-38
1.66292e-37
1.02877e-36
6.28051e-36
3.78321e-35
2.24839e-34
1.3182e-33
7.62337e-33
4.3483e-32
2.44597e-31
1.35672e-30
7.41973e-30
4.00028e-29
2.1259e-28
1.1135e-27
5.74747e-27
2.92308e-26
1.46461e-25
7.22866e-25
3.51385e-24
1.68202e-23
7.92745e-23
3.67806e-22
1.67963e-21
7.54813e-21
3.3375e-20
1.4517e-19
6.2104e-19
2.61255e-18
1.08049e-17
4.39235e-17
1.75465e-16
6.88661e-16
2.65481e-15
1.005e-14
3.735e-14
1.36235e-13
4.87566e-13
1.71159e-12
5.89182e-12
1.98812e-11
6.57406e-11
2.12943e-10
6.75419e-10
2.09695e-09
6.36987e-09
1.89238e-08
5.49571e-08
1.55941e-07
4.32111e-07
1.16866e-06
3.08308e-06
7.92888e-06
1.98646e-05
4.8448e-05
0.000114938
0.000265024
0.000593394
0.00128888
0.0027129
0.00552702
0.010885
0.0206932
0.0379138
0.0668299
0.113105
0.183382
0.284106
0.419356
0.587773
0.779285
0.973106
1.13905
1.24389
1.2628
1.1927
1.06094
0.921789
0.836817
0.844751
0.936408
1.05385
