0.00460633
-0.0223107
-0.00554398
0.0125582
0.00251376
-0.00714628
0.000176744
0.00362537
-0.00141926
-0.00113711
0.00125817
-0.000215461
-0.000421197
0.00039896
-0.000137838
-4.56155e-05
9.68111e-05
-7.73224e-05
4.41784e-05
-2.04463e-05
8.06551e-06
-2.78729e-06
8.58457e-07
-2.38419e-07
6.02228e-08
-1.39251e-08
2.96249e-09
-5.82244e-10
1.06066e-10
-1.79577e-11
2.83207e-12
-4.16819e-13
5.73394e-14
-7.38201e-15
8.90354e-16
-1.00688e-16
1.06831e-17
-1.06396e-18
9.94932e-20
-8.73717e-21
7.2054e-22
-5.57951e-23
4.05566e-24
-2.7661e-25
1.76915e-26
-1.06032e-27
5.94957e-29
-3.12213e-30
1.53032e-31
-6.9958e-33
2.97766e-34
-1.17772e-35
4.3187e-37
-1.46445e-38
4.57832e-40
-1.31503e-41
3.45633e-43
-8.2736e-45
1.79377e-46
-3.49919e-48
6.09321e-50
-9.37964e-52
1.26106e-53
-1.45812e-55
1.22495e-54
4.91174e-52
9.70763e-50
1.25915e-47
1.20549e-45
9.08433e-44
5.61136e-42
2.92147e-40
1.30834e-38
5.11833e-37
1.77045e-35
5.46772e-34
1.51968e-32
3.82643e-31
8.77695e-30
1.84271e-28
3.55542e-27
6.3265e-26
1.04133e-24
1.58966e-23
2.25586e-22
2.98176e-21
3.67743e-20
4.23819e-19
4.57034e-18
4.61671e-17
4.37264e-16
3.88618e-15
3.243e-14
2.54233e-13
1.87298e-12
1.29703e-11
8.44355e-11
5.16701e-10
2.9718e-09
1.60596e-08
8.15049e-08
3.88247e-07
1.73449e-06
7.2605e-06
2.84442e-05
0.000104151
0.000355853
0.00113239
0.00334866
0.00917815
0.0232437
0.0541923
0.115816
0.225711
0.398666
0.633514
0.898024
1.12513
1.2364
1.19324
1.04272
0.904959
0.884257
0.973091
1.05959
1.05349
0.988108
0.961332
0.995394
1.02231
1.00554
0.987442
0.997486
1.00715
0.999823
0.996375
1.00142
1.00114
0.998742
1.00022
1.00042
0.999601
1.00014
1.00005
0.999903
1.00008
0.999956
1.00002
0.999992
1
0.999999
1
1
1
1
1
1
1
1
1
1
1
1
1
1
1
1
1
1
1
1
1
1
1
1
1
1
1
1
1
1
1
1
1
1
1
1
1
1
1
1
1
1
1
1
1
1
1
1
1
1
1
1
1
1
1
1
1
1
1
1
1
1
1
1
1
1
1
1
1
1
1
1
1
1
1
1
1
1
1
0.999998
0.999993
0.999972
0.999896
0.999644
0.998868
0.996651
0.990822
0.976756
0.945808
0.884184
0.774289
0.601334
0.366486
0.101976
-0.125126
-0.236403
-0.193238
-0.0427243
0.0950407
0.115743
0.0269089
-0.0595929
-0.0534889
0.0118919
0.0386677
