5.80404e-05
0.000125059
0.00026302
0.000539659
0.00107958
0.00210441
0.00399439
0.00737731
0.0132473
0.0231079
0.0391185
0.0642005
0.102029
0.156813
0.232751
0.33309
0.458801
0.607053
0.769887
0.933703
1.08023
1.18944
1.24436
1.23679
1.172
1.07025
0.963031
0.884201
0.858087
0.889414
0.960183
1.03648
1.08357
1.08263
1.04014
0.983906
0.946818
0.94749
0.979821
1.01857
1.03744
1.02704
0.999802
0.978519
0.978009
0.994643
1.01176
1.01524
1.00503
0.992934
0.99012
0.997028
1.00494
1.00605
1.00095
0.996282
0.996708
1.00045
1.00264
1.00133
0.998933
0.998461
0.999901
1.00101
1.00057
0.999581
0.999428
1.00004
1.0004
1.00012
0.999781
0.999849
1.0001
1.00012
0.99997
0.999914
1
1.00005
1.00001
0.999968
0.999991
1.00002
1.00001
0.999989
0.999996
1.00001
1
0.999996
0.999999
1
1
0.999999
1
1
1
1
1
1
1
1
1
1
1
1
1
1
1
1
1
1
1
1
1
1
1
1
1
1
1
1
1
1
1
0.999999
0.999998
0.999995
0.999988
0.999974
0.999942
0.999875
0.999737
0.99946
0.99892
0.997896
0.996006
0.992623
0.986753
0.976892
0.960881
0.935799
0.897971
0.843187
0.767249
0.66691
0.541199
0.392947
0.230113
0.0662974
-0.0802257
-0.189435
-0.244361
-0.236788
-0.172004
-0.0702457
0.0369695
0.115799
0.141913
0.110586
0.0398174
-0.0364762
-0.0835664
-0.0826252
-0.0401392
0.0160937
0.0531823
0.05251
0.020179
-0.0185704
-0.037441
-0.0270435
0.000197728
0.0214809
0.0219911
0.00535699
-0.0117602
-0.0152372
-0.00502599
0.00706624
0.0098803
0.00297195
-0.00493714
-0.00605074
-0.000945775
0.00371812
0.00329198
-0.000449447
-0.00264147
-0.00132718
0.00106741
0.00153868
9.92051e-05
-0.00101004
-0.000569214
0.000419179
0.00057209
-3.98553e-05
-0.00039735
-0.000122167
0.000218594
0.000151094
-9.60896e-05
-0.000124159
2.97128e-05
8.58023e-05
-7.47855e-07
-5.39047e-05
-8.39621e-06
3.21191e-05
8.99518e-06
-1.86965e-05
-6.85542e-06
1.08678e-05
4.43893e-06
-6.39382e-06
-2.54252e-06
3.81801e-06
1.27224e-06
-2.29434e-06
-5.1016e-07
1.36256e-06
1.02411e-07
-7.7938e-07
8.07226e-08
4.1464e-07
-1.34134e-07
-1.94105e-07
1.22272e-07
7.05156e-08
-8.60105e-08
-1.02862e-08
4.86468e-08
-1.17866e-08
-2.0833e-08
1.41975e-08
4.8379e-09
-9.27101e-09
1.69761e-09
3.84917e-09
-2.69814e-09
-5.41986e-10
1.61861e-09
-5.53156e-10
-3.21205e-10
8.98233e-10
9.16424e-10
2.66504e-09
7.98554e-09
2.09543e-08
5.50704e-08
1.42023e-07
3.57955e-07
8.83502e-07
2.13399e-06
5.04193e-06
1.16487e-05
2.63057e-05
