1
1
1
1
1
1
1
1
1
1
1
1
1
1
1
1
1
1
1
1
1
1
1
1
1
1
1
1
1
1
1
1
1
1
1
1
1
1
1
1
1
1
1
0.999999
0.999996
0.999989
0.999964
0.999894
0.999696
0.999171
0.997845
0.994676
0.98753
0.972391
0.942413
0.887278
0.793887
0.649816
0.450694
0.210446
-0.0307509
-0.210225
-0.266615
-0.180199
-0.00532955
0.142035
0.157535
0.0392926
-0.0942607
-0.109724
-0.00317121
0.0876013
0.0515059
-0.046591
-0.0593029
0.0196125
0.0512085
-0.00906998
-0.0404393
0.00887949
0.0300305
-0.0131922
-0.0188887
0.0170783
0.00625027
-0.0160291
0.00536839
0.00790908
-0.0100446
0.0029607
0.00435551
-0.00649477
0.00403965
-0.000219697
-0.00249374
0.00342798
-0.00308334
0.00222312
-0.00137534
0.000754867
-0.000374942
0.000170774
-7.20039e-05
2.83058e-05
-1.04334e-05
3.62237e-06
-1.1891e-06
3.70252e-07
-1.09653e-07
3.09621e-08
-8.35289e-09
2.15701e-09
-5.34072e-10
1.2698e-10
-2.90298e-11
6.38953e-12
-1.3555e-12
2.77454e-13
-5.48477e-14
1.04807e-14
-1.93749e-15
3.46771e-16
-6.01328e-17
1.01096e-17
-1.64888e-18
2.61051e-19
-4.01409e-20
5.99791e-21
-8.71321e-22
1.23119e-22
-1.69289e-23
2.26606e-24
-2.95411e-25
3.75194e-26
-4.64422e-27
5.6046e-28
-6.59617e-29
7.57332e-30
-8.48509e-31
9.27943e-32
-9.90824e-33
1.03322e-33
-1.05247e-34
1.0475e-35
-1.01887e-36
9.68708e-38
-9.0046e-39
8.18495e-40
-7.27658e-41
6.32809e-42
-5.38425e-43
4.48283e-44
-3.65276e-45
2.91335e-46
-2.27472e-47
1.73893e-48
-1.3017e-49
9.54252e-51
-6.85156e-52
4.81876e-53
-3.32005e-54
2.24109e-55
-1.48224e-56
9.60634e-58
-6.10118e-59
3.79769e-60
-2.31688e-61
1.38546e-62
-8.12124e-64
4.66669e-65
-2.62892e-66
1.45195e-67
-7.86222e-69
4.17426e-70
-2.17305e-71
1.10925e-72
-5.55225e-74
2.72521e-75
-1.31169e-76
6.19115e-78
-2.86565e-79
1.30074e-80
-5.78994e-82
2.52742e-83
-1.08192e-84
4.5418e-86
-1.86968e-87
7.54763e-89
-2.98777e-90
1.15976e-91
-4.41428e-93
1.64745e-94
-6.02848e-96
2.16287e-97
-7.60788e-99
2.62352e-100
-8.86896e-102
2.93903e-103
-9.54665e-105
3.0394e-106
-9.48383e-108
2.91119e-109
2.71166e-110
1.13128e-108
3.49853e-107
1.05988e-105
3.14509e-104
9.14237e-103
2.6036e-101
7.26477e-100
1.98627e-98
5.32179e-97
1.39739e-95
3.59622e-94
9.0714e-93
2.24301e-91
5.43678e-90
1.2919e-88
3.00967e-87
6.87431e-86
1.5395e-84
3.38053e-83
7.27886e-82
1.53684e-80
3.18192e-79
6.4604e-78
1.28631e-76
2.51163e-75
4.80943e-74
9.03158e-73
1.66329e-71
3.00405e-70
5.32082e-69
9.24232e-68
1.57438e-66
2.62999e-65
4.30836e-64
6.92104e-63
1.09024e-61
1.68402e-60
2.55055e-59
3.78763e-58
5.51478e-57
7.8722e-56
1.10166e-54
1.51134e-53
2.03241e-52
2.67898e-51
3.46102e-50
4.38214e-49
5.43727e-48
6.61078e-47
7.87525e-46
9.19125e-45
1.05085e-43
1.17685e-42
1.29082e-41
1.38651e-40
1.4583e-39
1.50168e-38
1.51376e-37
1.49358e-36
1.44221e-35
1.36266e-34
1.25962e-33
1.13896e-32
1.00722e-31
8.7096e-31
7.36297e-30
6.08414e-29
4.91299e-28
3.87612e-27
2.98713e-26
2.24806e-25
1.65178e-24
1.1846e-23
8.28981e-23
5.65905e-22
3.76736e-21
2.44504e-20
1.54647e-19
9.52911e-19
5.71815e-18
3.34027e-17
1.89868e-16
1.04972e-15
5.64225e-15
2.94696e-14
1.49492e-13
7.36112e-13
3.51646e-12
1.62868e-11
7.30888e-11
3.17578e-10
1.33509e-09
5.42611e-09
2.13017e-08
8.07031e-08
2.94774e-07
1.03692e-06
3.50883e-06
1.14075e-05
3.55823e-05
0.000106326
0.000303869
0.000829039
0.00215485
0.00532377
0.0124696
0.0276086
0.0575874
0.112722
0.206113
0.350184
0.549306
0.789554
1.03075
1.21022
1.26661
1.1802
1.00533
0.857965
0.842465
0.960707
1.09426
1.10972
1.00317
0.912399
0.948494
1.04659
1.0593
0.980387
0.948792
1.00907
1.04044
0.991121
0.969969
1.01319
1.01889
0.982922
0.99375
1.01603
0.994632
0.992091
1.01004
0.997039
0.995644
1.00649
0.99596
1.00022
1.00249
0.996572
1.00308
0.997777
1.00138
0.999245
1.00037
0.999829
1.00007
0.999972
1.00001
0.999996
1
1
1
1
1
1
1
1
1
1
1
1
1
1
1
1
1
1
1
1
1
1
1
1
1
1
1
1
1
1
1
1
1
1
1
1
1
1
1
1
1
1
1
1
1
1
1
1
1
1
1
1
1
1
1
1
1
1
1
1
1
1
1
1
1
1
1
1
1
1
1
1
1
1
1
1
1
1
1
1
1
1
1
1
1
1
1
1
1
1
1
1
1
1
1
1
1
1
1
1
1
1
1
1
1
1
1
1
1
1
1
1
1
1
1
1
1
1
1
1
1
1
1
1
1
1
1
1
1
1
1
1
1
1
1
1
1
1
1
1
1
1
1
1
1
1
1
1
1
1
