-1.80257e-07
2.02234e-06
1.25289e-07
-1.19422e-06
-4.04282e-08
6.9788e-07
-2.12034e-08
-4.00107e-07
5.20606e-08
2.21485e-07
-5.93819e-08
-1.154e-07
5.28117e-08
5.41643e-08
-4.02335e-08
-2.07724e-08
2.69121e-08
4.41113e-09
-1.55716e-08
2.49223e-09
8.46198e-09
-1.52308e-09
2.72771e-09
1.70686e-08
3.61003e-08
8.67549e-08
2.15134e-07
5.12173e-07
1.19525e-06
2.74112e-06
6.16091e-06
1.35689e-05
2.9279e-05
6.18717e-05
0.000127989
0.000259068
0.000512879
0.000992572
0.00187683
0.00346539
0.00624421
0.0109726
0.0187902
0.0313326
0.0508311
0.0801521
0.122715
0.182211
0.262052
0.364518
0.489652
0.63407
0.790027
0.945177
1.08351
1.18776
1.2432
1.2421
1.18757
1.09512
0.990513
0.903564
0.859106
0.868119
0.922791
0.998533
1.06333
1.09122
1.07399
1.02488
0.971669
0.941957
0.948398
0.982414
1.02047
1.03924
1.03012
1.00341
0.979684
0.974617
0.988482
1.00781
1.01718
1.01135
0.99788
0.989167
0.991419
1.00041
1.00689
1.00569
0.999636
0.99544
0.996622
1.00075
1.00305
1.00168
0.998973
0.998083
0.999468
1.00103
1.00101
0.999877
0.999219
0.999655
1.00036
1.00042
0.999959
0.999694
0.999892
1.00016
1.00014
0.999945
0.99989
0.999998
1.00007
1.00002
0.99996
0.999975
1.00002
1.00002
0.999992
0.999986
1
1.00001
0.999999
0.999994
1
1
1
0.999998
1
1
1
0.999999
1
1
1
1
1
1
1
1
1
1
1
1
1
1
1
1
1
1
1
1
1
0.999999
0.999999
0.999997
0.999994
0.999986
0.999971
0.999938
0.999872
0.999741
0.999487
0.999007
0.998123
0.996535
0.993756
0.989027
0.98121
0.968667
0.949169
0.919848
0.877285
0.817789
0.737948
0.635482
0.510348
0.36593
0.209973
0.054823
-0.0835109
-0.187764
-0.243205
-0.242103
-0.187572
-0.0951198
0.00948696
0.0964362
0.140894
0.131881
0.077209
0.00146667
-0.0633287
-0.0912243
-0.0739949
-0.0248825
0.0283313
0.0580431
0.051602
0.0175856
-0.020468
-0.0392438
-0.03012
-0.00340962
0.0203159
0.0253829
0.011518
-0.00780637
-0.0171842
-0.0113494
0.00212048
0.0108333
0.00858088
-0.000408107
-0.00689489
-0.00569492
0.000363818
0.00455997
0.00337751
-0.000748908
-0.00304786
-0.00167922
0.00102685
0.00191679
0.00053198
-0.00102855
-0.00101299
0.00012283
0.000781288
0.000345218
-0.000358939
-0.000420393
4.14095e-05
0.000305679
0.000107701
-0.000160241
-0.000136502
5.45694e-05
0.000109944
1.50126e-06
-7.13654e-05
-2.23266e-05
3.98513e-05
2.46489e-05
-1.95343e-05
-1.99134e-05
8.34175e-06
1.39787e-05
-2.95268e-06
-9.07117e-06
7.11206e-07
5.62198e-06
3.88688e-08
-3.39521e-06
