3.85972e-65
-3.87356e-67
3.52809e-69
-2.89695e-71
2.12729e-73
-1.38341e-75
7.87102e-78
-3.85775e-80
1.59592e-82
-5.41911e-85
1.4503e-87
-2.86857e-90
3.72813e-93
-2.3883e-96
0
0
0
0
0
0
0
0
0
0
0
0
0
0
0
0
0
0
0
0
0
0
0
0
0
0
0
0
0
0
0
0
0
0
0
0
0
0
0
0
0
0
0
0
0
0
0
0
0
0
0
0
0
0
0
0
0
0
0
0
0
0
0
0
0
0
0
0
0
0
0
0
0
0
0
0
0
0
0
0
0
0
0
0
0
0
0
0
0
0
0
0
0
0
0
0
0
0
0
0
0
0
0
0
0
0
0
0
0
0
0
0
0
0
3.67918e-90
4.70567e-87
2.96675e-84
1.22907e-81
3.76332e-79
9.08233e-77
1.79923e-74
3.00864e-72
4.33413e-70
5.46277e-68
6.09799e-66
6.08799e-64
5.47975e-62
4.47663e-60
3.33807e-58
2.28289e-56
1.43786e-54
8.37054e-53
4.51805e-51
2.26726e-49
1.06036e-47
4.63155e-46
1.89295e-44
7.25127e-43
2.60727e-41
8.81084e-40
2.80158e-38
8.39025e-37
2.3687e-35
6.30861e-34
1.58606e-32
3.76616e-31
8.45e-30
1.792e-28
3.59292e-27
6.8116e-26
1.22115e-24
2.07013e-23
3.31802e-22
5.0272e-21
7.19791e-20
9.73527e-19
1.24318e-17
1.49798e-16
1.70195e-15
1.8218e-14
1.83545e-13
1.73858e-12
1.54633e-11
1.28957e-10
1.00671e-09
7.3431e-09
4.99398e-08
3.15908e-07
1.85363e-06
1.00568e-05
5.02676e-05
0.000230495
0.000964772
0.00366455
0.0125427
0.0383546
0.103685
0.244526
0.494601
0.83931
1.16157
1.27033
1.0908
0.853573
0.886855
1.09485
1.06762
0.908819
1.00715
1.05589
0.937731
1.04114
0.97976
1.00804
0.997309
1.00078
0.999802
1.00004
0.999991
1
1
1
1
1
1
1
1
1
1
1
1
1
1
1
1
1
1
1
1
1
1
1
1
1
1
1
1
1
1
1
1
1
1
1
1
1
1
1
1
1
1
1
1
1
1
1
1
1
1
1
1
1
1
1
1
1
1
1
1
1
1
1
1
1
1
1
1
1
1
1
1
1
1
1
1
1
1
1
1
1
1
1
1
1
1
1
1
1
1
1
1
1
1
1
1
1
1
1
1
1
1
1
1
1
1
1
1
1
1
1
1
1
1
1
1
1
1
1
1
1
1
1
1
1
1
1
1
1
1
1
1
1
1
1
1
1
1
1
1
1
1
1
1
1
1
1
1
1
1
1
1
1
1
1
1
1
1
1
1
1
1
1
1
1
1
1
1
1
1
1
1
1
1
1
1
1
1
1
1
1
1
1
1
1
1
1
1
1
1
1
1
1
1
1
1
1
1
1
1
1
1
1
1
1
1
1
1
1
1
1
1
1
1
1
1
1
1
1
1
1
1
1
1
1
0.999998
0.99999
0.99995
0.99977
0.999035
0.996335
0.987457
0.961645
0.896315
0.755474
0.505399
0.16069
-0.161572
-0.27033
-0.0907981
0.146427
0.113145
-0.0948532
-0.0676226
0.0911811
-0.00715009
-0.0558875
0.0622688
-0.0411386
0.0202404
-0.00804263
0.00269147
-0.000778439
0.000198053
-4.49022e-05
9.16172e-06
-1.69552e-06
2.86416e-07
-4.4395e-08
6.34195e-09
-8.38076e-10
1.02779e-10
-1.17296e-11
1.24872e-12
-1.24266e-13
1.15808e-14
-1.01232e-15
8.31186e-17
-6.41808e-18
4.66552e-19
-3.1958e-20
2.06436e-21
-1.25836e-22
7.24229e-24
-3.93722e-25
2.02253e-26
-9.81972e-28
4.50675e-29
-1.95531e-30
8.01931e-32
-3.10867e-33
1.13876e-34
-3.94068e-36
1.2877e-37
-3.97134e-39
1.15524e-40
-3.16735e-42
8.17787e-44
-1.98644e-45
4.53432e-47
-9.71382e-49
1.95019e-50
-3.66314e-52
6.42553e-54
-1.05032e-55
1.59604e-57
-2.24848e-59
2.92753e-61
-3.51013e-63
