1
1
1
1
1
1
1
1
1
1
1
1
1
1
1
1
1
1
1
1
1
1
1
1
1
1
1
1
1
1
1
1
1
1
1
1
1
1
1
1
1
1
1
0.999999
0.999998
0.999994
0.999983
0.999955
0.999887
0.999726
0.999354
0.998535
0.996802
0.993283
0.986453
0.973793
0.951456
0.914054
0.854851
0.766711
0.6441
0.486157
0.300242
0.10449
-0.0727376
-0.198405
-0.245568
-0.206371
-0.101017
0.0244654
0.11496
0.132356
0.0771273
-0.0101396
-0.072754
-0.0747979
-0.0251752
0.0311896
0.0503045
0.0243779
-0.0154812
-0.0313812
-0.0143026
0.0117022
0.0187971
0.00457713
-0.0102686
-0.00934645
0.00184642
0.00731414
0.00223543
-0.00389729
-0.00301028
0.00146932
0.00240247
-0.000270544
-0.00157742
-0.000147846
0.000947102
0.00020925
-0.000551366
-0.00015373
0.000321737
8.35259e-05
-0.000189446
-3.08113e-05
0.000110214
-8.90079e-08
-6.04965e-05
1.35205e-05
2.90001e-05
-1.55164e-05
-1.02358e-05
1.16361e-05
7.85263e-07
-6.21303e-06
2.36926e-06
1.94565e-06
-2.13958e-06
2.04581e-07
9.05242e-07
-6.33245e-07
-2.79457e-08
3.09644e-07
-1.97341e-07
2.14276e-10
8.74693e-08
-6.66666e-08
1.46261e-08
1.66319e-08
-2.01808e-08
1.05553e-08
-1.09772e-09
-3.29653e-09
3.55601e-09
-2.13626e-09
7.26805e-10
8.86761e-11
-3.71296e-10
3.6293e-10
-2.57385e-10
1.53068e-10
-8.04642e-11
3.83886e-11
-1.68848e-11
6.91811e-12
-2.65998e-12
9.65083e-13
-3.31831e-13
1.08501e-13
-3.3833e-14
1.00862e-14
-2.87407e-15
8.16138e-16
-7.67172e-17
6.67014e-16
2.79319e-15
1.24815e-14
5.40202e-14
2.2762e-13
9.3328e-13
3.72278e-12
1.44433e-11
5.44868e-11
1.9981e-10
7.12041e-10
2.46497e-09
8.28661e-09
2.70417e-08
8.56244e-08
2.6295e-07
7.82791e-07
2.25782e-06
6.30598e-06
1.70439e-05
4.45497e-05
0.000112529
0.000274461
0.000645825
0.00146471
0.0031984
0.00671668
0.0135474
0.0262069
0.0485438
0.0859465
0.145149
0.233289
0.3559
0.513843
0.699758
0.89551
1.07274
1.19841
1.24557
1.20637
1.10102
0.975535
0.88504
0.867644
0.922873
1.01014
1.07275
1.0748
1.02518
0.96881
0.949696
0.975622
1.01548
1.03138
1.0143
0.988298
0.981203
0.995423
1.01027
1.00935
0.998154
0.992686
0.997765
1.0039
1.00301
0.998531
0.997598
1.00027
1.00158
1.00015
0.999053
0.999791
1.00055
1.00015
0.999678
0.999916
1.00019
1.00003
0.99989
1
1.00006
0.999986
0.999971
1.00002
1.00001
0.999988
0.999999
1.00001
0.999998
0.999998
1
1
0.999999
1
1
1
1
1
1
1
