2.54263e-36
-4.66328e-37
8.44557e-38
-1.51058e-38
2.66859e-39
-4.65684e-40
8.02813e-41
-1.3674e-41
2.30134e-42
-3.82637e-43
6.35274e-44
-6.48893e-45
2.38944e-44
1.3109e-43
7.67193e-43
4.43319e-42
2.53459e-41
1.4336e-40
8.0213e-40
4.43945e-39
2.43025e-38
1.31576e-37
7.04487e-37
3.73001e-36
1.95277e-35
1.0108e-34
5.17262e-34
2.61671e-33
1.30847e-32
6.46685e-32
3.15869e-31
1.52463e-30
7.27155e-30
3.42649e-29
1.59511e-28
7.3351e-28
3.33158e-27
1.49443e-26
6.61968e-26
2.89523e-25
1.25016e-24
5.32879e-24
2.24194e-23
9.3088e-23
3.81402e-22
1.54182e-21
6.14872e-21
2.41867e-20
9.38304e-20
3.58941e-19
1.35377e-18
5.03317e-18
1.84433e-17
6.65986e-17
2.36942e-16
8.30403e-16
2.86632e-15
9.74236e-15
3.26e-14
1.07373e-13
3.48014e-13
1.10976e-12
3.48084e-12
1.07363e-11
3.25562e-11
9.70285e-11
2.84139e-10
8.17333e-10
2.30872e-09
6.4019e-09
1.74206e-08
4.65027e-08
1.21729e-07
3.12346e-07
7.85279e-07
1.9336e-06
4.66079e-06
1.09923e-05
2.53524e-05
5.71493e-05
0.000125834
0.00027046
0.000567046
0.00115883
0.0023065
0.00446719
0.00841094
0.0153789
0.0272755
0.046863
0.0778893
0.125034
0.193511
0.288166
0.411958
0.563925
0.737033
0.916709
1.08118
1.2047
1.26392
1.24658
1.15942
1.03124
0.907405
0.834702
0.841224
0.920445
1.03017
1.11135
1.12016
1.05566
0.963146
0.906078
0.921976
0.993766
1.0618
1.07156
1.01975
0.957072
0.941495
0.98327
1.03596
1.04518
1.00583
0.965608
0.969342
1.00772
1.03142
1.01348
0.981435
0.978035
1.00398
1.02048
1.00612
0.985481
0.989192
1.00821
1.01161
0.996571
0.989569
1.00052
1.00863
1.00088
0.993093
0.998706
1.00551
1.00113
0.995564
0.999322
1.00359
1.00012
0.997145
1.00043
1.00215
0.999129
0.99857
1.00113
1.00072
0.99886
0.999917
1.00091
0.999631
0.999494
1.00055
1.00007
0.999544
1.00024
1.00018
0.999696
1.00009
1.00016
0.999811
1.00004
1.00011
0.999879
1.00003
1.00006
0.999921
1.00004
1.00002
0.999955
1.00004
0.99999
0.999985
1.00002
0.999981
1.00001
1
0.999989
1.00001
0.999992
1
1
0.999996
1
0.999996
1
0.999997
1
0.999999
1
1
1
1
1
1
1
1
1
1
1
1
1
1
1
1
1
1
1
1
1
1
1
1
1
1
1
1
1
1
1
1
1
1
1
1
1
1
1
1
1
1
1
1
1
1
1
1
1
1
1
1
1
1
1
1
1
1
1
1
1
1
1
1
1
1
1
1
1
1
1
1
1
1
1
1
1
1
1
1
1
1
1
1
1
1
1
1
1
1
1
1
1
1
1
1
1
1
1
1
1
1
1
1
1
1
1
1
1
1
1
1
1
1
1
1
1
1
1
1
1
1
1
1
1
1
1
1
1
0.999999
0.999998
0.999995
0.999989
0.999975
0.999943
0.999874
0.99973
0.999433
0.998841
0.997694
0.995533
0.991589
0.984621
0.972724
0.953137
0.922111
0.874966
0.806489
0.711834
0.588042
0.436075
0.262967
0.0832915
-0.0811849
-0.204698
-0.263921
-0.246582
-0.159415
-0.0312431
0.0925951
0.165298
0.158776
0.0795547
-0.0301747
-0.11135
-0.120156
-0.0556586
0.0368544
0.0939216
0.0780244
0.00623369
-0.0617975
-0.071562
-0.0197509
0.0429276
0.0585051
0.0167305
-0.035962
-0.0451804
-0.00583415
0.0343925
0.0306575
-0.0077232
-0.031415
-0.013481
0.0185655
0.0219648
-0.00398389
-0.020478
-0.00612388
0.0145192
0.0108077
-0.00820585
-0.0116092
0.00342856
0.0104306
-0.000520566
-0.00862877
-0.000883377
0.00690731
0.00129357
-0.00551005
-0.00113032
0.00443628
0.000678315
-0.00358871
-0.000117807
0.00285505
-0.000430143
-0.00214875
0.000871075
0.00143026
-0.00112574
-0.000717518
0.00114017
8.329e-05
-0.000910346
0.00036863
0.000505713
-0.00055166
-6.75171e-05
0.000455776
-0.000237825
-0.0001826
0.000304042
-8.54057e-05
-0.00016006
0.000189076
-3.73931e-05
-0.000106487
0.000120977
-3.28624e-05
-5.6584e-05
7.86397e-05
-3.81119e-05
-1.69592e-05
4.51679e-05
-3.72359e-05
9.76808e-06
1.50187e-05
-2.45833e-05
1.92159e-05
-6.65627e-06
-4.91357e-06
1.09808e-05
-1.11704e-05
7.58757e-06
-2.84986e-06
-1.15123e-06
3.59589e-06
-4.50447e-06
4.32114e-06
-3.56711e-06
2.65097e-06
-1.81527e-06
1.16142e-06
-7.00804e-07
4.01463e-07
-2.19436e-07
1.1489e-07
-5.78004e-08
2.80145e-08
-1.31095e-08
5.93408e-09
-2.60246e-09
1.10738e-09
-4.57756e-10
1.84029e-10
-7.20259e-11
2.74688e-11
-1.02165e-11
3.70856e-12
-1.31478e-12
4.55543e-13
-1.54345e-13
5.11667e-14
-1.6605e-14
5.2779e-15
-1.64381e-15
5.01878e-16
-1.50272e-16
4.41424e-17
-1.2726e-17
3.60196e-18
-1.00123e-18
2.7341e-19
-7.33688e-20
1.93529e-20
-5.01923e-21
1.28026e-21
-3.21244e-22
7.93146e-23
-1.92731e-23
4.61025e-24
-1.08584e-24
2.51861e-25
-5.75439e-26
1.29527e-26
-2.87291e-27
6.28006e-28
-1.35319e-28
2.87459e-29
-6.02126e-30
1.24383e-30
-2.53429e-31
5.09379e-32
-1.01012e-32
1.97659e-33
-3.817e-34
7.27528e-35
-1.36884e-35
