0.996752
0.99918
1.00182
1.00129
0.999286
0.998915
1.00012
1.00073
1.0001
0.999563
0.999852
1.00025
1.00012
0.999863
0.999916
1.00008
1.00005
0.999954
0.999973
1.00003
1.00001
0.999982
0.999996
1.00001
1
0.999994
1
1
0.999998
0.999999
1
1
0.999999
1
1
1
1
1
1
1
1
1
1
1
1
1
1
1
1
1
1
1
1
1
1
1
1
1
1
1
1
1
1
1
1
1
1
1
1
1
1
1
1
0.999999
0.999998
0.999995
0.999987
0.999969
0.999926
0.99983
0.999617
0.999166
0.998238
0.9964
0.992885
0.986412
0.974959
0.955522
0.923965
0.875101
0.803206
0.703173
0.572387
0.413111
0.234764
0.0549941
-0.101771
-0.209199
-0.247073
-0.210274
-0.114784
0.00360427
0.100051
0.138428
0.108425
0.032109
-0.0463098
-0.0844253
-0.0662404
-0.0112867
0.039503
0.0527666
0.0257941
-0.0141698
-0.0339814
-0.0218604
0.0055039
0.0212965
0.0140422
-0.00426698
-0.0136083
-0.00703697
0.00479974
0.00825971
0.00189449
-0.00464269
-0.00397396
0.00105705
0.00324786
0.000819734
-0.00181775
-0.00128601
0.000714406
0.00108533
-0.000123041
-0.000730506
-0.000104837
0.000436878
0.00014828
-0.000246409
-0.000122862
0.000137219
8.36871e-05
-7.82208e-05
-5.04959e-05
4.64979e-05
2.72865e-05
-2.86295e-05
-1.2717e-05
1.77363e-05
4.3965e-06
-1.06039e-05
-2.24973e-07
5.81179e-06
-1.38204e-06
-2.70492e-06
1.56903e-06
8.88446e-07
-1.13388e-06
-1.85357e-08
5.84326e-07
-2.45037e-07
-1.78995e-07
2.07755e-07
-1.78397e-08
-9.13021e-08
5.92543e-08
9.18181e-09
-3.34594e-08
1.6609e-08
4.72493e-09
-1.07739e-08
5.31425e-09
1.04514e-09
-3.13502e-09
1.91646e-09
-1.25982e-10
-7.27662e-10
6.52574e-10
-2.4207e-10
-6.47162e-11
1.57977e-10
-1.16498e-10
4.35221e-11
5.83511e-12
-2.30407e-11
2.04487e-11
-1.14816e-11
4.12252e-12
1.12134e-12
9.32622e-13
1.16509e-11
3.20615e-11
1.12695e-10
3.64651e-10
1.16385e-09
3.61862e-09
1.09787e-08
3.24817e-08
9.36861e-08
2.63325e-07
7.20968e-07
1.92202e-06
4.98674e-06
1.25857e-05
3.08821e-05
7.363e-05
0.000170472
0.000383006
0.000834448
0.00176151
0.00359989
0.00711535
0.0135879
0.0250411
0.0444781
0.0760346
0.124899
0.196794
0.296827
0.427613
0.586889
0.765236
0.945006
1.10177
1.2092
1.24707
1.21027
1.11478
0.996396
0.899949
0.861572
0.891575
0.967891
1.04631
1.08443
1.06624
1.01129
0.960497
0.947233
0.974206
1.01417
1.03398
1.02186
0.994496
0.978704
0.985958
1.00427
1.01361
1.00704
0.9952
0.99174
0.998106
1.00464
1.00397
0.998943
