-1.3298e-09
-2.756e-09
2.30284e-09
1.55919e-09
1.44751e-09
7.49845e-09
1.92712e-08
4.79871e-08
1.2194e-07
3.01567e-07
7.29805e-07
1.73197e-06
4.02535e-06
9.15925e-06
2.03977e-05
4.44414e-05
9.46876e-05
0.000197198
0.000401243
0.000797225
0.00154589
0.00292376
0.00538995
0.00967832
0.0169142
0.0287459
0.0474647
0.0760666
0.118185
0.1778
0.258651
0.363279
0.491786
0.640481
0.800827
0.959209
1.0981
1.19897
1.24669
1.23465
1.16877
1.06853
0.963512
0.885326
0.857084
0.884272
0.951512
1.02794
1.08014
1.0874
1.05163
0.995997
0.952139
0.942384
0.967417
1.00722
1.03498
1.03487
1.0116
0.985084
0.974675
0.985021
1.00442
1.01609
1.01228
0.999283
0.989946
0.991519
1.0002
1.00654
1.00522
0.999302
0.995614
0.997241
1.0012
1.00284
1.00104
0.998647
0.998418
1.00001
1.00111
1.00061
0.999552
0.999354
0.999995
1.00044
1.00019
0.999788
0.999788
1.00006
1.00016
1.00001
0.999899
0.999964
1.00006
1.00004
0.999973
0.999972
1.00001
1.00002
0.999995
0.999988
1
1.00001
0.999999
0.999995
1
1
1
0.999998
1
1
1
1
1
1
1
1
1
1
1
1
1
1
1
1
1
1
1
1
1
1
1
1
1
1
1
1
0.999999
0.999998
0.999996
0.999991
0.99998
0.999956
0.999905
0.999803
0.999599
0.999203
0.998454
0.997076
0.99461
0.990322
0.983086
0.971254
0.952535
0.923933
0.881815
0.8222
0.741349
0.636721
0.508214
0.359519
0.199173
0.0407914
-0.0981016
-0.198965
-0.246686
-0.234647
-0.168767
-0.0685312
0.0364883
0.114674
0.142916
0.115728
0.0484883
-0.0279353
-0.0801371
-0.0874041
-0.05163
0.00400349
0.0478613
0.0576163
0.0325826
-0.00722093
-0.034978
-0.0348693
-0.0115953
0.014916
0.0253248
0.0149786
-0.0044218
-0.0160921
-0.0122814
0.000716957
0.0100543
0.00848108
-0.000201215
-0.00653941
-0.00521879
0.00069812
0.0043856
0.00275906
-0.00120414
-0.00283506
-0.00103909
0.00135296
0.00158151
-6.474e-06
-0.00111269
-0.000609856
0.000447985
0.000645949
5.20914e-06
-0.000436374
-0.000193902
0.000212447
0.000212278
-6.24046e-05
-0.000161259
-1.15026e-05
0.000101248
3.58222e-05
-5.56374e-05
-3.60212e-05
2.74325e-05
2.79906e-05
-1.22784e-05
-1.92477e-05
5.03428e-06
1.23522e-05
-1.94525e-06
-7.60675e-06
7.89071e-07
4.56428e-06
-4.2342e-07
-2.68503e-06
3.28081e-07
1.54527e-06
-2.96187e-07
-8.60823e-07
2.61553e-07
4.54536e-07
-2.13466e-07
-2.19012e-07
1.58748e-07
8.87886e-08
-1.06618e-07
-2.28781e-08
6.35746e-08
-5.21495e-09
-3.24174e-08
1.28641e-08
1.28477e-08
-1.11915e-08
-2.59447e-09
6.7912e-09
