1.00069
1.00048
0.999071
1.00053
1.00014
0.99948
1.00046
0.999848
0.999852
1.00028
0.999748
1.00013
1
0.99991
1.00013
0.999877
1.0001
0.999929
1.00005
0.999973
1.00002
0.999992
1
0.999998
1
1
1
1
1
1
1
1
1
1
1
1
1
1
1
1
1
1
1
1
1
1
1
1
1
1
1
1
1
1
1
1
1
1
1
1
1
1
1
1
1
1
1
1
1
1
1
1
1
1
1
1
1
1
1
1
1
1
1
1
1
1
1
1
1
1
1
1
1
1
1
1
1
1
1
1
1
1
1
1
1
1
1
1
1
1
1
1
1
1
1
1
1
1
1
1
1
1
1
1
1
1
1
1
1
1
1
1
1
1
1
1
1
1
1
1
1
1
1
1
1
1
1
1
1
1
1
1
1
1
1
1
1
1
1
1
1
1
1
1
1
1
1
1
1
1
1
1
1
1
1
1
1
1
1
1
1
1
1
1
0.999999
0.999997
0.999993
0.999981
0.999952
0.999882
0.99972
0.999355
0.998562
0.996899
0.993547
0.987059
0.975031
0.953731
0.91783
0.860473
0.774072
0.652212
0.49282
0.302169
0.0982998
-0.0885384
-0.221056
-0.266836
-0.214433
-0.0863383
0.0612558
0.15857
0.157734
0.0648242
-0.0566414
-0.122969
-0.0901239
0.00876639
0.086667
0.077249
-0.00270327
-0.0684278
-0.0541197
0.0162975
0.0576062
0.0249118
-0.0329802
-0.0396462
0.00693962
0.0361878
0.00939093
-0.0263545
-0.0160881
0.0172018
0.0168464
-0.0110615
-0.0149062
0.00779862
0.0120781
-0.00649858
-0.00907227
0.00621313
0.00605389
-0.00615177
-0.003072
0.00570144
0.000320193
-0.0044854
0.00177715
0.00251034
-0.0026994
-0.000292154
0.00219636
-0.00127441
-0.000697405
0.00147117
-0.000687208
-0.000479188
0.0009286
-0.000533577
-0.000136229
0.000520282
-0.000463387
0.000152224
0.000147692
-0.000283948
0.000251681
-0.000128663
-1.35548e-06
8.964e-05
-0.000125871
0.000122734
-9.92112e-05
7.06063e-05
-4.55546e-05
2.71069e-05
-1.50444e-05
7.85028e-06
-3.87435e-06
1.81693e-06
-8.12701e-07
3.47787e-07
-1.42763e-07
5.63377e-08
-2.14141e-08
7.85329e-09
-2.78293e-09
9.54182e-10
-3.16928e-10
1.02085e-10
-3.19203e-11
9.69768e-12
-2.86502e-12
8.23724e-13
-2.30642e-13
6.29346e-14
-1.67456e-14
4.34737e-15
-1.1018e-15
2.72741e-16
-6.5975e-17
1.56023e-17
-3.6088e-18
8.16733e-19
-1.8093e-19
3.92474e-20
-8.33942e-21
1.73632e-21
-3.54348e-22
7.09039e-23
-1.39148e-23
2.67898e-24
-5.06135e-25
9.38593e-26
-1.70888e-26
3.0554e-27
-5.36598e-28
9.25867e-29
-1.56985e-29
2.61617e-30
-4.28606e-31
6.90424e-32
-1.09375e-32
1.70429e-33
-2.61255e-34
3.94053e-35
-5.84898e-36
8.54496e-37
-1.22888e-37
1.73997e-38
-2.42586e-39
3.33076e-40
-4.50432e-41
6.00042e-42
-7.87505e-43
1.01835e-43
-1.29766e-44
1.62967e-45
-2.01725e-46
2.46141e-47
-2.96089e-48
3.51169e-49
-4.10686e-50
4.73635e-51
-5.38717e-52
6.04363e-53
-6.68797e-54
7.3011e-55
-7.8635e-56
8.35626e-57
-8.76216e-58
9.06667e-59
-9.25879e-60
9.33173e-61
-9.2833e-62
9.11603e-63
-8.83692e-64
8.45703e-65
-7.99002e-66
7.52232e-67
1.19553e-69
7.18487e-67
7.17336e-66
7.13897e-65
7.01847e-64
6.81643e-63
6.53972e-62
6.19764e-61
5.80145e-60
5.36374e-59
4.89774e-58
4.41668e-57
3.9332e-56
3.45874e-55
3.00322e-54
2.57471e-53
2.17927e-52
1.821e-51
1.50209e-50
1.22303e-49
9.82893e-49
7.79598e-48
6.10237e-47
4.71365e-46
3.59263e-45
2.70166e-44
2.00436e-43
1.46694e-42
1.05901e-41
7.54059e-41
5.29523e-40
3.6669e-39
2.50383e-38
1.68563e-37
1.11873e-36
7.31897e-36
4.71942e-35
2.99911e-34
1.87808e-33
1.15878e-32
7.04376e-32
4.21762e-31
2.48734e-30
1.44461e-29
8.26142e-29
4.65144e-28
2.57802e-27
1.40633e-26
7.54959e-26
3.98773e-25
2.07216e-24
1.05911e-23
5.32363e-23
2.63113e-22
1.27839e-21
6.10499e-21
2.865e-20
1.32096e-19
5.98254e-19
2.66083e-18
1.16194e-17
4.98057e-17
2.09505e-16
8.64607e-16
3.49971e-15
1.38903e-14
5.40415e-14
2.06038e-13
7.6954e-13
2.8147e-12
1.00785e-11
3.5315e-11
1.21048e-10
4.05702e-10
1.329e-09
4.25314e-09
1.32909e-08
4.05356e-08
1.20593e-07
3.49753e-07
9.88299e-07
2.71907e-06
7.27872e-06
1.89438e-05
4.78967e-05
0.000117542
0.000279722
0.000644848
0.00143848
0.00310124
0.00645314
0.012941
0.0249692
0.0462686
0.0821696
0.139527
0.225928
0.347788
0.50718
0.697831
0.9017
1.08854
1.22106
1.26684
1.21443
1.08634
0.938744
0.84143
0.842266
0.935176
1.05664
1.12297
1.09012
0.991234
0.913333
0.922751
1.0027
1.06843
1.05412
0.983703
0.942394
0.975088
1.03298
1.03965
0.99306
0.963812
0.990609
1.02635
1.01609
0.982798
0.983154
1.01106
1.01491
0.992201
0.987922
1.0065
1.00907
0.993787
0.993946
1.00615
1.00307
0.994299
0.99968
1.00449
0.998223
0.99749
1.0027
1.00029
0.997804
1.00127
1.0007
0.998529
