0.280419
0.000996078
-0.210842
-0.264013
-0.136935
0.0672428
0.17027
0.08205
-0.0797397
-0.108576
0.0164257
0.0895996
0.0032193
-0.0685268
0.00214801
0.0511322
-0.0173324
-0.0302548
0.029065
0.00260038
-0.0226868
0.0183154
-0.00256408
-0.00971183
0.013588
-0.0115575
0.00761894
-0.00420874
0.00202384
-0.000866562
0.000335419
-0.00011865
3.86741e-05
-1.16917e-05
3.29559e-06
-8.69945e-07
2.15856e-07
-5.05047e-08
1.11737e-08
-2.34322e-09
4.66782e-10
-8.84973e-11
1.59959e-11
-2.76073e-12
4.55605e-13
-7.19877e-14
1.09029e-14
-1.58456e-15
2.212e-16
-2.96874e-17
3.83384e-18
-4.76771e-19
5.7137e-20
-6.6031e-21
7.36335e-22
-7.92783e-23
8.24558e-24
-8.28892e-25
8.05734e-26
-7.57697e-27
6.89588e-28
-6.07636e-29
5.18577e-30
-4.28794e-31
3.43625e-32
-2.66963e-33
2.01125e-34
-1.46974e-35
1.04202e-36
-7.16923e-38
4.78755e-39
-3.10371e-40
1.95367e-41
-1.19423e-42
7.09017e-44
-4.08894e-45
2.29087e-46
-1.247e-47
6.59557e-49
-3.38989e-50
1.69315e-51
-8.21868e-53
3.87724e-54
-1.77774e-55
7.9222e-57
-3.43127e-58
1.44441e-59
-5.90939e-61
2.34963e-62
-9.07898e-64
3.40904e-65
-1.24381e-66
4.40927e-68
-1.51855e-69
5.08033e-71
-1.65084e-72
5.20965e-74
-1.59638e-75
4.74922e-77
-1.37146e-78
3.84363e-80
-1.04521e-81
2.75721e-83
-7.05408e-85
1.74984e-86
-4.20753e-88
9.80384e-90
-2.21293e-91
4.83721e-93
-1.02358e-94
2.09596e-96
-4.15143e-98
7.95024e-100
-1.47139e-101
2.63042e-103
-4.53988e-105
7.56037e-107
-1.21412e-108
1.87898e-110
-2.80045e-112
4.01668e-114
-5.53988e-116
7.34118e-118
-9.33849e-120
1.13924e-121
-1.33149e-123
1.48923e-125
-1.59207e-127
1.62474e-129
-1.58056e-131
1.46347e-133
-1.28759e-135
1.0745e-137
-8.48782e-140
6.33281e-142
-4.45194e-144
2.94088e-146
-1.81997e-148
1.59553e-150
1.16602e-148
2.2739e-146
4.06146e-144
6.68362e-142
1.01849e-139
1.4435e-137
1.91017e-135
2.36809e-133
2.7587e-131
3.0281e-129
3.13944e-127
3.0811e-125
2.86813e-123
2.53701e-121
2.13598e-119
1.7143e-117
1.31342e-115
9.61856e-114
6.74099e-112
4.52615e-110
2.91455e-108
1.80165e-106
1.07006e-104
6.11158e-103
3.35922e-101
1.7782e-99
9.07147e-98
4.46277e-96
2.11846e-94
9.70893e-93
4.29818e-91
1.83897e-89
7.60755e-88
3.04427e-86
1.17888e-84
4.41944e-83
1.60449e-81
5.64318e-80
1.92339e-78
6.35471e-77
2.03578e-75
6.32534e-74
1.90661e-72
5.5765e-71
1.58298e-69
4.36202e-68
1.16701e-66
3.03186e-65
7.64992e-64
1.87489e-62
4.46397e-61
1.03262e-59
2.32099e-58
5.06946e-57
1.07606e-55
2.21983e-54
4.45078e-53
8.67365e-52
1.64296e-50
3.02496e-49
5.41348e-48
9.41666e-47
1.5921e-45
2.61626e-44
4.17842e-43
6.48538e-42
9.7819e-41
1.43363e-39
2.04146e-38
2.82412e-37
3.79501e-36
4.95305e-35
6.27764e-34
7.72529e-33
9.22889e-32
1.07008e-30
1.204e-29
1.31426e-28
1.39148e-27
1.42854e-26
1.42172e-25
1.37122e-24
1.28125e-23
1.15942e-22
1.01571e-21
8.611e-21
7.06164e-20
5.59926e-19
4.29064e-18
3.17582e-17
2.26931e-16
1.56452e-15
1.04003e-14
6.66184e-14
4.10878e-13
2.43817e-12
1.39086e-11
7.62047e-11
4.00623e-10
2.01877e-09
9.73953e-09
4.49315e-08
1.9794e-07
8.31462e-07
3.32481e-06
1.26335e-05
4.55242e-05
0.000155224
0.000499554
0.00151318
0.0043002
0.0114229
0.0282429
0.0646722
0.136346
0.262797
0.459134
0.719581
0.999004
1.21084
1.26401
1.13693
0.932757
0.82973
0.91795
1.07974
1.10858
0.983574
0.9104
0.996781
1.06853
0.997852
0.948868
1.01733
1.03025
0.970935
0.9974
1.02269
0.981685
1.00256
1.00971
0.986412
1.01156
0.992381
1.00421
0.997976
1.00087
0.999665
1.00012
0.999961
1.00001
0.999997
1
1
1
1
1
1
1
1
1
1
1
1
1
1
1
1
1
1
1
1
1
1
1
1
1
1
1
1
1
1
1
1
1
1
1
1
1
1
1
1
1
1
1
1
1
1
1
1
1
1
1
1
1
1
1
1
1
1
1
1
1
1
1
1
1
1
1
1
1
1
1
1
1
1
1
1
1
1
1
1
1
1
1
1
1
1
1
1
1
1
1
1
1
1
1
1
1
1
1
1
1
1
1
1
1
1
1
1
1
1
1
1
1
1
1
1
1
1
1
1
1
1
1
1
1
1
1
1
1
1
1
1
1
1
1
1
1
1
1
1
1
1
1
1
1
1
1
1
1
1
1
1
1
1
1
1
1
1
1
1
1
1
1
1
1
1
1
1
1
1
1
1
1
1
1
1
1
1
1
1
1
1
1
1
1
1
1
1
1
1
1
1
1
1
1
1
1
1
1
1
1
1
1
1
1
1
1
0.999999
0.999997
0.999987
0.999954
0.999845
0.9995
0.998487
0.9957
0.988577
0.971757
0.935328
0.863654
0.737203
0.540866
