2.04209e-12
6.69873e-12
2.15704e-11
6.81615e-11
2.11299e-10
6.42376e-10
1.91452e-09
5.5918e-09
1.5999e-08
4.48239e-08
1.22917e-07
3.29764e-07
8.65111e-07
2.21818e-06
5.55572e-06
1.35847e-05
3.24083e-05
7.53825e-05
0.000170837
0.000376927
0.000808971
0.0016874
0.00341733
0.00671229
0.012772
0.0235118
0.0418144
0.0717269
0.11846
0.187982
0.285969
0.415954
0.576774
0.759853
0.947459
1.11348
1.22812
1.26678
1.22118
1.10803
0.96949
0.86109
0.828708
0.884161
0.994158
1.09411
1.12461
1.07055
0.974556
0.908988
0.921518
0.995823
1.06411
1.06667
1.00721
0.948816
0.949777
1.00293
1.04536
1.0309
0.982818
0.962488
0.991523
1.02681
1.02142
0.988066
0.976703
1.00033
1.01945
1.00619
0.985786
0.991324
1.00977
1.00877
0.993259
0.992262
1.00498
1.0063
0.995891
0.995224
1.00372
1.00327
0.996509
0.998171
1.00318
1.00051
0.997373
1.00055
1.0018
0.998798
0.999195
1.00132
0.99989
0.99907
1.00066
1.00027
0.999329
1.00029
1.00028
0.999569
1.00016
1.00018
0.999726
1.00013
1.00007
0.999835
1.00012
0.999989
0.999928
1.00009
0.999944
1
1.00003
0.999954
1.00004
0.999982
1
1.00001
0.999982
1.00002
0.999985
1.00001
0.999992
1
0.999997
1
0.999999
1
1
1
1
1
1
1
1
1
1
1
1
1
1
1
1
1
1
1
1
1
1
1
1
1
1
1
1
1
1
1
1
1
1
1
1
1
1
1
1
1
1
1
1
1
1
1
1
1
1
1
1
1
1
1
1
1
1
1
1
1
1
1
1
1
1
1
1
1
1
1
1
1
1
1
1
1
1
1
1
1
1
1
1
1
1
1
1
1
1
1
1
1
1
1
1
1
1
1
1
1
1
1
1
1
1
1
1
1
1
1
1
1
1
1
1
1
1
1
1
1
1
1
1
1
1
1
1
1
1
1
1
1
1
1
1
1
1
1
1
1
0.999999
0.999998
0.999994
0.999986
0.999968
0.999925
0.999829
0.999623
0.999191
0.998313
0.996583
0.993288
0.987228
0.976488
0.958186
0.928273
0.88154
0.812018
0.714031
0.584046
0.423226
0.240147
0.0525411
-0.113477
-0.228116
-0.266783
-0.221181
-0.108028
0.0305103
0.13891
0.171292
0.115839
0.0058419
-0.0941104
-0.124608
-0.070548
0.0254443
0.091012
0.0784818
0.00417671
-0.0641072
-0.0666715
-0.00720936
0.0511844
0.0502229
-0.00292815
-0.0453607
-0.0309015
0.0171823
0.0375125
0.00847656
-0.0268121
-0.0214205
0.0119338
0.0232973
-0.000334951
-0.0194548
-0.00618862
0.014214
0.00867583
-0.0097682
-0.00877012
0.00674095
0.00773849
-0.00498467
-0.00630116
0.0041087
0.00477647
-0.00371907
-0.0032718
0.00349066
0.00182929
-0.00317837
-0.000514302
0.00262717
-0.000549726
-0.00179958
0.001202
0.000805021
-0.00132083
0.000110313
0.000930173
-0.000656348
-0.00026601
0.00067122
-0.000289305
-0.000275088
0.000431332
-0.000157222
-0.000177989
0.000274455
-0.000128368
-7.27898e-05
0.00016516
-0.000119864
1.14666e-05
7.20851e-05
-9.0465e-05
5.58957e-05
-4.47439e-06
-3.33179e-05
4.56811e-05
-3.69255e-05
1.82767e-05
7.40808e-08
-1.25541e-05
1.80777e-05
-1.82174e-05
1.53399e-05
-1.14537e-05
7.80307e-06
-4.93158e-06
2.92274e-06
-1.63672e-06
8.70933e-07
-4.42305e-07
2.15133e-07
-1.00504e-07
4.52068e-08
-1.9618e-08
8.2283e-09
-3.34075e-09
1.31477e-09
-5.02187e-10
1.86365e-10
-6.72634e-11
2.36321e-11
-8.08905e-12
2.69955e-12
-8.79007e-13
2.79435e-13
-8.67804e-14
2.63427e-14
-7.82031e-15
2.2716e-15
-6.45925e-16
1.79874e-16
-4.90763e-17
1.31238e-17
-3.4411e-18
8.84986e-19
-2.23317e-19
5.53089e-20
-1.34489e-20
3.21163e-21
-7.53408e-22
1.73667e-22
-3.9346e-23
8.76362e-24
-1.91942e-24
4.13483e-25
-8.76277e-26
1.82731e-26
-3.75024e-27
7.57643e-28
-1.50699e-28
2.95175e-29
-5.69433e-30
1.08212e-30
-2.02606e-31
3.73798e-32
-6.79673e-33
1.21816e-33
-2.15235e-34
3.74962e-35
-6.44149e-36
1.09136e-36
-1.82383e-37
3.00673e-38
-4.89045e-39
7.8487e-40
-1.24306e-40
1.94303e-41
-2.99783e-42
4.56584e-43
-6.86539e-44
1.01926e-44
-1.49424e-45
2.16329e-46
-3.09318e-47
4.36853e-48
-6.09453e-49
8.39961e-50
-1.14373e-50
1.53925e-51
-2.01212e-52
5.14967e-53
1.74739e-52
1.27666e-51
9.03846e-51
6.331e-50
4.38555e-49
3.00418e-48
2.03493e-47
1.36291e-46
9.02515e-46
5.90852e-45
3.82394e-44
2.44637e-43
1.54697e-42
9.66842e-42
5.97192e-41
3.64521e-40
2.19861e-39
1.31026e-38
7.71459e-38
4.48723e-37
2.57821e-36
1.46316e-35
8.20093e-35
4.53931e-34
2.48103e-33
1.3389e-32
7.13334e-32
3.75166e-31
1.94758e-30
9.97838e-30
5.04511e-29
2.51697e-28
1.23888e-27
6.01557e-27
2.88114e-26
1.36093e-25
6.33925e-25
2.91146e-24
1.31824e-23
5.88335e-23
2.58786e-22
1.1217e-21
4.79034e-21
2.01528e-20
8.35055e-20
3.40745e-19
1.369e-18
5.41443e-18
2.10765e-17
8.07335e-17
3.0425e-16
1.12781e-15
4.11128e-15
1.47351e-14
5.19109e-14
1.79717e-13
6.11272e-13
