1.00008
1.00003
0.999955
0.999991
1.00003
1
0.999986
1
1.00001
0.999996
0.999998
1
1
0.999999
1
1
0.999999
1
1
1
1
1
1
1
1
1
1
1
1
1
1
1
1
1
1
1
1
1
1
1
1
1
1
1
1
1
1
1
1
1
1
1
1
1
1
1
1
1
1
1
0.999999
0.999998
0.999995
0.999987
0.999968
0.999921
0.999814
0.999572
0.999048
0.997954
0.995754
0.991498
0.983596
0.969539
0.945643
0.906935
0.847404
0.760867
0.642669
0.492187
0.315667
0.128318
-0.0458713
-0.178066
-0.242633
-0.22757
-0.143138
-0.0232654
0.084023
0.135801
0.114996
0.0406883
-0.0408977
-0.0827005
-0.0655914
-0.00988858
0.0403937
0.0505864
0.0205846
-0.0184216
-0.0329117
-0.0158267
0.0108469
0.0205808
0.00819098
-0.00879824
-0.0120854
-0.00182471
0.00735384
0.00563567
-0.00194063
-0.00486315
-0.00103947
0.00279588
0.00184478
-0.00114199
-0.00159349
0.000244414
0.00108484
0.000107135
-0.000656953
-0.000181359
0.000377402
0.000151735
-0.000215206
-0.000100363
0.000125386
5.65872e-05
-7.51014e-05
-2.65843e-05
4.5382e-05
8.68635e-06
-2.66318e-05
4.4138e-07
1.43828e-05
-3.88158e-06
-6.5695e-06
4.08263e-06
2.05059e-06
-2.85838e-06
7.34846e-08
1.41593e-06
-6.68905e-07
-3.85665e-07
5.20776e-07
-8.62614e-08
-2.02763e-07
1.57954e-07
3.62102e-10
-7.38085e-08
4.79505e-08
1.22963e-09
-2.25082e-08
1.57726e-08
-1.86631e-09
-5.45625e-09
5.15313e-09
-1.88777e-09
-5.92214e-10
1.30409e-09
-9.13055e-10
2.96679e-10
9.37711e-11
-2.08749e-10
1.66772e-10
-8.45764e-11
2.1481e-11
1.01461e-11
-1.89606e-11
1.67399e-11
-1.14411e-11
6.71697e-12
-3.53087e-12
1.70829e-12
-7.34439e-13
4.25439e-13
2.86862e-13
1.6116e-12
5.76352e-12
2.08375e-11
7.32008e-11
2.50751e-10
8.37039e-10
2.72209e-09
8.62124e-09
2.65824e-08
7.97649e-08
2.32834e-07
6.60862e-07
1.82307e-06
4.88545e-06
1.27111e-05
3.20911e-05
7.85666e-05
0.0001864
0.000428243
0.000951959
0.00204573
0.00424582
0.00850152
0.0164038
0.0304607
0.054357
0.093065
0.152596
0.239133
0.357331
0.507813
0.684333
0.871682
1.04587
1.17807
1.24263
1.22757
1.14314
1.02327
0.915977
0.864199
0.885004
0.959312
1.0409
1.0827
1.06559
1.00989
0.959606
0.949414
0.979415
1.01842
1.03291
1.01583
0.989153
0.979419
0.991809
1.0088
1.01209
1.00182
0.992646
0.994364
1.00194
1.00486
1.00104
0.997204
0.998155
1.00114
1.00159
0.999756
0.998915
0.999893
1.00066
1.00018
0.999623
0.999848
1.00022
1.0001
0.999875
0.999943
