0
0
0
0
0
0
0
0
0
0
0
0
0
0
0
0
0
0
0
0
0
0
0
0
0
0
0
0
0
0
0
0
0
0
0
0
0
0
0
0
0
0
0
0
0
0
0
0
0
0
0
0
0
0
0
0
0
0
0
0
0
0
0
0
0
0
0
0
0
0
0
0
0
0
0
0
0
0
0
0
0
0
0
0
0
0
0
0
0
0
0
0
0
0
0
0
0
0
0
0
0
0
0
0
0
0
0
0
0
0
0
0
0
0
0
0
0
0
0
0
0
0
0
0
0
0
0
0
4.49839e-46
2.91945e-43
9.20998e-41
1.88153e-38
2.79789e-36
3.22736e-34
3.00512e-32
2.32088e-30
1.51597e-28
8.49752e-27
4.13328e-25
1.75979e-23
6.60309e-22
2.19521e-20
6.49327e-19
1.71435e-17
4.04958e-16
8.57225e-15
1.62764e-13
2.77279e-12
4.23655e-11
5.79962e-10
7.10117e-09
7.75756e-08
7.53586e-07
6.4813e-06
4.90789e-05
0.000324906
0.0018635
0.00915324
0.0379238
0.129884
0.357625
0.761036
1.18253
1.24828
0.917141
0.863344
1.1455
0.92455
1.02661
0.99289
1.00152
0.999731
1.00004
0.999995
1
1
1
1
1
1
1
1
1
1
1
1
1
1
1
1
1
1
1
1
1
1
1
1
1
1
1
1
1
1
1
1
1
1
1
1
1
1
1
1
1
1
1
1
1
1
1
1
1
1
1
1
1
1
1
1
1
1
1
1
1
1
1
1
1
1
1
1
1
1
1
1
1
1
1
1
1
1
1
1
1
1
1
1
1
1
1
1
1
1
1
1
1
1
1
1
1
1
1
1
1
1
1
1
1
1
1
1
1
1
1
1
1
1
1
1
1
1
1
1
1
1
1
1
1
1
1
1
1
1
1
1
1
1
1
1
1
1
1
1
1
1
1
1
1
1
1
1
1
1
1
1
1
1
1
1
1
1
1
1
1
1
1
1
1
1
1
1
1
1
1
1
1
1
1
1
1
1
1
1
1
1
1
1
1
1
1
1
1
1
1
1
1
1
1
1
1
1
1
1
1
1
1
1
1
1
1
1
1
1
1
1
1
1
1
1
1
1
1
1
1
1
1
1
1
1
1
1
1
1
1
1
1
1
0.999999
0.999994
0.999951
0.999675
0.998136
0.990847
0.962076
0.870116
0.642375
0.238964
-0.182531
-0.248283
0.0828587
0.136656
-0.145501
0.0754501
-0.0266066
0.00711033
-0.0015204
0.000268808
-4.0167e-05
5.15246e-06
-5.7397e-07
5.60136e-08
-4.82108e-09
3.67866e-10
-2.49829e-11
1.51453e-12
-8.21286e-14
3.9889e-15
-1.73623e-16
6.77193e-18
-2.36496e-19
7.38403e-21
-2.05652e-22
5.09318e-24
-1.11705e-25
2.15818e-27
-3.64836e-29
5.35003e-31
-6.73043e-33
7.15902e-35
-6.31437e-37
4.49473e-39
-2.48131e-41
9.96886e-44
-2.59315e-46
3.27831e-49
0
0
0
0
0
0
0
0
0
0
0
0
0
0
0
0
0
0
0
0
0
0
0
0
0
0
0
0
0
0
0
0
0
0
0
0
0
0
0
0
0
0
0
0
0
0
0
0
0
0
0
0
0
0
0
0
