0
0
0
0
0
0
0
0
0
0
0
0
0
0
0
0
0
0
0
0
0
0
0
0
0
0
0
0
0
0
0
0
0
0
0
0
0
0
0
0
0
0
0
0
0
0
0
0
0
0
0
0
0
0
0
0
0
0
0
0
0
0
0
0
0
0
0
0
0
0
0
0
0
0
0
0
0
0
0
0
0
0
0
0
0
0
0
0
0
0
0
0
0
0
0
0
0
0
0
0
0
0
0
0
0
0
0
0
0
0
0
0
0
0
0
0
0
0
0
0
0
0
0
0
0
0
0
0
5.73452e-65
5.27003e-62
2.37396e-59
6.98624e-57
1.5104e-54
2.55776e-52
3.53243e-50
4.09037e-48
4.05195e-46
3.48652e-44
2.63696e-42
1.76975e-40
1.0621e-38
5.73597e-37
2.80241e-35
1.24409e-33
5.03713e-32
1.86588e-30
6.34011e-29
1.98054e-27
5.69827e-26
1.51227e-24
3.70652e-23
8.39769e-22
1.75996e-20
3.41335e-19
6.12743e-18
1.01807e-16
1.56516e-15
2.22533e-14
2.92383e-13
3.54637e-12
3.96564e-11
4.08159e-10
3.85895e-09
3.34343e-08
2.64704e-07
1.90853e-06
1.24811e-05
7.36746e-05
0.000390279
0.00184232
0.00768294
0.0280018
0.0879835
0.234136
0.515397
0.908961
1.23083
1.22411
0.934852
0.838478
1.07514
1.07064
0.894351
1.07072
0.967593
1.01144
0.996714
1.00079
0.999835
1.00003
0.999995
1
1
1
1
1
1
1
1
1
1
1
1
1
1
1
1
1
1
1
1
1
1
1
1
1
1
1
1
1
1
1
1
1
1
1
1
1
1
1
1
1
1
1
1
1
1
1
1
1
1
1
1
1
1
1
1
1
1
1
1
1
1
1
1
1
1
1
1
1
1
1
1
1
1
1
1
1
1
1
1
1
1
1
1
1
1
1
1
1
1
1
1
1
1
1
1
1
1
1
1
1
1
1
1
1
1
1
1
1
1
1
1
1
1
1
1
1
1
1
1
1
1
1
1
1
1
1
1
1
1
1
1
1
1
1
1
1
1
1
1
1
1
1
1
1
1
1
1
1
1
1
1
1
1
1
1
1
1
1
1
1
1
1
1
1
1
1
1
1
1
1
1
1
1
1
1
1
1
1
1
1
1
1
1
1
1
1
1
1
1
1
1
1
1
1
1
1
1
1
1
1
1
1
1
1
1
1
1
1
1
1
1
1
1
1
1
1
1
1
1
1
1
1
1
1
1
1
1
1
1
0.999998
0.999988
0.999926
0.99961
0.998158
0.992317
0.971998
0.912017
0.765864
0.484603
0.0910386
-0.230831
-0.224108
0.0651484
0.161522
-0.0751419
-0.0706413
0.105649
-0.0707166
0.0324073
-0.0114361
0.00328591
-0.000794446
0.000165192
-3.00058e-05
4.81713e-06
-6.89726e-07
8.87161e-08
-1.0311e-08
1.08804e-09
-1.04653e-10
9.20551e-12
-7.42533e-13
5.50471e-14
-3.75757e-15
2.36529e-16
-1.3746e-17
7.38191e-19
-3.66547e-20
1.68351e-21
-7.15277e-23
2.81093e-24
-1.02136e-25
3.42915e-27
-1.06288e-28
3.03785e-30
-7.99445e-32
1.93359e-33
-4.28888e-35
8.70144e-37
-1.60974e-38
2.7054e-40
-4.11253e-42
5.6248e-44
-6.87827e-46
7.46254e-48
-7.11572e-50
5.89281e-52
-4.17434e-54
2.47902e-56
-1.20054e-58
4.55353e-61
-1.2687e-63
2.30911e-66
-2.05986e-69
0
0
0
0
0
0
0
0
0
0
0
0
0
0
0
0
0
0
0
0
0
0
0
0
0
0
