-3.72051e-11
1.45304e-11
-5.53961e-12
2.0631e-12
-7.51092e-13
2.67463e-13
-9.32139e-14
3.18109e-14
-1.06357e-14
3.48541e-15
-1.12003e-15
3.53077e-16
-1.09231e-16
3.31756e-17
-9.89547e-18
2.89964e-18
-8.34986e-19
2.36358e-19
-6.57872e-20
1.80099e-20
-4.85057e-21
1.28556e-21
-3.35365e-22
8.61322e-23
-2.17837e-23
5.42634e-24
-1.33162e-24
3.21988e-25
-7.67295e-26
1.80231e-26
-4.17367e-27
9.53017e-28
-2.1461e-28
4.76685e-29
-1.04452e-29
2.25822e-30
-4.81774e-31
1.0144e-31
-2.10826e-32
4.32557e-33
-8.76238e-34
1.75273e-34
-3.46238e-35
6.75541e-36
-1.30195e-36
2.47887e-37
-4.66308e-38
8.66817e-39
-1.58922e-39
3.05133e-40
3.58789e-41
4.82632e-40
2.52649e-39
1.336e-38
6.98604e-38
3.61468e-37
1.85046e-36
9.37201e-36
4.69563e-35
2.32718e-34
1.1408e-33
5.53089e-33
2.65188e-32
1.25733e-31
5.89443e-31
2.7321e-30
1.25191e-29
5.67067e-29
2.53885e-28
1.12341e-27
4.91248e-27
2.12264e-26
9.0619e-26
3.82195e-25
1.59231e-24
6.55233e-24
2.66282e-23
1.06859e-22
4.23404e-22
1.65622e-21
6.395e-21
2.43708e-20
9.16525e-20
3.40097e-19
1.24504e-18
4.49595e-18
1.60121e-17
5.62336e-17
1.94712e-16
6.64607e-16
2.23581e-15
7.41183e-15
2.42077e-14
7.78814e-14
2.46762e-13
7.69834e-13
2.36425e-12
7.14609e-12
2.1253e-11
6.21785e-11
1.78903e-10
5.061e-10
1.40726e-09
3.84504e-09
1.03201e-08
2.72011e-08
7.03814e-08
1.78707e-07
4.45121e-07
1.08716e-06
2.60257e-06
6.10402e-06
1.40193e-05
3.1515e-05
6.93036e-05
0.000149002
0.000313014
0.000642068
0.0012851
0.00250784
0.00476768
0.00882197
0.0158725
0.0277382
0.0470261
0.0772423
0.12274
0.188371
0.2787
0.396687
0.541905
0.708608
0.884303
1.04974
1.18125
1.25595
1.25912
1.19174
1.07482
0.946905
0.853217
0.828451
0.880083
0.981325
1.08061
1.12652
1.09663
1.01289
0.930435
0.902896
0.945366
1.02237
1.07359
1.06099
1.00002
0.946405
0.946612
0.995551
1.0425
1.0419
0.999144
0.962964
0.971331
1.01014
1.03204
1.01353
0.981535
0.976864
1.00195
1.02072
1.0093
0.987135
0.986217
1.00485
1.01345
1.00087
0.989114
0.995999
1.00791
1.00517
0.994564
0.994831
1.0037
1.00461
0.997359
0.996154
1.00207
1.00305
0.998201
0.997705
1.00168
1.00158
0.998402
0.999076
1.00147
1.00034
0.998756
1.00014
1.00091
0.999542
0.999486
1.00058
1.00012
0.999499
1.00018
1.00028
0.999701
0.999975
1.00024
0.999856
0.999924
1.00016
0.999931
0.999934
1.0001
0.999959
0.99996
1.00007
0.999967
0.999984
1.00004
0.999971
1
1.00002
0.999978
1.00001
1
0.99999
1.00001
0.999993
1
1
0.999995
1
0.999997
1
1
0.999998
1
0.999998
1
0.999999
1
1
1
1
1
1
1
1
1
1
1
1
1
1
1
1
1
1
1
1
1
1
1
1
1
1
1
1
1
1
1
1
1
1
1
1
1
1
1
1
1
1
1
1
1
1
1
1
1
1
1
1
1
1
1
1
1
1
1
1
1
1
1
1
1
1
1
1
1
1
1
1
1
1
1
1
1
1
1
1
1
1
1
1
1
1
1
1
1
1
1
1
1
1
1
1
1
1
1
1
1
1
1
1
1
1
1
1
1
1
1
1
1
1
1
1
1
1
1
1
1
1
1
0.999999
0.999997
0.999994
0.999986
0.999968
0.999931
0.999851
0.999687
0.999358
0.998715
0.997492
0.995232
0.991178
0.984127
0.972262
0.952974
0.922758
0.87726
0.811629
0.7213
0.603313
0.458095
0.291392
0.115697
-0.0497358
-0.181248
-0.255949
-0.259117
-0.191739
-0.0748168
0.0530948
0.146783
0.171549
0.119917
0.0186746
-0.0806119
-0.126515
-0.0966311
-0.0128943
0.0695648
0.0971038
0.0546344
-0.0223695
-0.0735922
-0.0609875
-2.01776e-05
0.0535949
0.0533876
0.0044486
-0.0424967
-0.0418998
0.00085599
0.0370361
0.0286693
-0.0101379
-0.0320356
-0.0135346
0.0184651
0.0231363
-0.00195354
-0.0207242
-0.00930427
0.0128651
0.0137831
-0.00485204
-0.0134528
-0.000874664
0.010886
0.00400144
-0.00791368
-0.0051683
0.00543575
0.00516879
-0.00370298
-0.00460806
0.0026413
0.00384568
-0.00206839
-0.00305379
0.00179908
0.0022948
-0.00168087
-0.00158299
0.00159806
0.000924234
-0.00146851
-0.000337345
0.00124365
-0.000139799
-0.000913788
0.000458292
0.000513591
-0.000579109
-0.000118575
0.000500763
-0.000176559
-0.000279733
0.000298553
2.49994e-05
-0.000239909
0.000144204
7.64472e-05
-0.000163279
6.85088e-05
6.58613e-05
-0.000104506
4.0805e-05
4.03013e-05
-6.62679e-05
3.28819e-05
1.61103e-05
-3.96539e-05
2.89354e-05
-2.0153e-06
-1.8436e-05
2.17923e-05
-1.16317e-05
-1.87207e-06
1.03935e-05
-1.13126e-05
6.7968e-06
-7.59612e-07
-3.7251e-06
5.45355e-06
-4.79947e-06
2.86868e-06
-7.46698e-07
-8.85783e-07
1.79749e-06
-2.06757e-06
1.91041e-06
-1.54618e-06
1.13721e-06
-7.75325e-07
4.96051e-07
-3.00324e-07
1.731e-07
-9.54203e-08
5.04877e-08
-2.57159e-08
1.26398e-08
-6.00741e-09
2.76571e-09
-1.23526e-09
5.35953e-10
-2.26164e-10
9.29202e-11
