0.987222
0.992062
1.01004
1.00608
0.99163
0.996173
1.00718
1.00151
0.994037
1.00059
1.00439
0.997863
0.997563
1.00277
1.00041
0.997684
1.00109
1.00102
0.99849
1.00035
1.00084
0.999062
1.00019
1.0005
0.999386
1.00024
1.00019
0.999626
1.00028
0.999942
0.999873
1.0002
0.99984
1.00007
1.00001
0.999936
1.00008
0.999919
1.00007
0.999954
1.00003
0.999982
1.00001
0.999995
1
0.999999
1
1
1
1
1
1
1
1
1
1
1
1
1
1
1
1
1
1
1
1
1
1
1
1
1
1
1
1
1
1
1
1
1
1
1
1
1
1
1
1
1
1
1
1
1
1
1
1
1
1
1
1
1
1
1
1
1
1
1
1
1
1
1
1
1
1
1
1
1
1
1
1
1
1
1
1
1
1
1
1
1
1
1
1
1
1
1
1
1
1
1
1
1
1
1
1
1
1
1
1
1
1
1
1
1
1
1
1
1
1
1
1
1
1
1
1
1
1
1
1
1
1
1
1
1
1
1
1
1
1
1
1
1
1
1
1
1
1
1
1
1
1
1
1
1
1
1
1
1
1
1
1
1
1
1
1
0.999999
0.999996
0.999991
0.999976
0.999941
0.999858
0.99967
0.999256
0.998372
0.996554
0.992956
0.986106
0.973602
0.951771
0.91544
0.858039
0.772376
0.652422
0.496244
0.30967
0.109444
-0.0762388
-0.212169
-0.266646
-0.226105
-0.107719
0.0388958
0.147524
0.166524
0.0904559
-0.0301131
-0.115216
-0.108734
-0.0221837
0.0702824
0.0912511
0.0285716
-0.0519385
-0.0701816
-0.0139015
0.0489414
0.0477061
-0.00875402
-0.045812
-0.019592
0.0277714
0.0300048
-0.00973652
-0.0286829
-0.00199317
0.0229292
0.00746905
-0.0170983
-0.0088032
0.0127779
0.00793848
-0.0100359
-0.00607642
0.00837043
0.00382715
-0.00718207
-0.00151363
0.00596271
-0.000588064
-0.0043928
0.00213686
0.0024371
-0.00277233
-0.000412776
0.00231576
-0.00108549
-0.00102461
0.00150967
-0.000347288
-0.000839776
0.000938491
-0.000194228
-0.000504268
0.000614342
-0.000242333
-0.000189842
0.000374042
-0.000279586
5.78161e-05
0.000126767
-0.000195776
0.000160405
-7.49088e-05
-8.97795e-06
6.35083e-05
-8.44746e-05
8.09177e-05
-6.50019e-05
4.62469e-05
-2.99457e-05
1.79347e-05
-1.00416e-05
5.29619e-06
-2.64645e-06
1.25846e-06
-5.71553e-07
2.4866e-07
-1.0389e-07
4.17728e-08
-1.61946e-08
6.06336e-09
-2.19559e-09
7.69916e-10
-2.61756e-10
8.63712e-11
-2.76871e-11
8.62984e-12
-2.61757e-12
7.73192e-13
-2.22573e-13
6.2479e-14
-1.71133e-14
4.5763e-15
-1.19538e-15
3.05161e-16
-7.61699e-17
1.85978e-17
-4.44372e-18
1.03947e-18
-2.38131e-19
5.34468e-20
-1.17564e-20
2.53522e-21
-5.36141e-22
1.11223e-22
-2.26407e-23
4.52352e-24
-8.87302e-25
1.70916e-25
-3.23383e-26
6.01135e-27
-1.09811e-27
1.97166e-28
-3.48031e-29
6.04078e-30
-1.03119e-30
1.73156e-31
-2.86066e-32
4.6505e-33
-7.44064e-34
1.17184e-34
-1.81696e-35
2.77398e-36
-4.17069e-37
6.17619e-38
-9.00952e-39
1.29482e-39
-1.83358e-40
2.55875e-41
-3.51924e-42
4.77102e-43
-6.37628e-44
8.40168e-45
-1.09158e-45
1.39855e-46
-1.76719e-47
2.20249e-48
-2.70777e-49
3.28411e-50
-3.92982e-51
4.63998e-52
-5.40612e-53
6.21611e-54
-7.05428e-55
7.90172e-56
-8.73696e-57
9.5368e-58
-1.02773e-58
1.09352e-59
-1.14888e-60
1.19193e-61
-1.22084e-62
1.2693e-63
1.95215e-64
2.99805e-63
2.76455e-62
2.52987e-61
2.28775e-60
2.04435e-59
1.80516e-58
1.57494e-57
1.35762e-56
1.15621e-55
9.72771e-55
8.08492e-54
6.63752e-53
5.38237e-52
4.31075e-51
3.40969e-50
2.66336e-49
2.05432e-48
1.56459e-47
1.17651e-46
8.73418e-46
6.40096e-45
4.63055e-44
3.30636e-43
2.33003e-42
1.62043e-41
1.11204e-40
7.52999e-40
5.0305e-39
3.31536e-38
2.15532e-37
1.38202e-36
8.73957e-36
5.45001e-35
3.35112e-34
2.03152e-33
1.21406e-32
7.15151e-32
4.15187e-31
2.37533e-30
1.33901e-29
7.43646e-29
4.06833e-28
2.19216e-27
1.16325e-26
6.07792e-26
3.12646e-25
1.58307e-24
7.8891e-24
3.86867e-23
1.8665e-22
8.85835e-22
4.13479e-21
1.8978e-20
8.56357e-20
3.79824e-19
1.65554e-18
7.08978e-18
2.98238e-17
1.23205e-16
4.99715e-16
1.98946e-15
7.77232e-15
2.97886e-14
1.11971e-13
4.1266e-13
1.49063e-12
5.27588e-12
1.82902e-11
6.2085e-11
2.06268e-10
6.70474e-10
2.13135e-09
6.62306e-09
2.0109e-08
5.96261e-08
1.72571e-07
4.87242e-07
1.34125e-06
3.5974e-06
9.39485e-06
2.38725e-05
5.8976e-05
0.000141534
0.000329653
0.000744458
0.00162834
0.00344556
0.00704412
0.013894
0.0263984
0.0482291
0.0845597
0.141961
0.227624
0.347578
0.503756
0.69033
0.890556
1.07624
1.21217
1.26665
1.22611
1.10772
0.961104
0.852476
0.833476
0.909544
1.03011
1.11522
1.10873
1.02218
0.929718
0.908749
0.971428
1.05194
1.07018
1.0139
0.951059
0.952294
1.00875
1.04581
1.01959
0.972229
0.969995
1.00974
1.02868
1.00199
0.977071
0.992531
1.0171
1.0088
