6.47241e-07
-7.53561e-08
-3.62457e-07
8.62201e-08
1.92845e-07
-7.83971e-08
-9.399e-08
6.14138e-08
3.89796e-08
-4.24354e-08
-1.08841e-08
2.57919e-08
-1.29158e-09
-1.33351e-08
5.01113e-09
5.86011e-09
-3.35944e-09
1.62906e-09
1.02686e-08
1.88074e-08
4.73193e-08
1.20839e-07
2.91723e-07
6.93283e-07
1.61969e-06
3.7065e-06
8.31154e-06
1.82601e-05
3.92843e-05
8.27303e-05
0.000170475
0.000343563
0.000676856
0.00130288
0.00244898
0.00449241
0.00803718
0.0140136
0.0237948
0.039313
0.0631408
0.0984831
0.149007
0.218425
0.309783
0.424433
0.560821
0.713342
0.871674
1.0211
1.14423
1.2243
1.24958
1.21783
1.13916
1.03571
0.937049
0.871829
0.858147
0.896265
0.967452
1.04069
1.08546
1.08531
1.0455
0.990069
0.949075
0.942285
0.968713
1.00842
1.03575
1.03575
1.01279
0.985864
0.974044
0.982982
1.00242
1.01588
1.01419
1.00168
0.990644
0.989935
0.997952
1.00583
1.00659
1.00116
0.996033
0.995991
0.999843
1.00282
1.00216
0.99946
0.998081
0.999134
1.00082
1.00111
1.00007
0.999264
0.999551
1.00028
1.00045
1.00002
0.999708
0.999859
1.00014
1.00015
0.999963
0.99989
0.999988
1.00007
1.00003
0.999963
0.999974
1.00002
1.00002
0.999993
0.999986
1
1.00001
0.999999
0.999995
1
1
1
0.999998
1
1
1
0.999999
1
1
1
1
1
1
1
1
1
1
1
1
1
1
1
1
1
1
1
1
1
1
0.999999
0.999998
0.999996
0.999992
0.999982
0.999961
0.999917
0.99983
0.999656
0.999323
0.998697
0.997551
0.995508
0.991963
0.985986
0.976205
0.960687
0.936859
0.901517
0.850993
0.781575
0.690217
0.575567
0.439179
0.286658
0.128326
-0.0210959
-0.144227
-0.224302
-0.249585
-0.217828
-0.139157
-0.0357124
0.0629508
0.128171
0.141853
0.103735
0.0325478
-0.0406925
-0.0854643
-0.0853138
-0.045496
0.00993144
0.0509249
0.0577151
0.0312866
-0.00841775
-0.0357535
-0.035746
-0.0127857
0.0141357
0.0259562
0.0170182
-0.00241974
-0.0158845
-0.0141946
-0.00167541
0.00935615
0.0100653
0.00204762
-0.00582566
-0.00658578
-0.00116298
0.00396697
0.00400938
0.000157492
-0.00282383
-0.00215503
0.000540375
0.00191851
0.000866004
-0.000820409
-0.00111165
-7.31964e-05
0.000736417
0.000448985
-0.000276187
-0.000445587
-2.29233e-05
0.000292061
0.000141487
-0.000137832
-0.000147898
3.69348e-05
0.000110194
1.17297e-05
-6.81058e-05
-2.6959e-05
3.66503e-05
2.615e-05
-1.7424e-05
-2.00432e-05
7.2512e-06
1.36788e-05
-2.52446e-06
-8.73571e-06
6.29489e-07
5.36672e-06
-2.52319e-08
-3.22528e-06
-7.55485e-08
1.9132e-06
2.63009e-08
-1.12214e-06
3.71031e-08
