1.6053e-28
-3.45218e-29
7.32111e-30
-1.53135e-30
3.15972e-31
-6.43225e-32
1.29205e-32
-2.56125e-33
5.01119e-34
-9.67835e-35
1.84538e-35
-3.47415e-36
6.4586e-37
-1.18578e-37
2.15029e-38
-3.85178e-39
6.8162e-40
-1.19175e-40
2.05891e-41
-3.51346e-42
6.02295e-43
-4.47988e-44
3.30599e-43
1.804e-42
1.02769e-41
5.78374e-41
3.22068e-40
1.7743e-39
9.66977e-39
5.21299e-38
2.77975e-37
1.46603e-36
7.64647e-36
3.94394e-35
2.01148e-34
1.01433e-33
5.05694e-33
2.49232e-32
1.2142e-31
5.84662e-31
2.78235e-30
1.30848e-29
6.08041e-29
2.79167e-28
1.26624e-27
5.67344e-27
2.51077e-26
1.09736e-25
4.7362e-25
2.01834e-24
8.49164e-24
3.52671e-23
1.44569e-22
5.84858e-22
2.33475e-21
9.19566e-21
3.57288e-20
1.36926e-19
5.17508e-19
1.92862e-18
7.08611e-18
2.56641e-17
9.16071e-17
3.22211e-16
1.11656e-15
3.81128e-15
1.28122e-14
4.24083e-14
1.38186e-13
4.43165e-13
1.39849e-12
4.34155e-12
1.3256e-11
3.97971e-11
1.17449e-10
3.40628e-10
9.70558e-10
2.71606e-09
7.4627e-09
2.01254e-08
5.32519e-08
1.38198e-07
3.51625e-07
8.76771e-07
2.14158e-06
5.12176e-06
1.19876e-05
2.74436e-05
6.14198e-05
0.000134299
0.000286718
0.000597253
0.001213
0.00239999
0.004622
0.00865581
0.0157468
0.0277961
0.0475485
0.0787123
0.125899
0.19423
0.288448
0.411446
0.562285
0.734111
0.912725
1.07688
1.20133
1.26296
1.24915
1.16553
1.03936
0.91451
0.837441
0.837649
0.911614
1.02037
1.10619
1.12319
1.06545
0.973358
0.909384
0.915643
0.982531
1.0548
1.07484
1.0304
0.96523
0.939378
0.973162
1.02841
1.0481
1.01565
0.970999
0.964275
0.998783
1.02976
1.02073
0.987637
0.975071
0.996577
1.01926
1.01228
0.989411
0.985282
1.00316
1.01335
1.00161
0.989433
0.996035
1.00782
1.00467
0.994321
0.995551
1.00423
1.0038
0.996654
0.99701
1.00282
1.00215
0.997512
0.998667
1.0022
1.00058
0.998135
1.00006
1.00143
0.999465
0.999093
1.00078
1.00036
0.999239
1.00011
1.00052
0.999628
0.999827
1.00039
0.999877
0.999795
1.00024
0.999975
0.999844
1.00014
0.999994
0.9999
1.00009
0.999986
0.999946
1.00006
0.999974
0.999981
1.00004
0.999971
1.00001
1.00001
0.99998
1.00002
0.999995
0.999995
1.00001
0.999991
1.00001
0.999998
0.999999
1
0.999996
1
0.999997
1
0.999999
1
0.999999
1
1
1
1
1
1
1
1
1
1
1
1
1
1
1
1
1
1
1
1
1
1
1
1
1
1
1
1
1
1
1
1
1
1
1
1
1
1
1
1
1
1
1
1
1
1
1
1
1
1
1
1
1
1
1
1
1
1
1
1
1
1
1
1
1
1
1
1
1
1
1
1
1
1
1
1
1
1
1
1
1
1
1
1
1
1
1
1
1
1
1
1
1
1
1
1
1
1
1
1
1
1
1
1
1
1
1
1
1
1
1
1
1
1
1
1
1
1
1
1
1
1
1
1
1
1
0.999999
0.999998
0.999995
0.999988
0.999973
0.999939
0.999866
0.999713
0.999403
0.998787
0.9976
0.995378
0.991344
0.984253
0.972204
0.952451
0.921288
0.874101
0.80577
0.711552
0.588554
0.437715
0.265889
0.0872746
-0.0768835
-0.20133
-0.262961
-0.249146
-0.165534
-0.0393551
0.0854902
0.162559
0.162351
0.0883862
-0.02037
-0.106194
-0.123192
-0.0654512
0.0266423
0.090616
0.0843574
0.017469
-0.0548047
-0.0748369
-0.030404
0.0347696
0.0606222
0.0268383
-0.0284132
-0.048098
-0.0156542
0.0290015
0.035725
0.00121729
-0.0297636
-0.0207326
0.0123626
0.0249295
0.00342262
-0.0192605
-0.0122836
0.0105894
0.0147182
-0.00316084
-0.0133457
-0.00161343
0.0105669
0.00396479
-0.00781662
-0.00466782
0.00567876
0.00444882
-0.00423401
-0.0037991
0.00334577
0.00298993
-0.00282254
-0.0021489
0.00248766
0.00133316
-0.00220108
-0.000580645
0.00186536
-6.22891e-05
-0.00143144
0.000535049
0.000906602
-0.000777507
-0.000357207
0.000760814
-0.000106496
-0.000521138
0.000372296
0.000172824
-0.00038705
0.000123176
0.000204515
-0.000237485
2.52558e-05
0.000155686
-0.000143843
6.00613e-06
9.98267e-05
-9.36892e-05
1.42552e-05
5.40727e-05
-6.34643e-05
2.55367e-05
1.87232e-05
-3.82598e-05
2.88557e-05
-5.57317e-06
-1.38655e-05
2.03917e-05
-1.51262e-05
4.63755e-06
4.59203e-06
-9.1935e-06
9.07758e-06
-6.03116e-06
2.16031e-06
1.05294e-06
-2.98901e-06
3.68866e-06
-3.51833e-06
2.89759e-06
-2.15227e-06
1.47478e-06
-9.45063e-07
5.71556e-07
-3.28367e-07
1.80094e-07
-9.46566e-08
4.78254e-08
-2.32882e-08
1.09526e-08
-4.98432e-09
2.19833e-09
-9.40999e-10
3.9141e-10
-1.58381e-10
6.24077e-11
-2.39677e-11
8.97899e-12
-3.28373e-12
1.17314e-12
-4.09683e-13
1.39934e-13
-4.67755e-14
1.53093e-14
-4.90842e-15
1.54233e-15
-4.75169e-16
1.43591e-16
-4.25776e-17
1.23927e-17
-3.54184e-18
9.9429e-19
-2.74253e-19
7.43485e-20
-1.98152e-20
5.19331e-21
-1.33883e-21
3.39582e-22
-8.4763e-23
2.08262e-23
-5.03789e-24
1.20009e-24
-2.81575e-25
6.50837e-26
-1.48228e-26
3.32695e-27
-7.36034e-28
