0.999966
1.00002
1.00001
0.999986
0.999996
1.00001
1
0.999996
1
1
0.999998
1
1
1
1
1
1
1
1
1
1
1
1
1
1
1
1
1
1
1
1
1
1
1
1
1
1
1
1
1
1
1
1
1
1
1
1
1
1
1
1
1
1
1
1
1
1
1
0.999999
0.999998
0.999994
0.999985
0.999962
0.999908
0.999782
0.999501
0.998892
0.997625
0.995087
0.9902
0.981176
0.965227
0.938321
0.895125
0.829383
0.734993
0.607962
0.449127
0.267008
0.0795176
-0.0871069
-0.203498
-0.246364
-0.2092
-0.109607
0.0122754
0.106927
0.136746
0.0953939
0.0128197
-0.0604291
-0.0831046
-0.0490214
0.0101496
0.0491264
0.043237
0.00555498
-0.0275026
-0.0293924
-0.00524625
0.0173366
0.0176529
0.000788909
-0.0121227
-0.00880139
0.00290441
0.00790121
0.00246333
-0.00411034
-0.00369434
0.00107749
0.00290989
0.000408129
-0.00175528
-0.000814579
0.000894466
0.000734807
-0.000405123
-0.000527776
0.000172406
0.000340052
-7.67596e-05
-0.000206138
4.20961e-05
0.000119603
-2.99839e-05
-6.6027e-05
2.41539e-05
3.36176e-05
-1.9073e-05
-1.4652e-05
1.36985e-05
4.35013e-06
-8.52932e-06
3.93026e-07
4.308e-06
-1.79961e-06
-1.48063e-06
1.53894e-06
4.25537e-08
-7.8117e-07
3.74853e-07
1.78361e-07
-2.79249e-07
7.88084e-08
8.28318e-08
-8.9245e-08
2.09771e-08
2.6145e-08
-2.80106e-08
8.97063e-09
5.5081e-09
-8.21983e-09
4.26503e-09
-4.31321e-11
-1.76019e-09
1.5626e-09
-6.81398e-10
-8.18475e-12
2.82633e-10
-2.7038e-10
1.56224e-10
-5.26027e-11
-5.92013e-12
2.63369e-11
-2.61324e-11
1.88662e-11
-1.14667e-11
6.18431e-12
-3.03756e-12
1.38225e-12
-5.79117e-13
2.63763e-13
2.9037e-14
4.91573e-13
1.74043e-12
6.51051e-12
2.35696e-11
8.32249e-11
2.86347e-10
9.59771e-10
3.13285e-09
9.95551e-09
3.0788e-08
9.26243e-08
2.70967e-07
7.70481e-07
2.12841e-06
5.70917e-06
1.48619e-05
3.75234e-05
9.18278e-05
0.000217664
0.000499353
0.00110784
0.00237465
0.00491294
0.00979998
0.0188244
0.0347732
0.0616792
0.104875
0.170617
0.265007
0.392038
0.550873
0.732992
0.920482
1.08711
1.2035
1.24636
1.2092
1.10961
0.987725
0.893073
0.863254
0.904606
0.98718
1.06043
1.0831
1.04902
0.98985
0.950874
0.956763
0.994445
1.0275
1.02939
1.00525
0.982663
0.982347
0.999211
1.01212
1.0088
0.997096
0.992099
0.997537
1.00411
1.00369
0.998923
0.99709
0.999592
1.00176
1.00081
0.999106
0.999265
1.00041
1.00053
0.999828
0.99966
1.00008
1.00021
0.999958
0.99988
1.00003
1.00007
0.999976
