1.00523
1.00111
0.996998
0.997746
1.00098
1.00193
1.00013
0.998775
0.999502
1.00064
1.0005
0.999717
0.999626
1.00011
1.00025
0.999966
0.999846
1.00001
1.00009
0.999996
0.999946
1
1.00003
0.999994
0.999983
1.00001
1.00001
0.999995
0.999997
1
1
0.999998
1
1
0.999999
1
1
1
1
1
1
1
1
1
1
1
1
1
1
1
1
1
1
1
1
1
1
1
1
1
1
1
1
1
1
1
1
1
1
1
1
1
1
1
1
0.999999
0.999998
0.999996
0.999989
0.999974
0.999937
0.999854
0.999671
0.999282
0.99848
0.996883
0.993818
0.988145
0.978047
0.960794
0.932564
0.888454
0.82287
0.730492
0.607937
0.456012
0.282048
0.101363
-0.0633947
-0.186092
-0.244248
-0.227878
-0.146617
-0.0308397
0.0762119
0.134353
0.124384
0.058567
-0.0241659
-0.0784305
-0.0780496
-0.0313139
0.0254999
0.0535742
0.0385871
-0.000946201
-0.030781
-0.0295256
-0.00452354
0.0181664
0.0192665
0.00266571
-0.0120469
-0.0111986
0.000512826
0.008399
0.00521592
-0.002639
-0.00522514
-0.00111466
0.00300154
0.00225448
-0.000978484
-0.00193406
-0.00012723
0.00122548
0.00049826
-0.000638659
-0.000496264
0.000282951
0.000373591
-0.000106593
-0.000247646
3.35504e-05
0.00015362
-9.37028e-06
-9.19481e-05
4.28078e-06
5.37505e-05
-4.74394e-06
-3.05584e-05
5.65867e-06
1.6542e-05
-5.65341e-06
-8.16327e-06
4.76274e-06
3.34767e-06
-3.42076e-06
-8.27195e-07
2.06291e-06
-2.49704e-07
-9.82404e-07
5.02638e-07
2.97064e-07
-3.81492e-07
2.44434e-08
1.77444e-07
-1.00949e-07
-3.33653e-08
6.69425e-08
-2.22963e-08
-1.8424e-08
2.18093e-08
-5.38647e-09
-6.46615e-09
6.87387e-09
-1.93207e-09
-1.66719e-09
2.10397e-09
-8.89603e-10
-2.09741e-10
5.53194e-10
-3.71732e-10
8.4073e-11
8.18478e-11
-1.08084e-10
6.5391e-11
-1.72813e-11
-9.77026e-12
1.6477e-11
-1.22952e-11
6.93646e-12
8.32837e-13
7.9121e-12
3.06393e-11
9.63845e-11
3.18411e-10
1.00845e-09
3.12938e-09
9.46982e-09
2.79584e-08
8.04937e-08
2.25911e-07
6.17827e-07
1.64576e-06
4.26817e-06
1.07716e-05
2.64396e-05
6.30848e-05
0.000146226
0.000329058
0.000718388
0.00152037
0.00311657
0.00618221
0.0118552
0.0219528
0.0392056
0.0674358
0.111546
0.17713
0.269508
0.392063
0.543988
0.717952
0.898637
1.06339
1.18609
1.24425
1.22788
1.14662
1.03084
0.923788
0.865647
0.875616
0.941433
1.02417
1.07843
1.07805
1.03131
0.9745
0.946426
0.961413
1.00095
1.03078
1.02953
1.00452
0.981834
0.980733
0.997334
1.01205
1.0112
0.999487
0.991601
0.994784
1.00264
