1
1
1
1
1
1
1
1
1
1
1
1
1
1
1
1
1
1
1
1
1
1
1
1
1
1
1
1
1
1
0.999999
0.999998
0.999994
0.999984
0.999956
0.999885
0.99971
0.999295
0.998354
0.996313
0.992087
0.983749
0.968119
0.940368
0.893874
0.820727
0.713328
0.567403
0.38613
0.184087
-0.0113781
-0.164165
-0.240225
-0.222961
-0.126346
0.00366901
0.105608
0.132658
0.0803404
-0.00881289
-0.0722618
-0.0711537
-0.018058
0.0360205
0.0468027
0.0143517
-0.0223424
-0.0276941
-0.00416907
0.016723
0.0134523
-0.00368651
-0.0111441
-0.00298224
0.00608593
0.00439206
-0.00238966
-0.00355949
0.0005591
0.00235155
8.48691e-05
-0.00142189
-0.00019324
0.000833883
0.00012937
-0.000485946
-4.50054e-05
0.00027894
-1.29996e-05
-0.000151301
3.90716e-05
7.14649e-05
-4.10336e-05
-2.42005e-05
2.97851e-05
6.76423e-07
-1.52569e-05
6.67951e-06
4.17168e-06
-5.42494e-06
1.04862e-06
1.93085e-06
-1.69293e-06
2.26925e-07
6.09068e-07
-5.39131e-07
1.36218e-07
1.27775e-07
-1.61855e-07
8.19445e-08
-3.76351e-09
-3.03111e-08
2.96214e-08
-1.61711e-08
4.21419e-09
2.03193e-09
-3.72755e-09
3.20334e-09
-2.10853e-09
1.18072e-09
-5.87205e-10
2.65374e-10
-1.10534e-10
4.2842e-11
-1.55596e-11
5.32322e-12
-1.72267e-12
5.29108e-13
-1.5467e-13
4.31327e-14
-1.14978e-14
2.93482e-15
-7.18395e-16
1.68865e-16
-3.81611e-17
8.30074e-18
-1.73355e-18
3.83634e-19
1.18628e-19
1.06468e-18
5.74267e-18
3.04874e-17
1.57163e-16
7.86929e-16
3.82654e-15
1.80671e-14
8.28135e-14
3.68428e-13
1.59054e-12
6.66145e-12
2.70587e-11
1.06569e-10
4.06818e-10
1.50474e-09
5.39082e-09
1.86981e-08
6.2762e-08
2.03771e-07
6.39596e-07
1.93972e-06
5.68031e-06
1.60513e-05
4.37356e-05
0.000114814
0.000290135
0.000705071
0.00164598
0.00368687
0.00791335
0.0162514
0.0318812
0.0596322
0.106126
0.179273
0.286672
0.432597
0.61387
0.815913
1.01138
1.16417
1.24023
1.22296
1.12635
0.996331
0.894392
0.867342
0.91966
1.00881
1.07226
1.07115
1.01806
0.96398
0.953197
0.985648
1.02234
1.02769
1.00417
0.983277
0.986548
1.00369
1.01114
1.00298
0.993914
0.995608
1.00239
1.00356
0.999441
0.997648
0.999915
1.00142
1.00019
0.999166
0.999871
1.00049
1.00005
0.999721
1.00001
1.00015
0.999961
0.999929
1.00004
1.00002
0.99997
0.999999
1.00002
0.999993
0.999996
1.00001
0.999999
0.999998
1
1
0.999999
1
1
1
1
1
1
1
1
1
1
1
1
1
1
1
1
1
1
1
1
1
1
1
