0.00596604
0.0108933
0.0193141
0.0332211
0.0553764
0.089351
0.139373
0.209867
0.30458
0.425284
0.570186
0.732428
0.899271
1.0527
1.17207
1.23877
1.24224
1.18528
1.0864
0.976828
0.891838
0.858447
0.884241
0.953015
1.03084
1.08135
1.08354
1.04246
0.985866
0.947709
0.947684
0.979941
1.01869
1.0371
1.02599
0.998591
0.978194
0.97905
0.996279
1.01254
1.01442
1.00341
0.992103
0.990828
0.998432
1.00554
1.00533
0.999845
0.996041
0.997448
1.00117
1.00253
1.00068
0.998615
0.998784
1.00033
1.00099
1.00024
0.999435
0.999609
1.00022
1.00034
0.999968
0.999769
0.999954
1.00014
1.00006
0.999928
0.999947
1.00004
1.00004
0.999983
0.999975
1.00001
1.00002
0.999995
0.999991
1
1.00001
0.999998
0.999997
1
1
0.999999
0.999999
1
1
1
1
1
1
1
1
1
1
1
1
1
1
1
1
1
1
1
1
1
1
1
1
1
1
1
1
1
1
1
0.999999
0.999999
0.999997
0.999992
0.999982
0.999959
0.999909
0.999805
0.999593
0.999171
0.998356
0.996824
0.994034
0.989107
0.980686
0.966779
0.944624
0.910649
0.860627
0.790133
0.69542
0.574716
0.429814
0.267572
0.100729
-0.0527041
-0.17207
-0.238773
-0.242239
-0.185284
-0.0864024
0.0231719
0.108162
0.141553
0.115759
0.0469852
-0.0308358
-0.0813469
-0.0835398
-0.0424554
0.0141344
0.0522908
0.0523163
0.0200591
-0.018693
-0.0371037
-0.0259907
0.00140911
0.0218056
0.0209504
0.00372105
-0.0125378
-0.0144217
-0.00341146
0.00789745
0.00917202
0.00156777
-0.00553851
-0.00532845
0.000155024
0.00395888
0.00255197
-0.00117345
-0.00253261
-0.000675814
0.00138505
0.00121632
-0.000328031
-0.000991417
-0.000236092
0.000564822
0.000390712
-0.000224024
-0.000338883
3.23408e-05
0.000230517
4.56894e-05
-0.000135698
-6.17536e-05
7.23639e-05
5.27469e-05
-3.61177e-05
-3.79281e-05
1.749e-05
2.48887e-05
-8.64521e-06
-1.54379e-05
4.64801e-06
9.19562e-06
-2.83722e-06
-5.27501e-06
1.93461e-06
2.88754e-06
-1.3884e-06
-1.47208e-06
9.88629e-07
6.63213e-07
-6.69597e-07
-2.29385e-07
4.1752e-07
2.263e-08
-2.31021e-07
5.36206e-08
1.0638e-07
-6.27812e-08
-3.40792e-08
4.50161e-08
3.29711e-10
-2.31819e-08
9.60778e-09
7.46159e-09
-8.24179e-09
2.34087e-10
3.95091e-09
-2.15199e-09
-7.70767e-10
1.46713e-09
-4.59485e-10
-4.00725e-10
5.40913e-10
9.29701e-11
4.04398e-10
1.75638e-09
4.47203e-09
1.2309e-08
3.32701e-08
8.7449e-08
2.25373e-07
5.68358e-07
1.40195e-06
3.38171e-06
7.97358e-06
1.83699e-05
4.13343e-05
9.07946e-05
0.000194599
0.000406741
0.000828598
0.00164417
0.00317565
