1
1
1
1
1
1
1
1
1
1
1
1
1
0.999999
0.999998
0.999994
0.999981
0.999944
0.999845
0.99959
0.998963
0.997497
0.994238
0.987378
0.973731
0.948174
0.903307
0.829865
0.71858
0.563995
0.369938
0.154772
-0.0472158
-0.192379
-0.243732
-0.191699
-0.0678056
0.062164
0.129631
0.104638
0.0177348
-0.0605215
-0.0736335
-0.024163
0.032706
0.0442615
0.0103197
-0.0239352
-0.0226452
0.0030531
0.0169514
0.00610218
-0.00854672
-0.00714502
0.00316883
0.00535249
-0.000797287
-0.003407
7.47696e-05
0.00202738
2.03206e-06
-0.00116771
8.18339e-05
0.000642909
-0.00014916
-0.000317647
0.000159087
0.000120273
-0.00012273
-1.49148e-05
6.78259e-05
-2.38252e-05
-2.10689e-05
2.27749e-05
-3.25044e-06
-8.55839e-06
7.09067e-06
-1.06455e-06
-2.35945e-06
2.27033e-06
-8.09681e-07
-2.79018e-07
5.7913e-07
-4.11214e-07
1.54331e-07
1.2041e-08
-7.20867e-08
7.03767e-08
-4.83772e-08
2.74061e-08
-1.35393e-08
6.00048e-09
-2.42632e-09
9.05207e-10
-3.14092e-10
1.01972e-10
-3.11212e-11
8.96227e-12
-2.44292e-12
6.31912e-13
-1.55459e-13
3.64426e-14
-8.15368e-15
1.7437e-15
-3.56879e-16
6.99822e-17
-1.31616e-17
2.37617e-18
-4.12137e-19
6.87258e-20
-1.10254e-20
1.70264e-21
-2.53242e-22
3.62959e-23
-5.00384e-24
7.5838e-25
6.50213e-25
5.81356e-24
4.42138e-23
3.25646e-22
2.31844e-21
1.59565e-20
1.06164e-19
6.8283e-19
4.2455e-18
2.55155e-17
1.4822e-16
8.32128e-16
4.51444e-15
2.36636e-14
1.19825e-13
5.8602e-13
2.76744e-12
1.26162e-11
5.55058e-11
2.35594e-10
9.64379e-10
3.80553e-09
1.44702e-08
5.29919e-08
1.86805e-07
6.33515e-07
2.06551e-06
6.46978e-06
1.94536e-05
5.61024e-05
0.000155029
0.000410046
0.00103687
0.00250331
0.00576184
0.0126224
0.0262691
0.0518258
0.0966933
0.170135
0.28142
0.436005
0.630062
0.845228
1.04722
1.19238
1.24373
1.1917
1.06781
0.937836
0.870369
0.895362
0.982265
1.06052
1.07363
1.02416
0.967294
0.955739
0.98968
1.02394
1.02265
0.996947
0.983049
0.993898
1.00855
1.00715
0.996831
0.994648
1.0008
1.00341
0.999925
0.997973
0.999998
1.00117
0.999918
0.999357
1.00015
1.00032
0.999841
0.99988
1.00012
1.00001
0.999932
1.00002
1.00002
0.999977
1
1.00001
0.999993
1
1
0.999998
1
1
0.999999
1
1
1
1
1
1
1
1
1
1
1
1
1
1
1
1
1
1
1
1
1
1
1
1
1
1
1
1
1
1
1
1
1
1
1
1
1
1
1
1
1
1
1
1
1
