3.38489e-28
1.60905e-27
7.54947e-27
3.49572e-26
1.59727e-25
7.20086e-25
3.2026e-24
1.405e-23
6.07922e-23
2.59391e-22
1.09128e-21
4.52614e-21
1.8504e-20
7.45556e-20
2.96007e-19
1.15786e-18
4.46141e-18
1.69305e-17
6.3266e-17
2.3275e-16
8.42835e-16
3.00359e-15
1.05315e-14
3.63242e-14
1.23213e-13
4.10936e-13
1.34721e-12
4.34038e-12
1.37384e-11
4.2711e-11
1.30379e-10
3.90668e-10
1.14868e-09
3.31311e-09
9.37051e-09
2.59788e-08
7.05718e-08
1.87768e-07
4.89101e-07
1.2467e-06
3.10809e-06
7.57477e-06
1.80363e-05
4.19342e-05
9.51383e-05
0.00021048
0.000453748
0.000952407
0.00194473
0.00385937
0.00743619
0.0138955
0.0251507
0.0440336
0.0744585
0.121396
0.190467
0.286962
0.414146
0.570952
0.749527
0.933624
1.09916
1.21816
1.2665
1.23382
1.13199
0.996939
0.879891
0.828023
0.861676
0.960275
1.06851
1.12468
1.09805
1.011
0.926838
0.905757
0.958922
1.03827
1.07571
1.04238
0.974858
0.939981
0.968701
1.02539
1.04745
1.01464
0.970037
0.966785
1.00383
1.03054
1.01436
0.981969
0.978908
1.00535
1.01989
1.00324
0.984641
0.99253
1.0106
1.00865
0.99307
0.991816
1.00459
1.00704
0.996681
0.99429
1.00276
1.0044
0.997406
0.996845
1.00256
1.00197
0.997538
0.999123
1.00218
0.999941
0.998343
1.00072
1.00095
0.998997
0.999794
1.00087
0.999649
0.999561
1.00055
0.999954
0.999628
1.00031
1.00003
0.999747
1.00019
1.00001
0.999847
1.00014
0.999977
0.999926
1.00009
0.999952
0.999987
1.00005
0.999952
1.00002
1
0.999979
1.00003
0.999981
1.00001
1
0.999993
1.00001
0.99999
1.00001
0.999994
1
0.999997
1
0.999999
1
1
1
1
1
1
1
1
1
1
1
1
1
1
1
1
1
1
1
1
1
1
1
1
1
1
1
1
1
1
1
1
1
1
1
1
1
1
1
1
1
1
1
1
1
1
1
1
1
1
1
1
1
1
1
1
1
1
1
1
1
1
1
1
1
1
1
1
1
1
1
1
1
1
1
1
1
1
1
1
1
1
1
1
1
1
1
1
1
1
1
1
1
1
1
1
1
1
1
1
1
1
1
1
1
1
1
1
1
1
1
1
1
1
1
1
1
1
1
1
1
1
1
1
1
1
1
1
1
1
1
1
1
1
1
1
0.999999
0.999997
0.999992
0.999982
0.999958
0.999905
0.99979
0.999546
0.999048
0.998055
0.996141
0.992564
0.986105
0.974849
0.955966
0.925541
0.878604
0.809533
0.713038
0.585854
0.429048
0.250473
0.0663762
-0.0991552
-0.218159
-0.266504
-0.233824
-0.131986
0.00306061
0.120109
0.171977
0.138324
0.0397253
-0.0685069
-0.124683
-0.0980458
-0.0110038
0.0731621
0.0942433
0.0410776
-0.0382721
-0.0757131
-0.0423831
0.0251418
0.0600189
0.0312991
-0.0253873
-0.0474509
-0.0146423
0.029963
0.0332147
-0.00382969
-0.030545
-0.0143622
0.0180305
0.0210918
-0.0053544
-0.0198851
-0.00323912
0.0153593
0.00747029
-0.0105968
-0.00864954
0.00693034
0.00818365
-0.00458758
-0.00703592
0.00331869
0.00570964
-0.00276232
-0.00440129
0.00259362
0.00315526
-0.00255707
-0.00197292
0.0024615
0.000877258
-0.00217854
5.91915e-05
0.00165741
-0.000722506
-0.000947906
0.00100349
0.00020586
-0.00087149
0.000350786
0.000438568
-0.000546652
4.62515e-05
0.000372479
-0.000313286
-2.90182e-05
0.000253429
-0.000193985
-1.32969e-05
0.000152774
-0.000135192
2.267e-05
7.38843e-05
-9.34097e-05
4.81447e-05
1.2702e-05
-4.84545e-05
4.79507e-05
-2.39056e-05
-3.83933e-06
2.1465e-05
-2.52555e-05
1.88483e-05
-8.36344e-06
-1.2191e-06
7.42833e-06
-9.9879e-06
9.83296e-06
-8.20299e-06
6.11105e-06
-4.17272e-06
2.65187e-06
-1.58452e-06
8.96533e-07
-4.8292e-07
2.48675e-07
-1.22825e-07
5.83483e-08
-2.67216e-08
1.18207e-08
-5.0595e-09
2.09849e-09
-8.44525e-10
3.30169e-10
-1.25527e-10
4.64551e-11
-1.67495e-11
5.8883e-12
-2.01984e-12
6.76512e-13
-2.21381e-13
7.08216e-14
-2.21609e-14
6.78621e-15
-2.03467e-15
5.9756e-16
-1.71979e-16
4.85234e-17
-1.34268e-17
3.64497e-18
-9.71107e-19
2.53999e-19
-6.52414e-20
1.64615e-20
-4.08125e-21
9.94516e-22
-2.38253e-22
5.61279e-23
-1.30058e-23
2.96493e-24
-6.65126e-25
1.46858e-25
-3.19218e-26
6.83209e-27
-1.44006e-27
2.98985e-28
-6.11552e-29
1.23256e-29
-2.4482e-30
4.7931e-31
-9.25093e-32
1.76043e-32
-3.30353e-33
6.11402e-34
-1.11615e-34
2.01013e-35
-3.57179e-36
6.26273e-37
-1.0837e-37
1.85086e-38
-3.12039e-39
5.19351e-40
-8.53452e-41
1.38487e-41
-2.21918e-42
3.51219e-43
-5.49042e-44
8.47847e-45
-1.29346e-45
1.94964e-46
-2.90364e-47
4.27974e-48
-5.80493e-49
3.63791e-49
1.79951e-48
1.18408e-47
7.65127e-47
4.89141e-46
3.09305e-45
1.93448e-44
1.19658e-43
7.31958e-43
4.42761e-42
2.64826e-41
1.56614e-40
9.15683e-40
5.29265e-39
3.02399e-38
1.70779e-37
9.5323e-37
5.2582e-36
2.86626e-35
1.54381e-34
8.21558e-34
4.31922e-33
2.24314e-32
1.15067e-31
5.82968e-31
2.91673e-30
1.44099e-29
7.02898e-29
