0.96737
0.931989
0.867964
0.762191
0.6045
0.39595
0.158054
-0.0636491
-0.210031
-0.23579
-0.142884
0.00540496
0.1129
0.11461
0.0289315
-0.0566967
-0.0667378
-0.00965805
0.0394282
0.0296297
-0.0109549
-0.0240939
-0.00186727
0.0145433
0.0044758
-0.00804622
-0.0034102
0.00456069
0.0017834
-0.00271053
-0.000546075
0.00156754
-0.000147414
-0.000754734
0.000369072
0.00020653
-0.000281271
5.85428e-05
9.43536e-05
-8.85942e-05
2.10687e-05
2.23801e-05
-2.69971e-05
1.38088e-05
-1.50676e-06
-4.05061e-06
4.60961e-06
-3.24797e-06
1.80305e-06
-8.49594e-07
3.51978e-07
-1.3085e-07
4.42347e-08
-1.37262e-08
3.93702e-09
-1.04944e-09
2.61093e-10
-6.0842e-11
1.33183e-11
-2.74534e-12
5.34013e-13
-9.81962e-14
1.7096e-14
-2.82185e-15
4.42098e-16
-6.58092e-17
9.31584e-18
-1.25504e-18
1.61019e-19
-1.96847e-20
2.29415e-21
-2.54992e-22
2.70388e-23
-2.73599e-24
2.64236e-25
-2.43598e-26
2.14383e-27
-1.80113e-28
1.44449e-29
-1.10573e-30
8.0776e-32
-5.63002e-33
3.7429e-34
-2.37255e-35
1.44612e-36
1.71243e-37
4.78993e-36
8.50279e-35
1.42577e-33
2.25956e-32
3.38897e-31
4.81625e-30
6.49262e-29
8.31056e-28
1.01094e-26
1.16964e-25
1.28801e-24
1.35086e-23
1.3501e-22
1.28648e-21
1.16927e-20
1.01404e-19
8.39398e-19
6.63375e-18
5.00629e-17
3.60829e-16
2.48402e-15
1.6334e-14
1.0259e-13
6.15404e-13
3.52534e-12
1.92817e-11
1.00667e-10
5.01517e-10
2.38331e-09
1.07988e-08
4.66272e-08
1.91739e-07
7.50386e-07
2.79266e-06
9.8745e-06
3.31384e-05
0.00010543
0.000317567
0.000904273
0.00243006
0.00615097
0.0146324
0.0326303
0.0680108
0.132036
0.237809
0.3955
0.60405
0.841946
1.06365
1.21003
1.23579
1.14288
0.994595
0.8871
0.88539
0.971068
1.0567
1.06674
1.00966
0.960572
0.97037
1.01095
1.02409
1.00187
0.985457
0.995524
1.00805
1.00341
0.995439
0.998217
1.00271
1.00055
0.998432
1.00015
1.00075
0.999631
0.999793
1.00028
0.999941
0.999906
1.00009
0.999979
0.999978
1.00003
0.999986
1
1
0.999995
1
0.999998
1
1
1
1
1
1
1
1
1
1
1
1
1
1
1
1
1
1
1
1
1
1
1
1
1
1
1
1
1
1
1
1
1
1
1
1
1
1
1
1
1
1
1
1
1
1
1
1
1
1
1
1
1
1
1
1
1
1
1
1
1
1
1
1
1
1
1
1
1
0.999999
0.999997
0.99999
0.999967
0.999895
0.999682
0.999096
0.99757
0.993849
0.985368
