1.2889e-05
-3.18516e-06
7.31212e-07
-1.566e-07
3.14012e-08
-5.91373e-09
1.04886e-09
-1.75613e-10
2.78164e-11
-4.17611e-12
5.95264e-13
-8.06824e-14
1.04131e-14
-1.28133e-15
1.50494e-16
-1.68891e-17
1.81274e-18
-1.86248e-19
1.83324e-20
-1.72996e-21
1.56617e-22
-1.36111e-23
1.13618e-24
-9.1143e-26
7.02963e-27
-5.21509e-28
3.72291e-29
-2.55831e-30
1.69282e-31
-1.07891e-32
6.6251e-34
-3.92038e-35
2.23605e-36
-1.22951e-37
6.51836e-39
-3.33241e-40
1.64297e-41
-7.81247e-43
3.58303e-44
-1.58499e-45
6.76266e-47
-2.78298e-48
1.10454e-49
-4.22768e-51
1.56036e-52
-5.55262e-54
1.90482e-55
-6.29822e-57
2.00678e-58
-6.16027e-60
1.82139e-61
-5.18545e-63
1.42105e-64
-3.74728e-66
9.50473e-68
-2.31791e-69
5.4323e-71
-1.22288e-72
2.64279e-74
-5.47972e-76
1.08942e-77
-2.07524e-79
3.7849e-81
-6.60384e-83
1.10132e-84
-1.75382e-86
2.66417e-88
-3.85615e-90
5.31162e-92
-6.9534e-94
8.6383e-96
-1.01677e-97
1.13193e-99
-1.18951e-101
1.17745e-103
-1.09523e-105
9.54783e-108
-7.77763e-110
5.90035e-112
-4.15283e-114
2.69997e-116
-1.61342e-118
8.81004e-121
-4.36584e-123
1.9474e-125
-7.74141e-128
2.709e-130
-8.21525e-133
2.11516e-135
-4.49554e-138
7.57259e-141
-9.47853e-144
7.83713e-147
-3.21062e-150
0
0
0
0
0
0
0
0
0
0
0
0
0
0
0
0
0
0
0
0
0
0
0
0
0
0
0
0
0
0
0
0
0
0
1.51446e-140
3.02741e-137
2.99853e-134
1.96187e-131
9.5384e-129
3.67547e-126
1.16916e-123
3.15757e-121
7.39035e-119
1.52268e-116
2.79602e-114
4.62145e-112
6.93242e-110
9.50263e-108
1.19725e-105
1.39344e-103
1.50466e-101
1.51316e-99
1.42196e-97
1.25239e-95
1.03655e-93
8.0813e-92
5.94757e-90
4.14009e-88
2.73061e-86
1.70917e-84
1.01677e-82
5.75648e-81
3.10544e-79
1.59812e-77
7.85366e-76
3.68914e-74
1.65789e-72
7.13371e-71
2.94127e-69
1.16283e-67
4.41099e-66
1.60641e-64
5.61972e-63
1.88942e-61
6.10805e-60
1.89942e-58
5.68396e-57
1.63739e-55
4.54214e-54
1.21369e-52
3.12469e-51
7.75281e-50
1.8542e-48
4.27541e-47
9.50581e-46
2.0382e-44
4.21502e-43
8.40774e-42
1.61775e-40
3.0027e-39
5.37628e-38
9.28576e-37
1.54704e-35
2.48602e-34
3.85294e-33
5.75855e-32
8.29869e-31
1.15295e-29
1.54395e-28
1.99243e-27
2.47715e-26
2.96637e-25
3.42031e-24
3.79601e-23
4.05367e-22
4.16344e-21
4.11095e-20
3.90039e-19
3.554e-18
3.10829e-17
2.60761e-16
2.09695e-15
1.61522e-14
1.19076e-13
8.39429e-13
5.65319e-12
3.63329e-11
2.22592e-10
1.29831e-09
7.19968e-09
3.79018e-08
1.89102e-07
8.92539e-07
3.97705e-06
1.6692e-05
6.58195e-05
0.000243131
0.000838562
0.00269026
0.00799317
0.0218818
0.0548604
0.125052
0.256892
0.470452
0.757749
1.05575
1.24832
1.23361
1.03741
0.850894
0.869547
1.04589
1.11715
0.990945
0.911125
1.01438
1.06209
0.965502
0.973861
1.04225
0.983388
0.986997
1.02567
0.976704
1.01533
0.991836
1.0037
0.998532
1.00052
0.999834
1.00005
0.999987
1
0.999999
1
1
1
1
1
1
1
1
1
1
1
1
1
1
1
1
1
1
1
1
1
1
1
1
1
1
1
1
1
1
1
1
1
1
1
1
1
1
1
1
1
1
1
1
1
1
1
1
1
1
1
1
1
1
1
1
1
1
1
1
1
1
1
1
1
1
1
1
1
1
1
1
1
1
1
1
1
1
1
1
1
1
1
1
1
1
1
1
1
1
1
1
1
1
1
1
1
1
1
1
1
1
1
1
1
1
1
1
1
1
1
1
1
1
1
1
1
1
1
1
1
1
1
1
1
1
1
1
1
1
1
1
1
1
1
1
1
1
1
1
1
1
1
1
1
1
1
1
1
1
1
1
1
1
1
1
1
1
1
1
1
1
1
1
1
1
1
1
1
1
1
1
1
1
1
1
1
1
1
1
1
1
1
1
1
1
1
1
1
1
1
1
1
1
1
1
1
1
1
1
1
1
1
1
1
1
1
1
1
1
1
1
1
0.999999
0.999996
0.999983
0.999934
0.999757
0.999161
0.99731
0.992007
0.978118
0.94514
0.874948
0.743108
0.529548
0.242251
-0.055753
-0.248318
-0.233613
-0.0374083
0.149106
0.130453
-0.0458891
-0.117149
0.00905535
0.0888754
-0.0143831
-0.0620862
0.0344978
0.0261388
-0.0422463
0.0166122
0.0130032
-0.0256669
0.0232964
-0.0153252
0.00816395
-0.00370037
0.00146777
-0.000518911
0.000165643
-4.82078e-05
