0
819595
-8.4321e+06
4.18119e+07
-1.32875e+08
3.03629e+08
-5.30672e+08
7.36811e+08
-8.33328e+08
7.81078e+08
-6.14071e+08
4.08313e+08
-2.30871e+08
1.11341e+08
-4.58401e+07
1.60927e+07
-4.80151e+06
1.21064e+06
-255743
44708.1
-6353.68
716.803
-60.6875
4.59676
0.623871
0.739539
0.698829
0.659234
0.618054
0.575392
0.531328
0.486004
0.43949
0.391933
0.34342
0.294088
0.24404
0.193413
0.14231
0.0908748
0.0392107
-0.01254
-0.0642661
-0.115834
-0.167125
-0.21801
-0.268376
-0.318085
-0.367042
-0.415104
-0.462162
-0.508134
-0.552828
-0.596265
-0.638183
-0.678638
-0.717405
-0.754468
-0.789717
-0.823043
-0.854408
-0.883705
-0.910865
-0.935851
-0.958563
-0.978974
-0.997027
-1.01268
-1.02587
-1.03665
-1.04485
-1.05061
-1.05378
-1.05443
-1.05257
-1.04812
-1.0412
-1.03173
-1.01979
-1.0054
-0.98858
-0.969368
-0.947849
-0.924016
-0.897975
-0.869774
-0.839452
-0.807151
-0.77285
-0.736752
-0.698807
-0.659254
-0.618041
-0.575398
-0.531327
-0.486004
-0.439486
-0.391941
-0.343409
-0.294099
-0.244032
-0.193417
-0.142311
-0.0908702
-0.0392172
0.0125477
0.0642581
0.115841
0.16712
0.218011
0.268379
0.31808
0.36705
0.415091
0.462182
0.508104
0.552867
0.596222
0.638222
0.678611
0.717415
0.754476
0.789697
0.823066
0.854388
0.88372
0.910851
0.935869
