0.480568
0.501663
0.522458
0.542941
0.5631
0.582922
0.602395
0.621509
0.640251
0.65861
0.676576
0.694137
0.711284
0.728005
0.744291
0.760133
0.77552
0.790444
0.804895
0.818865
0.832345
0.845329
0.857806
0.869772
0.881217
0.892136
0.902521
0.912367
0.921668
0.930418
0.938612
0.946245
0.953312
0.959809
0.965733
0.97108
0.975846
0.980029
0.983626
0.986635
0.989055
0.990883
0.99212
0.992763
0.992813
0.992269
0.991133
0.989404
0.987083
0.984173
0.980675
0.97659
0.971922
0.966672
0.960845
0.954444
0.947473
0.939935
0.931835
0.923178
0.913969
0.904215
0.89392
0.88309
0.871733
0.859854
0.847462
0.834563
0.821166
0.807278
0.792907
0.778062
0.762752
0.746986
0.730774
0.714125
0.69705
0.679557
0.661659
0.643365
0.624686
0.605634
0.586221
0.566456
0.546354
0.525924
0.505181
0.484135
0.4628
0.441188
0.419313
0.397187
0.374824
0.352237
0.329439
0.306444
0.283266
0.259919
0.236416
0.212773
0.189002
0.165118
0.141135
0.117068
0.092931
0.0687384
0.0445048
0.0202446
-0.00402771
-0.0282976
-0.0525506
-0.0767722
-0.100948
-0.125063
-0.149104
-0.173055
-0.196903
-0.220634
-0.244232
-0.267685
-0.290977
-0.314096
-0.337027
-0.359756
-0.382271
-0.404557
-0.426601
-0.44839
-0.469911
-0.491152
-0.512099
-0.532739
-0.553062
-0.573053
-0.592703
-0.611998
-0.630927
-0.649479
-0.667643
-0.685408
-0.702763
-0.719698
-0.736203
-0.752268
-0.767884
-0.78304
-0.797729
-0.81194
-0.825667
-0.8389
-0.851631
-0.863854
-0.87556
-0.886743
-0.897396
-0.907512
-0.917086
-0.926112
-0.934585
-0.942499
-0.949849
-0.956632
-0.962843
-0.968479
-0.973535
-0.97801
-0.981901
-0.985204
-0.987919
-0.990043
-0.991576
-0.992515
-0.992862
-0.992615
-0.991775
-0.990342
-0.988317
-0.985702
-0.982497
-0.978705
-0.974329
-0.96937
-0.963831
-0.957716
-0.951029
-0.943774
-0.935955
-0.927576
-0.918642
-0.90916
-0.899134
-0.888571
-0.877477
-0.865858
-0.853722
-0.841076
-0.827926
-0.814283
-0.800152
-0.785543
-0.770465
-0.754926
-0.738936
-0.722504
-0.70564
-0.688355
-0.670658
-0.652561
-0.634073
-0.615206
-0.595972
-0.576381
-0.556446
-0.536179
-0.51559
-0.494694
-0.473501
-0.452023
-0.430274
-0.408264
-0.386005
-0.363504
-0.340771
-0.31781
-0.294621
-0.271203
-0.247546
-0.223639
-0.199466
-0.175008
-0.15025
-0.125182
-0.0998064
-0.0741423
-0.0482285
-0.0221255
0.00408723
0.0303164
0.056464
0.0824373
0.108158
0.13357
0.158642
0.183367
0.207757
0.231834
0.255629
0.279166
0.302466
0.325542
0.348399
0.371034
0.393441
0.415609
0.437528
0.459185
