0
1.369e+13
-3.09036e+14
3.42221e+15
-2.47758e+16
1.3186e+17
-5.50005e+17
1.87196e+18
-5.34442e+18
1.30585e+19
-2.77243e+19
5.17533e+19
-8.57466e+19
1.27062e+20
-1.69459e+20
2.04469e+20
-2.24181e+20
2.24164e+20
-2.05053e+20
1.72035e+20
-1.32665e+20
9.42012e+19
-6.16797e+19
3.72831e+19
-2.08228e+19
1.07519e+19
-5.13452e+18
2.26795e+18
-9.2646e+17
3.49877e+17
-1.22075e+17
3.93164e+16
-1.16748e+16
3.19166e+15
-8.0184e+14
1.84721e+14
-3.89195e+13
7.47643e+12
-1.30465e+12
2.05901e+11
-2.92364e+10
3.71225e+09
-4.19042e+08
4.23969e+07
-4.53514e+06
1.20712e+06
-923741
846256
-757495
662625
-592019
571885
-601698
634508
-572017
286228
330773
-1.30501e+06
2.53597e+06
-3.79736e+06
4.79362e+06
-5.25671e+06
5.0467e+06
-4.2139e+06
2.99226e+06
-1.72066e+06
719432
-173901
79955.5
-281003
578468
-853698
1.12764e+06
-1.5197e+06
2.12985e+06
-2.91907e+06
3.66788e+06
-4.04777e+06
3.77368e+06
-2.75732e+06
1.17736e+06
575608
-2.0572e+06
2.95368e+06
-3.19977e+06
2.97059e+06
-2.55638e+06
2.19389e+06
-1.95004e+06
1.71762e+06
-1.31089e+06
590898
456743
-1.72476e+06
3.04332e+06
-4.24331e+06
5.18927e+06
-5.78536e+06
5.98053e+06
-5.78763e+06
5.30288e+06
-4.69632e+06
4.15943e+06
-3.82826e+06
3.72385e+06
-3.74544e+06
3.72143e+06
-3.48987e+06
2.96648e+06
-2.1709e+06
1.20908e+06
-232013
-604401
1.16622e+06
-1.35819e+06
1.13871e+06
-532905
-367422
1.42825e+06
-2.51741e+06
3.54456e+06
-4.46838e+06
5.26252e+06
-5.86282e+06
6.13911e+06
-5.92323e+06
5.08803e+06
-3.63221e+06
