0.279387
0.302689
0.325763
0.348615
0.371244
0.393642
0.415802
0.437712
0.459359
0.480732
0.501817
0.522603
0.543076
0.563224
0.583036
0.602499
0.621603
0.640334
0.658683
0.676639
0.69419
0.711326
0.728037
0.744312
0.760143
0.77552
0.790433
0.804873
0.818833
0.832303
0.845275
0.857743
0.869698
0.881133
0.892041
0.902416
0.912252
0.921543
0.930282
0.938466
0.946089
0.953147
0.959634
0.965548
0.970886
0.975642
0.979816
0.983404
0.986404
0.988815
0.990635
0.991862
0.992497
0.992539
0.991987
0.990843
0.989106
0.986778
0.983861
0.980355
0.976263
0.971588
0.966332
0.960499
0.954091
0.947114
0.93957
0.931464
0.922802
0.913589
0.903829
0.893529
0.882695
0.871334
0.859451
0.847055
0.834153
0.820752
0.806861
0.792488
0.77764
0.762328
0.746561
0.730347
0.713696
0.696619
0.679126
0.661227
0.642932
0.624254
0.605202
0.585788
0.566025
0.545923
0.525495
0.504752
0.483708
0.462375
0.440766
0.418893
0.39677
0.374409
0.351825
0.329031
0.306039
0.282865
0.259522
0.236024
0.212385
0.188619
0.16474
0.140762
0.116701
0.0925695
0.0683829
0.0441554
0.0199015
-0.00436425
-0.0286274
-0.0528735
-0.0770879
-0.101256
-0.125364
-0.149397
-0.173341
-0.197181
-0.220903
-0.244493
-0.267937
-0.291221
-0.314331
-0.337253
-0.359973
-0.382478
-0.404755
-0.42679
-0.448569
-0.470081
-0.491311
-0.512248
-0.532879
-0.553191
-0.573173
-0.592812
-0.612097
-0.631016
-0.649557
-0.667711
-0.685465
-0.70281
-0.719735
-0.736229
-0.752284
-0.767889
-0.783035
-0.797712
-0.811914
-0.825629
-0.838852
-0.851573
-0.863785
-0.875481
-0.886653
-0.897296
-0.907402
-0.916966
-0.925982
-0.934444
-0.942348
-0.949689
-0.956462
-0.962663
-0.968289
-0.973337
-0.977802
-0.981683
-0.984978
-0.987683
-0.989799
-0.991323
-0.992254
-0.992592
-0.992337
-0.991489
-0.990048
-0.988016
-0.985393
-0.982181
-0.978382
-0.973998
-0.969033
-0.963487
-0.957367
-0.950673
-0.943412
-0.935587
-0.927203
-0.918264
-0.908777
-0.898746
-0.888179
-0.87708
-0.865457
-0.853317
-0.840667
-0.827515
-0.813868
-0.799734
-0.785123
-0.770042
-0.754501
-0.738509
-0.722075
-0.705211
-0.687924
-0.670227
-0.652128
-0.63364
-0.614774
-0.59554
-0.57595
-0.556015
-0.535748
-0.515161
-0.494266
-0.473074
-0.451599
-0.429851
-0.407842
-0.385583
-0.363082
-0.340348
-0.317383
-0.294189
-0.270763
-0.247097
-0.223179
-0.198994
-0.174526
-0.149761
-0.124692
-0.0993233
-0.0736758
-0.0477888
-0.0217214
0.00444935
0.0306342
0.0567398
0.0826773
0.108372
0.133768
0.158834
0.183561
0.207957
0.232043
0.255845
