-0.98918
-0.982155
-0.972765
-0.961031
-0.946981
-0.930651
-0.912078
-0.891308
-0.868391
-0.843382
-0.816341
-0.787333
-0.756429
-0.723702
-0.689232
-0.653102
-0.615398
-0.576211
-0.535637
-0.493772
-0.450717
-0.406577
-0.361457
-0.315466
-0.268716
-0.221318
-0.173387
-0.125038
-0.0763879
-0.0275538
0.0213467
0.0701957
0.118876
0.167269
0.21526
0.262732
0.309571
0.355664
0.400901
0.445171
0.48837
0.530391
0.571135
0.610503
0.6484
0.684736
0.719421
0.752374
0.783514
0.812766
0.84006
0.865331
0.888517
0.909562
0.928416
0.945034
0.959375
0.971404
0.981094
0.98842
0.993364
0.995916
0.996068
0.993821
0.98918
0.982155
0.972765
0.961031
0.946981
0.930651
0.912078
0.891308
0.868391
0.843382
0.816341
0.787333
0.756429
0.723702
0.689232
0.653102
0.615398
0.576211
0.535637
0.493772
0.450717
0.406577
0.361457
0.315466
0.268716
0.221318
0.173387
0.125038
0.0763879
0.0275538
-0.0213467
-0.0701957
-0.118876
-0.167269
-0.21526
-0.262732
-0.309571
-0.355664
-0.400901
-0.445171
-0.48837
-0.530391
-0.571135
-0.610503
-0.6484
-0.684736
-0.719421
-0.752374
-0.783514
-0.812766
-0.84006
-0.865331
-0.888517
-0.909562
-0.928416
-0.945034
-0.959375
-0.971404
-0.981094
-0.98842
-0.993364
-0.995916
-0.996068
-0.993821
