0.637868
0.647216
0.656467
0.665619
0.674671
0.683621
0.692468
0.701211
0.709848
0.718378
0.7268
0.735113
0.743315
0.751405
0.759382
0.767244
0.774991
0.782622
0.790134
0.797528
0.804801
0.811953
0.818983
0.825889
0.832671
0.839328
0.845858
0.852261
0.858536
0.864681
0.870696
0.87658
0.882332
0.887951
0.893437
0.898787
0.904003
0.909082
0.914025
0.918829
0.923496
0.928023
0.932411
0.936658
0.940764
0.944728
0.94855
0.95223
0.955766
0.959157
0.962405
0.965508
0.968465
0.971276
0.973941
0.976459
0.978831
0.981055
0.983131
0.985059
0.986839
0.98847
0.989952
0.991285
0.992469
0.993504
0.994389
0.995124
0.995709
0.996144
0.99643
0.996565
0.99655
0.996385
0.99607
0.995605
0.99499
0.994225
0.993311
0.992247
0.991033
0.98967
0.988158
0.986498
0.984689
0.982731
0.980626
0.978373
0.975972
0.973425
0.970731
0.96789
0.964904
0.961773
0.958497
0.955076
0.951512
0.947804
0.943954
0.939961
0.935827
0.931552
0.927137
0.922582
0.917888
0.913056
0.908087
0.90298
0.897738
0.89236
0.886848
0.881203
0.875425
0.869515
0.863474
0.857303
0.851003
0.844574
0.838019
0.831337
0.82453
0.817599
0.810545
0.803369
0.796072
0.788655
0.781119
0.773465
0.765695
0.75781
0.749811
0.741698
0.733474
0.72514
0.716696
0.708145
0.699486
0.690723
0.681855
0.672885
0.663813
0.654642
0.645371
0.636004
0.626541
0.616983
0.607333
0.597591
0.587759
0.577839
0.567831
0.557738
0.547562
0.537302
0.526962
0.516542
0.506045
0.495471
0.484823
0.474101
0.463309
0.452446
0.441516
0.430519
0.419457
0.408332
0.397145
0.385899
0.374594
0.363233
0.351818
0.340349
0.328829
0.31726
0.305643
0.293979
0.282272
0.270522
0.258731
0.246902
0.235035
0.223133
0.211197
0.199229
0.187231
0.175205
0.163153
0.151076
0.138977
0.126856
0.114717
0.10256
0.0903876
0.0782017
0.066004
0.0537963
0.0415806
0.0293585
0.0171321
0.0049031
-0.00732665
-0.0195553
-0.031781
-0.0440019
-0.0562162
-0.068422
-0.0806176
-0.0928009
-0.10497
-0.117124
-0.12926
-0.141376
-0.153472
-0.165544
-0.177591
-0.189611
-0.201603
-0.213565
-0.225494
-0.237389
-0.249249
-0.261071
-0.272854
-0.284595
-0.296294
-0.307949
-0.319556
-0.331116
-0.342626
-0.354084
-0.365489
-0.376839
-0.388132
-0.399367
-0.410541
-0.421654
-0.432703
-0.443687
-0.454604
-0.465453
-0.476232
-0.486939
-0.497572
-0.508131
-0.518613
-0.529017
-0.539342
-0.549585
-0.559745
-0.569821
-0.579812
-0.589715
-0.599529
-0.609253
-0.618885
-0.628424
-0.637868
-0.647216
-0.656467
-0.665619
-0.674671
-0.683621
-0.692468
-0.701211
-0.709848
-0.718378
-0.7268
-0.735113
-0.743315
-0.751405
-0.759382
-0.767244
-0.774991
-0.782622
-0.790134
-0.797528
-0.804801
-0.811953
-0.818983
-0.825889
-0.832671
-0.839328
-0.845858
-0.852261
-0.858536
-0.864681
-0.870696
-0.87658
-0.882332
-0.887951
-0.893437
-0.898787
-0.904003
-0.909082
-0.914025
-0.918829
-0.923496
-0.928023
-0.932411
-0.936658
-0.940764
-0.944728
-0.94855
-0.95223
-0.955766
-0.959157
-0.962405
-0.965508
-0.968465
-0.971276
-0.973941
-0.976459
-0.978831
-0.981055
-0.983131
-0.985059
-0.986839
-0.98847
-0.989952
-0.991285
-0.992469
-0.993504
-0.994389
-0.995124
-0.995709
-0.996144
-0.99643
-0.996565
-0.99655
-0.996385
-0.99607
-0.995605
-0.99499
-0.994225
-0.993311
-0.992247
-0.991033
-0.98967
-0.988158
-0.986498
-0.984689
-0.982731
-0.980626
-0.978373
-0.975972
-0.973425
-0.970731
-0.96789
-0.964904
-0.961773
-0.958497
-0.955076
-0.951512
-0.947804
-0.943954
-0.939961
-0.935827
-0.931552
-0.927137
-0.922582
-0.917888
-0.913056
-0.908087
-0.90298
-0.897738
-0.89236
-0.886848
-0.881203
-0.875425
-0.869515
-0.863474
-0.857303
-0.851003
-0.844574
-0.838019
-0.831337
-0.82453
-0.817599
-0.810545
-0.803369
-0.796072
-0.788655
-0.781119
-0.773465
-0.765695
-0.75781
-0.749811
-0.741698
-0.733474
-0.72514
-0.716696
-0.708145
-0.699486
-0.690723
-0.681855
-0.672885
-0.663813
-0.654642
-0.645371
-0.636004
-0.626541
-0.616983
-0.607333
-0.597591
-0.587759
-0.577839
-0.567831
-0.557738
-0.547562
-0.537302
-0.526962
-0.516542
-0.506045
-0.495471
-0.484823
-0.474101
-0.463309
-0.452446
-0.441516
-0.430519
-0.419457
-0.408332
-0.397145
-0.385899
-0.374594
-0.363233
-0.351818
-0.340349
-0.328829
-0.31726
-0.305643
-0.293979
-0.282272
-0.270522
-0.258731
-0.246902
-0.235035
-0.223133
-0.211197
-0.199229
-0.187231
-0.175205
-0.163153
-0.151076
-0.138977
-0.126856
-0.114717
-0.10256
-0.0903876
-0.0782017
-0.066004
-0.0537963
-0.0415806
-0.0293585
-0.0171321
-0.0049031
0.00732665
0.0195553
0.031781
0.0440019
0.0562162
0.068422
0.0806176
0.0928009
0.10497
0.117124
0.12926
0.141376
0.153472
0.165544
0.177591
0.189611
0.201603
0.213565
0.225494
0.237389
0.249249
0.261071
0.272854
0.284595
0.296294
0.307949
0.319556
0.331116
0.342626
0.354084
0.365489
0.376839
0.388132
0.399367
0.410541
0.421654
0.432703
0.443687
0.454604
0.465453
0.476232
0.486939
0.497572
0.508131
0.518613
0.529017
0.539342
0.549585
0.559745
0.569821
0.579812
0.589715
0.599529
0.609253
0.618885
0.628424
