0
1.55526e+11
-2.99638e+12
2.82378e+13
-1.73441e+14
7.80566e+14
-2.74365e+15
7.84004e+15
-1.8719e+16
3.80917e+16
-6.70568e+16
1.03309e+17
-1.40566e+17
1.70161e+17
-1.84357e+17
1.79633e+17
-1.5804e+17
1.25951e+17
-9.11636e+16
6.00519e+16
-3.60582e+16
1.97583e+16
-9.88756e+15
4.52037e+15
-1.88798e+15
7.20083e+14
-2.50607e+14
7.94894e+13
-2.29417e+13
6.01209e+12
-1.42678e+12
3.05629e+11
-5.88565e+10
1.01397e+10
-1.5534e+09
2.10065e+08
-2.48461e+07
2.54149e+06
-222264
17008.8
-1762.19
784.326
-721.186
715.53
-699.917
645.3
-562.407
467.568
-403.356
392.576
-450.32
529.092
-541.992
347.875
161.276
-1026.16
2136.58
-3270.06
4121.67
-4443.53
4112
-3218.33
2016.71
-867.685
71.1652
221.355
-87.4625
-255.88
561.97
-729.513
830.783
-1068.3
1588.41
-2363.17
3131.03
-3524.51
3234.6
-2200.53
648.592
974.832
-2211.49
2779.52
-2698.79
2237.61
-1752.31
1476.77
-1416.12
1376.62
-1117.15
501.366
437.644
-1542.67
2633.99
-3574.46
4281.88
-4692.67
4763.26
-4491.21
3969.78
-3372.33
2904.56
-2691.86
2732.36
-2882.13
2950.06
-2770.63
2293.96
-1568.11
725.986
95.4636
-761.671
1180.58
-1273.24
1015.93
-428.159
-385.755
1294.75
-2162.39
2932.79
-3602.51
4203.91
-4694.48
4951.95
-4776.88
4030.66
-2706.81
1000.48
794.661
