0.793251
0.778332
0.762948
0.747107
0.73082
0.714096
0.696945
0.679378
0.661405
0.643036
0.624283
0.605157
0.58567
0.565832
0.545656
0.525154
0.504338
0.48322
0.461814
0.440132
0.418187
0.395991
0.37356
0.350904
0.328039
0.304978
0.281735
0.258323
0.234757
0.211051
0.187219
0.163274
0.139232
0.115107
0.090913
0.0666646
0.0423765
0.0180629
-0.00626136
-0.0305819
-0.0548842
-0.0791537
-0.103376
-0.127536
-0.15162
-0.175614
-0.199503
-0.223272
-0.246908
-0.270396
-0.293723
-0.316874
-0.339836
-0.362594
-0.385136
-0.407448
-0.429516
-0.451328
-0.47287
-0.494129
-0.515092
-0.535748
-0.556084
-0.576087
-0.595746
-0.615049
-0.633985
-0.652541
-0.670708
-0.688473
-0.705827
-0.72276
-0.73926
-0.755318
-0.770925
-0.786071
-0.800748
-0.814945
-0.828656
-0.841871
-0.854584
-0.866785
-0.878468
-0.889627
-0.900253
-0.910342
-0.919886
-0.928881
-0.937321
-0.9452
-0.952514
-0.959259
-0.965431
-0.971026
-0.97604
-0.980471
-0.984316
-0.987572
-0.990239
-0.992313
-0.993795
-0.994682
-0.994975
-0.994673
-0.993777
-0.992287
-0.990204
-0.987528
-0.984263
-0.980409
-0.97597
-0.970947
-0.965344
-0.959164
-0.95241
-0.945087
-0.9372
-0.928752
-0.919749
-0.910197
-0.9001
-0.889465
-0.878299
-0.866608
-0.854399
-0.841679
-0.828457
-0.814739
-0.800534
-0.78585
-0.770697
-0.755084
-0.739019
-0.722512
-0.705573
-0.688213
-0.670442
-0.652269
-0.633707
-0.614766
-0.595458
-0.575794
-0.555785
-0.535445
-0.514784
-0.493816
-0.472552
-0.451006
-0.42919
-0.407117
-0.384799
-0.362247
-0.339473
-0.316485
-0.293288
-0.269883
-0.246262
-0.222411
-0.198306
-0.173913
-0.149194
-0.124113
-0.0986456
-0.0727907
-0.0465826
-0.0200974
0.00654868
0.0332103
0.0597325
0.085975
0.111834
0.137254
0.16223
0.186796
0.211007
0.234924
0.258595
0.282052
0.305312
0.328377
0.351241
0.373893
0.396322
0.418513
0.440455
0.462133
0.483535
0.504648
0.52546
0.545957
0.566128
0.585961
0.605443
0.624564
0.643311
0.661674
0.679641
0.697202
0.714347
0.731064
0.747345
0.763179
0.778556
0.793469
0.807907
0.821862
0.835326
0.848291
0.860749
0.872692
0.884114
0.895007
0.905365
0.915183
0.924453
0.933171
0.941331
0.948928
0.955958
0.962417
0.968301
0.973605
0.978328
0.982467
0.986018
0.988979
0.99135
0.993128
0.994313
0.994903
0.994899
0.994299
0.993106
0.991319
0.98894
0.985969
0.98241
0.978263
0.973531
0.968218
0.962326
0.955858
0.94882
0.941214
0.933046
0.92432
0.915041
0.905216
0.89485
0.883948
0.872519
0.860568
0.848103
0.83513
0.821659
0.807697
