0.989197
0.991301
0.992812
0.99373
0.994054
0.993784
0.992919
0.991462
0.989412
0.98677
0.983539
0.97972
0.975315
0.970327
0.96476
0.958616
0.951898
0.944612
0.936762
0.928351
0.919386
0.909871
0.899812
0.889216
0.878088
0.866435
0.854264
0.841583
0.828398
0.814719
0.800553
0.785908
0.770793
0.755218
0.739192
0.722723
0.705823
0.688501
0.670767
0.652632
0.634108
0.615204
0.595932
0.576305
0.556333
0.536028
0.515403
0.49447
0.473242
0.451731
0.429949
0.407911
0.385629
0.363116
0.340387
0.317453
0.294331
0.271032
0.247571
0.223962
0.20022
0.176358
0.15239
0.128331
0.104196
0.0799983
0.0557528
0.031474
0.00717635
-0.0171256
-0.0414173
-0.0656842
-0.0899119
-0.114086
-0.138192
-0.162215
-0.186141
-0.209956
-0.233645
-0.257195
-0.280591
-0.30382
-0.326866
-0.349718
-0.37236
-0.39478
-0.416964
-0.438899
-0.460571
-0.481968
-0.503077
-0.523886
-0.544381
-0.564551
-0.584383
-0.603866
-0.622988
-0.641738
-0.660105
-0.678076
-0.695643
-0.712794
-0.729518
-0.745807
-0.76165
-0.777038
-0.791961
-0.806411
-0.820379
-0.833857
-0.846836
-0.859309
-0.871269
-0.882707
-0.893619
-0.903996
-0.913832
-0.923123
-0.931862
-0.940044
-0.947664
-0.954718
-0.961201
-0.967109
-0.97244
-0.977189
-0.981354
-0.984933
-0.987923
-0.990323
-0.99213
-0.993345
-0.993966
-0.993993
-0.993426
-0.992265
-0.990511
-0.988165
-0.985228
-0.981703
-0.97759
-0.972894
-0.967616
-0.96176
-0.955328
-0.948326
-0.940757
-0.932626
-0.923937
-0.914697
-0.904909
-0.894581
-0.883718
-0.872326
-0.860414
-0.847987
-0.835053
-0.82162
-0.807696
-0.79329
-0.778409
-0.763063
-0.747261
-0.731012
-0.714326
-0.697214
-0.679685
-0.661749
-0.643418
-0.624702
-0.605613
-0.586162
-0.566361
-0.546221
-0.525755
-0.504974
-0.483892
-0.46252
-0.440871
-0.418957
-0.39679
-0.374382
-0.351743
-0.32888
-0.3058
-0.282501
-0.258981
-0.235227
-0.211222
-0.186942
-0.16236
-0.137449
-0.112194
-0.0865936
-0.0606709
-0.034479
-0.00810114
0.0183547
0.0447661
0.0710115
0.0969859
0.122613
0.147854
0.172703
0.197181
0.221329
0.245187
0.268794
0.292175
0.315346
0.33831
0.361064
0.383598
0.405902
0.427963
0.449768
0.471305
0.492559
0.51352
0.534173
0.554507
0.57451
0.594169
0.613473
0.632411
0.65097
0.669141
0.686911
0.704271
0.72121
0.737718
0.753785
0.769401
0.784558
0.799246
0.813456
0.82718
0.840409
0.853136
0.865353
0.877054
0.888229
0.898874
0.908982
0.918546
0.927562
0.936023
0.943924
0.951262
0.958031
0.964227
0.969847
0.974887
0.979345
0.983217
0.986502
