0
1.20841e+30
-6.21097e+31
1.58212e+33
-2.66287e+34
3.33127e+35
-3.30374e+36
2.70538e+37
-1.88135e+38
1.13408e+39
-6.01938e+39
2.84802e+40
-1.21322e+41
4.69137e+41
-1.65809e+42
5.38758e+42
-1.61746e+43
4.50623e+43
-1.16946e+44
2.83665e+44
-6.45007e+44
1.37853e+45
-2.77586e+45
5.27761e+45
-9.49252e+45
1.61806e+46
-2.61803e+46
4.0268e+46
-5.89564e+46
8.22669e+46
-1.0953e+47
1.39286e+47
-1.69343e+47
1.97013e+47
-2.19507e+47
2.34399e+47
-2.4006e+47
2.3595e+47
-2.22699e+47
2.01955e+47
-1.76054e+47
1.47604e+47
-1.19069e+47
9.24527e+46
-6.91219e+46
4.97773e+46
-3.45379e+46
2.30955e+46
-1.48877e+46
9.25327e+45
-5.54636e+45
3.20655e+45
-1.78832e+45
9.62235e+44
-4.99555e+44
2.50254e+44
-1.20975e+44
5.64328e+43
-2.54035e+43
1.10349e+43
-4.6253e+42
1.87056e+42
-7.29841e+41
2.74698e+41
-9.97228e+40
3.49118e+40
-1.17844e+40
3.83444e+39
-1.20241e+39
3.63282e+38
-1.05716e+38
2.96214e+37
-7.9886e+36
2.07251e+36
-5.1637e+35
1.225e+35
-2.62576e+34
3.22419e+33
2.45236e+33
-4.06232e+33
4.60722e+33
-4.72753e+33
4.57011e+33
-4.20604e+33
3.71201e+33
-3.17452e+33
2.67781e+33
-2.2911e+33
2.05986e+33
-2.00207e+33
2.10832e+33
-2.34408e+33
2.65351e+33
-2.96489e+33
3.19872e+33
-3.27895e+33
3.14634e+33
-2.77131e+33
2.16235e+33
-1.36698e+33
4.64004e+32
4.50927e+32
-1.28248e+33
1.95052e+33
-2.39897e+33
2.59745e+33
-2.53731e+33
2.22524e+33
-1.67793e+33
9.19968e+32
1.52863e+31
-1.08332e+33
2.22725e+33
-3.37982e+33
4.46915e+33
-5.42756e+33
6.20111e+33
-6.75722e+33
7.08808e+33
-7.20867e+33
7.14997e+33
-6.94913e+33
6.6397e+33
-6.24474e+33
5.77486e+33
-5.23155e+33
4.61457e+33
-3.93076e+33
