0.590687
0.610024
0.628997
0.647593
0.665803
0.683614
0.701017
0.718001
0.734556
0.750672
0.766339
0.781548
0.79629
0.810556
0.824338
0.837627
0.850415
0.862695
0.87446
0.885701
0.896414
0.90659
0.916225
0.925312
0.933846
0.941822
0.949235
0.956081
0.962355
0.968054
0.973175
0.977713
0.981668
0.985036
0.987815
0.990003
0.9916
0.992604
0.993015
0.992833
0.992057
0.990688
0.988727
0.986175
0.983033
0.979305
0.97499
0.970093
0.964617
0.958563
0.951937
0.944742
0.936982
0.928662
0.919787
0.910362
0.900394
0.889887
0.878848
0.867284
0.855201
0.842608
0.829511
0.815918
0.801837
0.787277
0.772247
0.756755
0.740811
0.724424
0.707603
0.690361
0.672705
0.654647
0.636198
0.617369
0.598171
0.578615
0.558714
0.538479
0.517921
0.497054
0.475891
0.454442
0.432722
0.410744
0.38852
0.366063
0.343388
0.320508
0.297436
0.274186
0.250773
0.227209
0.20351
0.179689
0.155761
0.13174
0.10764
0.0834754
0.0592611
0.0350114
0.0107407
-0.0135364
-0.0378053
-0.0620517
-0.086261
-0.110419
-0.13451
-0.158522
-0.182438
-0.206246
-0.22993
-0.253477
-0.276873
-0.300102
-0.323153
-0.34601
-0.368661
-0.391091
-0.413288
-0.435237
-0.456926
-0.478343
-0.499473
-0.520305
-0.540826
-0.561023
-0.580885
-0.6004
-0.619557
-0.638343
-0.656747
-0.674759
-0.692367
-0.709562
-0.726333
-0.742669
-0.758562
-0.774001
-0.788978
-0.803483
-0.817508
-0.831044
-0.844084
-0.856619
-0.868642
-0.880146
-0.891124
-0.901569
-0.911476
-0.920837
-0.929649
-0.937904
-0.945599
-0.952729
-0.95929
-0.965277
-0.970687
-0.975517
-0.979764
-0.983425
-0.986499
-0.988983
-0.990876
-0.992176
-0.992884
-0.992998
-0.992519
-0.991446
-0.989781
-0.987525
-0.984678
-0.981242
-0.97722
-0.972615
-0.967427
-0.961662
-0.955321
-0.94841
-0.940932
-0.932892
-0.924294
-0.915143
-0.905446
-0.895207
-0.884433
-0.873131
-0.861307
-0.848968
-0.836122
-0.822776
-0.808938
-0.794617
-0.77982
-0.764558
-0.748839
-0.732672
-0.716067
-0.699034
-0.681584
-0.663726
-0.645471
-0.626831
-0.607816
-0.588437
-0.568707
-0.548637
-0.528239
-0.507525
-0.486508
-0.465199
-0.44361
-0.421755
-0.399643
-0.377286
-0.354692
-0.331868
-0.308818
-0.285542
-0.262034
-0.238286
-0.214281
-0.190004
-0.165433
-0.140556
-0.115363
-0.0898628
-0.0640804
-0.0380637
-0.0118824
0.0143756
0.0406112
0.0667245
0.0926249
0.118241
0.143526
0.16846
0.193045
0.217301
0.241257
0.264941
0.288379
0.311589
0.334579
0.357351
0.3799
0.402218
0.424294
0.446115
0.467669
0.488944
0.509927
0.530605
0.550965
0.570997
