-0.857246
-0.86347
-0.869563
-0.875525
-0.881356
-0.887053
-0.892617
-0.898047
-0.903341
-0.9085
-0.913521
-0.918405
-0.923151
-0.927758
-0.932225
-0.936551
-0.940737
-0.944781
-0.948682
-0.952441
-0.956056
-0.959528
-0.962854
-0.966036
-0.969073
-0.971963
-0.974707
-0.977304
-0.979754
-0.982057
-0.984211
-0.986218
-0.988075
-0.989784
-0.991344
-0.992755
-0.994016
-0.995128
-0.99609
-0.996901
-0.997563
-0.998074
-0.998435
-0.998645
-0.998706
-0.998616
-0.998375
-0.997984
-0.997443
-0.996751
-0.99591
-0.994918
-0.993777
-0.992486
-0.991045
-0.989456
-0.987717
-0.98583
-0.983794
-0.98161
-0.979278
-0.976798
-0.974172
-0.971398
-0.968479
-0.965414
-0.962203
-0.958847
-0.955347
-0.951703
-0.947916
-0.943986
-0.939914
-0.9357
-0.931346
-0.926851
-0.922216
-0.917443
-0.912532
-0.907483
-0.902297
-0.896976
-0.891519
-0.885928
-0.880204
-0.874347
-0.868359
-0.86224
-0.855991
-0.849613
-0.843107
-0.836474
-0.829715
-0.822831
-0.815823
-0.808693
-0.80144
-0.794067
-0.786575
-0.778964
-0.771235
-0.763391
-0.755431
-0.747358
-0.739172
-0.730875
-0.722468
-0.713951
-0.705328
-0.696598
-0.687764
-0.678825
-0.669785
-0.660643
-0.651403
-0.642064
-0.632628
-0.623097
-0.613472
-0.603755
-0.593947
-0.58405
-0.574064
-0.563992
-0.553836
-0.543595
-0.533273
-0.522871
-0.51239
-0.501831
-0.491198
-0.48049
-0.469709
-0.458859
-0.447938
-0.436951
-0.425898
-0.41478
-0.4036
-0.39236
-0.38106
-0.369703
-0.35829
-0.346823
-0.335304
-0.323734
-0.312116
-0.300451
-0.28874
-0.276986
-0.26519
-0.253355
-0.241481
-0.229571
-0.217626
-0.205648
-0.19364
-0.181602
-0.169537
-0.157447
-0.145332
-0.133196
-0.12104
-0.108866
-0.0966748
-0.0844694
-0.0722513
-0.0600223
-0.0477843
-0.035539
-0.0232885
-0.0110344
0.00122137
0.0134769
0.0257305
0.0379801
0.0502241
0.0624604
0.0746874
0.0869031
0.0991058
0.111293
0.123464
0.135617
0.147749
0.159858
0.171944
0.184004
0.196036
0.208038
0.220009
0.231947
0.24385
0.255717
0.267545
0.279332
0.291078
0.302779
0.314435
0.326044
0.337604
0.349113
0.360569
0.371971
0.383317
0.394605
0.405833
0.417001
0.428106
0.439146
0.45012
0.461027
0.471864
0.48263
0.493323
0.503942
0.514485
0.524951
0.535337
0.545643
0.555867
0.566007
0.576061
0.58603
0.595909
0.605699
0.615398
0.625004
0.634516
0.643933
0.653252
0.662473
0.671595
0.680615
0.689533
0.698347
0.707055
0.715657
0.724152
0.732537
0.740812
0.748976
0.757027
0.764963
0.772785
0.78049
0.788077
0.795546
0.802896
0.810124
0.81723
0.824213
0.831072
0.837806
0.844414
0.850894
0.857246
0.86347
0.869563
0.875525
0.881356
0.887053
0.892617
0.898047
0.903341
0.9085
0.913521
0.918405
0.923151
0.927758
0.932225
0.936551
0.940737
0.944781
0.948682
0.952441
0.956056
0.959528
0.962854
0.966036
0.969073
0.971963
0.974707
0.977304
0.979754
0.982057
0.984211
0.986218
0.988075
0.989784
0.991344
0.992755
0.994016
0.995128
0.99609
0.996901
0.997563
0.998074
0.998435
0.998645
0.998706
0.998616
0.998375
0.997984
0.997443
0.996751
0.99591
0.994918
0.993777
0.992486
0.991045
0.989456
0.987717
0.98583
0.983794
0.98161
0.979278
0.976798
0.974172
0.971398
0.968479
0.965414
0.962203
0.958847
0.955347
0.951703
0.947916
0.943986
0.939914
0.9357
0.931346
0.926851
0.922216
0.917443
0.912532
0.907483
0.902297
0.896976
0.891519
0.885928
0.880204
0.874347
0.868359
0.86224
0.855991
0.849613
0.843107
0.836474
0.829715
0.822831
0.815823
0.808693
0.80144
0.794067
0.786575
0.778964
0.771235
0.763391
0.755431
0.747358
0.739172
0.730875
0.722468
0.713951
0.705328
0.696598
0.687764
0.678825
0.669785
0.660643
0.651403
0.642064
0.632628
0.623097
0.613472
0.603755
0.593947
0.58405
0.574064
0.563992
0.553836
0.543595
0.533273
0.522871
0.51239
0.501831
0.491198
0.48049
0.469709
0.458859
0.447938
0.436951
0.425898
0.41478
0.4036
0.39236
0.38106
0.369703
0.35829
0.346823
0.335304
0.323734
0.312116
0.300451
0.28874
0.276986
0.26519
0.253355
0.241481
0.229571
0.217626
0.205648
0.19364
0.181602
0.169537
0.157447
0.145332
0.133196
0.12104
0.108866
0.0966748
0.0844694
0.0722513
0.0600223
0.0477843
0.035539
0.0232885
0.0110344
-0.00122137
-0.0134769
-0.0257305
-0.0379801
-0.0502241
-0.0624604
-0.0746874
-0.0869031
-0.0991058
-0.111293
-0.123464
-0.135617
-0.147749
-0.159858
-0.171944
-0.184004
-0.196036
-0.208038
-0.220009
-0.231947
-0.24385
-0.255717
-0.267545
-0.279332
-0.291078
-0.302779
-0.314435
-0.326044
-0.337604
-0.349113
-0.360569
-0.371971
-0.383317
-0.394605
-0.405833
-0.417001
-0.428106
-0.439146
-0.45012
-0.461027
-0.471864
-0.48263
-0.493323
-0.503942
-0.514485
-0.524951
-0.535337
-0.545643
-0.555867
-0.566007
-0.576061
-0.58603
-0.595909
-0.605699
-0.615398
-0.625004
-0.634516
-0.643933
-0.653252
-0.662473
-0.671595
-0.680615
-0.689533
-0.698347
-0.707055
-0.715657
-0.724152
-0.732537
-0.740812
-0.748976
-0.757027
-0.764963
-0.772785
-0.78049
-0.788077
-0.795546
-0.802896
-0.810124
-0.81723
-0.824213
-0.831072
-0.837806
-0.844414
-0.850894
