0
3.36524e+34
-1.98409e+36
5.80383e+37
-1.12301e+39
1.61695e+40
-1.84776e+41
1.74556e+42
-1.40206e+43
9.77387e+43
-6.00676e+44
3.29497e+45
-1.62943e+46
7.32419e+46
-3.01314e+47
1.14119e+48
-3.99911e+48
1.30237e+49
-3.95671e+49
1.12521e+50
-3.00426e+50
7.55117e+50
-1.79107e+51
4.0177e+51
-8.54024e+51
1.72334e+52
-3.30671e+52
6.04222e+52
-1.05287e+53
1.75178e+53
-2.78629e+53
4.24116e+53
-6.18431e+53
8.64673e+53
-1.16023e+54
1.49525e+54
-1.85222e+54
2.2069e+54
-2.53084e+54
2.79516e+54
-2.97477e+54
3.05235e+54
-3.02112e+54
2.8857e+54
-2.66116e+54
2.37031e+54
-2.03992e+54
1.69686e+54
-1.36473e+54
1.06155e+54
-7.98825e+53
5.81687e+53
-4.09974e+53
2.79734e+53
-1.84817e+53
1.18256e+53
-7.32922e+52
4.40055e+52
-2.55992e+52
1.44299e+52
-7.88234e+51
4.1729e+51
-2.1411e+51
1.06481e+51
-5.13284e+50
2.39827e+50
-1.08616e+50
4.76798e+49
-2.02867e+49
8.36573e+48
-3.34335e+48
1.29483e+48
-4.85913e+47
1.76672e+47
-6.22281e+46
2.12301e+46
-7.0145e+45
2.24409e+45
-6.95013e+44
2.08328e+44
-6.04107e+43
1.69272e+43
-4.56259e+42
1.16003e+42
-2.52422e+41
1.7188e+40
4.15296e+40
-5.41009e+40
5.39485e+40
-4.98213e+40
4.44631e+40
-3.91728e+40
3.48026e+40
-3.19138e+40
3.07682e+40
-3.13154e+40
3.3207e+40
-3.58446e+40
3.84565e+40
-4.02048e+40
4.03111e+40
-3.81885e+40
3.35533e+40
-2.6492e+40
1.74647e+40
-7.23953e+39
-3.22687e+39
1.29333e+40
-2.09692e+40
2.66128e+40
-2.93793e+40
2.90238e+40
-2.55161e+40
1.90087e+40
-9.81144e+39
-1.62113e+39
1.46988e+40
-2.87126e+40
4.28727e+40
-5.63698e+40
6.84546e+40
-7.85198e+40
8.61635e+40
-9.12187e+40
9.37392e+40
-9.3946e+40
9.215e+40
-8.86727e+40
