-0.0734775
-0.048986
-0.0244651
7.06168e-05
0.0246063
0.0491271
0.0736183
0.0980652
0.122453
0.146767
0.170993
0.195115
0.219121
0.242994
0.26672
0.290287
0.313678
0.33688
0.359879
0.382662
0.405214
0.427522
0.449573
0.471352
0.492848
0.514047
0.534936
0.555503
0.575736
0.595621
0.615148
0.634304
0.653078
0.671459
0.689436
0.706997
0.724132
0.740831
0.757084
0.77288
0.788211
0.803068
0.81744
0.831321
0.8447
0.857571
0.869925
0.881755
0.893054
0.903815
0.914031
0.923697
0.932807
0.941355
0.949335
0.956744
0.963577
0.969829
0.975497
0.980577
0.985067
0.988963
0.992264
0.994966
0.99707
0.998573
0.999474
0.999774
0.999471
0.998566
0.99706
0.994953
0.992246
0.988942
0.985043
0.98055
0.975466
0.969795
0.963539
0.956703
0.949291
0.941307
0.932756
0.923643
0.913974
0.903755
0.89299
0.881688
0.869855
0.857498
0.844625
0.831242
0.817359
0.802984
0.788125
0.772791
0.756991
0.740736
0.724034
0.706897
0.689333
0.671355
0.652972
0.634195
0.615037
0.595508
0.57562
0.555386
0.534817
0.513926
0.492725
0.471228
0.449446
0.427394
0.405085
0.382532
0.359748
0.336747
0.313544
0.290151
0.266584
0.242857
0.218983
0.194977
0.170854
0.146627
0.122313
0.0979247
0.0734775
0.048986
0.0244651
-7.06168e-05
-0.0246063
-0.0491271
-0.0736183
-0.0980652
-0.122453
-0.146767
-0.170993
-0.195115
-0.219121
-0.242994
-0.26672
-0.290287
-0.313678
-0.33688
-0.359879
-0.382662
-0.405214
-0.427522
-0.449573
-0.471352
-0.492848
-0.514047
-0.534936
-0.555503
-0.575736
-0.595621
-0.615148
-0.634304
-0.653078
-0.671459
-0.689436
-0.706997
-0.724132
-0.740831
-0.757084
-0.77288
-0.788211
-0.803068
-0.81744
-0.831321
-0.8447
-0.857571
-0.869925
-0.881755
-0.893054
-0.903815
-0.914031
-0.923697
-0.932807
-0.941355
-0.949335
-0.956744
-0.963577
-0.969829
-0.975497
-0.980577
-0.985067
-0.988963
-0.992264
-0.994966
-0.99707
-0.998573
-0.999474
-0.999774
-0.999471
-0.998566
-0.99706
-0.994953
-0.992246
-0.988942
-0.985043
-0.98055
-0.975466
-0.969795
-0.963539
-0.956703
-0.949291
-0.941307
-0.932756
-0.923643
-0.913974
-0.903755
-0.89299
-0.881688
-0.869855
-0.857498
-0.844625
-0.831242
-0.817359
-0.802984
-0.788125
-0.772791
-0.756991
-0.740736
-0.724034
-0.706897
-0.689333
-0.671355
-0.652972
-0.634195
-0.615037
-0.595508
-0.57562
-0.555386
-0.534817
-0.513926
-0.492725
-0.471228
-0.449446
-0.427394
-0.405085
-0.382532
-0.359748
-0.336747
-0.313544
-0.290151
-0.266584
-0.242857
-0.218983
-0.194977
-0.170854
-0.146627
-0.122313
-0.0979247
