-0.795037
-0.809517
-0.823512
-0.837015
-0.850018
-0.862513
-0.874493
-0.885949
-0.896877
-0.907268
-0.917117
-0.926418
-0.935165
-0.943353
-0.950977
-0.958033
-0.964516
-0.970423
-0.97575
-0.980494
-0.984651
-0.988221
-0.991199
-0.993585
-0.995377
-0.996575
-0.997176
-0.997182
-0.996591
-0.995405
-0.993625
-0.99125
-0.988282
-0.984724
-0.980578
-0.975845
-0.97053
-0.964634
-0.958161
-0.951116
-0.943503
-0.935325
-0.926588
-0.917298
-0.90746
-0.897079
-0.886161
-0.874715
-0.862745
-0.85026
-0.837266
-0.823773
-0.809786
-0.795316
-0.780371
-0.764959
-0.749089
-0.732773
-0.716018
-0.698835
-0.681234
-0.663227
-0.644823
-0.626033
-0.60687
-0.587343
-0.567466
-0.547249
-0.526706
-0.505847
-0.484687
-0.463236
-0.441509
-0.419518
-0.397276
-0.374796
-0.352092
-0.329178
-0.306064
-0.282764
-0.259285
-0.23563
-0.211791
-0.187742
-0.163434
-0.138787
-0.1137
-0.0880638
-0.0618054
-0.0349329
-0.00757879
0.0199934
0.0474358
0.0744093
0.100686
0.126209
0.151073
0.175453
0.199518
0.223376
0.247074
0.270619
0.294002
0.31721
0.340227
0.363042
0.385639
0.408006
0.430129
0.451995
0.47359
0.494903
0.51592
0.536628
0.557016
0.577071
0.596781
0.616134
0.635119
0.653725
0.67194
0.689753
0.707154
0.724132
0.740677
0.75678
0.77243
0.787619
0.802337
0.816575
0.830326
0.84358
0.85633
0.868568
0.880287
0.89148
0.90214
0.912261
0.921836
0.930861
0.939329
0.947236
0.954576
0.961347
0.967542
0.973159
0.978195
0.982646
0.98651
0.989784
0.992466
0.994555
0.99605
0.99695
0.997253
0.996961
0.996073
0.994589
0.992511
0.98984
0.986577
0.982725
0.978285
0.97326
0.967654
0.961469
0.95471
0.94738
0.939484
0.931026
0.922012
0.912447
0.902336
0.891687
0.880504
0.868795
0.856566
0.843826
0.830582
0.81684
0.802611
0.787902
0.772722
0.757081
0.740986
0.724449
0.707479
0.690086
0.672281
0.654074
0.635476
0.616498
0.597151
0.577448
0.557399
0.537018
0.516315
0.495304
0.473997
0.452406
0.430545
0.408427
0.386065
0.363472
0.340661
0.317647
0.294444
0.271064
0.247522
0.223832
0.200009
0.176066
0.152017
0.127878
0.103663
0.0793853
0.0550603
0.0307024
0.00632616
-0.0180539
-0.0424231
-0.066767
-0.0910709
-0.11532
-0.139501
-0.163598
-0.187598
-0.211485
-0.235246
-0.258866
-0.282332
-0.305629
-0.328743
-0.351661
-0.374368
-0.396852
-0.419099
-0.441095
-0.462827
-0.484283
-0.505449
-0.526314
-0.546863
-0.567086
-0.58697
-0.606503
-0.625674
-0.64447
-0.662882
-0.680897
-0.698505
-0.715696
-0.732459
-0.748785
-0.764662
-0.780083
