0
2.5978e+18
-8.19656e+19
1.27508e+21
-1.30364e+22
9.85234e+22
-5.86955e+23
2.87059e+24
-1.18512e+25
4.21512e+25
-1.31172e+26
3.61512e+26
-8.91038e+26
1.97986e+27
-3.99234e+27
7.3471e+27
-1.23987e+28
1.92663e+28
-2.76646e+28
3.68216e+28
-4.55523e+28
5.25026e+28
-5.6497e+28
5.68649e+28
-5.36221e+28
4.74401e+28
-3.94273e+28
3.08158e+28
-2.26722e+28
1.5715e+28
-1.02693e+28
6.33034e+27
-3.68286e+27
2.02291e+27
-1.04936e+27
5.14171e+26
-2.37993e+26
1.04062e+26
-4.2978e+25
1.67628e+25
-6.17258e+24
2.14505e+24
-7.03149e+23
2.17288e+23
-6.32544e+22
1.73321e+22
-4.46579e+21
1.08081e+21
-2.45386e+20
5.21891e+19
-1.03808e+19
1.92767e+18
-3.33622e+17
5.38255e+16
-8.20718e+15
1.3069e+15
-3.3344e+14
1.97965e+14
-1.66097e+14
1.29322e+14
-5.90822e+13
-6.18757e+13
2.41286e+14
-4.71655e+14
7.27454e+14
-9.68396e+14
1.14902e+15
-1.23195e+15
1.2002e+15
-1.06356e+15
8.56255e+14
-6.26251e+14
4.20339e+14
-2.71078e+14
1.90799e+14
-1.74459e+14
2.08675e+14
-2.81162e+14
3.84915e+14
-5.14937e+14
6.60191e+14
-7.96836e+14
8.88633e+14
-8.9647e+14
7.93565e+14
-5.79008e+14
2.82349e+14
4.4023e+13
-3.41932e+14
5.663e+14
-6.97374e+14
7.41261e+14
-7.19756e+14
6.55626e+14
-5.61127e+14
4.34891e+14
-2.67296e+14
5.01062e+13
2.15151e+14
-5.13806e+14
8.20197e+14
-1.10345e+15
1.33435e+15
-1.49157e+15
1.56621e+15
-1.56376e+15
1.50287e+15
-1.41013e+15
1.31203e+15
-1.22656e+15
1.15775e+15
-1.09555e+15
1.02115e+15
-9.15522e+14
7.67724e+14
-5.7987e+14
3.67632e+14
-1.56738e+14
-2.28614e+13
1.43391e+14
-1.84797e+14
1.38457e+14
-8.33889e+12
-1.90656e+14
4.36548e+14
-7.0477e+14
9.71292e+14
-1.21315e+15
