-0.558584
-0.538162
-0.517418
-0.496366
-0.475017
-0.453383
-0.431479
-0.409317
-0.38691
-0.364272
-0.341416
-0.318357
-0.295107
-0.27168
-0.248091
-0.224354
-0.200482
-0.176487
-0.152372
-0.128105
-0.103559
-0.0783999
-0.0520138
-0.0237315
0.0064151
0.0369213
0.0654664
0.0911826
0.115481
0.139711
0.163857
0.187905
0.211841
0.23565
0.259319
0.282832
0.306176
0.329338
0.352302
0.375056
0.397586
0.419878
0.441919
0.463697
0.485196
0.506406
0.527314
0.547906
0.56817
0.588096
0.607669
0.626879
0.645715
0.664165
0.682218
0.699863
0.717089
0.733888
0.750247
0.766158
0.781611
0.796597
0.811107
0.825132
0.838664
0.851695
0.864217
0.876222
0.887703
0.898654
0.909068
0.918938
0.928259
0.937026
0.945232
0.952874
0.959945
0.966444
0.972364
0.977703
0.982458
0.986626
0.990204
0.99319
0.995583
0.997381
0.998582
0.999187
0.999194
0.998604
0.997418
0.995635
0.993257
0.990286
0.986722
0.982569
0.977829
0.972504
0.966598
0.960114
0.953056
0.945429
0.937237
0.928484
0.919177
0.90932
0.89892
0.887982
0.876514
0.864522
0.852013
0.838995
0.825475
0.811462
0.796964
0.78199
0.766548
0.750648
0.7343
0.717512
0.700296
0.682661
0.664619
0.646179
0.627352
0.608151
0.588587
0.56867
0.548414
0.52783
0.50693
0.485727
0.464235
0.442464
0.420429
0.398143
0.375619
0.352871
0.329911
0.306755
0.283415
0.259905
0.236241
0.212435
0.188502
0.164456
0.140312
0.116085
0.0917875
0.0674356
0.0430433
0.0186253
-0.00580378
-0.0302294
-0.054637
-0.0790119
-0.10334
-0.127606
-0.151795
-0.175894
-0.199888
-0.223762
-0.247503
-0.271096
-0.294526
-0.317781
-0.340845
-0.363706
-0.38635
-0.408763
-0.430931
-0.452842
-0.474482
-0.495838
-0.516899
-0.53765
-0.55808
-0.578176
-0.597927
-0.61732
-0.636345
-0.654989
-0.673242
-0.691092
-0.708529
-0.725543
-0.742123
-0.758259
-0.773943
-0.789163
-0.803912
-0.818181
-0.831961
-0.845243
-0.85802
-0.870284
-0.882028
-0.893245
-0.903929
-0.914071
-0.923668
-0.932712
-0.941199
-0.949124
-0.956481
-0.963266
-0.969476
-0.975107
-0.980154
-0.984616
-0.988489
-0.991771
-0.994461
-0.996556
-0.998056
-0.998959
-0.999265
-0.998974
-0.998086
-0.996601
-0.99452
-0.991845
-0.988578
-0.984719
-0.980272
-0.975239
-0.969623
-0.963428
-0.956657
-0.949314
-0.941403
-0.93293
-0.9239
-0.914317
-0.904187
-0.893518
-0.882314
-0.870583
-0.858331
-0.845567
-0.832297
-0.81853
-0.804273
-0.789536
-0.774327
-0.758655
-0.742529
-0.72596
-0.708957
-0.69153
-0.67369
-0.655448
-0.636813
-0.617798
-0.598414
-0.578672
