0.781858
0.774198
0.76642
0.758527
0.75052
0.7424
0.734169
0.725826
0.717374
0.708815
0.700148
0.691376
0.6825
0.673521
0.664441
0.655261
0.645982
0.636605
0.627133
0.617567
0.607907
0.598156
0.588315
0.578385
0.568368
0.558265
0.548079
0.53781
0.527459
0.51703
0.506522
0.495939
0.48528
0.474549
0.463746
0.452873
0.441932
0.430925
0.419852
0.408716
0.397519
0.386262
0.374947
0.363575
0.352149
0.340669
0.329138
0.317558
0.30593
0.294256
0.282537
0.270776
0.258974
0.247133
0.235255
0.223341
0.211394
0.199415
0.187406
0.175369
0.163305
0.151217
0.139106
0.126974
0.114823
0.102654
0.0904703
0.0782728
0.0660635
0.0538443
0.0416169
0.0293833
0.0171453
0.00490466
-0.0073367
-0.019577
-0.0318143
-0.0440468
-0.0562727
-0.0684901
-0.0806972
-0.0928921
-0.105073
-0.117238
-0.129386
-0.141514
-0.15362
-0.165704
-0.177762
-0.189794
-0.201797
-0.21377
-0.225711
-0.237618
-0.249489
-0.261322
-0.273116
-0.284869
-0.296579
-0.308244
-0.319863
-0.331433
-0.342954
-0.354423
-0.365839
-0.377199
-0.388503
-0.399749
-0.410934
-0.422057
-0.433117
-0.444111
-0.455039
-0.465898
-0.476687
-0.487404
-0.498047
-0.508616
-0.519108
-0.529522
-0.539856
-0.550109
-0.560279
-0.570365
-0.580365
-0.590277
-0.6001
-0.609834
-0.619475
-0.629023
-0.638476
-0.647833
-0.657093
-0.666253
-0.675313
-0.684272
-0.693127
-0.701878
-0.710524
-0.719062
-0.727492
-0.735813
-0.744023
-0.75212
-0.760105
-0.767975
-0.775729
-0.783366
-0.790886
-0.798286
-0.805567
-0.812725
-0.819762
-0.826675
-0.833463
-0.840126
-0.846663
-0.853072
-0.859352
-0.865504
-0.871524
-0.877414
-0.883171
-0.888796
-0.894286
-0.899642
-0.904862
-0.909946
-0.914893
-0.919703
-0.924374
-0.928905
-0.933297
-0.937548
-0.941658
-0.945626
-0.949452
-0.953134
-0.956674
-0.960069
-0.963319
-0.966425
-0.969385
-0.972199
-0.974866
-0.977387
-0.97976
-0.981986
-0.984065
-0.985994
-0.987776
-0.989409
-0.990892
-0.992227
-0.993412
-0.994447
-0.995333
-0.996068
-0.996654
-0.99709
-0.997375
-0.997511
-0.997496
-0.997331
-0.997015
-0.99655
-0.995934
-0.995169
-0.994253
-0.993188
-0.991973
-0.990609
-0.989096
-0.987434
-0.985623
-0.983663
-0.981556
-0.979301
-0.976898
-0.974348
-0.971651
-0.968808
-0.965819
-0.962685
-0.959406
-0.955982
-0.952414
-0.948703
-0.944849
-0.940853
-0.936715
-0.932435
-0.928016
-0.923457
-0.918758
-0.913922
-0.908947
-0.903836
-0.898589
-0.893206
-0.887689
-0.882038
-0.876254
-0.870339
-0.864292
-0.858115
-0.851809
-0.845374
-0.838813
-0.832125
-0.825311
-0.818374
-0.811313
-0.80413
-0.796826
-0.789401
-0.781858
-0.774198
-0.76642
-0.758527
-0.75052
-0.7424
-0.734169
-0.725826
-0.717374
-0.708815
-0.700148
-0.691376
-0.6825
-0.673521
-0.664441
-0.655261
-0.645982
-0.636605
-0.627133
-0.617567
-0.607907
-0.598156
-0.588315
-0.578385
-0.568368
-0.558265
-0.548079
-0.53781
-0.527459
-0.51703
-0.506522
-0.495939
-0.48528
-0.474549
-0.463746
-0.452873
-0.441932
-0.430925
-0.419852
-0.408716
-0.397519
-0.386262
-0.374947
-0.363575
-0.352149
-0.340669
-0.329138
-0.317558
-0.30593
-0.294256
-0.282537
-0.270776
-0.258974
-0.247133
-0.235255
-0.223341
-0.211394
-0.199415
-0.187406
-0.175369
-0.163305
-0.151217
-0.139106
-0.126974
-0.114823
-0.102654
-0.0904703
-0.0782728
-0.0660635
-0.0538443
-0.0416169
-0.0293833
-0.0171453
-0.00490466
0.0073367
0.019577
0.0318143
0.0440468
0.0562727
0.0684901
0.0806972
0.0928921
0.105073
0.117238
0.129386
0.141514
0.15362
0.165704
0.177762
0.189794
0.201797
0.21377
0.225711
0.237618
0.249489
0.261322
0.273116
0.284869
0.296579
0.308244
0.319863
0.331433
0.342954
0.354423
0.365839
0.377199
0.388503
0.399749
0.410934
0.422057
0.433117
0.444111
0.455039
0.465898
0.476687
0.487404
0.498047
0.508616
0.519108
0.529522
0.539856
0.550109
0.560279
0.570365
0.580365
0.590277
0.6001
0.609834
0.619475
0.629023
0.638476
0.647833
0.657093
0.666253
0.675313
0.684272
0.693127
0.701878
0.710524
0.719062
0.727492
0.735813
0.744023
0.75212
0.760105
0.767975
0.775729
0.783366
0.790886
0.798286
0.805567
0.812725
0.819762
0.826675
0.833463
0.840126
0.846663
0.853072
0.859352
0.865504
0.871524
0.877414
0.883171
0.888796
0.894286
0.899642
0.904862
0.909946
0.914893
0.919703
0.924374
0.928905
0.933297
0.937548
0.941658
0.945626
0.949452
0.953134
0.956674
0.960069
0.963319
0.966425
0.969385
0.972199
0.974866
0.977387
0.97976
0.981986
0.984065
0.985994
0.987776
0.989409
0.990892
0.992227
0.993412
0.994447
0.995333
0.996068
0.996654
0.99709
0.997375
0.997511
0.997496
0.997331
0.997015
0.99655
0.995934
0.995169
0.994253
0.993188
0.991973
0.990609
0.989096
0.987434
0.985623
0.983663
0.981556
0.979301
0.976898
0.974348
0.971651
0.968808
0.965819
0.962685
0.959406
0.955982
0.952414
0.948703
0.944849
0.940853
0.936715
0.932435
0.928016
0.923457
0.918758
0.913922
0.908947
0.903836
0.898589
0.893206
0.887689
0.882038
0.876254
0.870339
0.864292
0.858115
0.851809
0.845374
0.838813
0.832125
0.825311
0.818374
0.811313
0.80413
0.796826
0.789401
