-0.087888
-0.112077
-0.136199
-0.160239
-0.184183
-0.208015
-0.231722
-0.25529
-0.278704
-0.301949
-0.325013
-0.347882
-0.37054
-0.392976
-0.415175
-0.437123
-0.458809
-0.480218
-0.501338
-0.522155
-0.542658
-0.562835
-0.582672
-0.602159
-0.621282
-0.640032
-0.658395
-0.676363
-0.693923
-0.711064
-0.727778
-0.744053
-0.75988
-0.775249
-0.790152
-0.804578
-0.818519
-0.831968
-0.844916
-0.857354
-0.869276
-0.880675
-0.891543
-0.901874
-0.911661
-0.9209
-0.929584
-0.937707
-0.945266
-0.952256
-0.958672
-0.964511
-0.969768
-0.974442
-0.978528
-0.982025
-0.984931
-0.987243
-0.988961
-0.990082
-0.990608
-0.990536
-0.989869
-0.988604
-0.986745
-0.984291
-0.981244
-0.977606
-0.973379
-0.968565
-0.963169
-0.957192
-0.950639
-0.943513
-0.935818
-0.92756
-0.918743
-0.909373
-0.899455
-0.888995
-0.878
-0.866476
-0.85443
-0.841869
-0.828801
-0.815234
-0.801176
-0.786635
-0.77162
-0.756141
-0.740206
-0.723825
-0.707008
-0.689766
-0.672108
-0.654045
-0.635588
-0.616748
-0.597537
-0.577965
-0.558046
-0.53779
-0.517211
-0.49632
-0.47513
-0.453654
-0.431904
-0.409894
-0.387638
-0.365148
-0.342438
-0.319522
-0.296413
-0.273126
-0.249674
-0.226072
-0.202333
-0.178473
-0.154505
-0.130445
-0.106305
-0.0821017
-0.0578488
-0.0335611
-0.00925313
0.0150604
0.0393648
0.0636456
0.087888
0.112077
0.136199
0.160239
0.184183
0.208015
0.231722
0.25529
0.278704
0.301949
0.325013
0.347882
0.37054
0.392976
0.415175
0.437123
0.458809
0.480218
0.501338
0.522155
0.542658
0.562835
0.582672
0.602159
0.621282
0.640032
0.658395
0.676363
0.693923
0.711064
0.727778
0.744053
0.75988
0.775249
0.790152
0.804578
0.818519
0.831968
0.844916
0.857354
0.869276
0.880675
0.891543
0.901874
0.911661
0.9209
0.929584
0.937707
0.945266
0.952256
0.958672
0.964511
0.969768
0.974442
0.978528
0.982025
0.984931
0.987243
0.988961
0.990082
0.990608
0.990536
0.989869
0.988604
0.986745
0.984291
0.981244
0.977606
0.973379
0.968565
0.963169
0.957192
0.950639
0.943513
0.935818
0.92756
0.918743
0.909373
0.899455
0.888995
0.878
0.866476
0.85443
0.841869
0.828801
0.815234
0.801176
0.786635
0.77162
0.756141
0.740206
0.723825
0.707008
0.689766
0.672108
0.654045
0.635588
0.616748
0.597537
0.577965
0.558046
0.53779
0.517211
0.49632
0.47513
0.453654
0.431904
0.409894
0.387638
0.365148
0.342438
0.319522
0.296413
0.273126
0.249674
0.226072
0.202333
0.178473
0.154505
0.130445
0.106305
0.0821017
0.0578488
0.0335611
0.00925313
-0.0150604
-0.0393648
-0.0636456
