-0.787995
-0.802594
-0.816709
-0.830333
-0.843456
-0.856071
-0.86817
-0.879747
-0.890793
-0.901303
-0.91127
-0.920688
-0.929552
-0.937856
-0.945594
-0.952763
-0.959358
-0.965376
-0.970812
-0.975663
-0.979926
-0.983599
-0.98668
-0.989166
-0.991056
-0.99235
-0.993045
-0.993143
-0.992642
-0.991543
-0.989847
-0.987555
-0.984668
-0.981188
-0.977117
-0.972457
-0.967211
-0.961383
-0.954976
-0.947993
-0.94044
-0.93232
-0.923638
-0.9144
-0.904611
-0.894278
-0.883405
-0.872001
-0.860071
-0.847623
-0.834665
-0.821203
-0.807248
-0.792805
-0.777886
-0.762497
-0.74665
-0.730353
-0.713615
-0.696448
-0.678862
-0.660866
-0.642473
-0.623692
-0.604536
-0.585015
-0.565142
-0.544929
-0.524388
-0.50353
-0.48237
-0.460918
-0.439189
-0.417196
-0.394951
-0.372469
-0.349762
-0.326844
-0.303729
-0.280432
-0.256965
-0.233344
-0.209582
-0.185694
-0.161694
-0.137597
-0.113417
-0.0891685
-0.0648663
-0.0405251
-0.0161594
0.00821602
0.0325865
0.0569373
0.0812539
0.105521
0.129726
0.153851
0.177885
0.201811
0.225615
0.249284
0.272802
0.296156
0.319332
0.342315
0.365093
0.38765
0.409974
0.43205
0.453867
0.47541
0.496667
0.517625
0.53827
0.558592
0.578577
0.598214
0.61749
0.636394
0.654915
0.673042
0.690763
0.708068
0.724946
0.741388
0.757383
0.772922
0.787995
0.802594
0.816709
0.830333
0.843456
0.856071
0.86817
0.879747
0.890793
0.901303
0.91127
0.920688
0.929552
0.937856
0.945594
0.952763
0.959358
0.965376
0.970812
0.975663
0.979926
0.983599
0.98668
0.989166
0.991056
0.99235
0.993045
0.993143
0.992642
0.991543
0.989847
0.987555
0.984668
0.981188
0.977117
0.972457
0.967211
0.961383
0.954976
0.947993
0.94044
0.93232
0.923638
0.9144
0.904611
0.894278
0.883405
0.872001
0.860071
0.847623
0.834665
0.821203
0.807248
0.792805
0.777886
0.762497
0.74665
0.730353
0.713615
0.696448
0.678862
0.660866
0.642473
0.623692
0.604536
0.585015
0.565142
0.544929
0.524388
0.50353
0.48237
0.460918
0.439189
0.417196
0.394951
0.372469
0.349762
0.326844
0.303729
0.280432
0.256965
0.233344
0.209582
0.185694
0.161694
0.137597
0.113417
0.0891685
0.0648663
0.0405251
0.0161594
-0.00821602
-0.0325865
-0.0569373
-0.0812539
-0.105521
-0.129726
-0.153851
-0.177885
-0.201811
-0.225615
-0.249284
-0.272802
-0.296156
-0.319332
-0.342315
-0.365093
-0.38765
-0.409974
-0.43205
-0.453867
-0.47541
-0.496667
-0.517625
-0.53827
-0.558592
-0.578577
-0.598214
-0.61749
-0.636394
-0.654915
-0.673042
-0.690763
-0.708068
-0.724946
-0.741388
-0.757383
-0.772922
