0.574414
0.554371
0.533996
0.513303
0.492302
0.471008
0.449431
0.427586
0.405486
0.383143
0.360571
0.337784
0.314795
0.291618
0.268266
0.244754
0.221096
0.197305
0.173397
0.149385
0.125284
0.101108
0.0768713
0.0525888
0.0282749
0.00394406
-0.0203891
-0.0447101
-0.0690044
-0.0932574
-0.117455
-0.141582
-0.165624
-0.189568
-0.213398
-0.237101
-0.260661
-0.284067
-0.307302
-0.330354
-0.353208
-0.375851
-0.398269
-0.42045
-0.442379
-0.464044
-0.485431
-0.506528
-0.527323
-0.547802
-0.567954
-0.587767
-0.607228
-0.626326
-0.64505
-0.663388
-0.68133
-0.698865
-0.715982
-0.732671
-0.748922
-0.764725
-0.780072
-0.794952
-0.809357
-0.823278
-0.836708
-0.849637
-0.862058
-0.873964
-0.885348
-0.896203
-0.906521
-0.916299
-0.925528
-0.934204
-0.942322
-0.949877
-0.956864
-0.963279
-0.969119
-0.974379
-0.979057
-0.983149
-0.986654
-0.989569
-0.991893
-0.993624
-0.994761
-0.995304
-0.995252
-0.994604
-0.993363
-0.991528
-0.9891
-0.98608
-0.982472
-0.978276
-0.973496
-0.968134
-0.962193
-0.955677
-0.94859
-0.940936
-0.932719
-0.923945
-0.914619
-0.904746
-0.894332
-0.883384
-0.871908
-0.859911
-0.8474
-0.834382
-0.820866
-0.806859
-0.792369
-0.777407
-0.761979
-0.746096
-0.729767
-0.713003
-0.695811
-0.678204
-0.660192
-0.641785
-0.622994
-0.603832
-0.584308
-0.564435
-0.544224
-0.523689
-0.50284
-0.481691
-0.460254
-0.438541
-0.416566
-0.394342
-0.371879
-0.349192
-0.326288
-0.303178
-0.279863
-0.256342
-0.232605
-0.208631
-0.184389
-0.159839
-0.134934
-0.109637
-0.0839265
-0.0578151
-0.0313606
-0.00466935
0.0221101
0.0488071
0.0752562
0.101326
0.126938
0.152074
0.176767
0.201078
0.225078
0.248824
0.272358
0.295699
0.31885
0.341806
0.364557
0.387089
0.40939
0.431447
0.453245
0.474773
0.496017
0.516964
0.537603
0.55792
0.577904
0.597542
0.616823
0.635735
0.654268
0.672409
0.690149
0.707476
0.72438
0.740852
0.75688
0.772456
0.787571
0.802214
0.816379
0.830055
0.843235
0.855911
0.868076
0.879722
0.890842
0.901429
0.911478
0.920982
0.929936
0.938334
0.94617
0.953442
0.960143
0.966271
0.971821
0.976791
0.981176
0.984975
0.988186
0.990805
0.992833
0.994267
0.995107
0.995352
0.995002
0.994058
0.992519
0.990388
0.987664
0.98435
0.980447
0.975959
0.970887
0.965235
0.959006
0.952204
0.944833
0.936897
0.928401
0.919351
0.90975
0.899606
0.888925
0.877712
0.865974
0.853719
0.840954
0.827686
0.813923
0.799674
0.784947
0.76975
0.754094
0.737987
0.721439
0.70446
0.687059
0.669248
0.651037
0.632437
0.613459
0.594114
