-0.411271
-0.422403
-0.433471
-0.444475
-0.455411
-0.466279
-0.477077
-0.487803
-0.498455
-0.509032
-0.519533
-0.529955
-0.540298
-0.550559
-0.560737
-0.570831
-0.580839
-0.590759
-0.600591
-0.610332
-0.619981
-0.629537
-0.638997
-0.648362
-0.657629
-0.666797
-0.675865
-0.684831
-0.693693
-0.702451
-0.711104
-0.719649
-0.728086
-0.736413
-0.74463
-0.752734
-0.760725
-0.768601
-0.776362
-0.784005
-0.791531
-0.798937
-0.806224
-0.813388
-0.82043
-0.827349
-0.834143
-0.840811
-0.847353
-0.853767
-0.860053
-0.866209
-0.872235
-0.878129
-0.883891
-0.88952
-0.895015
-0.900375
-0.9056
-0.910688
-0.915639
-0.920452
-0.925127
-0.929662
-0.934057
-0.938312
-0.942425
-0.946396
-0.950225
-0.953911
-0.957453
-0.960851
-0.964104
-0.967212
-0.970174
-0.97299
-0.97566
-0.978183
-0.980558
-0.982786
-0.984866
-0.986797
-0.98858
-0.990214
-0.991699
-0.993034
-0.99422
-0.995256
-0.996143
-0.996879
-0.997465
-0.997901
-0.998187
-0.998322
-0.998307
-0.998142
-0.997826
-0.99736
-0.996744
-0.995978
-0.995062
-0.993996
-0.99278
-0.991415
-0.9899
-0.988237
-0.986424
-0.984463
-0.982354
-0.980097
-0.977692
-0.97514
-0.972441
-0.969596
-0.966604
-0.963468
-0.960186
-0.956759
-0.953188
-0.949474
-0.945617
-0.941617
-0.937476
-0.933193
-0.92877
-0.924207
-0.919505
-0.914664
-0.909686
-0.90457
-0.899319
-0.893931
-0.88841
-0.882754
-0.876966
-0.871045
-0.864994
-0.858812
-0.8525
-0.846061
-0.839494
-0.8328
-0.825981
-0.819038
-0.811971
-0.804782
-0.797472
-0.790042
-0.782493
-0.774826
-0.767042
-0.759143
-0.751129
-0.743003
-0.734764
-0.726415
-0.717956
-0.709389
-0.700716
-0.691937
-0.683053
-0.674067
-0.66498
-0.655792
-0.646505
-0.637121
-0.627641
-0.618067
-0.608399
-0.59864
-0.588791
-0.578853
-0.568828
-0.558717
-0.548522
-0.538245
-0.527886
-0.517448
-0.506932
-0.49634
-0.485673
-0.474933
-0.464121
-0.453239
-0.442289
-0.431273
-0.420191
-0.409047
-0.39784
-0.386574
-0.375249
-0.363868
-0.352433
-0.340944
-0.329404
-0.317814
-0.306176
-0.294492
-0.282764
-0.270994
-0.259182
-0.247331
-0.235444
-0.22352
-0.211564
-0.199575
-0.187556
-0.175509
-0.163435
-0.151337
-0.139216
-0.127074
-0.114913
-0.102735
-0.0905413
-0.0783338
-0.0661146
-0.0538854
-0.0416481
-0.0294046
-0.0171566
-0.00490599
0.00734533
0.0195955
0.0318428
0.0440853
0.0563211
0.0685484
0.0807655
0.0929703
0.105161
0.117336
0.129494
0.141631
0.153748
0.165841
0.17791
0.189951
0.201964
0.213947
0.225897
0.237814
0.249694
0.261537
0.273341
0.285103
0.296822
0.308497
0.320125
0.331705
0.343236
0.354714
0.366139
0.377509
0.388822
0.400076
0.411271
0.422403
0.433471
0.444475
0.455411
0.466279
0.477077
0.487803
0.498455
0.509032
0.519533
0.529955
0.540298
0.550559
0.560737
0.570831
0.580839
0.590759
0.600591
0.610332
0.619981
0.629537
0.638997
0.648362
0.657629
0.666797
0.675865
0.684831
0.693693
0.702451
0.711104
0.719649
0.728086
0.736413
0.74463
0.752734
0.760725
0.768601
0.776362
0.784005
0.791531
0.798937
0.806224
0.813388
0.82043
0.827349
0.834143
0.840811
0.847353
0.853767
0.860053
0.866209
0.872235
0.878129
0.883891
0.88952
0.895015
0.900375
0.9056
0.910688
0.915639
0.920452
0.925127
0.929662
0.934057
0.938312
0.942425
0.946396
0.950225
0.953911
0.957453
0.960851
0.964104
0.967212
0.970174
0.97299
0.97566
0.978183
0.980558
0.982786
0.984866
0.986797
0.98858
0.990214
0.991699
0.993034
0.99422
0.995256
0.996143
0.996879
0.997465
0.997901
0.998187
0.998322
0.998307
0.998142
0.997826
0.99736
0.996744
0.995978
0.995062
0.993996
0.99278
0.991415
0.9899
0.988237
0.986424
0.984463
0.982354
0.980097
0.977692
0.97514
0.972441
0.969596
0.966604
0.963468
0.960186
0.956759
0.953188
0.949474
0.945617
0.941617
0.937476
0.933193
0.92877
0.924207
0.919505
0.914664
0.909686
0.90457
0.899319
0.893931
0.88841
0.882754
0.876966
0.871045
0.864994
0.858812
0.8525
0.846061
0.839494
0.8328
0.825981
0.819038
0.811971
0.804782
0.797472
0.790042
0.782493
0.774826
0.767042
0.759143
0.751129
0.743003
0.734764
0.726415
0.717956
0.709389
0.700716
0.691937
0.683053
0.674067
0.66498
0.655792
0.646505
0.637121
0.627641
0.618067
0.608399
0.59864
0.588791
0.578853
0.568828
0.558717
0.548522
0.538245
0.527886
0.517448
0.506932
0.49634
0.485673
0.474933
0.464121
0.453239
0.442289
0.431273
0.420191
0.409047
0.39784
0.386574
0.375249
0.363868
0.352433
0.340944
0.329404
0.317814
0.306176
0.294492
0.282764
0.270994
0.259182
0.247331
0.235444
0.22352
0.211564
0.199575
0.187556
0.175509
0.163435
0.151337
0.139216
0.127074
0.114913
0.102735
0.0905413
0.0783338
0.0661146
0.0538854
0.0416481
0.0294046
0.0171566
0.00490599
-0.00734533
-0.0195955
-0.0318428
-0.0440853
-0.0563211
-0.0685484
-0.0807655
-0.0929703
-0.105161
-0.117336
-0.129494
-0.141631
-0.153748
-0.165841
-0.17791
-0.189951
-0.201964
-0.213947
-0.225897
-0.237814
-0.249694
-0.261537
-0.273341
-0.285103
-0.296822
-0.308497
-0.320125
-0.331705
-0.343236
-0.354714
-0.366139
-0.377509
-0.388822
-0.400076
