0.978854
0.970959
0.960724
0.948176
0.933343
0.916261
0.896972
0.875523
0.851964
0.826352
0.79875
0.769224
0.737844
0.704687
0.669833
0.633364
0.59537
0.555941
0.515174
0.473165
0.430016
0.385831
0.340717
0.294782
0.248137
0.200894
0.153167
0.105071
0.0567215
0.00823574
-0.0402698
-0.0886784
-0.136873
-0.184739
-0.232159
-0.27902
-0.325208
-0.370613
-0.415126
-0.458638
-0.501046
-0.542246
-0.58214
-0.620632
-0.657628
-0.69304
-0.726783
-0.758774
-0.788938
-0.817201
-0.843496
-0.867758
-0.88993
-0.909958
-0.927793
-0.943394
-0.956722
-0.967745
-0.976437
-0.982776
-0.986748
-0.988343
-0.987556
-0.984391
-0.978854
-0.970959
-0.960724
-0.948176
-0.933343
-0.916261
-0.896972
-0.875523
-0.851964
-0.826352
-0.79875
-0.769224
-0.737844
-0.704687
-0.669833
-0.633364
-0.59537
-0.555941
-0.515174
-0.473165
-0.430016
-0.385831
-0.340717
-0.294782
-0.248137
-0.200894
-0.153167
-0.105071
-0.0567215
-0.00823574
0.0402698
0.0886784
0.136873
0.184739
0.232159
0.27902
0.325208
0.370613
0.415126
0.458638
0.501046
0.542246
0.58214
0.620632
0.657628
0.69304
0.726783
0.758774
0.788938
0.817201
0.843496
0.867758
0.88993
0.909958
0.927793
0.943394
0.956722
0.967745
0.976437
0.982776
0.986748
0.988343
0.987556
0.984391
