-0.669518
-0.651162
-0.632414
-0.613285
-0.593786
-0.57393
-0.553728
-0.533193
-0.512336
-0.491171
-0.469709
-0.447965
-0.425951
-0.403681
-0.381167
-0.358424
-0.335465
-0.312303
-0.288954
-0.265431
-0.241747
-0.217918
-0.193958
-0.169881
-0.145702
-0.121434
-0.0970942
-0.0726954
-0.0482528
-0.0237812
0.000704731
0.0251903
0.0496606
0.0741011
0.0984969
0.122833
0.147096
0.17127
0.19534
0.219293
0.243114
0.266789
0.290303
0.313642
0.336792
0.359739
0.382469
0.404969
0.427225
0.449224
0.470952
0.492397
0.513545
0.534383
0.5549
0.575082
0.594918
0.614396
0.633504
0.65223
0.670563
0.688492
0.706006
0.723095
0.739749
0.755957
0.77171
0.786998
0.801811
0.816142
0.829981
0.84332
0.856152
0.868467
0.880259
0.891522
0.902247
0.912428
0.92206
0.931137
0.939653
0.947602
0.954981
0.961785
0.968009
0.97365
0.978705
0.98317
0.987043
0.990322
0.993004
0.995087
0.996572
0.997456
0.997739
0.997421
0.996503
0.994984
0.992865
0.990149
0.986837
0.982929
0.97843
0.973342
0.967667
0.961409
0.954572
0.94716
0.939178
0.93063
0.921521
0.911857
0.901644
0.890888
0.879595
0.867772
0.855427
0.842566
0.829198
0.81533
0.800972
0.78613
0.770816
0.755036
0.738803
0.722124
0.70501
0.687471
0.669518
0.651162
0.632414
0.613285
0.593786
0.57393
0.553728
0.533193
0.512336
0.491171
0.469709
0.447965
0.425951
0.403681
0.381167
0.358424
0.335465
0.312303
0.288954
0.265431
0.241747
0.217918
0.193958
0.169881
0.145702
0.121434
0.0970942
0.0726954
0.0482528
0.0237812
-0.000704731
-0.0251903
-0.0496606
-0.0741011
-0.0984969
-0.122833
-0.147096
-0.17127
-0.19534
-0.219293
-0.243114
-0.266789
-0.290303
-0.313642
-0.336792
-0.359739
-0.382469
-0.404969
-0.427225
-0.449224
-0.470952
-0.492397
-0.513545
-0.534383
-0.5549
-0.575082
-0.594918
-0.614396
-0.633504
-0.65223
-0.670563
-0.688492
-0.706006
-0.723095
-0.739749
-0.755957
-0.77171
-0.786998
-0.801811
-0.816142
-0.829981
-0.84332
-0.856152
-0.868467
-0.880259
-0.891522
-0.902247
-0.912428
-0.92206
-0.931137
-0.939653
-0.947602
-0.954981
-0.961785
-0.968009
-0.97365
-0.978705
-0.98317
-0.987043
-0.990322
-0.993004
-0.995087
-0.996572
-0.997456
-0.997739
-0.997421
-0.996503
-0.994984
-0.992865
-0.990149
-0.986837
-0.982929
-0.97843
-0.973342
-0.967667
-0.961409
-0.954572
-0.94716
-0.939178
-0.93063
-0.921521
-0.911857
-0.901644
-0.890888
-0.879595
-0.867772
-0.855427
-0.842566
-0.829198
-0.81533
-0.800972
-0.78613
-0.770816
-0.755036
-0.738803
-0.722124
-0.70501
-0.687471
