0
2.95673e+26
-1.33807e+28
2.99766e+29
-4.43212e+30
4.86484e+31
-4.22796e+32
3.03023e+33
-1.84198e+34
9.69303e+34
-4.48522e+35
1.84755e+36
-6.84237e+36
2.29699e+37
-7.03753e+37
1.97929e+38
-5.13549e+38
1.23456e+39
-2.76016e+39
5.75821e+39
-1.12421e+40
2.05942e+40
-3.54813e+40
5.76134e+40
-8.83365e+40
1.28114e+41
-1.76021e+41
2.29436e+41
-2.84085e+41
3.34529e+41
-3.75048e+41
4.00713e+41
-4.0838e+41
3.97316e+41
-3.69296e+41
3.28155e+41
-2.78947e+41
2.2696e+41
-1.76843e+41
1.3202e+41
-9.44684e+40
6.48179e+40
-4.2659e+40
2.69377e+40
-1.63251e+40
9.4972e+39
-5.30465e+39
2.84515e+39
-1.46551e+39
7.25014e+38
-3.44505e+38
1.57234e+38
-6.89264e+37
2.90199e+37
-1.17338e+37
4.55576e+36
-1.69824e+36
6.07675e+35
-2.0868e+35
6.87562e+34
-2.17289e+34
6.58429e+33
-1.91232e+33
5.3212e+32
-1.41792e+32
3.61635e+31
-8.82342e+30
2.05846e+30
-4.5886e+29
9.72046e+28
-1.84887e+28
1.30149e+27
3.21004e+27
-5.21227e+27
6.60114e+27
-7.59971e+27
8.14468e+27
-8.18289e+27
7.73766e+27
-6.91325e+27
5.87158e+27
-4.79577e+27
3.85313e+27
-3.16814e+27
2.81043e+27
-2.79576e+27
3.09359e+27
-3.63464e+27
4.31543e+27
-5.00238e+27
5.54139e+27
-5.77772e+27
5.58557e+27
-4.90032e+27
3.74161e+27
-2.21698e+27
5.02105e+26
1.19723e+27
-2.6886e+27
3.82738e+27
-4.53209e+27
4.77884e+27
-4.58209e+27
3.97277e+27
-2.98428e+27
1.65102e+27
-1.73429e+25
-1.84999e+27
3.85392e+27
-5.86921e+27
7.75591e+27
-9.38072e+27
1.06402e+28
-1.14788e+28
1.18964e+28
-1.19426e+28
1.16986e+28
-1.12528e+28
1.06765e+28
-1.00084e+28
9.25126e+27
-8.38319e+27
7.37783e+27
-6.22748e+27
4.961e+27
-3.65093e+27
2.40774e+27
-1.3629e+27
