-0.405192
-0.382735
-0.36005
-0.33715
-0.314048
-0.290759
-0.267295
-0.243672
-0.219904
-0.196003
-0.171985
-0.147859
-0.123613
-0.0991508
-0.0741272
-0.0477265
-0.0188484
0.012558
0.04385
0.0714481
0.0957973
0.120089
0.14431
0.168444
0.192477
0.216395
0.240184
0.263829
0.287317
0.310633
0.333763
0.356694
0.379412
0.401903
0.424153
0.44615
0.467881
0.489332
0.51049
0.531343
0.551879
0.572085
0.591949
0.611459
0.630603
0.649371
0.667751
0.685731
0.703302
0.720452
0.737172
0.753451
0.76928
0.784649
0.799549
0.813971
0.827907
0.841347
0.854285
0.866713
0.878622
0.890006
0.900859
0.911172
0.920942
0.93016
0.938823
0.946925
0.954461
0.961426
0.967817
0.973629
0.978859
0.983505
0.987562
0.991029
0.993904
0.996185
0.997871
0.99896
0.999451
0.999346
0.998643
0.997344
0.995448
0.992958
0.989873
0.986198
0.981933
0.97708
0.971644
0.965628
0.959034
0.951867
0.944131
0.93583
0.926971
0.917557
0.907595
0.89709
0.88605
0.874479
0.862386
0.849778
0.836662
0.823045
0.808937
0.794345
0.779279
0.763746
0.747757
0.731322
0.714449
0.697149
0.679433
0.66131
0.642792
0.62389
0.604615
0.584979
0.564993
0.544669
0.52402
0.503058
0.481795
0.460244
0.438418
0.41633
0.393993
0.37142
0.348626
0.325623
0.302426
0.279048
0.255503
0.231805
0.207969
0.184009
0.159938
0.135772
0.111525
0.0872109
0.062845
0.0384414
0.0140149
-0.01042
-0.0348487
-0.0592565
-0.0836289
-0.107951
-0.132209
-0.156388
-0.180474
-0.204451
-0.228307
-0.252025
-0.275594
-0.298997
-0.322222
-0.345254
-0.36808
-0.390686
-0.413059
-0.435184
-0.45705
-0.478642
-0.499948
-0.520955
-0.541651
-0.562024
-0.58206
-0.601749
-0.621077
-0.640035
-0.65861
-0.676791
-0.694568
-0.71193
-0.728866
-0.745367
-0.761422
-0.777022
-0.792158
-0.80682
-0.821
-0.834689
-0.84788
-0.860563
-0.872733
-0.88438
-0.895499
-0.906083
-0.916125
-0.92562
-0.934562
-0.942945
-0.950764
-0.958015
-0.964694
-0.970796
-0.976317
-0.981255
-0.985607
-0.98937
-0.992541
-0.995119
-0.997102
-0.99849
-0.99928
-0.999473
-0.999069
-0.998068
-0.99647
-0.994277
-0.99149
-0.988109
-0.984139
-0.97958
-0.974435
-0.968708
-0.962403
-0.955522
-0.948069
-0.940051
-0.93147
-0.922333
-0.912644
-0.90241
-0.891636
-0.88033
-0.868498
-0.856146
-0.843283
-0.829915
-0.816052
-0.801701
-0.786871
-0.77157
-0.755808
-0.739595
-0.722939
-0.705852
-0.688342
-0.670421
-0.6521
-0.633388
-0.614299
-0.594842
-0.575029
-0.554873
-0.534385
-0.513577
-0.492463
-0.471055
-0.449364
-0.427406
