-0.576588
-0.535898
-0.493917
-0.450746
-0.406489
-0.361253
-0.315146
-0.26828
-0.220769
-0.172725
-0.124265
-0.0755056
-0.0265644
0.0224408
0.0713919
0.120171
0.168661
0.216744
0.264305
0.311229
0.357404
0.402718
0.447061
0.490328
0.532413
0.573215
0.612637
0.650583
0.686961
0.721684
0.754669
0.785836
0.81511
0.84242
0.8677
0.89089
0.911934
0.930781
0.947386
0.961708
0.973714
0.983374
0.990664
0.995568
0.998074
0.998175
0.995872
0.991169
0.984079
0.974618
0.962808
0.94868
0.932266
0.913606
0.892745
0.869733
0.844627
0.817485
0.788374
0.757364
0.724529
0.689948
0.653706
0.615889
0.576588
0.535898
0.493917
0.450746
0.406489
0.361253
0.315146
0.26828
0.220769
0.172725
0.124265
0.0755056
0.0265644
-0.0224408
-0.0713919
-0.120171
-0.168661
-0.216744
-0.264305
-0.311229
-0.357404
-0.402718
-0.447061
-0.490328
-0.532413
-0.573215
-0.612637
-0.650583
-0.686961
-0.721684
-0.754669
-0.785836
-0.81511
-0.84242
-0.8677
-0.89089
-0.911934
-0.930781
-0.947386
-0.961708
-0.973714
-0.983374
-0.990664
-0.995568
-0.998074
-0.998175
-0.995872
-0.991169
-0.984079
-0.974618
-0.962808
-0.94868
-0.932266
-0.913606
-0.892745
-0.869733
-0.844627
-0.817485
-0.788374
-0.757364
-0.724529
-0.689948
-0.653706
-0.615889
