0.0101112
0.0362373
0.0622688
0.0881237
0.113733
0.139048
0.16404
0.188702
0.213041
0.237077
0.260832
0.28433
0.307587
0.330614
0.353416
0.375991
0.398333
0.420433
0.442281
0.463863
0.485167
0.506182
0.526894
0.547291
0.567361
0.587092
0.606472
0.625489
0.644133
0.662392
0.680254
0.697711
0.71475
0.731362
0.747536
0.763265
0.778536
0.793343
0.807675
0.821525
0.834884
0.847743
0.860096
0.871935
0.883253
0.894043
0.904298
0.914013
0.923182
0.931799
0.939859
0.947357
0.954289
0.960651
0.966438
0.971648
0.976277
0.980323
0.983783
0.986654
0.988936
0.990627
0.991726
0.992232
0.992145
0.991466
0.990193
0.988329
0.985874
0.982829
0.979198
0.974981
0.970181
0.964802
0.958846
0.952316
0.945218
0.937554
0.929331
0.920552
0.911222
0.901348
0.890935
0.87999
0.868519
0.856529
0.844026
0.83102
0.817516
0.803524
0.789052
0.774108
0.758702
0.742842
0.726538
0.7098
0.692637
0.675061
0.657081
0.638708
0.619954
0.600829
0.581345
0.561514
0.541346
0.520856
0.500054
0.478953
0.457566
0.435905
0.413984
0.391816
0.369413
0.34679
0.323959
0.300934
0.27773
0.25436
0.230838
0.207177
0.183393
0.1595
0.135511
0.111441
0.087304
0.0631152
0.0388887
0.0146389
-0.00961957
-0.0338723
-0.0581048
-0.0823026
-0.106451
-0.130536
-0.154543
-0.178458
-0.202266
-0.225953
-0.249505
-0.272908
-0.296147
-0.31921
-0.342082
-0.364749
-0.387199
-0.409417
-0.43139
-0.453106
-0.474551
-0.495712
-0.516577
-0.537133
-0.557368
-0.57727
-0.596826
-0.616027
-0.634859
-0.653311
-0.671373
-0.689034
-0.706283
-0.72311
-0.739504
-0.755457
-0.770958
-0.785998
-0.800569
-0.814661
-0.828266
-0.841376
-0.853983
-0.86608
-0.877659
-0.888714
-0.899238
-0.909223
-0.918666
-0.92756
-0.935899
-0.943678
-0.950894
-0.957541
-0.963616
-0.969116
-0.974035
-0.978373
-0.982126
-0.985292
-0.987869
-0.989856
-0.991251
-0.992053
-0.992263
-0.99188
-0.990903
-0.989335
-0.987175
-0.984425
-0.981087
-0.977162
-0.972654
-0.967564
-0.961895
-0.955652
-0.948838
-0.941456
-0.933512
-0.92501
-0.915955
-0.906353
-0.896209
-0.885529
-0.87432
-0.862588
-0.850341
-0.837586
-0.82433
-0.810581
-0.796348
-0.781639
-0.766462
-0.750828
-0.734745
-0.718222
-0.701271
-0.6839
-0.666121
-0.647943
-0.629378
-0.610437
-0.591131
-0.571472
-0.551471
-0.53114
-0.510492
-0.489538
-0.46829
-0.446761
-0.424961
-0.402903
-0.380595
-0.358047
-0.335263
-0.312248
-0.289002
-0.265519
-0.241792
-0.217809
-0.193556
-0.169019
-0.144188
-0.11906
-0.0936445
-0.0679678
-0.0420727
-0.0160209
