-0.235179
-0.282214
-0.328569
-0.374132
-0.418794
-0.462448
-0.504987
-0.546309
-0.586316
-0.62491
-0.661998
-0.697492
-0.731306
-0.763357
-0.79357
-0.821871
-0.848192
-0.872469
-0.894645
-0.914665
-0.932482
-0.948053
-0.961339
-0.97231
-0.980938
-0.987203
-0.99109
-0.992589
-0.991697
-0.988415
-0.982753
-0.974723
-0.964345
-0.951644
-0.93665
-0.9194
-0.899934
-0.878301
-0.854552
-0.828744
-0.80094
-0.771206
-0.739614
-0.70624
-0.671165
-0.634473
-0.596253
-0.556596
-0.515598
-0.473359
-0.429978
-0.385562
-0.340217
-0.294053
-0.24718
-0.199712
-0.151762
-0.103447
-0.0548825
-0.00618593
0.0425255
0.0911346
0.139524
0.187577
0.235179
0.282214
0.328569
0.374132
0.418794
0.462448
0.504987
0.546309
0.586316
0.62491
0.661998
0.697492
0.731306
0.763357
0.79357
0.821871
0.848192
0.872469
0.894645
0.914665
0.932482
0.948053
0.961339
0.97231
0.980938
0.987203
0.99109
0.992589
0.991697
0.988415
0.982753
0.974723
0.964345
0.951644
0.93665
0.9194
0.899934
0.878301
0.854552
0.828744
0.80094
0.771206
0.739614
0.70624
0.671165
0.634473
0.596253
0.556596
0.515598
0.473359
0.429978
0.385562
0.340217
0.294053
0.24718
0.199712
0.151762
0.103447
0.0548825
0.00618593
-0.0425255
-0.0911346
-0.139524
-0.187577
