0.992607
0.993646
0.99409
0.99394
0.993197
0.991859
0.989929
0.987407
0.984295
0.980595
0.976309
0.971439
0.965988
0.95996
0.953359
0.946187
0.93845
0.930152
0.921299
0.911894
0.901945
0.891456
0.880435
0.868887
0.85682
0.844241
0.831158
0.817577
0.803508
0.788959
0.773938
0.758455
0.742518
0.726137
0.709323
0.692085
0.674432
0.656377
0.63793
0.619101
0.599902
0.580345
0.560441
0.540201
0.519639
0.498767
0.477596
0.45614
0.434411
0.412422
0.390187
0.367719
0.345031
0.322137
0.29905
0.275785
0.252355
0.228774
0.205056
0.181215
0.157267
0.133224
0.109102
0.0849141
0.0606758
0.0364013
0.012105
-0.0121986
-0.0364948
-0.0607693
-0.0850074
-0.109195
-0.133317
-0.157359
-0.181307
-0.205147
-0.228865
-0.252445
-0.275875
-0.29914
-0.322226
-0.345119
-0.367806
-0.390274
-0.412508
-0.434495
-0.456223
-0.477678
-0.498848
-0.519719
-0.54028
-0.560518
-0.580421
-0.599977
-0.619174
-0.638002
-0.656448
-0.674501
-0.692152
-0.709389
-0.726201
-0.74258
-0.758515
-0.773997
-0.789016
-0.803563
-0.81763
-0.831209
-0.844291
-0.856868
-0.868933
-0.880478
-0.891497
-0.901984
-0.911931
-0.921334
-0.930185
-0.938481
-0.946216
-0.953385
-0.959985
-0.96601
-0.971459
-0.976326
-0.98061
-0.984308
-0.987418
-0.989938
-0.991866
-0.993201
-0.993942
-0.99409
-0.993643
-0.992602
-0.990968
-0.988742
-0.985925
-0.982519
-0.978525
-0.973946
-0.968786
-0.963046
-0.956731
-0.949844
-0.942389
-0.934371
-0.925795
-0.916665
-0.906987
-0.896767
-0.886012
-0.874726
-0.862918
-0.850594
-0.837762
-0.824429
-0.810603
-0.796293
-0.781507
-0.766254
-0.750542
-0.734383
-0.717784
-0.700756
-0.68331
-0.665455
-0.647202
-0.628562
-0.609547
-0.590168
-0.570435
-0.550362
-0.52996
-0.509241
-0.488217
-0.466902
-0.445307
-0.423445
-0.401327
-0.378967
-0.356373
-0.333554
-0.310518
-0.287264
-0.26379
-0.240087
-0.216137
-0.191917
-0.167401
-0.14256
-0.117376
-0.091842
-0.0659763
-0.0398255
-0.0134672
0.0129938
0.0394356
0.0657335
0.0917769
0.117483
0.142803
0.167728
0.192275
0.216482
0.240393
0.264045
0.28747
0.310682
0.333689
0.356487
0.379068
0.40142
0.423533
0.445392
0.466985
0.488299
0.509321
0.530039
0.55044
0.570512
0.590243
0.609621
0.628635
0.647273
0.665524
0.683378
0.700823
0.717849
0.734446
0.750604
0.766313
0.781565
0.796349
0.810657
0.824481
0.837812
0.850643
0.862965
0.874771
0.886054
0.896808
0.907025
0.916701
0.925829
0.934403
0.942419
0.949871
0.956756
0.963069
0.968807
0.973965
0.978541
0.982533
0.985937
0.988752
0.990976
