0.945049
0.948872
0.952553
0.95609
0.959483
0.962731
0.965835
0.968793
0.971605
0.974271
0.976791
0.979163
0.981387
0.983464
0.985393
0.987173
0.988805
0.990288
0.991621
0.992806
0.993841
0.994726
0.995461
0.996046
0.996482
0.996767
0.996902
0.996888
0.996723
0.996407
0.995942
0.995327
0.994562
0.993647
0.992583
0.991369
0.990006
0.988493
0.986832
0.985022
0.983064
0.980958
0.978704
0.976303
0.973754
0.971059
0.968218
0.965231
0.962099
0.958821
0.9554
0.951834
0.948125
0.944273
0.94028
0.936144
0.931868
0.927451
0.922894
0.918199
0.913365
0.908394
0.903286
0.898042
0.892662
0.887148
0.881501
0.875721
0.869809
0.863766
0.857593
0.85129
0.84486
0.838302
0.831618
0.824809
0.817876
0.810819
0.803641
0.796341
0.788921
0.781383
0.773727
0.765954
0.758066
0.750064
0.741949
0.733722
0.725385
0.716938
0.708384
0.699723
0.690956
0.682085
0.673112
0.664037
0.654863
0.645589
0.636219
0.626752
0.617192
0.607538
0.597793
0.587958
0.578034
0.568023
0.557927
0.547746
0.537483
0.527139
0.516716
0.506215
0.495638
0.484986
0.474261
0.463465
0.452599
0.441664
0.430664
0.419598
0.408469
0.397279
0.386028
0.37472
0.363355
0.351936
0.340463
0.32894
0.317366
0.305745
0.294078
0.282367
0.270613
0.258818
0.246984
0.235113
0.223207
0.211267
0.199295
0.187294
0.175264
0.163207
0.151127
0.139023
0.126898
0.114755
0.102594
0.0904171
0.0782271
0.0660252
0.0538134
0.0415935
0.0293674
0.0171368
0.00490365
-0.00733024
-0.019563
-0.0317929
-0.0440179
-0.0562364
-0.0684463
-0.080646
-0.0928335
-0.105007
-0.117165
-0.129305
-0.141425
-0.153525
-0.165601
-0.177652
-0.189677
-0.201673
-0.213638
-0.225571
-0.237471
-0.249334
-0.261161
-0.272947
-0.284693
-0.296396
-0.308054
-0.319666
-0.331229
-0.342743
-0.354205
-0.365614
-0.376968
-0.388265
-0.399503
-0.410681
-0.421798
-0.432851
-0.443839
-0.454759
-0.465612
-0.476394
-0.487105
-0.497742
-0.508304
-0.51879
-0.529198
-0.539525
-0.549772
-0.559936
-0.570015
-0.580009
-0.589915
-0.599733
-0.60946
-0.619095
-0.628638
-0.638085
-0.647437
-0.65669
-0.665845
-0.6749
-0.683853
-0.692703
-0.701449
-0.710089
-0.718622
-0.727047
-0.735363
-0.743568
-0.75166
-0.75964
-0.767505
-0.775255
-0.782888
-0.790403
-0.797798
-0.805074
-0.812229
-0.819261
-0.82617
-0.832954
-0.839613
-0.846146
-0.852551
-0.858827
-0.864975
-0.870992
-0.876878
-0.882632
-0.888253
-0.89374
-0.899093
-0.90431
-0.909391
-0.914335
-0.919141
-0.923809
-0.928338
-0.932727
-0.936976
-0.941083
-0.945049
-0.948872
-0.952553
-0.95609
-0.959483
-0.962731
-0.965835
-0.968793
-0.971605
-0.974271
-0.976791
-0.979163
-0.981387
-0.983464
-0.985393
-0.987173
-0.988805
-0.990288
-0.991621
-0.992806
-0.993841
-0.994726
-0.995461
-0.996046
-0.996482
-0.996767
-0.996902
-0.996888
-0.996723
-0.996407
-0.995942
-0.995327
-0.994562
-0.993647
-0.992583
-0.991369
-0.990006
-0.988493
-0.986832
-0.985022
-0.983064
-0.980958
-0.978704
-0.976303
-0.973754
-0.971059
-0.968218
-0.965231
-0.962099
-0.958821
-0.9554
-0.951834
-0.948125
-0.944273
-0.94028
-0.936144
-0.931868
-0.927451
-0.922894
-0.918199
-0.913365
-0.908394
-0.903286
-0.898042
-0.892662
-0.887148
-0.881501
-0.875721
-0.869809
-0.863766
-0.857593
-0.85129
-0.84486
-0.838302
-0.831618
-0.824809
-0.817876
-0.810819
-0.803641
-0.796341
-0.788921
-0.781383
-0.773727
-0.765954
-0.758066
-0.750064
-0.741949
-0.733722
-0.725385
-0.716938
-0.708384
-0.699723
-0.690956
-0.682085
-0.673112
-0.664037
-0.654863
-0.645589
-0.636219
-0.626752
-0.617192
-0.607538
-0.597793
-0.587958
-0.578034
-0.568023
-0.557927
-0.547746
-0.537483
-0.527139
-0.516716
-0.506215
-0.495638
-0.484986
-0.474261
-0.463465
-0.452599
-0.441664
-0.430664
-0.419598
-0.408469
-0.397279
-0.386028
-0.37472
-0.363355
-0.351936
-0.340463
-0.32894
-0.317366
-0.305745
-0.294078
-0.282367
-0.270613
-0.258818
-0.246984
-0.235113
-0.223207
-0.211267
-0.199295
-0.187294
-0.175264
-0.163207
-0.151127
-0.139023
-0.126898
-0.114755
-0.102594
-0.0904171
-0.0782271
-0.0660252
-0.0538134
-0.0415935
-0.0293674
-0.0171368
-0.00490365
0.00733024
0.019563
0.0317929
0.0440179
0.0562364
0.0684463
0.080646
0.0928335
0.105007
0.117165
0.129305
0.141425
0.153525
0.165601
0.177652
0.189677
0.201673
0.213638
0.225571
0.237471
0.249334
0.261161
0.272947
0.284693
0.296396
0.308054
0.319666
0.331229
0.342743
0.354205
0.365614
0.376968
0.388265
0.399503
0.410681
0.421798
0.432851
0.443839
0.454759
0.465612
0.476394
0.487105
0.497742
0.508304
0.51879
0.529198
0.539525
0.549772
0.559936
0.570015
0.580009
0.589915
0.599733
0.60946
0.619095
0.628638
0.638085
0.647437
0.65669
0.665845
0.6749
0.683853
0.692703
0.701449
0.710089
0.718622
0.727047
0.735363
0.743568
0.75166
0.75964
0.767505
0.775255
0.782888
0.790403
0.797798
0.805074
0.812229
0.819261
0.82617
0.832954
0.839613
0.846146
0.852551
0.858827
0.864975
0.870992
0.876878
0.882632
0.888253
0.89374
0.899093
0.90431
0.909391
0.914335
0.919141
0.923809
0.928338
0.932727
0.936976
0.941083
