0.627644
0.646019
0.664006
0.681592
0.698768
0.715524
0.731848
0.747731
0.763164
0.778137
0.792641
0.806668
0.820209
0.833256
0.845801
0.857837
0.869355
0.880351
0.890815
0.900744
0.910129
0.918967
0.927251
0.934976
0.942138
0.948733
0.954756
0.960204
0.965074
0.969362
0.973067
0.976185
0.978715
0.980656
0.982006
0.982765
0.982931
0.982506
0.981488
0.97988
0.977681
0.974893
0.971518
0.967558
0.963015
0.957892
0.952192
0.945918
0.939075
0.931666
0.923696
0.915169
0.906091
0.896467
0.886303
0.875606
0.864381
0.852635
0.840376
0.82761
0.814346
0.800591
0.786355
0.771644
0.756469
0.740838
0.724761
0.708247
0.691306
0.673949
0.656187
0.638029
0.619486
0.600571
0.581293
0.561666
0.5417
0.521408
0.500802
0.479894
0.458697
0.437224
0.415487
0.393501
0.371277
0.348829
0.326172
0.303317
0.280281
0.257075
0.233714
0.210213
0.186585
0.162845
0.139007
0.115084
0.091093
0.0670467
0.04296
0.0188474
-0.00527651
-0.0293973
-0.0535003
-0.0775711
-0.101595
-0.125558
-0.149445
-0.173243
-0.196936
-0.22051
-0.243951
-0.267246
-0.290379
-0.313338
-0.336108
-0.358675
-0.381026
-0.403148
-0.425027
-0.44665
-0.468004
-0.489076
-0.509854
-0.530324
-0.550475
-0.570294
-0.58977
-0.60889
-0.627644
-0.646019
-0.664006
-0.681592
-0.698768
-0.715524
-0.731848
-0.747731
-0.763164
-0.778137
-0.792641
-0.806668
-0.820209
-0.833256
-0.845801
-0.857837
-0.869355
-0.880351
-0.890815
-0.900744
-0.910129
-0.918967
-0.927251
-0.934976
-0.942138
-0.948733
-0.954756
-0.960204
-0.965074
-0.969362
-0.973067
-0.976185
-0.978715
-0.980656
-0.982006
-0.982765
-0.982931
-0.982506
-0.981488
-0.97988
-0.977681
-0.974893
-0.971518
-0.967558
-0.963015
-0.957892
-0.952192
-0.945918
-0.939075
-0.931666
-0.923696
-0.915169
-0.906091
-0.896467
-0.886303
-0.875606
-0.864381
-0.852635
-0.840376
-0.82761
-0.814346
-0.800591
-0.786355
-0.771644
-0.756469
-0.740838
-0.724761
-0.708247
-0.691306
-0.673949
-0.656187
-0.638029
-0.619486
-0.600571
-0.581293
-0.561666
-0.5417
-0.521408
-0.500802
-0.479894
-0.458697
-0.437224
-0.415487
-0.393501
-0.371277
-0.348829
-0.326172
-0.303317
-0.280281
-0.257075
-0.233714
-0.210213
-0.186585
-0.162845
-0.139007
-0.115084
-0.091093
-0.0670467
-0.04296
-0.0188474
0.00527651
0.0293973
0.0535003
0.0775711
0.101595
0.125558
0.149445
0.173243
0.196936
0.22051
0.243951
0.267246
0.290379
0.313338
0.336108
0.358675
0.381026
0.403148
0.425027
0.44665
0.468004
0.489076
0.509854
0.530324
0.550475
0.570294
0.58977
0.60889
