-0.491688
-0.470215
-0.448459
-0.426432
-0.404148
-0.381621
-0.358865
-0.335892
-0.312716
-0.289353
-0.265815
-0.242117
-0.218273
-0.194297
-0.170205
-0.14601
-0.121727
-0.0973707
-0.0729558
-0.0484969
-0.0240089
0.000493647
0.0249959
0.049483
0.0739404
0.0983532
0.122707
0.146986
0.171178
0.195266
0.219236
0.243074
0.266766
0.290297
0.313654
0.336821
0.359786
0.382534
0.405051
0.427324
0.44934
0.471086
0.492547
0.513712
0.534568
0.555101
0.5753
0.595153
0.614647
0.63377
0.652513
0.670861
0.688806
0.706336
0.723441
0.74011
0.756332
0.7721
0.787402
0.80223
0.816575
0.830427
0.84378
0.856624
0.868953
0.880758
0.892032
0.902769
0.912962
0.922606
0.931693
0.94022
0.94818
0.955569
0.962382
0.968615
0.974266
0.979329
0.983802
0.987683
0.990969
0.993658
0.995748
0.997238
0.998128
0.998417
0.998104
0.99719
0.995675
0.993561
0.990848
0.987538
0.983633
0.979136
0.974049
0.968376
0.962119
0.955282
0.94787
0.939887
0.931338
0.922228
0.912562
0.902347
0.891588
0.880292
0.868466
0.856117
0.843252
0.829879
0.816006
0.801642
0.786795
0.771473
0.755688
0.739447
0.72276
0.705638
0.688091
0.67013
0.651765
0.633007
0.613868
0.59436
0.574493
0.55428
0.533734
0.512865
0.491688
0.470215
0.448459
0.426432
0.404148
0.381621
0.358865
0.335892
0.312716
0.289353
0.265815
0.242117
0.218273
0.194297
0.170205
0.14601
0.121727
0.0973707
0.0729558
0.0484969
0.0240089
-0.000493647
-0.0249959
-0.049483
-0.0739404
-0.0983532
-0.122707
-0.146986
-0.171178
-0.195266
-0.219236
-0.243074
-0.266766
-0.290297
-0.313654
-0.336821
-0.359786
-0.382534
-0.405051
-0.427324
-0.44934
-0.471086
-0.492547
-0.513712
-0.534568
-0.555101
-0.5753
-0.595153
-0.614647
-0.63377
-0.652513
-0.670861
-0.688806
-0.706336
-0.723441
-0.74011
-0.756332
-0.7721
-0.787402
-0.80223
-0.816575
-0.830427
-0.84378
-0.856624
-0.868953
-0.880758
-0.892032
-0.902769
-0.912962
-0.922606
-0.931693
-0.94022
-0.94818
-0.955569
-0.962382
-0.968615
-0.974266
-0.979329
-0.983802
-0.987683
-0.990969
-0.993658
-0.995748
-0.997238
-0.998128
-0.998417
-0.998104
-0.99719
-0.995675
-0.993561
-0.990848
-0.987538
-0.983633
-0.979136
-0.974049
-0.968376
-0.962119
-0.955282
-0.94787
-0.939887
-0.931338
-0.922228
-0.912562
-0.902347
-0.891588
-0.880292
-0.868466
-0.856117
-0.843252
-0.829879
-0.816006
-0.801642
-0.786795
-0.771473
-0.755688
-0.739447
-0.72276
-0.705638
-0.688091
-0.67013
-0.651765
-0.633007
-0.613868
-0.59436
-0.574493
-0.55428
-0.533734
-0.512865
