-0.975134
-0.963883
-0.95031
-0.934448
-0.916335
-0.896014
-0.873535
-0.848951
-0.822322
-0.793712
-0.76319
-0.730829
-0.696708
-0.660908
-0.623516
-0.584622
-0.54432
-0.502706
-0.459881
-0.415948
-0.371013
-0.325185
-0.278573
-0.231289
-0.183449
-0.135167
-0.086559
-0.0377425
0.0111648
0.0600453
0.108781
0.157255
0.20535
0.25295
0.299941
0.346209
0.391643
0.436134
0.479574
0.521859
0.562886
0.602557
0.640777
0.677453
0.712497
0.745825
0.777356
0.807014
0.834728
0.860431
0.884061
0.905562
0.92488
0.941971
0.956792
0.969309
0.97949
0.987312
0.992755
0.995806
0.996459
0.994711
0.990566
0.984035
0.975134
0.963883
0.95031
0.934448
0.916335
0.896014
0.873535
0.848951
0.822322
0.793712
0.76319
0.730829
0.696708
0.660908
0.623516
0.584622
0.54432
0.502706
0.459881
0.415948
0.371013
0.325185
0.278573
0.231289
0.183449
0.135167
0.086559
0.0377425
-0.0111648
-0.0600453
-0.108781
-0.157255
-0.20535
-0.25295
-0.299941
-0.346209
-0.391643
-0.436134
-0.479574
-0.521859
-0.562886
-0.602557
-0.640777
-0.677453
-0.712497
-0.745825
-0.777356
-0.807014
-0.834728
-0.860431
-0.884061
-0.905562
-0.92488
-0.941971
-0.956792
-0.969309
-0.97949
-0.987312
-0.992755
-0.995806
-0.996459
-0.994711
-0.990566
-0.984035
