0.956588
0.962891
0.968619
0.973768
0.978335
0.982317
0.985712
0.988518
0.990733
0.992356
0.993385
0.993821
0.993664
0.992912
0.991567
0.989629
0.987099
0.98398
0.980272
0.975979
0.971102
0.965645
0.959611
0.953003
0.945826
0.938083
0.92978
0.920921
0.911511
0.901557
0.891064
0.880038
0.868486
0.856415
0.843833
0.830746
0.817162
0.80309
0.788538
0.773515
0.75803
0.742091
0.725709
0.708893
0.691653
0.674
0.655945
0.637497
0.618668
0.599469
0.579912
0.560009
0.53977
0.51921
0.498338
0.477169
0.455715
0.433989
0.412003
0.38977
0.367305
0.34462
0.32173
0.298647
0.275385
0.251959
0.228382
0.204669
0.180834
0.15689
0.132853
0.108736
0.0845542
0.0603219
0.0360535
0.0117636
-0.0125333
-0.0368227
-0.0610902
-0.0853211
-0.109501
-0.133615
-0.15765
-0.18159
-0.205422
-0.229131
-0.252704
-0.276125
-0.299381
-0.322458
-0.345342
-0.36802
-0.390478
-0.412703
-0.434681
-0.456399
-0.477844
-0.499004
-0.519866
-0.540417
-0.560644
-0.580537
-0.600083
-0.61927
-0.638087
-0.656523
-0.674566
-0.692206
-0.709432
-0.726235
-0.742603
-0.758527
-0.773998
-0.789007
-0.803544
-0.8176
-0.831168
-0.844239
-0.856806
-0.86886
-0.880395
-0.891404
-0.90188
-0.911818
-0.92121
-0.930051
-0.938337
-0.946062
-0.953221
-0.959811
-0.965827
-0.971266
-0.976124
-0.980399
-0.984088
-0.987188
-0.989699
-0.991618
-0.992945
-0.993678
-0.993817
-0.993362
-0.992313
-0.990672
-0.988438
-0.985613
-0.9822
-0.978199
-0.973613
-0.968446
-0.9627
-0.956379
-0.949485
-0.942025
-0.934001
-0.925419
-0.916284
-0.906602
-0.896377
-0.885617
-0.874327
-0.862515
-0.850188
-0.837352
-0.824016
-0.810187
-0.795874
-0.781085
-0.76583
-0.750116
-0.733955
-0.717355
-0.700326
-0.682878
-0.665022
-0.646769
-0.628129
-0.609114
-0.589735
-0.570003
-0.549931
-0.52953
-0.508812
-0.48779
-0.466476
-0.444883
-0.423022
-0.400907
-0.378547
-0.355954
-0.333134
-0.310095
-0.286836
-0.263354
-0.239638
-0.215674
-0.191438
-0.166906
-0.142054
-0.116865
-0.0913379
-0.0654929
-0.0393772
-0.0130663
0.0133398
0.0397256
0.0659739
0.0919797
0.117663
0.142977
0.167907
0.192466
0.216688
0.240611
0.264272
0.2877
0.310911
0.333913
0.356704
0.379276
0.40162
0.423723
0.445573
0.467157
0.488461
0.509473
0.530181
0.550572
0.570633
0.590354
0.609722
0.628726
0.647353
0.665594
0.683437
0.700871
0.717887
0.734474
0.750621
0.76632
0.781561
0.796335
0.810632
0.824446
0.837766
0.850586
0.862897
0.874693
0.885966
0.896709
0.906917
0.916582
0.9257
0.934264
0.94227
0.949713
