0.364333
0.318671
0.272241
0.225156
0.177528
0.129472
0.0811045
0.0325416
-0.0160998
-0.0647024
-0.113149
-0.161323
-0.209109
-0.25639
-0.303054
-0.348988
-0.394082
-0.438225
-0.481313
-0.523242
-0.56391
-0.60322
-0.641076
-0.677388
-0.712068
-0.745032
-0.776202
-0.805502
-0.832861
-0.858214
-0.8815
-0.902661
-0.921648
-0.938415
-0.952921
-0.965132
-0.975017
-0.982553
-0.987723
-0.990513
-0.990916
-0.988933
-0.984567
-0.977829
-0.968735
-0.957308
-0.943574
-0.927567
-0.909326
-0.888894
-0.866321
-0.84166
-0.814972
-0.786321
-0.755775
-0.723409
-0.689299
-0.65353
-0.616185
-0.577357
-0.537137
-0.495624
-0.452916
-0.409117
-0.364333
-0.318671
-0.272241
-0.225156
-0.177528
-0.129472
-0.0811045
-0.0325416
0.0160998
0.0647024
0.113149
0.161323
0.209109
0.25639
0.303054
0.348988
0.394082
0.438225
0.481313
0.523242
0.56391
0.60322
0.641076
0.677388
0.712068
0.745032
0.776202
0.805502
0.832861
0.858214
0.8815
0.902661
0.921648
0.938415
0.952921
0.965132
0.975017
0.982553
0.987723
0.990513
0.990916
0.988933
0.984567
0.977829
0.968735
0.957308
0.943574
0.927567
0.909326
0.888894
0.866321
0.84166
0.814972
0.786321
0.755775
0.723409
0.689299
0.65353
0.616185
0.577357
0.537137
0.495624
0.452916
0.409117
