0.251754
0.298163
0.343853
0.388716
0.432641
0.475525
0.517262
0.557754
0.596902
0.634612
0.670793
0.705358
0.738224
0.769311
0.798546
0.825856
0.851177
0.874447
0.89561
0.914616
0.931419
0.945978
0.958257
0.968229
0.975867
0.981155
0.984079
0.984633
0.982814
0.978627
0.972083
0.963198
0.951991
0.938492
0.922731
0.904747
0.884584
0.86229
0.837918
0.811528
0.783183
0.752951
0.720905
0.687123
0.651685
0.614677
0.576188
0.536311
0.495142
0.452781
0.409328
0.36489
0.319572
0.273485
0.226738
0.179446
0.131721
0.0836785
0.0354347
-0.0128945
-0.0611926
-0.109343
-0.157231
-0.204739
-0.251754
-0.298163
-0.343853
-0.388716
-0.432641
-0.475525
-0.517262
-0.557754
-0.596902
-0.634612
-0.670793
-0.705358
-0.738224
-0.769311
-0.798546
-0.825856
-0.851177
-0.874447
-0.89561
-0.914616
-0.931419
-0.945978
-0.958257
-0.968229
-0.975867
-0.981155
-0.984079
-0.984633
-0.982814
-0.978627
-0.972083
-0.963198
-0.951991
-0.938492
-0.922731
-0.904747
-0.884584
-0.86229
-0.837918
-0.811528
-0.783183
-0.752951
-0.720905
-0.687123
-0.651685
-0.614677
-0.576188
-0.536311
-0.495142
-0.452781
-0.409328
-0.36489
-0.319572
-0.273485
-0.226738
-0.179446
-0.131721
-0.0836785
-0.0354347
0.0128945
0.0611926
0.109343
0.157231
0.204739
