-0.19639
-0.172368
-0.148243
-0.124027
-0.0997175
-0.0751791
-0.0496594
-0.0209562
0.0129631
0.0467292
0.0711283
0.0954849
0.119784
0.144012
0.168154
0.192195
0.216122
0.239919
0.263573
0.28707
0.310394
0.333534
0.356473
0.3792
0.401701
0.423961
0.445967
0.467708
0.489168
0.510337
0.5312
0.551746
0.571962
0.591836
0.611356
0.630511
0.649289
0.667679
0.68567
0.703252
0.720413
0.737143
0.753433
0.769272
0.784652
0.799562
0.813995
0.827941
0.841393
0.854341
0.866779
0.878699
0.890094
0.900957
0.911281
0.92106
0.930289
0.938962
0.947074
0.95462
0.961595
0.967995
0.973817
0.979057
0.983712
0.987779
0.991255
0.994139
0.996429
0.998123
0.999221
0.999721
0.999624
0.998929
0.997638
0.99575
0.993267
0.99019
0.986521
0.982263
0.977418
0.971989
0.965978
0.959391
0.95223
0.944499
0.936204
0.92735
0.917942
0.907984
0.897484
0.886448
0.874882
0.862793
0.850188
0.837075
0.823462
0.809357
0.794768
0.779704
0.764174
0.748187
0.731753
0.714881
0.697583
0.679867
0.661745
0.643228
0.624326
0.605051
0.585414
0.565427
0.545103
0.524453
0.503489
0.482224
0.460671
0.438843
0.416752
0.394413
0.371837
0.34904
0.326033
0.302832
0.27945
0.255901
0.232199
0.208358
0.184393
0.160317
0.136146
0.111893
0.0875735
0.0632015
0.0387917
0.0143588
-0.0100828
-0.0345183
-0.0589332
-0.0833128
-0.107643
-0.131908
-0.156095
-0.180188
-0.204174
-0.228038
-0.251765
-0.275342
-0.298754
-0.321988
-0.345029
-0.367864
-0.39048
-0.412861
-0.434997
-0.456872
-0.478474
-0.49979
-0.520807
-0.541513
-0.561896
-0.581942
-0.601641
-0.62098
-0.639948
-0.658534
-0.676726
-0.694513
-0.711885
-0.728832
-0.745343
-0.761409
-0.77702
-0.792166
-0.806839
-0.82103
-0.83473
-0.847931
-0.860625
-0.872804
-0.884463
-0.895592
-0.906186
-0.916239
-0.925744
-0.934696
-0.943089
-0.950918
-0.958179
-0.964867
-0.970979
-0.97651
-0.981458
-0.985819
-0.989591
-0.992771
-0.995358
-0.99735
-0.998746
-0.999545
-0.999747
-0.999351
-0.998358
-0.996768
-0.994583
-0.991802
-0.98843
-0.984466
-0.979914
-0.974776
-0.969056
-0.962756
-0.955881
-0.948435
-0.940422
-0.931847
-0.922715
-0.913031
-0.902802
-0.892033
-0.880731
-0.868902
-0.856555
-0.843695
-0.830331
-0.816471
-0.802122
-0.787295
-0.771996
-0.756237
-0.740025
-0.723371
-0.706285
-0.688776
-0.670856
-0.652535
-0.633824
-0.614734
-0.595277
-0.575464
-0.555307
-0.534818
-0.514009
-0.492893
-0.471483
-0.449791
-0.42783
-0.405613
-0.383154
-0.360465
-0.337562
-0.314456
-0.291163
-0.267696
-0.244068
-0.220295
