0.489633
0.468403
0.446891
0.42511
0.403073
0.380792
0.358283
0.335558
0.31263
0.289514
0.266224
0.242774
0.219177
0.195448
0.171601
0.147652
0.123613
0.0994994
0.0753262
0.0511076
0.0268582
0.00259258
-0.0216746
-0.0459286
-0.070155
-0.0943392
-0.118467
-0.142522
-0.166493
-0.190362
-0.214118
-0.237744
-0.261227
-0.284552
-0.307707
-0.330675
-0.353445
-0.376002
-0.398332
-0.420423
-0.44226
-0.46383
-0.485122
-0.506121
-0.526815
-0.547192
-0.567239
-0.586945
-0.606297
-0.625284
-0.643894
-0.662116
-0.67994
-0.697354
-0.714347
-0.730911
-0.747034
-0.762708
-0.777922
-0.792667
-0.806935
-0.820716
-0.834004
-0.846789
-0.859064
-0.870821
-0.882054
-0.892756
-0.90292
-0.912539
-0.92161
-0.930125
-0.93808
-0.94547
-0.95229
-0.958536
-0.964206
-0.969294
-0.973799
-0.977717
-0.981046
-0.983784
-0.98593
-0.987481
-0.988438
-0.988799
-0.988565
-0.987736
-0.986311
-0.984292
-0.981681
-0.978478
-0.974685
-0.970306
-0.965342
-0.959796
-0.953673
-0.946975
-0.939706
-0.931872
-0.923476
-0.914524
-0.905021
-0.894973
-0.884385
-0.873265
-0.861619
-0.849454
-0.836778
-0.823597
-0.80992
-0.795756
-0.781112
-0.765997
-0.750421
-0.734393
-0.717923
-0.70102
-0.683695
-0.665958
-0.64782
-0.629292
-0.610385
-0.59111
-0.571478
-0.551503
-0.531196
-0.510568
-0.489633
-0.468403
-0.446891
-0.42511
-0.403073
-0.380792
-0.358283
-0.335558
-0.31263
-0.289514
-0.266224
-0.242774
-0.219177
-0.195448
-0.171601
-0.147652
-0.123613
-0.0994994
-0.0753262
-0.0511076
-0.0268582
-0.00259258
0.0216746
0.0459286
0.070155
0.0943392
0.118467
0.142522
0.166493
0.190362
0.214118
0.237744
0.261227
0.284552
0.307707
0.330675
0.353445
0.376002
0.398332
0.420423
0.44226
0.46383
0.485122
0.506121
0.526815
0.547192
0.567239
0.586945
0.606297
0.625284
0.643894
0.662116
0.67994
0.697354
0.714347
0.730911
0.747034
0.762708
0.777922
0.792667
0.806935
0.820716
0.834004
0.846789
0.859064
0.870821
0.882054
0.892756
0.90292
0.912539
0.92161
0.930125
0.93808
0.94547
0.95229
0.958536
0.964206
0.969294
0.973799
0.977717
0.981046
0.983784
0.98593
0.987481
0.988438
0.988799
0.988565
0.987736
0.986311
0.984292
0.981681
0.978478
0.974685
0.970306
0.965342
0.959796
0.953673
0.946975
0.939706
0.931872
0.923476
0.914524
0.905021
0.894973
0.884385
0.873265
0.861619
0.849454
0.836778
0.823597
0.80992
0.795756
0.781112
0.765997
0.750421
0.734393
0.717923
0.70102
0.683695
0.665958
0.64782
0.629292
0.610385
0.59111
0.571478
0.551503
0.531196
0.510568
