0.148966
0.173827
0.198356
0.222567
0.246484
0.270131
0.293528
0.316693
0.339631
0.362346
0.384834
0.407085
0.429091
0.450839
0.472318
0.493514
0.514415
0.535008
0.555282
0.575224
0.594822
0.614064
0.63294
0.651437
0.669545
0.687252
0.704549
0.721425
0.73787
0.753873
0.769426
0.784519
0.799144
0.81329
0.826951
0.840117
0.852781
0.864936
0.876573
0.887687
0.89827
0.908316
0.917819
0.926774
0.935175
0.943017
0.950295
0.957005
0.963143
0.968706
0.97369
0.978091
0.981908
0.985138
0.98778
0.989831
0.99129
0.992157
0.992431
0.992112
0.9912
0.989695
0.987599
0.984912
0.981637
0.977776
0.973329
0.968301
0.962695
0.956513
0.949759
0.942437
0.934553
0.92611
0.917113
0.907568
0.89748
0.886857
0.875703
0.864026
0.851832
0.839129
0.825925
0.812227
0.798043
0.783383
0.768254
0.752667
0.736629
0.720151
0.703243
0.685914
0.668176
0.650038
0.631511
0.612607
0.593337
0.573712
0.553745
0.533446
0.512829
0.491905
0.470687
0.449188
0.42742
0.405397
0.383132
0.360637
0.337927
0.315015
0.291915
0.26864
0.245205
0.221623
0.197909
0.174076
0.150139
0.126113
0.102011
0.0778486
0.0536393
0.029398
0.00513913
-0.0191228
-0.0433733
-0.0675979
-0.0917821
-0.115911
-0.139972
-0.163948
-0.187826
-0.211592
-0.235232
-0.258731
-0.282076
-0.305252
-0.328245
-0.351042
-0.37363
-0.395994
-0.418121
-0.439999
-0.461613
-0.482952
-0.504002
-0.524751
-0.545186
-0.565295
-0.585066
-0.604488
-0.623549
-0.642236
-0.66054
-0.678449
-0.695953
-0.71304
-0.729702
-0.745927
-0.761707
-0.777031
-0.791891
-0.806277
-0.820182
-0.833596
-0.846513
-0.858923
-0.87082
-0.882196
-0.893045
-0.90336
-0.913136
-0.922366
-0.931044
-0.939166
-0.946726
-0.953721
-0.960146
-0.965997
-0.97127
-0.975963
-0.980073
-0.983597
-0.986533
-0.988879
-0.990635
-0.991798
-0.992368
-0.992346
-0.99173
-0.990521
-0.988721
-0.986329
-0.983348
-0.97978
-0.975625
-0.970888
-0.96557
-0.959675
-0.953207
-0.946169
-0.938565
-0.930401
-0.92168
-0.912408
-0.902592
-0.892235
-0.881346
-0.869929
-0.857993
-0.845544
-0.832589
-0.819137
-0.805195
-0.790772
-0.775877
-0.760517
-0.744704
-0.728445
-0.71175
-0.69463
-0.677095
-0.659156
-0.640822
-0.622106
-0.603017
-0.583568
-0.563771
-0.543636
-0.523176
-0.502403
-0.481329
-0.459967
-0.438327
-0.416422
-0.394263
-0.371858
-0.349215
-0.326341
-0.303236
-0.2799
-0.256326
-0.232504
-0.208421
-0.184062
-0.159412
-0.134463
-0.109216
-0.0836839
-0.0579002
-0.0319155
-0.00579909
0.020366
0.0464892
0.0724813
0.0982629
0.123771
