-0.993338
-0.988448
-0.981177
-0.971542
-0.959567
-0.94528
-0.928716
-0.909915
-0.888921
-0.865786
-0.840565
-0.813319
-0.784114
-0.75302
-0.720112
-0.685469
-0.649174
-0.611316
-0.571985
-0.531276
-0.489287
-0.446119
-0.401877
-0.356666
-0.310597
-0.263779
-0.216325
-0.16835
-0.11997
-0.071301
-0.02246
0.0264351
0.0752666
0.123917
0.172268
0.220205
0.267611
0.314372
0.360376
0.405512
0.449671
0.492747
0.534635
0.575236
0.614451
0.652185
0.688349
0.722854
0.755617
0.786561
0.815609
0.842693
0.867746
0.890709
0.911526
0.930147
0.946528
0.960628
0.972414
0.981857
0.988935
0.99363
0.995932
0.995834
0.993338
0.988448
0.981177
0.971542
0.959567
0.94528
0.928716
0.909915
0.888921
0.865786
0.840565
0.813319
0.784114
0.75302
0.720112
0.685469
0.649174
0.611316
0.571985
0.531276
0.489287
0.446119
0.401877
0.356666
0.310597
0.263779
0.216325
0.16835
0.11997
0.071301
0.02246
-0.0264351
-0.0752666
-0.123917
-0.172268
-0.220205
-0.267611
-0.314372
-0.360376
-0.405512
-0.449671
-0.492747
-0.534635
-0.575236
-0.614451
-0.652185
-0.688349
-0.722854
-0.755617
-0.786561
-0.815609
-0.842693
-0.867746
-0.890709
-0.911526
-0.930147
-0.946528
-0.960628
-0.972414
-0.981857
-0.988935
-0.99363
-0.995932
-0.995834
