0.987257
0.98786
0.986083
0.98193
0.975412
0.966544
0.955347
0.941849
0.926082
0.908084
0.887898
0.865573
0.841163
0.814726
0.786327
0.756034
0.723919
0.69006
0.654538
0.61744
0.578855
0.538875
0.497596
0.455119
0.411546
0.366981
0.321532
0.275308
0.228421
0.180984
0.133111
0.0849168
0.0365183
-0.0119681
-0.0604257
-0.108738
-0.156788
-0.20446
-0.25164
-0.298213
-0.344068
-0.389095
-0.433184
-0.476229
-0.518127
-0.558777
-0.59808
-0.635943
-0.672274
-0.706985
-0.739993
-0.771219
-0.800586
-0.828025
-0.853469
-0.876856
-0.898132
-0.917244
-0.934146
-0.948797
-0.961163
-0.971213
-0.978924
-0.984276
-0.987257
-0.98786
-0.986083
-0.98193
-0.975412
-0.966544
-0.955347
-0.941849
-0.926082
-0.908084
-0.887898
-0.865573
-0.841163
-0.814726
-0.786327
-0.756034
-0.723919
-0.69006
-0.654538
-0.61744
-0.578855
-0.538875
-0.497596
-0.455119
-0.411546
-0.366981
-0.321532
-0.275308
-0.228421
-0.180984
-0.133111
-0.0849168
-0.0365183
0.0119681
0.0604257
0.108738
0.156788
0.20446
0.25164
0.298213
0.344068
0.389095
0.433184
0.476229
0.518127
0.558777
0.59808
0.635943
0.672274
0.706985
0.739993
0.771219
0.800586
0.828025
0.853469
0.876856
0.898132
0.917244
0.934146
0.948797
0.961163
0.971213
0.978924
0.984276
