0.103433
0.128877
0.154004
0.178798
0.203263
0.227415
0.251277
0.274873
0.298224
0.321342
0.344236
0.366904
0.389344
0.411545
0.433499
0.455192
0.476613
0.497749
0.518588
0.539116
0.559322
0.579194
0.59872
0.617888
0.636687
0.655105
0.673132
0.690756
0.707967
0.724755
0.741111
0.757023
0.772482
0.78748
0.802008
0.816056
0.829616
0.84268
0.855241
0.86729
0.878822
0.889828
0.900302
0.910238
0.91963
0.928472
0.936759
0.944487
0.95165
0.958244
0.964265
0.969711
0.974576
0.978859
0.982557
0.985668
0.98819
0.990121
0.99146
0.992207
0.99236
0.991921
0.990888
0.989264
0.987048
0.984242
0.980848
0.976868
0.972304
0.967158
0.961435
0.955137
0.948268
0.940833
0.932835
0.924279
0.915171
0.905517
0.89532
0.884589
0.873329
0.861547
0.849251
0.836446
0.823142
0.809346
0.795066
0.78031
0.765089
0.74941
0.733283
0.716718
0.699724
0.682313
0.664493
0.646277
0.627674
0.608696
0.589354
0.56966
0.549625
0.529262
0.508583
0.487599
0.466324
0.444771
0.422951
0.400879
0.378567
0.356029
0.333279
0.310329
0.287193
0.263886
0.240421
0.216813
0.193074
0.169221
0.145266
0.121225
0.0971107
0.0729387
0.0487231
0.0244783
0.000218997
-0.0240405
-0.0482856
-0.0725019
-0.0966748
-0.12079
-0.144833
-0.168789
-0.192645
-0.216385
-0.239996
-0.263464
-0.286774
-0.309913
-0.332866
-0.355621
-0.378163
-0.400479
-0.422555
-0.444379
-0.465938
-0.487218
-0.508206
-0.528891
-0.54926
-0.569301
-0.589001
-0.60835
-0.627334
-0.645944
-0.664168
-0.681995
-0.699414
-0.716415
-0.732988
-0.749123
-0.76481
-0.78004
-0.794803
-0.809092
-0.822897
-0.83621
-0.849024
-0.86133
-0.873121
-0.884391
-0.895131
-0.905337
-0.915002
-0.92412
-0.932685
-0.940693
-0.948139
-0.955018
-0.961327
-0.96706
-0.972216
-0.976791
-0.980782
-0.984186
-0.987003
-0.989229
-0.990864
-0.991907
-0.992358
-0.992215
-0.991479
-0.99015
-0.98823
-0.985719
-0.982619
-0.978931
-0.974659
-0.969804
-0.964369
-0.958358
-0.951774
-0.944621
-0.936904
-0.928626
-0.919794
-0.910412
-0.900486
-0.890021
-0.879025
-0.867503
-0.855463
-0.842911
-0.829856
-0.816305
-0.802266
-0.787747
-0.772757
-0.757306
-0.741402
-0.725055
-0.708274
-0.69107
-0.673453
-0.655434
-0.637023
-0.618231
-0.599069
-0.57955
-0.559684
-0.539483
-0.51896
-0.498126
-0.476994
-0.455576
-0.433882
-0.411926
-0.389717
-0.367264
-0.344574
-0.321653
-0.298501
-0.275117
-0.251492
-0.227617
-0.203478
-0.17906
-0.15435
-0.12934
-0.104035
-0.078453
-0.0526292
-0.0266187
-0.000493325
0.0256623
0.0517582
0.0777069
