0.814831
0.807709
0.800466
0.793102
0.785618
0.778016
0.770297
0.762462
0.754513
0.746449
0.738273
0.729986
0.72159
0.713084
0.704471
0.695752
0.686928
0.678001
0.668971
0.659841
0.650612
0.641284
0.63186
0.622341
0.612728
0.603022
0.593226
0.583341
0.573368
0.563308
0.553164
0.542936
0.532627
0.522237
0.511769
0.501223
0.490602
0.479907
0.46914
0.458303
0.447396
0.436422
0.425382
0.414278
0.403112
0.391885
0.380599
0.369256
0.357857
0.346404
0.334899
0.323343
0.311739
0.300088
0.288392
0.276652
0.264871
0.25305
0.24119
0.229295
0.217365
0.205402
0.193408
0.181385
0.169334
0.157259
0.145159
0.133038
0.120896
0.108737
0.0965609
0.0843704
0.0721672
0.0599531
0.04773
0.0354997
0.0232641
0.0110249
-0.0012159
-0.0134565
-0.0256951
-0.0379298
-0.0501589
-0.0623803
-0.0745924
-0.0867932
-0.098981
-0.111154
-0.12331
-0.135448
-0.147565
-0.15966
-0.17173
-0.183775
-0.195793
-0.207781
-0.219737
-0.231661
-0.243549
-0.255401
-0.267215
-0.278988
-0.290719
-0.302406
-0.314048
-0.325643
-0.337188
-0.348683
-0.360125
-0.371513
-0.382846
-0.39412
-0.405335
-0.416489
-0.42758
-0.438607
-0.449568
-0.460461
-0.471285
-0.482038
-0.492718
-0.503324
-0.513854
-0.524307
-0.534681
-0.544974
-0.555186
-0.565313
-0.575356
-0.585312
-0.59518
-0.604958
-0.614645
-0.624239
-0.63374
-0.643145
-0.652453
-0.661663
-0.670773
-0.679782
-0.688689
-0.697492
-0.70619
-0.714782
-0.723266
-0.731642
-0.739907
-0.74806
-0.756101
-0.764028
-0.77184
-0.779536
-0.787114
-0.794574
-0.801914
-0.809134
-0.816231
-0.823206
-0.830057
-0.836782
-0.843382
-0.849855
-0.856199
-0.862415
-0.868501
-0.874456
-0.880279
-0.88597
-0.891527
-0.89695
-0.902239
-0.907391
-0.912406
-0.917284
-0.922024
-0.926625
-0.931087
-0.935408
-0.939589
-0.943628
-0.947525
-0.951279
-0.95489
-0.958357
-0.96168
-0.964858
-0.96789
-0.970777
-0.973518
-0.976112
-0.978559
-0.980859
-0.983011
-0.985015
-0.98687
-0.988577
-0.990135
-0.991544
-0.992804
-0.993914
-0.994875
-0.995686
-0.996346
-0.996857
-0.997218
-0.997428
-0.997488
-0.997398
-0.997158
-0.996768
-0.996227
-0.995536
-0.994696
-0.993706
-0.992566
-0.991276
-0.989838
-0.98825
-0.986513
-0.984628
-0.982595
-0.980414
-0.978085
-0.975608
-0.972985
-0.970215
-0.967299
-0.964238
-0.961031
-0.957679
-0.954184
-0.950544
-0.946762
-0.942837
-0.938769
-0.934561
-0.930212
-0.925722
-0.921094
-0.916326
-0.911421
-0.906378
-0.901199
-0.895884
-0.890434
-0.88485
-0.879133
-0.873283
-0.867302
-0.86119
-0.854949
-0.848579
-0.842081
-0.835456
-0.828706
-0.82183
-0.814831
-0.807709
-0.800466
-0.793102
-0.785618
-0.778016
-0.770297
-0.762462
-0.754513
-0.746449
-0.738273
-0.729986
-0.72159
-0.713084
-0.704471
-0.695752
-0.686928
-0.678001
-0.668971
-0.659841
-0.650612
-0.641284
-0.63186
-0.622341
-0.612728
-0.603022
-0.593226
-0.583341
-0.573368
-0.563308
-0.553164
-0.542936
-0.532627
-0.522237
-0.511769
-0.501223
-0.490602
-0.479907
-0.46914
-0.458303
-0.447396
-0.436422
-0.425382
-0.414278
-0.403112
-0.391885
-0.380599
-0.369256
-0.357857
-0.346404
-0.334899
-0.323343
-0.311739
-0.300088
-0.288392
-0.276652
-0.264871
-0.25305
-0.24119
-0.229295
-0.217365
-0.205402
-0.193408
-0.181385
-0.169334
-0.157259
-0.145159
-0.133038
-0.120896
-0.108737
-0.0965609
-0.0843704
-0.0721672
-0.0599531
-0.04773
-0.0354997
-0.0232641
-0.0110249
0.0012159
0.0134565
0.0256951
0.0379298
0.0501589
0.0623803
0.0745924
0.0867932
0.098981
0.111154
0.12331
0.135448
0.147565
0.15966
0.17173
0.183775
0.195793
0.207781
0.219737
0.231661
0.243549
0.255401
0.267215
0.278988
0.290719
0.302406
0.314048
0.325643
0.337188
0.348683
0.360125
0.371513
0.382846
0.39412
0.405335
0.416489
0.42758
0.438607
0.449568
0.460461
0.471285
0.482038
0.492718
0.503324
0.513854
0.524307
0.534681
0.544974
0.555186
0.565313
0.575356
0.585312
0.59518
0.604958
0.614645
0.624239
0.63374
0.643145
0.652453
0.661663
0.670773
0.679782
0.688689
0.697492
0.70619
0.714782
0.723266
0.731642
0.739907
0.74806
0.756101
0.764028
0.77184
0.779536
0.787114
0.794574
0.801914
0.809134
0.816231
0.823206
0.830057
0.836782
0.843382
0.849855
0.856199
0.862415
0.868501
0.874456
0.880279
0.88597
0.891527
0.89695
0.902239
0.907391
0.912406
0.917284
0.922024
0.926625
0.931087
0.935408
0.939589
0.943628
0.947525
0.951279
0.95489
0.958357
0.96168
0.964858
0.96789
0.970777
0.973518
0.976112
0.978559
0.980859
0.983011
0.985015
0.98687
0.988577
0.990135
0.991544
0.992804
0.993914
0.994875
0.995686
0.996346
0.996857
0.997218
0.997428
0.997488
0.997398
0.997158
0.996768
0.996227
0.995536
0.994696
0.993706
0.992566
0.991276
0.989838
0.98825
0.986513
0.984628
0.982595
0.980414
0.978085
0.975608
0.972985
0.970215
0.967299
0.964238
0.961031
0.957679
0.954184
0.950544
0.946762
0.942837
0.938769
0.934561
0.930212
0.925722
0.921094
0.916326
0.911421
0.906378
0.901199
0.895884
0.890434
0.88485
0.879133
0.873283
0.867302
0.86119
0.854949
0.848579
0.842081
0.835456
0.828706
0.82183
