0.235349
0.223431
0.211479
0.199495
0.187481
0.175439
0.16337
0.151277
0.139161
0.127024
0.114868
0.102695
0.0905058
0.0783033
0.0660891
0.0538648
0.0416325
0.0293939
0.0171509
0.00490532
-0.00734102
-0.0195862
-0.0318285
-0.044066
-0.0562969
-0.0685193
-0.0807313
-0.0929312
-0.105117
-0.117287
-0.12944
-0.141573
-0.153684
-0.165773
-0.177836
-0.189873
-0.201881
-0.213859
-0.225804
-0.237716
-0.249591
-0.261429
-0.273228
-0.284986
-0.2967
-0.30837
-0.319994
-0.331569
-0.343095
-0.354569
-0.365989
-0.377354
-0.388663
-0.399912
-0.411102
-0.42223
-0.433294
-0.444293
-0.455225
-0.466088
-0.476882
-0.487603
-0.498251
-0.508824
-0.51932
-0.529739
-0.540077
-0.550334
-0.560508
-0.570598
-0.580602
-0.590518
-0.600346
-0.610083
-0.619728
-0.62928
-0.638737
-0.648098
-0.657361
-0.666525
-0.675589
-0.684551
-0.69341
-0.702165
-0.710814
-0.719356
-0.727789
-0.736113
-0.744326
-0.752427
-0.760415
-0.768288
-0.776045
-0.783686
-0.791208
-0.798612
-0.805895
-0.813057
-0.820096
-0.827012
-0.833803
-0.840469
-0.847008
-0.85342
-0.859703
-0.865856
-0.871879
-0.877771
-0.883531
-0.889158
-0.89465
-0.900008
-0.905231
-0.910317
-0.915266
-0.920077
-0.92475
-0.929283
-0.933677
-0.93793
-0.942041
-0.946011
-0.949838
-0.953522
-0.957063
-0.96046
-0.963711
-0.966818
-0.969779
-0.972594
-0.975263
-0.977785
-0.980159
-0.982386
-0.984465
-0.986396
-0.988178
-0.989811
-0.991295
-0.99263
-0.993816
-0.994852
-0.995738
-0.996474
-0.99706
-0.997495
-0.997781
-0.997916
-0.997901
-0.997736
-0.997421
-0.996955
-0.996339
-0.995573
-0.994658
-0.993592
-0.992377
-0.991012
-0.989498
-0.987835
-0.986023
-0.984063
-0.981955
-0.979699
-0.977295
-0.974744
-0.972046
-0.969202
-0.966212
-0.963076
-0.959796
-0.95637
-0.952801
-0.949088
-0.945233
-0.941235
-0.937095
-0.932814
-0.928393
-0.923832
-0.919131
-0.914293
-0.909316
-0.904203
-0.898954
-0.893569
-0.888049
-0.882396
-0.87661
-0.870692
-0.864643
-0.858463
-0.852155
-0.845718
-0.839153
-0.832462
-0.825646
-0.818706
-0.811642
-0.804456
-0.797149
-0.789722
-0.782176
-0.774512
-0.766731
-0.758835
-0.750825
-0.742701
-0.734466
-0.72612
-0.717665
-0.709102
-0.700432
-0.691656
-0.682777
-0.673794
-0.66471
-0.655526
-0.646243
-0.636863
-0.627387
-0.617817
-0.608153
-0.598398
-0.588553
-0.578619
-0.568598
-0.558491
-0.5483
-0.538027
-0.527673
-0.517239
-0.506727
-0.496139
-0.485476
-0.474741
-0.463933
-0.453056
-0.442111
-0.431099
-0.420022
-0.408881
-0.39768
-0.386418
-0.375098
-0.363722
-0.352291
-0.340806
-0.329271
-0.317686
-0.306053
-0.294374
-0.282651
-0.270885
-0.259078
-0.247232
-0.235349
-0.223431
-0.211479
-0.199495
-0.187481
-0.175439
-0.16337
-0.151277
-0.139161
-0.127024
-0.114868
-0.102695
-0.0905058
-0.0783033
-0.0660891
-0.0538648
-0.0416325
-0.0293939
-0.0171509
-0.00490532
0.00734102
0.0195862
0.0318285
0.044066
0.0562969
0.0685193
0.0807313
0.0929312
0.105117
0.117287
0.12944
0.141573
0.153684
0.165773
0.177836
0.189873
0.201881
0.213859
0.225804
0.237716
0.249591
0.261429
0.273228
0.284986
0.2967
0.30837
0.319994
0.331569
0.343095
0.354569
0.365989
0.377354
0.388663
0.399912
0.411102
0.42223
0.433294
0.444293
0.455225
0.466088
0.476882
0.487603
0.498251
0.508824
0.51932
0.529739
0.540077
0.550334
0.560508
0.570598
0.580602
0.590518
0.600346
0.610083
0.619728
0.62928
0.638737
0.648098
0.657361
0.666525
0.675589
0.684551
0.69341
0.702165
0.710814
0.719356
0.727789
0.736113
0.744326
0.752427
0.760415
0.768288
0.776045
0.783686
0.791208
0.798612
0.805895
0.813057
0.820096
0.827012
0.833803
0.840469
0.847008
0.85342
0.859703
0.865856
0.871879
0.877771
0.883531
0.889158
0.89465
0.900008
0.905231
0.910317
0.915266
0.920077
0.92475
0.929283
0.933677
0.93793
0.942041
0.946011
0.949838
0.953522
0.957063
0.96046
0.963711
0.966818
0.969779
0.972594
0.975263
0.977785
0.980159
0.982386
0.984465
0.986396
0.988178
0.989811
0.991295
0.99263
0.993816
0.994852
0.995738
0.996474
0.99706
0.997495
0.997781
0.997916
0.997901
0.997736
0.997421
0.996955
0.996339
0.995573
0.994658
0.993592
0.992377
0.991012
0.989498
0.987835
0.986023
0.984063
0.981955
0.979699
0.977295
0.974744
0.972046
0.969202
0.966212
0.963076
0.959796
0.95637
0.952801
0.949088
0.945233
0.941235
0.937095
0.932814
0.928393
0.923832
0.919131
0.914293
0.909316
0.904203
0.898954
0.893569
0.888049
0.882396
0.87661
0.870692
0.864643
0.858463
0.852155
0.845718
0.839153
0.832462
0.825646
0.818706
0.811642
0.804456
0.797149
0.789722
0.782176
0.774512
0.766731
0.758835
0.750825
0.742701
0.734466
0.72612
0.717665
0.709102
0.700432
0.691656
0.682777
0.673794
0.66471
0.655526
0.646243
0.636863
0.627387
0.617817
0.608153
0.598398
0.588553
0.578619
0.568598
0.558491
0.5483
0.538027
0.527673
0.517239
0.506727
0.496139
0.485476
0.474741
0.463933
0.453056
0.442111
0.431099
0.420022
0.408881
0.39768
0.386418
0.375098
0.363722
0.352291
0.340806
0.329271
0.317686
0.306053
0.294374
0.282651
0.270885
0.259078
0.247232
