-0.720593
-0.753324
-0.784241
-0.813269
-0.840337
-0.865381
-0.88834
-0.90916
-0.927788
-0.944182
-0.958301
-0.970112
-0.979585
-0.986698
-0.991435
-0.993783
-0.993737
-0.991297
-0.986468
-0.979264
-0.9697
-0.9578
-0.943592
-0.927112
-0.908398
-0.887495
-0.864455
-0.839332
-0.812187
-0.783085
-0.752097
-0.719296
-0.684763
-0.648581
-0.610836
-0.571619
-0.531025
-0.489152
-0.446101
-0.401975
-0.35688
-0.310926
-0.264222
-0.216883
-0.16902
-0.120751
-0.0721902
-0.0234559
0.025335
0.0740648
0.122616
0.170872
0.218717
0.266034
0.312711
0.358634
0.403693
0.44778
0.490788
0.532613
0.573156
0.612318
0.650004
0.686125
0.720593
0.753324
0.784241
0.813269
0.840337
0.865381
0.88834
0.90916
0.927788
0.944182
0.958301
0.970112
0.979585
0.986698
0.991435
0.993783
0.993737
0.991297
0.986468
0.979264
0.9697
0.9578
0.943592
0.927112
0.908398
0.887495
0.864455
0.839332
0.812187
0.783085
0.752097
0.719296
0.684763
0.648581
0.610836
0.571619
0.531025
0.489152
0.446101
0.401975
0.35688
0.310926
0.264222
0.216883
0.16902
0.120751
0.0721902
0.0234559
-0.025335
-0.0740648
-0.122616
-0.170872
-0.218717
-0.266034
-0.312711
-0.358634
-0.403693
-0.44778
-0.490788
-0.532613
-0.573156
-0.612318
-0.650004
-0.686125
