-0.867409
-0.879186
-0.890438
-0.901158
-0.911339
-0.920976
-0.930062
-0.938592
-0.946561
-0.953964
-0.960798
-0.967057
-0.972738
-0.977837
-0.982353
-0.986281
-0.989619
-0.992366
-0.99452
-0.99608
-0.997044
-0.997412
-0.997184
-0.996361
-0.994941
-0.992927
-0.99032
-0.98712
-0.983331
-0.978954
-0.973992
-0.968448
-0.962324
-0.955626
-0.948357
-0.94052
-0.932122
-0.923166
-0.913659
-0.903606
-0.893012
-0.881885
-0.870231
-0.858056
-0.845369
-0.832177
-0.818487
-0.804308
-0.789648
-0.774516
-0.758921
-0.742873
-0.726381
-0.709454
-0.692104
-0.67434
-0.656173
-0.637613
-0.618673
-0.599363
-0.579694
-0.559679
-0.53933
-0.518658
-0.497676
-0.476397
-0.454833
-0.432997
-0.410903
-0.388563
-0.36599
-0.343198
-0.320201
-0.297011
-0.273638
-0.250091
-0.226371
-0.202464
-0.17834
-0.153937
-0.129163
-0.103901
-0.0780364
-0.0515077
-0.0243605
0.00321211
0.0308805
0.0582554
0.0850063
0.110967
0.136164
0.160765
0.184968
0.208926
0.232715
0.256356
0.279843
0.303163
0.326301
0.349245
0.371979
0.394492
0.416768
0.438796
0.460561
0.482051
0.503253
0.524154
0.544741
0.565003
0.584928
0.604503
0.623716
0.642557
0.661014
0.679076
0.696731
0.713971
0.730783
0.747159
0.763088
0.778562
0.79357
0.808103
0.822154
0.835713
0.848773
0.861325
0.873363
0.884878
0.895865
0.906316
0.916226
0.925588
0.934397
0.942647
0.950334
0.957453
0.963999
0.96997
0.97536
0.980168
0.98439
0.988024
0.991067
0.993517
0.995374
0.996636
0.997303
0.997373
0.996847
0.995725
0.994009
0.991698
0.988794
0.985299
0.981216
0.976546
0.971292
0.965458
0.959047
0.952063
0.944509
0.936391
0.927713
0.918481
0.9087
0.898376
0.887515
0.876123
0.864208
0.851776
0.838836
0.825393
0.811458
0.797037
0.78214
0.766776
0.750953
0.734682
0.717971
0.700832
0.683273
0.665306
0.646941
0.62819
0.609063
0.589572
0.569729
0.549546
0.529034
0.508205
0.487073
0.46565
0.443948
0.421982
0.399763
0.377305
0.354621
0.331726
0.308632
0.285354
0.261905
0.2383
0.214552
0.190676
0.166686
0.142597
0.118422
0.0941764
0.0698746
0.045531
0.0211602
-0.0032232
-0.0276047
-0.0519697
-0.0763037
-0.100592
-0.12482
-0.148974
-0.173038
-0.197
-0.220843
-0.244554
-0.26812
-0.291525
-0.314755
-0.337798
-0.360639
-0.383264
-0.40566
-0.427814
-0.449712
-0.471341
-0.492688
-0.513741
-0.534487
-0.554914
-0.575009
-0.59476
-0.614155
-0.633184
-0.651834
-0.670095
-0.687955
-0.705404
-0.722431
-0.739026
-0.75518
-0.770883
-0.786124
-0.800896
-0.815189
-0.828995
-0.842306
-0.855113
