0.154627
0.10638
0.0578773
0.00923479
-0.0394299
-0.0879997
-0.136357
-0.184387
-0.231972
-0.278998
-0.325352
-0.370922
-0.415599
-0.459274
-0.501843
-0.543203
-0.583255
-0.621901
-0.659049
-0.69461
-0.728497
-0.760629
-0.790928
-0.819322
-0.845743
-0.870126
-0.892412
-0.912549
-0.930488
-0.946184
-0.959602
-0.970707
-0.979474
-0.985881
-0.989914
-0.991561
-0.99082
-0.987692
-0.982184
-0.97431
-0.964089
-0.951546
-0.93671
-0.919617
-0.900309
-0.878832
-0.855238
-0.829584
-0.801931
-0.772346
-0.7409
-0.70767
-0.672734
-0.636178
-0.59809
-0.55856
-0.517685
-0.475563
-0.432295
-0.387986
-0.342742
-0.296672
-0.249888
-0.202501
-0.154627
-0.10638
-0.0578773
-0.00923479
0.0394299
0.0879997
0.136357
0.184387
0.231972
0.278998
0.325352
0.370922
0.415599
0.459274
0.501843
0.543203
0.583255
0.621901
0.659049
0.69461
0.728497
0.760629
0.790928
0.819322
0.845743
0.870126
0.892412
0.912549
0.930488
0.946184
0.959602
0.970707
0.979474
0.985881
0.989914
0.991561
0.99082
0.987692
0.982184
0.97431
0.964089
0.951546
0.93671
0.919617
0.900309
0.878832
0.855238
0.829584
0.801931
0.772346
0.7409
0.70767
0.672734
0.636178
0.59809
0.55856
0.517685
0.475563
0.432295
0.387986
0.342742
0.296672
0.249888
0.202501
