0.750249
0.717664
0.68335
0.64739
0.609871
0.570882
0.530518
0.488876
0.446056
0.402162
0.357299
0.311575
0.2651
0.217987
0.170348
0.1223
0.0739561
0.0254345
-0.0231484
-0.0716755
-0.12003
-0.168095
-0.215756
-0.262896
-0.309403
-0.355165
-0.400071
-0.444014
-0.486886
-0.528586
-0.569013
-0.608068
-0.645659
-0.681694
-0.716087
-0.748755
-0.779619
-0.808605
-0.835643
-0.860667
-0.883619
-0.904441
-0.923085
-0.939505
-0.953661
-0.965521
-0.975054
-0.982238
-0.987056
-0.989495
-0.989552
-0.987224
-0.982518
-0.975445
-0.966022
-0.954271
-0.940222
-0.923908
-0.905368
-0.884647
-0.861795
-0.836866
-0.809922
-0.781026
-0.750249
-0.717664
-0.68335
-0.64739
-0.609871
-0.570882
-0.530518
-0.488876
-0.446056
-0.402162
-0.357299
-0.311575
-0.2651
-0.217987
-0.170348
-0.1223
-0.0739561
-0.0254345
0.0231484
0.0716755
0.12003
0.168095
0.215756
0.262896
0.309403
0.355165
0.400071
0.444014
0.486886
0.528586
0.569013
0.608068
0.645659
0.681694
0.716087
0.748755
0.779619
0.808605
0.835643
0.860667
0.883619
0.904441
0.923085
0.939505
0.953661
0.965521
0.975054
0.982238
0.987056
0.989495
0.989552
0.987224
0.982518
0.975445
0.966022
0.954271
0.940222
0.923908
0.905368
0.884647
0.861795
0.836866
0.809922
0.781026
