-0.1315
-0.0827167
-0.0337342
0.0153297
0.0643566
0.113228
0.161827
0.210037
0.25774
0.304822
0.35117
0.396672
0.441219
0.484702
0.527018
0.568064
0.607741
0.645955
0.682612
0.717625
0.750909
0.782384
0.811974
0.839608
0.86522
0.888747
0.910132
0.929326
0.94628
0.960955
0.973315
0.98333
0.990976
0.996235
0.999093
0.999545
0.997589
0.99323
0.986477
0.977349
0.965865
0.952055
0.935952
0.917593
0.897024
0.874294
0.849458
0.822575
0.79371
0.762934
0.730319
0.695946
0.659895
0.622255
0.583116
0.542571
0.50072
0.457663
0.413503
0.368347
0.322303
0.275483
0.227999
0.179966
0.1315
0.0827167
0.0337342
-0.0153297
-0.0643566
-0.113228
-0.161827
-0.210037
-0.25774
-0.304822
-0.35117
-0.396672
-0.441219
-0.484702
-0.527018
-0.568064
-0.607741
-0.645955
-0.682612
-0.717625
-0.750909
-0.782384
-0.811974
-0.839608
-0.86522
-0.888747
-0.910132
-0.929326
-0.94628
-0.960955
-0.973315
-0.98333
-0.990976
-0.996235
-0.999093
-0.999545
-0.997589
-0.99323
-0.986477
-0.977349
-0.965865
-0.952055
-0.935952
-0.917593
-0.897024
-0.874294
-0.849458
-0.822575
-0.79371
-0.762934
-0.730319
-0.695946
-0.659895
-0.622255
-0.583116
-0.542571
-0.50072
-0.457663
-0.413503
-0.368347
-0.322303
-0.275483
-0.227999
-0.179966
