-0.644554
-0.662955
-0.680959
-0.698557
-0.715737
-0.73249
-0.748805
-0.764672
-0.780082
-0.795026
-0.809494
-0.823479
-0.836972
-0.849964
-0.862449
-0.874418
-0.885864
-0.896781
-0.907162
-0.917
-0.926291
-0.935028
-0.943206
-0.95082
-0.957866
-0.96434
-0.970237
-0.975554
-0.980289
-0.984437
-0.987997
-0.990966
-0.993344
-0.995127
-0.996316
-0.996909
-0.996906
-0.996308
-0.995114
-0.993325
-0.990943
-0.987968
-0.984403
-0.980249
-0.97551
-0.970187
-0.964285
-0.957806
-0.950755
-0.943136
-0.934953
-0.926211
-0.916915
-0.907072
-0.896686
-0.885765
-0.874314
-0.86234
-0.849851
-0.836854
-0.823357
-0.809368
-0.794895
-0.779947
-0.764533
-0.748662
-0.732343
-0.715587
-0.698403
-0.680801
-0.662793
-0.644388
-0.625599
-0.606435
-0.586909
-0.567033
-0.546817
-0.526274
-0.505417
-0.484258
-0.46281
-0.441084
-0.419096
-0.396856
-0.37438
-0.351679
-0.328767
-0.305655
-0.282356
-0.258874
-0.235211
-0.211354
-0.187276
-0.162925
-0.138226
-0.113088
-0.0874211
-0.0611734
-0.0343688
-0.00713838
0.0202792
0.0475779
0.0744602
0.100718
0.126283
0.151216
0.17566
0.199764
0.223636
0.247334
0.270872
0.294246
0.317445
0.340453
0.363259
0.385847
0.408204
0.430318
0.452174
0.47376
0.495063
0.51607
0.536768
0.557146
0.577191
0.59689
0.616233
0.635208
0.653803
0.672007
0.68981
0.7072
0.724168
0.740703
0.756795
0.772434
0.787613
0.80232
0.816548
0.830288
0.843531
0.85627
0.868498
0.880207
0.891389
0.902039
0.912149
0.921714
0.930729
0.939187
0.947084
0.954415
0.961175
0.967361
0.972968
0.977995
0.982436
0.986291
0.989556
0.992229
0.99431
0.995796
0.996687
0.996982
0.996681
0.995785
0.994294
0.992208
0.989529
0.986259
0.982399
0.977953
0.972921
0.967308
0.961117
0.954352
0.947016
0.939114
0.930651
0.921632
0.912062
0.901946
0.891292
0.880105
0.868392
0.85616
0.843416
0.830168
0.816423
0.802191
0.78748
0.772298
0.756654
0.740558
0.724019
0.707048
0.689654
0.671847
0.65364
0.635041
0.616063
0.596717
0.577014
0.556966
0.536586
0.515884
0.494875
0.473569
0.451981
0.430122
0.408007
0.385647
0.363057
0.34025
0.317239
0.294039
0.270664
0.247126
0.223441
0.199622
0.175684
0.151641
0.127507
0.103297
0.0790256
0.0547067
0.0303551
0.00598531
-0.018388
-0.0427504
-0.0670871
-0.0913838
-0.115626
-0.139799
-0.163888
-0.18788
-0.211759
-0.235511
-0.259123
-0.28258
-0.305868
-0.328974
-0.351882
-0.374581
-0.397055
-0.419292
-0.441279
-0.463001
-0.484447
-0.505604
-0.526458
-0.546998
-0.567211
-0.587084
-0.606607
-0.625767
