0.890463
0.87975
0.868506
0.856739
0.844457
0.831665
0.818373
0.804587
0.790317
0.775571
0.760358
0.744686
0.728566
0.712008
0.69502
0.677614
0.659799
0.641587
0.622989
0.604015
0.584678
0.564988
0.544958
0.5246
0.503926
0.482948
0.461679
0.440132
0.41832
0.396257
0.373954
0.351426
0.328687
0.305749
0.282627
0.259335
0.235887
0.212297
0.188579
0.164747
0.140816
0.1168
0.0927142
0.0685722
0.0443889
0.0201789
-0.00404326
-0.028263
-0.0524657
-0.0766368
-0.100762
-0.124826
-0.148815
-0.172715
-0.19651
-0.220187
-0.243731
-0.267129
-0.290366
-0.313427
-0.3363
-0.358971
-0.381425
-0.403649
-0.425631
-0.447355
-0.468811
-0.489984
-0.510862
-0.531432
-0.551682
-0.5716
-0.591173
-0.61039
-0.62924
-0.64771
-0.665791
-0.68347
-0.700738
-0.717584
-0.733997
-0.749968
-0.765488
-0.780546
-0.795134
-0.809243
-0.822865
-0.835991
-0.848614
-0.860725
-0.872318
-0.883386
-0.893921
-0.903918
-0.91337
-0.922272
-0.930619
-0.938405
-0.945626
-0.952277
-0.958355
-0.963855
-0.968775
-0.973111
-0.976861
-0.980023
-0.982594
-0.984573
-0.98596
-0.986752
-0.98695
-0.986553
-0.985563
-0.983978
-0.981801
-0.979033
-0.975674
-0.971728
-0.967197
-0.962083
-0.95639
-0.95012
-0.943279
-0.935868
-0.927895
-0.919362
-0.910276
-0.900641
-0.890463
-0.87975
-0.868506
-0.856739
-0.844457
-0.831665
-0.818373
-0.804587
-0.790317
-0.775571
-0.760358
-0.744686
-0.728566
-0.712008
-0.69502
-0.677614
-0.659799
-0.641587
-0.622989
-0.604015
-0.584678
-0.564988
-0.544958
-0.5246
-0.503926
-0.482948
-0.461679
-0.440132
-0.41832
-0.396257
-0.373954
-0.351426
-0.328687
-0.305749
-0.282627
-0.259335
-0.235887
-0.212297
-0.188579
-0.164747
-0.140816
-0.1168
-0.0927142
-0.0685722
-0.0443889
-0.0201789
0.00404326
0.028263
0.0524657
0.0766368
0.100762
0.124826
0.148815
0.172715
0.19651
0.220187
0.243731
0.267129
0.290366
0.313427
0.3363
0.358971
0.381425
0.403649
0.425631
0.447355
0.468811
0.489984
0.510862
0.531432
0.551682
0.5716
0.591173
0.61039
0.62924
0.64771
0.665791
0.68347
0.700738
0.717584
0.733997
0.749968
0.765488
0.780546
0.795134
0.809243
0.822865
0.835991
0.848614
0.860725
0.872318
0.883386
0.893921
0.903918
0.91337
0.922272
0.930619
0.938405
0.945626
0.952277
0.958355
0.963855
0.968775
0.973111
0.976861
0.980023
0.982594
0.984573
0.98596
0.986752
0.98695
0.986553
0.985563
0.983978
0.981801
0.979033
0.975674
0.971728
0.967197
0.962083
0.95639
0.95012
0.943279
0.935868
0.927895
0.919362
0.910276
0.900641
