0.961384
0.955689
0.949419
0.942577
0.935167
0.927194
0.918662
0.909577
0.899944
0.889769
0.879058
0.867817
0.856054
0.843775
0.830988
0.8177
0.80392
0.789655
0.774915
0.759708
0.744044
0.727931
0.71138
0.6944
0.677002
0.659196
0.640993
0.622404
0.60344
0.584113
0.564433
0.544414
0.524067
0.503404
0.482438
0.461181
0.439647
0.417847
0.395796
0.373507
0.350992
0.328266
0.305343
0.282235
0.258958
0.235524
0.211949
0.188246
0.164429
0.140514
0.116514
0.0924432
0.0683172
0.04415
0.0199563
-0.00424951
-0.0284527
-0.0526388
-0.0767932
-0.100901
-0.124949
-0.148921
-0.172803
-0.196581
-0.220241
-0.243768
-0.267149
-0.290368
-0.313413
-0.336269
-0.358922
-0.381359
-0.403566
-0.42553
-0.447238
-0.468677
-0.489833
-0.510694
-0.531247
-0.551481
-0.571382
-0.590939
-0.61014
-0.628974
-0.647429
-0.665493
-0.683157
-0.70041
-0.71724
-0.733638
-0.749595
-0.7651
-0.780144
-0.794718
-0.808814
-0.822422
-0.835535
-0.848145
-0.860243
-0.871824
-0.882879
-0.893403
-0.903388
-0.912829
-0.921721
-0.930057
-0.937833
-0.945044
-0.951686
-0.957754
-0.963246
-0.968157
-0.972485
-0.976228
-0.979382
-0.981946
-0.983919
-0.9853
-0.986086
-0.986279
-0.985878
-0.984883
-0.983294
-0.981113
-0.978342
-0.974981
-0.971032
-0.966499
-0.961384
-0.955689
-0.949419
-0.942577
-0.935167
-0.927194
-0.918662
-0.909577
-0.899944
-0.889769
-0.879058
-0.867817
-0.856054
-0.843775
-0.830988
-0.8177
-0.80392
-0.789655
-0.774915
-0.759708
-0.744044
-0.727931
-0.71138
-0.6944
-0.677002
-0.659196
-0.640993
-0.622404
-0.60344
-0.584113
-0.564433
-0.544414
-0.524067
-0.503404
-0.482438
-0.461181
-0.439647
-0.417847
-0.395796
-0.373507
-0.350992
-0.328266
-0.305343
-0.282235
-0.258958
-0.235524
-0.211949
-0.188246
-0.164429
-0.140514
-0.116514
-0.0924432
-0.0683172
-0.04415
-0.0199563
0.00424951
0.0284527
0.0526388
0.0767932
0.100901
0.124949
0.148921
0.172803
0.196581
0.220241
0.243768
0.267149
0.290368
0.313413
0.336269
0.358922
0.381359
0.403566
0.42553
0.447238
0.468677
0.489833
0.510694
0.531247
0.551481
0.571382
0.590939
0.61014
0.628974
0.647429
0.665493
0.683157
0.70041
0.71724
0.733638
0.749595
0.7651
0.780144
0.794718
0.808814
0.822422
0.835535
0.848145
0.860243
0.871824
0.882879
0.893403
0.903388
0.912829
0.921721
0.930057
0.937833
0.945044
0.951686
0.957754
0.963246
0.968157
0.972485
0.976228
0.979382
0.981946
0.983919
0.9853
0.986086
0.986279
0.985878
0.984883
0.983294
0.981113
0.978342
0.974981
0.971032
0.966499
