0.462666
0.440979
0.419029
0.396828
0.374391
0.351729
0.328857
0.305789
0.282538
0.259118
0.235543
0.211828
0.187986
0.164031
0.139979
0.115842
0.0916369
0.0673767
0.0430762
0.0187499
-0.00558751
-0.0299216
-0.0542379
-0.0785217
-0.102759
-0.126934
-0.151034
-0.175043
-0.198948
-0.222733
-0.246386
-0.269892
-0.293236
-0.316404
-0.339384
-0.362161
-0.384722
-0.407052
-0.429139
-0.45097
-0.472531
-0.49381
-0.514793
-0.535469
-0.555825
-0.575849
-0.595528
-0.614852
-0.633808
-0.652385
-0.670573
-0.688359
-0.705734
-0.722688
-0.739209
-0.755289
-0.770917
-0.786084
-0.800782
-0.815001
-0.828732
-0.841969
-0.854702
-0.866925
-0.878629
-0.889808
-0.900455
-0.910564
-0.920129
-0.929144
-0.937604
-0.945503
-0.952837
-0.959602
-0.965793
-0.971407
-0.97644
-0.980889
-0.984753
-0.988028
-0.990712
-0.992804
-0.994303
-0.995207
-0.995517
-0.995232
-0.994351
-0.992877
-0.990809
-0.988149
-0.984898
-0.981059
-0.976633
-0.971624
-0.966033
-0.959866
-0.953125
-0.945814
-0.937937
-0.929501
-0.920508
-0.910966
-0.900879
-0.890253
-0.879096
-0.867413
-0.855211
-0.842499
-0.829283
-0.815571
-0.801372
-0.786694
-0.771545
-0.755936
-0.739875
-0.723371
-0.706435
-0.689077
-0.671307
-0.653136
-0.634574
-0.615634
-0.596325
-0.57666
-0.55665
-0.536307
-0.515644
-0.494673
-0.473406
-0.451856
-0.430036
-0.407958
-0.385636
-0.363081
-0.340305
-0.317318
-0.294127
-0.270734
-0.247135
-0.223316
-0.199252
-0.174907
-0.150235
-0.12519
-0.0997326
-0.0738505
-0.0475702
-0.0209695
0.00582275
0.0326391
0.0592987
0.0856394
0.111546
0.136965
0.161905
0.18642
0.210583
0.234465
0.258117
0.281572
0.30484
0.327918
0.350799
0.373469
0.395916
0.418127
0.440087
0.461785
0.483207
0.504339
0.525171
0.545688
0.565879
0.585732
0.605235
0.624377
0.643145
0.661528
0.679517
0.697099
0.714264
0.731003
0.747305
0.76316
0.778559
0.793492
0.807951
0.821928
0.835413
0.848399
0.860878
0.872842
0.884284
0.895198
0.905577
0.915415
0.924706
0.933444
0.941624
0.949241
0.956291
0.962769
0.968672
0.973996
0.978738
0.982895
0.986464
0.989444
0.991832
0.993628
0.994829
0.995436
0.995449
0.994866
0.993688
0.991917
0.989553
0.986597
0.983052
0.978919
0.974201
0.968901
0.963022
0.956567
0.94954
0.941946
0.933789
0.925074
0.915805
0.90599
0.895633
0.884741
0.87332
0.861377
0.848919
0.835953
0.822488
0.808532
0.794092
0.779178
0.763798
0.747961
0.731677
0.714957
0.697808
0.680243
0.662271
0.643903
0.625151
0.606025
0.586536
0.566697
0.546519
0.526015
0.505196
0.484076
