-0.977503
-0.979953
-0.982256
-0.984411
-0.986418
-0.988276
-0.989986
-0.991546
-0.992957
-0.994219
-0.99533
-0.996292
-0.997104
-0.997766
-0.998277
-0.998638
-0.998849
-0.998909
-0.998819
-0.998578
-0.998187
-0.997646
-0.996954
-0.996112
-0.995121
-0.993979
-0.992688
-0.991247
-0.989657
-0.987918
-0.98603
-0.983994
-0.981809
-0.979477
-0.976997
-0.97437
-0.971596
-0.968676
-0.96561
-0.962398
-0.959042
-0.955541
-0.951897
-0.948109
-0.944178
-0.940105
-0.93589
-0.931535
-0.927039
-0.922404
-0.917629
-0.912717
-0.907667
-0.90248
-0.897158
-0.8917
-0.886108
-0.880383
-0.874525
-0.868535
-0.862415
-0.856164
-0.849785
-0.843278
-0.836643
-0.829883
-0.822998
-0.815989
-0.808857
-0.801603
-0.794228
-0.786734
-0.779122
-0.771392
-0.763545
-0.755584
-0.747509
-0.739322
-0.731023
-0.722614
-0.714096
-0.705471
-0.696739
-0.687903
-0.678963
-0.66992
-0.660777
-0.651535
-0.642194
-0.632756
-0.623223
-0.613597
-0.603878
-0.594068
-0.584168
-0.574181
-0.564107
-0.553948
-0.543705
-0.533381
-0.522977
-0.512493
-0.501933
-0.491297
-0.480587
-0.469804
-0.458951
-0.448029
-0.437039
-0.425984
-0.414864
-0.403682
-0.392439
-0.381137
-0.369777
-0.358362
-0.346893
-0.335371
-0.3238
-0.312179
-0.300511
-0.288798
-0.277042
-0.265244
-0.253406
-0.241529
-0.229617
-0.21767
-0.20569
-0.193679
-0.181639
-0.169571
-0.157478
-0.145361
-0.133223
-0.121064
-0.108887
-0.0966938
-0.0844859
-0.0722653
-0.0600338
-0.0477933
-0.0355456
-0.0232925
-0.011036
0.00122228
0.0134803
0.0257364
0.0379885
0.0502349
0.0624738
0.0747033
0.0869215
0.0991266
0.111317
0.12349
0.135645
0.147779
0.159892
0.17198
0.184042
0.196076
0.208081
0.220055
0.231995
0.243901
0.255769
0.2676
0.27939
0.291138
0.302842
0.3145
0.326111
0.337673
0.349184
0.360643
0.372047
0.383395
0.394686
0.405917
0.417086
0.428193
0.439236
0.450212
0.461121
0.47196
0.482728
0.493424
0.504045
0.51459
0.525058
0.535446
0.545754
0.55598
0.566122
0.576179
0.586149
0.596031
0.605823
0.615524
0.625132
0.634646
0.644064
0.653386
0.662609
0.671732
0.680754
0.689673
0.698489
0.707199
0.715803
0.7243
0.732687
0.740963
0.749129
0.757181
0.765119
0.772942
0.780649
0.788238
0.795709
0.803059
0.810289
0.817396
0.824381
0.831241
0.837977
0.844586
0.851067
0.857421
0.863646
0.86974
0.875703
0.881535
0.887234
0.892799
0.89823
0.903525
0.908685
0.913707
0.918592
0.923339
0.927947
0.932415
0.936742
0.940928
0.944973
0.948875
0.952635
0.956251
0.959723
0.96305
0.966233
0.96927
0.972161
0.974905
0.977503
0.979953
0.982256
0.984411
0.986418
0.988276
0.989986
0.991546
0.992957
0.994219
0.99533
0.996292
0.997104
0.997766
0.998277
0.998638
0.998849
0.998909
0.998819
0.998578
0.998187
0.997646
0.996954
0.996112
0.995121
0.993979
0.992688
0.991247
0.989657
0.987918
0.98603
0.983994
0.981809
0.979477
0.976997
0.97437
0.971596
0.968676
0.96561
0.962398
0.959042
0.955541
0.951897
0.948109
0.944178
0.940105
0.93589
0.931535
0.927039
0.922404
0.917629
0.912717
0.907667
0.90248
0.897158
0.8917
0.886108
0.880383
0.874525
0.868535
0.862415
0.856164
0.849785
0.843278
0.836643
0.829883
0.822998
0.815989
0.808857
0.801603
0.794228
0.786734
0.779122
0.771392
0.763545
0.755584
0.747509
0.739322
0.731023
0.722614
0.714096
0.705471
0.696739
0.687903
0.678963
0.66992
0.660777
0.651535
0.642194
0.632756
0.623223
0.613597
0.603878
0.594068
0.584168
0.574181
0.564107
0.553948
0.543705
0.533381
0.522977
0.512493
0.501933
0.491297
0.480587
0.469804
0.458951
0.448029
0.437039
0.425984
0.414864
0.403682
0.392439
0.381137
0.369777
0.358362
0.346893
0.335371
0.3238
0.312179
0.300511
0.288798
0.277042
0.265244
0.253406
0.241529
0.229617
0.21767
0.20569
0.193679
0.181639
0.169571
0.157478
0.145361
0.133223
0.121064
0.108887
0.0966938
0.0844859
0.0722653
0.0600338
0.0477933
0.0355456
0.0232925
0.011036
-0.00122228
-0.0134803
-0.0257364
-0.0379885
-0.0502349
-0.0624738
-0.0747033
-0.0869215
-0.0991266
-0.111317
-0.12349
-0.135645
-0.147779
-0.159892
-0.17198
-0.184042
-0.196076
-0.208081
-0.220055
-0.231995
-0.243901
-0.255769
-0.2676
-0.27939
-0.291138
-0.302842
-0.3145
-0.326111
-0.337673
-0.349184
-0.360643
-0.372047
-0.383395
-0.394686
-0.405917
-0.417086
-0.428193
-0.439236
-0.450212
-0.461121
-0.47196
-0.482728
-0.493424
-0.504045
-0.51459
-0.525058
-0.535446
-0.545754
-0.55598
-0.566122
-0.576179
-0.586149
-0.596031
-0.605823
-0.615524
-0.625132
-0.634646
-0.644064
-0.653386
-0.662609
-0.671732
-0.680754
-0.689673
-0.698489
-0.707199
-0.715803
-0.7243
-0.732687
-0.740963
-0.749129
-0.757181
-0.765119
-0.772942
-0.780649
-0.788238
-0.795709
-0.803059
-0.810289
-0.817396
-0.824381
-0.831241
-0.837977
-0.844586
-0.851067
-0.857421
-0.863646
-0.86974
-0.875703
-0.881535
-0.887234
-0.892799
-0.89823
-0.903525
-0.908685
-0.913707
-0.918592
-0.923339
-0.927947
-0.932415
-0.936742
-0.940928
-0.944973
-0.948875
-0.952635
-0.956251
-0.959723
-0.96305
-0.966233
-0.96927
-0.972161
-0.974905
