0
5.61066e+31
-3.04284e+33
8.18219e+34
-1.45442e+36
1.92246e+37
-2.01543e+38
1.74548e+39
-1.28438e+40
8.19638e+40
-4.60793e+41
2.31047e+42
-1.04359e+43
4.28118e+43
-1.60614e+44
5.54282e+44
-1.7684e+45
5.23878e+45
-1.44655e+46
3.73554e+46
-9.04872e+46
2.06155e+47
-4.42809e+47
8.98651e+47
-1.72651e+48
3.14575e+48
-5.44451e+48
8.96434e+48
-1.40603e+49
2.10343e+49
-3.00483e+49
4.10329e+49
-5.36153e+49
6.70943e+49
-8.04797e+49
9.2604e+49
-1.02289e+50
1.08536e+50
-1.10698e+50
1.08585e+50
-1.02494e+50
9.31417e+49
-8.15275e+49
6.87644e+49
-5.59104e+49
4.38377e+49
-3.3157e+49
2.41995e+49
-1.70475e+49
1.15945e+49
-7.6151e+48
4.83085e+48
-2.96056e+48
1.75306e+48
-1.00312e+48
5.54741e+47
-2.96522e+47
1.53208e+47
-7.65234e+46
3.69494e+46
-1.72477e+46
7.78331e+45
-3.39546e+45
1.43191e+45
-5.837e+44
2.29978e+44
-8.75716e+43
3.22231e+43
-1.14561e+43
3.93462e+42
-1.30522e+42
4.1811e+41
-1.29307e+41
3.85983e+40
-1.11174e+40
3.08868e+39
-8.27111e+38
2.12945e+38
-5.20552e+37
1.12759e+37
-1.1684e+36
-1.35038e+36
1.99938e+36
-2.13891e+36
2.08777e+36
-1.93433e+36
1.72363e+36
-1.49469e+36
1.28352e+36
-1.11951e+36
1.02196e+36
-9.98283e+35
1.04372e+36
-1.14226e+36
1.26851e+36
-1.39061e+36
1.47423e+36
-1.48771e+36
1.40763e+36
-1.22371e+36
9.41683e+35
-5.8314e+35
1.82074e+35
2.2096e+35
-5.85559e+35
8.77267e+35
-1.07113e+36
1.15265e+36
-1.11664e+36
9.65161e+35
-7.05722e+35
3.50402e+35
8.40852e+34
-5.75971e+35
1.09853e+36
-1.62135e+36
2.11296e+36
-2.54445e+36
2.89318e+36
-3.14562e+36
3.29842e+36
-3.35742e+36
3.33483e+36
-3.24543e+36
3.10275e+36
-2.91664e+36
2.69261e+36
-2.43327e+36
