0.518294
0.538843
0.559069
0.578961
0.598508
0.617696
0.636515
0.654954
0.673002
0.690647
0.707879
0.724689
0.741065
0.756998
0.772479
0.787498
0.802047
0.816116
0.829697
0.842782
0.855364
0.867434
0.878986
0.890013
0.900508
0.910464
0.919877
0.928739
0.937046
0.944794
0.951976
0.95859
0.964631
0.970095
0.974979
0.979281
0.982997
0.986126
0.988666
0.990614
0.991971
0.992734
0.992905
0.992481
0.991465
0.989856
0.987655
0.984865
0.981485
0.977519
0.972968
0.967836
0.962126
0.955841
0.948984
0.94156
0.933573
0.925029
0.915931
0.906286
0.896099
0.885377
0.874126
0.862352
0.850063
0.837265
0.823967
0.810177
0.795903
0.781153
0.765936
0.750261
0.734137
0.717575
0.700584
0.683175
0.665357
0.647141
0.628539
0.609561
0.590218
0.570523
0.550487
0.530122
0.50944
0.488453
0.467175
0.445617
0.423793
0.401715
0.379398
0.356854
0.334096
0.311139
0.287996
0.264681
0.241207
0.21759
0.193842
0.169979
0.146013
0.121961
0.0978358
0.0736521
0.0494243
0.025167
0.000894625
-0.0233783
-0.0476372
-0.0718676
-0.0960551
-0.120185
-0.144243
-0.168215
-0.192087
-0.215844
-0.239471
-0.262956
-0.286283
-0.30944
-0.332411
-0.355184
-0.377744
-0.400079
-0.422174
-0.444017
-0.465595
-0.486894
-0.507903
-0.528608
-0.548997
-0.569058
-0.588778
-0.608147
-0.627153
-0.645783
-0.664028
-0.681875
-0.699315
-0.716338
-0.732932
-0.749087
-0.764796
-0.780047
-0.794832
-0.809142
-0.822968
-0.836302
-0.849137
-0.861464
-0.873276
-0.884566
-0.895327
-0.905554
-0.915239
-0.924377
-0.932962
-0.94099
-0.948456
-0.955355
-0.961682
-0.967435
-0.97261
-0.977203
-0.981213
-0.984635
-0.98747
-0.989714
-0.991367
-0.992427
-0.992894
-0.992767
-0.992047
-0.990735
-0.98883
-0.986334
-0.983248
-0.979575
-0.975316
-0.970475
-0.965053
-0.959055
-0.952483
-0.945343
-0.937637
-0.92937
-0.920549
-0.911177
-0.90126
-0.890805
-0.879817
-0.868304
-0.856271
-0.843727
-0.830678
-0.817133
-0.8031
-0.788587
-0.773602
-0.758155
-0.742255
-0.725911
-0.709133
-0.691931
-0.674316
-0.656298
-0.637888
-0.619096
-0.599934
-0.580414
-0.560547
-0.540344
-0.519819
-0.498983
-0.477848
-0.456426
-0.43473
-0.412771
-0.39056
-0.368108
-0.345421
-0.322505
-0.299363
-0.275992
-0.252386
-0.228533
-0.204416
-0.180019
-0.155324
-0.130319
-0.105003
-0.0793914
-0.0535184
-0.0274404
-0.00123409
0.0250087
0.0511892
0.0772118
0.102994
0.128475
0.153618
0.178411
0.202865
0.227001
0.250848
0.274433
0.29778
0.3209
0.343802
0.366483
0.388937
0.411156
0.433128
0.45484
0.47628
0.497436
