0.867382
0.87853
0.889149
0.899232
0.908774
0.917768
0.926209
0.934092
0.941413
0.948166
0.954349
0.959956
0.964985
0.969433
0.973298
0.976575
0.979265
0.981365
0.982873
0.98379
0.984114
0.983845
0.982983
0.981529
0.979485
0.97685
0.973626
0.969817
0.965423
0.960447
0.954893
0.948764
0.942063
0.934795
0.926964
0.918574
0.909631
0.90014
0.890107
0.879538
0.868439
0.856817
0.844678
0.832031
0.818883
0.805242
0.791115
0.776512
0.761441
0.745911
0.729933
0.713514
0.696666
0.679398
0.661721
0.643645
0.625181
0.606341
0.587136
0.567577
0.547676
0.527445
0.506897
0.486043
0.464896
0.44347
0.421776
0.399828
0.377639
0.355223
0.332593
0.309762
0.286745
0.263556
0.240207
0.216714
0.19309
0.16935
0.145508
0.121578
0.0975752
0.0735134
0.0494074
0.0252716
0.00112057
-0.0230311
-0.0471689
-0.0712784
-0.0953448
-0.119354
-0.143291
-0.167142
-0.190892
-0.214527
-0.238033
-0.261396
-0.284601
-0.307634
-0.330483
-0.353132
-0.375569
-0.397779
-0.41975
-0.441468
-0.46292
-0.484093
-0.504974
-0.525552
-0.545812
-0.565744
-0.585336
-0.604574
-0.623449
-0.641948
-0.66006
-0.677775
-0.695081
-0.711969
-0.728428
-0.744448
-0.760019
-0.775133
-0.78978
-0.803951
-0.817638
-0.830832
-0.843526
-0.855712
-0.867382
-0.87853
-0.889149
-0.899232
-0.908774
-0.917768
-0.926209
-0.934092
-0.941413
-0.948166
-0.954349
-0.959956
-0.964985
-0.969433
-0.973298
-0.976575
-0.979265
-0.981365
-0.982873
-0.98379
-0.984114
-0.983845
-0.982983
-0.981529
-0.979485
-0.97685
-0.973626
-0.969817
-0.965423
-0.960447
-0.954893
-0.948764
-0.942063
-0.934795
-0.926964
-0.918574
-0.909631
-0.90014
-0.890107
-0.879538
-0.868439
-0.856817
-0.844678
-0.832031
-0.818883
-0.805242
-0.791115
-0.776512
-0.761441
-0.745911
-0.729933
-0.713514
-0.696666
-0.679398
-0.661721
-0.643645
-0.625181
-0.606341
-0.587136
-0.567577
-0.547676
-0.527445
-0.506897
-0.486043
-0.464896
-0.44347
-0.421776
-0.399828
-0.377639
-0.355223
-0.332593
-0.309762
-0.286745
-0.263556
-0.240207
-0.216714
-0.19309
-0.16935
-0.145508
-0.121578
-0.0975752
-0.0735134
-0.0494074
-0.0252716
-0.00112057
0.0230311
0.0471689
0.0712784
0.0953448
0.119354
0.143291
0.167142
0.190892
0.214527
0.238033
0.261396
0.284601
0.307634
0.330483
0.353132
0.375569
0.397779
0.41975
0.441468
0.46292
0.484093
0.504974
0.525552
0.545812
0.565744
0.585336
0.604574
0.623449
0.641948
0.66006
0.677775
0.695081
0.711969
0.728428
0.744448
0.760019
0.775133
0.78978
0.803951
0.817638
0.830832
0.843526
0.855712
