0.668516
0.686005
0.70308
0.719732
0.73595
0.751726
0.767048
0.781908
0.796298
0.810207
0.823629
0.836554
0.848976
0.860886
0.872278
0.883144
0.893478
0.903274
0.912526
0.921228
0.929375
0.936963
0.943986
0.950441
0.956323
0.961628
0.966355
0.9705
0.97406
0.977033
0.979418
0.981212
0.982416
0.983028
0.983048
0.982476
0.981311
0.979556
0.977211
0.974277
0.970756
0.966651
0.961963
0.956695
0.950852
0.944436
0.93745
0.9299
0.92179
0.913125
0.90391
0.89415
0.883852
0.873021
0.861664
0.849788
0.837401
0.824509
0.81112
0.797243
0.782885
0.768056
0.752765
0.73702
0.72083
0.704207
0.68716
0.669698
0.651833
0.633576
0.614937
0.595927
0.576559
0.556843
0.536792
0.516417
0.495732
0.474748
0.453477
0.431934
0.410131
0.38808
0.365796
0.343291
0.32058
0.297675
0.274591
0.251342
0.227941
0.204403
0.180742
0.156972
0.133108
0.109163
0.0851523
0.0610906
0.036992
0.0128712
-0.0112574
-0.0353792
-0.0594797
-0.0835444
-0.107559
-0.131508
-0.155379
-0.179155
-0.202824
-0.226371
-0.249781
-0.273041
-0.296136
-0.319053
-0.341778
-0.364297
-0.386597
-0.408663
-0.430484
-0.452045
-0.473334
-0.494337
-0.515043
-0.535439
-0.555512
-0.575251
-0.594643
-0.613677
-0.632341
-0.650624
-0.668516
-0.686005
-0.70308
-0.719732
-0.73595
-0.751726
-0.767048
-0.781908
-0.796298
-0.810207
-0.823629
-0.836554
-0.848976
-0.860886
-0.872278
-0.883144
-0.893478
-0.903274
-0.912526
-0.921228
-0.929375
-0.936963
-0.943986
-0.950441
-0.956323
-0.961628
-0.966355
-0.9705
-0.97406
-0.977033
-0.979418
-0.981212
-0.982416
-0.983028
-0.983048
-0.982476
-0.981311
-0.979556
-0.977211
-0.974277
-0.970756
-0.966651
-0.961963
-0.956695
-0.950852
-0.944436
-0.93745
-0.9299
-0.92179
-0.913125
-0.90391
-0.89415
-0.883852
-0.873021
-0.861664
-0.849788
-0.837401
-0.824509
-0.81112
-0.797243
-0.782885
-0.768056
-0.752765
-0.73702
-0.72083
-0.704207
-0.68716
-0.669698
-0.651833
-0.633576
-0.614937
-0.595927
-0.576559
-0.556843
-0.536792
-0.516417
-0.495732
-0.474748
-0.453477
-0.431934
-0.410131
-0.38808
-0.365796
-0.343291
-0.32058
-0.297675
-0.274591
-0.251342
-0.227941
-0.204403
-0.180742
-0.156972
-0.133108
-0.109163
-0.0851523
-0.0610906
-0.036992
-0.0128712
0.0112574
0.0353792
0.0594797
0.0835444
0.107559
0.131508
0.155379
0.179155
0.202824
0.226371
0.249781
0.273041
0.296136
0.319053
0.341778
0.364297
0.386597
0.408663
0.430484
0.452045
0.473334
0.494337
0.515043
0.535439
0.555512
0.575251
0.594643
0.613677
0.632341
0.650624
