0.130928
0.106753
0.0825145
0.0582268
0.0339043
0.00956146
-0.0147871
-0.0391267
-0.063443
-0.0877214
-0.111947
-0.136106
-0.160184
-0.184166
-0.208038
-0.231785
-0.255394
-0.278851
-0.30214
-0.325249
-0.348164
-0.370871
-0.393356
-0.415606
-0.437607
-0.459347
-0.480812
-0.50199
-0.522868
-0.543434
-0.563674
-0.583578
-0.603133
-0.622327
-0.64115
-0.659589
-0.677634
-0.695274
-0.712499
-0.729297
-0.74566
-0.761577
-0.777039
-0.792037
-0.806561
-0.820603
-0.834154
-0.847207
-0.859754
-0.871787
-0.883298
-0.894282
-0.904732
-0.91464
-0.924002
-0.932812
-0.941064
-0.948753
-0.955876
-0.962427
-0.968403
-0.9738
-0.978616
-0.982846
-0.986489
-0.989542
-0.992004
-0.993873
-0.995148
-0.995828
-0.995913
-0.995403
-0.994297
-0.992598
-0.990305
-0.98742
-0.983946
-0.979883
-0.975234
-0.970003
-0.964191
-0.957804
-0.950844
-0.943316
-0.935224
-0.926573
-0.917368
-0.907615
-0.897319
-0.886487
-0.875125
-0.86324
-0.85084
-0.83793
-0.82452
-0.810617
-0.79623
-0.781367
-0.766036
-0.750248
-0.734012
-0.717336
-0.700232
-0.68271
-0.664779
-0.646451
-0.627737
-0.608648
-0.589194
-0.569389
-0.549243
-0.528769
-0.507979
-0.486886
-0.465501
-0.443838
-0.42191
-0.399729
-0.377308
-0.354661
-0.331798
-0.308729
-0.285463
-0.262
-0.238334
-0.21445
-0.190318
-0.165894
-0.141123
-0.115949
-0.0903271
-0.0642471
-0.0377489
-0.0109358
0.0160288
0.0429434
0.0696044
0.0958466
0.121574
0.14677
0.171483
0.195797
0.219801
0.243565
0.26713
0.290514
0.313718
0.336732
0.359544
0.382142
0.404511
0.426638
0.44851
0.470115
0.491438
0.512467
0.533191
0.553595
0.573669
0.5934
0.612776
0.631786
0.650418
0.668662
0.686505
0.703939
0.720952
0.737534
0.753675
0.769366
0.784596
0.799358
0.813642
0.82744
0.840744
0.853544
0.865835
0.877608
0.888857
0.899574
0.909754
0.91939
0.928476
0.937008
0.944979
0.952386
0.959223
0.965487
0.971174
0.976281
0.980804
0.984741
0.988089
0.990847
0.993013
0.994585
0.995562
0.995945
0.995732
0.994924
0.993522
0.991526
0.988937
0.985757
0.981987
0.977631
0.972691
0.967169
0.961069
0.954395
0.947151
0.93934
0.930968
0.922039
0.912559
0.902534
0.89197
0.880872
0.869248
0.857104
0.844448
0.831287
0.81763
0.803484
0.788857
0.773759
0.758199
0.742185
0.725728
0.708837
0.691523
0.673795
0.655664
0.637142
0.618239
0.598966
0.579335
0.559358
0.539047
0.518413
0.49747
0.476229
0.454704
0.432906
0.410851
0.388549
0.366016
0.343263
0.320306
0.297157
0.27383
0.25034
0.2267
0.202924
0.179028
0.155024
