0
1.56249e+36
-9.65517e+37
2.96115e+39
-6.00936e+40
9.07804e+41
-1.08881e+43
1.07997e+44
-9.1112e+44
6.67379e+45
-4.31134e+46
2.48692e+47
-1.29377e+48
6.1203e+48
-2.65096e+49
1.05754e+50
-3.90523e+50
1.34076e+51
-4.29616e+51
1.28916e+52
-3.63362e+52
9.64608e+52
-2.41765e+53
5.73346e+53
-1.2891e+54
2.75287e+54
-5.59287e+54
1.08266e+55
-1.99967e+55
3.52855e+55
-5.9555e+55
9.62503e+55
-1.49104e+56
2.21611e+56
-3.16293e+56
4.33851e+56
-5.72368e+56
7.26781e+56
-8.88824e+56
1.04757e+57
-1.19057e+57
1.30549e+57
-1.38184e+57
1.41259e+57
-1.39522e+57
1.33205e+57
-1.22975e+57
1.09824e+57
-9.49082e+56
7.93925e+56
-6.43061e+56
5.04478e+56
-3.83409e+56
2.82368e+56
-2.01557e+56
1.39475e+56
-9.35821e+55
6.0892e+55
-3.84296e+55
2.35272e+55
-1.39742e+55
8.05341e+54
-4.50375e+54
2.44424e+54
-1.28741e+54
6.58138e+53
-3.26558e+53
1.57275e+53
-7.35223e+52
3.3361e+52
-1.46931e+52
6.28102e+51
-2.60598e+51
1.04934e+51
-4.10043e+50
1.55482e+50
-5.72039e+49
2.04182e+49
-7.06974e+48
2.37422e+48
-7.73216e+47
2.44154e+47
-7.47299e+46
2.216e+46
-6.35635e+45
1.75331e+45
-4.53974e+44
9.83951e+43
-4.33503e+42
-1.90437e+43
2.35113e+43
-2.2847e+43
2.08177e+43
-1.86228e+43
1.67782e+43
-1.55545e+43
1.50639e+43
-1.52765e+43
1.60318e+43
-1.70622e+43
1.80306e+43
-1.85781e+43
1.83803e+43
-1.72018e+43
1.49409e+43
-1.16535e+43
7.55106e+42
-2.9714e+42
-1.67101e+42
5.94364e+42
-9.45079e+42
1.18744e+43
-1.2996e+43
1.27016e+43
-1.09749e+43
7.88648e+42
-3.58385e+42
-1.7164e+42
7.73621e+42
-1.41481e+43
2.05947e+43
-2.67174e+43
3.21892e+43
-3.67482e+43
4.02209e+43
-4.25331e+43
4.37018e+43
-4.3814e+43
