-0.929824
-0.946092
-0.960082
-0.971758
-0.981093
-0.988065
-0.992656
-0.994856
-0.99466
-0.992067
-0.987084
-0.979723
-0.970002
-0.957944
-0.943579
-0.92694
-0.908068
-0.887008
-0.863812
-0.838535
-0.811237
-0.781985
-0.75085
-0.717905
-0.683231
-0.646911
-0.609032
-0.569687
-0.528969
-0.486976
-0.44381
-0.399576
-0.354378
-0.308327
-0.261533
-0.214109
-0.166169
-0.117829
-0.0692052
-0.0204145
0.0284254
0.0771968
0.125782
0.174065
0.221928
0.269256
0.315936
0.361855
0.406901
0.450968
0.493948
0.535739
0.576238
0.61535
0.652979
0.689035
0.72343
0.756084
0.786915
0.815851
0.842822
0.867762
0.890611
0.911315
0.929824
0.946092
0.960082
0.971758
0.981093
0.988065
0.992656
0.994856
0.99466
0.992067
0.987084
0.979723
0.970002
0.957944
0.943579
0.92694
0.908068
0.887008
0.863812
0.838535
0.811237
0.781985
0.75085
0.717905
0.683231
0.646911
0.609032
0.569687
0.528969
0.486976
0.44381
0.399576
0.354378
0.308327
0.261533
0.214109
0.166169
0.117829
0.0692052
0.0204145
-0.0284254
-0.0771968
-0.125782
-0.174065
-0.221928
-0.269256
-0.315936
-0.361855
-0.406901
-0.450968
-0.493948
-0.535739
-0.576238
-0.61535
-0.652979
-0.689035
-0.72343
-0.756084
-0.786915
-0.815851
-0.842822
-0.867762
-0.890611
-0.911315
