0
4.31913
-5.6585
4.62959
-1.04292
0.823633
0.551465
0.614525
0.653386
0.690672
0.726295
0.760168
0.792209
0.822342
0.850494
0.876597
0.900589
0.92241
0.94201
0.95934
0.974359
0.987031
0.997325
1.00522
1.01069
1.01372
1.01431
1.01246
1.00817
1.00145
0.992321
0.980799
0.966914
0.9507
0.932195
0.911445
0.888499
0.863412
0.836246
0.807064
0.775939
0.742944
0.70816
0.671669
0.63356
0.593925
0.552859
0.510462
0.466834
0.422082
0.376313
0.329638
0.282168
0.234019
0.185305
0.136146
0.0866582
0.0369619
-0.0128235
-0.0625781
-0.112182
-0.161515
-0.21046
-0.258897
-0.306711
-0.353786
-0.400008
-0.445267
-0.489453
-0.53246
-0.574184
-0.614525
-0.653386
-0.690672
-0.726295
-0.760168
-0.792209
-0.822342
-0.850494
-0.876597
-0.900589
-0.92241
-0.94201
-0.95934
-0.974359
-0.987031
-0.997325
-1.00522
-1.01069
-1.01372
-1.01431
-1.01246
-1.00817
-1.00145
-0.992321
-0.980799
-0.966914
-0.9507
-0.932195
-0.911445
-0.888499
-0.863412
-0.836246
-0.807064
-0.775939
-0.742944
-0.70816
-0.671669
-0.63356
-0.593925
-0.552859
-0.510462
-0.466834
-0.422082
-0.376313
-0.329638
-0.282168
-0.234019
-0.185305
-0.136146
-0.0866582
-0.0369619
0.0128235
0.0625781
0.112182
0.161515
0.21046
0.258897
