0.904829
0.894458
0.883552
0.872119
0.860164
0.847695
0.834719
0.821244
0.807279
0.792831
0.777909
0.762523
0.74668
0.730391
0.713666
0.696514
0.678946
0.660972
0.642603
0.62385
0.604724
0.585237
0.565399
0.545224
0.524723
0.503909
0.482793
0.461389
0.439709
0.417766
0.395573
0.373144
0.350492
0.327631
0.304573
0.281334
0.257926
0.234365
0.210663
0.186835
0.162896
0.138859
0.11474
0.0905513
0.0663089
0.0420269
0.0177197
-0.00659801
-0.0309118
-0.0552071
-0.0794694
-0.103684
-0.127837
-0.151914
-0.175899
-0.19978
-0.223541
-0.247168
-0.270648
-0.293966
-0.317108
-0.340061
-0.362811
-0.385343
-0.407646
-0.429705
-0.451506
-0.473038
-0.494288
-0.515242
-0.535888
-0.556213
-0.576206
-0.595855
-0.615148
-0.634073
-0.652619
-0.670775
-0.68853
-0.705874
-0.722795
-0.739285
-0.755333
-0.770929
-0.786065
-0.80073
-0.814918
-0.828618
-0.841822
-0.854524
-0.866715
-0.878388
-0.889536
-0.900152
-0.910231
-0.919765
-0.928749
-0.937179
-0.945048
-0.952353
-0.959088
-0.96525
-0.970835
-0.97584
-0.980261
-0.984097
-0.987345
-0.990002
-0.992068
-0.993541
-0.994419
-0.994704
-0.994394
-0.99349
-0.991992
-0.989901
-0.987218
-0.983946
-0.980085
-0.975638
-0.970609
-0.964999
-0.958812
-0.952053
-0.944724
-0.936831
-0.928378
-0.91937
-0.909812
-0.899711
-0.889072
-0.877901
-0.866206
-0.853993
-0.84127
-0.828044
-0.814323
-0.800115
-0.785429
-0.770273
-0.754658
-0.738591
-0.722083
-0.705143
-0.687781
-0.670009
-0.651836
-0.633274
-0.614333
-0.595025
-0.575361
-0.555353
-0.535014
-0.514354
-0.493388
-0.472126
-0.450582
-0.428768
-0.406696
-0.38438
-0.36183
-0.339056
-0.316067
-0.292866
-0.269454
-0.245822
-0.221956
-0.197831
-0.173417
-0.148678
-0.123584
-0.0981154
-0.0722761
-0.046103
-0.0196709
0.00690952
0.0335019
0.0599621
0.0861587
0.111993
0.137409
0.162396
0.186982
0.211215
0.235148
0.258829
0.282289
0.305546
0.328605
0.351461
0.374105
0.396524
0.418706
0.440638
0.462307
0.483699
0.504802
0.525604
0.546091
0.566252
0.586075
0.605547
0.624657
0.643394
0.661746
0.679703
0.697254
0.714388
0.731095
0.747365
0.763188
0.778555
0.793457
0.807884
0.821829
0.835282
0.848237
0.860684
0.872617
0.884028
0.894911
0.905259
0.915066
0.924326
0.933034
0.941184
0.948771
0.955792
0.962241
0.968115
0.97341
0.978124
0.982253
0.985795
0.988747
0.991109
0.992878
0.994054
0.994636
0.994623
0.994016
0.992815
0.99102
0.988633
0.985656
0.982089
0.977935
0.973196
0.967876
0.961978
0.955504
0.948459
0.940848
0.932674
0.923943
0.914659
