0.679182
0.688081
0.696876
0.705567
0.714151
0.722627
0.730995
0.739253
0.747399
0.755433
0.763353
0.771159
0.778848
0.786419
0.793873
0.801206
0.80842
0.815511
0.822479
0.829324
0.836044
0.842638
0.849105
0.855444
0.861654
0.867735
0.873684
0.879503
0.885188
0.890741
0.896159
0.901443
0.90659
0.911602
0.916475
0.921211
0.925808
0.930266
0.934584
0.93876
0.942796
0.946689
0.95044
0.954048
0.957512
0.960832
0.964007
0.967037
0.969922
0.97266
0.975252
0.977697
0.979994
0.982145
0.984147
0.986001
0.987706
0.989263
0.990671
0.99193
0.993039
0.993999
0.994809
0.995469
0.995979
0.996339
0.99655
0.99661
0.99652
0.99628
0.99589
0.99535
0.99466
0.99382
0.992831
0.991692
0.990404
0.988966
0.98738
0.985645
0.983762
0.98173
0.979551
0.977224
0.97475
0.972129
0.969361
0.966448
0.963389
0.960185
0.956837
0.953344
0.949708
0.945929
0.942007
0.937944
0.933739
0.929394
0.924908
0.920284
0.91552
0.910619
0.905581
0.900406
0.895096
0.889651
0.884072
0.87836
0.872516
0.86654
0.860434
0.854198
0.847833
0.841341
0.834722
0.827977
0.821108
0.814115
0.807
0.799763
0.792405
0.784928
0.777333
0.769621
0.761793
0.75385
0.745794
0.737625
0.729346
0.720956
0.712458
0.703853
0.695141
0.686325
0.677406
0.668384
0.659262
0.650041
0.640721
0.631306
0.621795
0.61219
0.602494
0.592706
0.58283
0.572865
0.562815
0.552679
0.54246
0.53216
0.521779
0.51132
0.500784
0.490173
0.479487
0.46873
0.457902
0.447005
0.43604
0.42501
0.413916
0.402759
0.391542
0.380266
0.368933
0.357544
0.346101
0.334607
0.323061
0.311468
0.299827
0.288141
0.276411
0.26464
0.25283
0.240981
0.229096
0.217176
0.205224
0.19324
0.181228
0.169188
0.157123
0.145034
0.132924
0.120793
0.108644
0.0964787
0.084299
0.0721065
0.0599032
0.0476908
0.0354713
0.0232464
0.0110181
-0.00121195
-0.0134418
-0.0256696
-0.0378936
-0.0501118
-0.0623225
-0.0745238
-0.0867139
-0.098891
-0.111053
-0.123199
-0.135325
-0.147432
-0.159516
-0.171576
-0.183611
-0.195618
-0.207595
-0.219541
-0.231454
-0.243332
-0.255174
-0.266977
-0.278739
-0.29046
-0.302137
-0.313769
-0.325353
-0.336889
-0.348373
-0.359806
-0.371184
-0.382506
-0.39377
-0.404975
-0.41612
-0.427201
-0.438218
-0.44917
-0.460053
-0.470867
-0.481611
-0.492282
-0.502878
-0.513399
-0.523843
-0.534208
-0.544492
-0.554694
-0.564813
-0.574847
-0.584794
-0.594653
-0.604423
-0.614101
-0.623687
-0.633179
-0.642576
-0.651876
-0.661078
-0.67018
-0.679182
-0.688081
-0.696876
-0.705567
-0.714151
-0.722627
-0.730995
-0.739253
-0.747399
-0.755433
-0.763353
-0.771159
-0.778848
-0.786419
-0.793873
-0.801206
-0.80842
-0.815511
-0.822479
-0.829324
-0.836044
-0.842638
-0.849105
-0.855444
-0.861654
-0.867735
-0.873684
-0.879503
-0.885188
-0.890741
-0.896159
-0.901443
-0.90659
-0.911602
-0.916475
-0.921211
-0.925808
-0.930266
-0.934584
-0.93876
-0.942796
-0.946689
-0.95044
-0.954048
-0.957512
-0.960832
-0.964007
-0.967037
-0.969922
-0.97266
-0.975252
-0.977697
-0.979994
-0.982145
-0.984147
-0.986001
-0.987706
-0.989263
-0.990671
-0.99193
-0.993039
-0.993999
-0.994809
-0.995469
-0.995979
-0.996339
-0.99655
-0.99661
-0.99652
-0.99628
-0.99589
-0.99535
-0.99466
-0.99382
-0.992831
-0.991692
-0.990404
-0.988966
-0.98738
-0.985645
-0.983762
-0.98173
-0.979551
-0.977224
-0.97475
-0.972129
-0.969361
-0.966448
-0.963389
-0.960185
-0.956837
-0.953344
-0.949708
-0.945929
-0.942007
-0.937944
-0.933739
-0.929394
-0.924908
-0.920284
-0.91552
-0.910619
-0.905581
-0.900406
-0.895096
-0.889651
-0.884072
-0.87836
-0.872516
-0.86654
-0.860434
-0.854198
-0.847833
-0.841341
-0.834722
-0.827977
-0.821108
-0.814115
-0.807
-0.799763
-0.792405
-0.784928
-0.777333
-0.769621
-0.761793
-0.75385
-0.745794
-0.737625
-0.729346
-0.720956
-0.712458
-0.703853
-0.695141
-0.686325
-0.677406
-0.668384
-0.659262
-0.650041
-0.640721
-0.631306
-0.621795
-0.61219
-0.602494
-0.592706
-0.58283
-0.572865
-0.562815
-0.552679
-0.54246
-0.53216
-0.521779
-0.51132
-0.500784
-0.490173
-0.479487
-0.46873
-0.457902
-0.447005
-0.43604
-0.42501
-0.413916
-0.402759
-0.391542
-0.380266
-0.368933
-0.357544
-0.346101
-0.334607
-0.323061
-0.311468
-0.299827
-0.288141
-0.276411
-0.26464
-0.25283
-0.240981
-0.229096
-0.217176
-0.205224
-0.19324
-0.181228
-0.169188
-0.157123
-0.145034
-0.132924
-0.120793
-0.108644
-0.0964787
-0.084299
-0.0721065
-0.0599032
-0.0476908
-0.0354713
-0.0232464
-0.0110181
0.00121195
0.0134418
0.0256696
0.0378936
0.0501118
0.0623225
0.0745238
0.0867139
0.098891
0.111053
0.123199
0.135325
0.147432
0.159516
0.171576
0.183611
0.195618
0.207595
0.219541
0.231454
0.243332
0.255174
0.266977
0.278739
0.29046
0.302137
0.313769
0.325353
0.336889
0.348373
0.359806
0.371184
0.382506
0.39377
0.404975
0.41612
0.427201
0.438218
0.44917
0.460053
0.470867
0.481611
0.492282
0.502878
0.513399
0.523843
0.534208
0.544492
0.554694
0.564813
0.574847
0.584794
0.594653
0.604423
0.614101
0.623687
0.633179
0.642576
0.651876
0.661078
0.67018
