0.822591
0.829437
0.836157
0.842752
0.84922
0.85556
0.861771
0.867852
0.873803
0.879622
0.885309
0.890862
0.896281
0.901565
0.906713
0.911725
0.9166
0.921336
0.925934
0.930392
0.93471
0.938888
0.942924
0.946818
0.950569
0.954177
0.957642
0.960962
0.964138
0.967168
0.970053
0.972792
0.975384
0.977829
0.980127
0.982278
0.98428
0.986135
0.98784
0.989397
0.990805
0.992064
0.993174
0.994133
0.994943
0.995604
0.996114
0.996474
0.996685
0.996745
0.996655
0.996415
0.996025
0.995485
0.994795
0.993955
0.992965
0.991826
0.990538
0.9891
0.987514
0.985779
0.983895
0.981863
0.979683
0.977356
0.974882
0.97226
0.969493
0.966579
0.96352
0.960315
0.956966
0.953473
0.949837
0.946057
0.942135
0.938071
0.933865
0.929519
0.925033
0.920408
0.915644
0.910743
0.905704
0.900528
0.895217
0.889772
0.884192
0.878479
0.872634
0.866657
0.86055
0.854313
0.847948
0.841455
0.834835
0.828089
0.821219
0.814225
0.807109
0.799871
0.792512
0.785034
0.777438
0.769725
0.761896
0.753952
0.745895
0.737725
0.729444
0.721053
0.712554
0.703948
0.695235
0.686418
0.677497
0.668475
0.659351
0.650129
0.640808
0.631391
0.621879
0.612273
0.602575
0.592786
0.582908
0.572943
0.56289
0.552754
0.542533
0.532232
0.52185
0.511389
0.500852
0.490239
0.479552
0.468793
0.457963
0.447065
0.436099
0.425067
0.413972
0.402814
0.391595
0.380317
0.368983
0.357592
0.346148
0.334652
0.323105
0.311509
0.299867
0.288179
0.276448
0.264676
0.252864
0.241013
0.229126
0.217205
0.205251
0.193266
0.181252
0.169211
0.157144
0.145053
0.132941
0.120809
0.108658
0.0964914
0.0843099
0.0721158
0.0599109
0.0476969
0.0354757
0.0232492
0.0110191
-0.00121256
-0.0134441
-0.0256735
-0.0378991
-0.0501191
-0.0623314
-0.0745344
-0.0867261
-0.0989048
-0.111069
-0.123216
-0.135344
-0.147452
-0.159538
-0.1716
-0.183636
-0.195645
-0.207623
-0.219571
-0.231486
-0.243365
-0.255209
-0.267013
-0.278778
-0.2905
-0.302179
-0.313812
-0.325398
-0.336935
-0.348421
-0.359855
-0.371234
-0.382558
-0.393824
-0.405031
-0.416176
-0.427259
-0.438278
-0.449231
-0.460116
-0.470932
-0.481676
-0.492349
-0.502947
-0.513469
-0.523914
-0.534281
-0.544566
-0.55477
-0.56489
-0.574925
-0.584874
-0.594734
-0.604505
-0.614185
-0.623772
-0.633266
-0.642664
-0.651965
-0.661168
-0.670271
-0.679274
-0.688174
-0.696971
-0.705662
-0.714248
-0.722726
-0.731095
-0.739354
-0.747501
-0.755536
-0.763457
-0.771263
-0.778954
-0.786526
-0.793981
-0.801315
-0.808529
-0.815622
-0.822591
-0.829437
-0.836157
-0.842752
-0.84922
-0.85556
-0.861771
-0.867852
-0.873803
-0.879622
-0.885309
-0.890862
-0.896281
-0.901565
-0.906713
-0.911725
-0.9166
-0.921336
-0.925934
-0.930392
-0.93471
-0.938888
-0.942924
-0.946818
-0.950569
-0.954177
-0.957642
-0.960962
-0.964138
-0.967168
-0.970053
-0.972792
-0.975384
-0.977829
-0.980127
-0.982278
-0.98428
-0.986135
-0.98784
-0.989397
-0.990805
-0.992064
-0.993174
-0.994133
-0.994943
-0.995604
-0.996114
-0.996474
-0.996685
-0.996745
-0.996655
-0.996415
-0.996025
-0.995485
-0.994795
-0.993955
-0.992965
-0.991826
-0.990538
-0.9891
-0.987514
-0.985779
-0.983895
-0.981863
-0.979683
-0.977356
-0.974882
-0.97226
-0.969493
-0.966579
-0.96352
-0.960315
-0.956966
-0.953473
-0.949837
-0.946057
-0.942135
-0.938071
-0.933865
-0.929519
-0.925033
-0.920408
-0.915644
-0.910743
-0.905704
-0.900528
-0.895217
-0.889772
-0.884192
-0.878479
-0.872634
-0.866657
-0.86055
-0.854313
-0.847948
-0.841455
-0.834835
-0.828089
-0.821219
-0.814225
-0.807109
-0.799871
-0.792512
-0.785034
-0.777438
-0.769725
-0.761896
-0.753952
-0.745895
-0.737725
-0.729444
-0.721053
-0.712554
-0.703948
-0.695235
-0.686418
-0.677497
-0.668475
-0.659351
-0.650129
-0.640808
-0.631391
-0.621879
-0.612273
-0.602575
-0.592786
-0.582908
-0.572943
-0.56289
-0.552754
-0.542533
-0.532232
-0.52185
-0.511389
-0.500852
-0.490239
-0.479552
-0.468793
-0.457963
-0.447065
-0.436099
-0.425067
-0.413972
-0.402814
-0.391595
-0.380317
-0.368983
-0.357592
-0.346148
-0.334652
-0.323105
-0.311509
-0.299867
-0.288179
-0.276448
-0.264676
-0.252864
-0.241013
-0.229126
-0.217205
-0.205251
-0.193266
-0.181252
-0.169211
-0.157144
-0.145053
-0.132941
-0.120809
-0.108658
-0.0964914
-0.0843099
-0.0721158
-0.0599109
-0.0476969
-0.0354757
-0.0232492
-0.0110191
0.00121256
0.0134441
0.0256735
0.0378991
0.0501191
0.0623314
0.0745344
0.0867261
0.0989048
0.111069
0.123216
0.135344
0.147452
0.159538
0.1716
0.183636
0.195645
0.207623
0.219571
0.231486
0.243365
0.255209
0.267013
0.278778
0.2905
0.302179
0.313812
0.325398
0.336935
0.348421
0.359855
0.371234
0.382558
0.393824
0.405031
0.416176
0.427259
0.438278
0.449231
0.460116
0.470932
0.481676
0.492349
0.502947
0.513469
0.523914
0.534281
0.544566
0.55477
0.56489
0.574925
0.584874
0.594734
0.604505
0.614185
0.623772
0.633266
0.642664
0.651965
0.661168
0.670271
0.679274
0.688174
0.696971
0.705662
0.714248
0.722726
0.731095
0.739354
0.747501
0.755536
0.763457
0.771263
0.778954
0.786526
0.793981
0.801315
0.808529
0.815622
