0.397541
0.41946
0.441127
0.462528
0.483651
0.504482
0.52501
0.545221
0.565104
0.584646
0.603837
0.622663
0.641114
0.65918
0.676848
0.694108
0.710951
0.727365
0.743341
0.758869
0.77394
0.788545
0.802675
0.816321
0.829476
0.842131
0.854279
0.865912
0.877024
0.887607
0.897656
0.907164
0.916125
0.924535
0.932388
0.939679
0.946404
0.952559
0.95814
0.963144
0.967568
0.971409
0.974665
0.977334
0.979414
0.980904
0.981804
0.982111
0.981828
0.980953
0.979487
0.977431
0.974786
0.971554
0.967737
0.963337
0.958356
0.952799
0.946667
0.939965
0.932697
0.924868
0.916481
0.907542
0.898056
0.888029
0.877468
0.866378
0.854766
0.842639
0.830005
0.81687
0.803244
0.789134
0.774548
0.759496
0.743986
0.728028
0.711632
0.694807
0.677563
0.659912
0.641863
0.623427
0.604615
0.58544
0.565912
0.546043
0.525845
0.50533
0.484511
0.4634
0.44201
0.420353
0.398444
0.376294
0.353918
0.331328
0.308539
0.285565
0.262418
0.239113
0.215664
0.192085
0.16839
0.144594
0.120711
0.0967553
0.0727412
0.0486833
0.024596
0.000493963
-0.0236084
-0.0476966
-0.071756
-0.0957722
-0.119731
-0.143617
-0.167417
-0.191116
-0.2147
-0.238154
-0.261466
-0.284619
-0.307601
-0.330398
-0.352996
-0.375381
-0.397541
-0.41946
-0.441127
-0.462528
-0.483651
-0.504482
-0.52501
-0.545221
-0.565104
-0.584646
-0.603837
-0.622663
-0.641114
-0.65918
-0.676848
-0.694108
-0.710951
-0.727365
-0.743341
-0.758869
-0.77394
-0.788545
-0.802675
-0.816321
-0.829476
-0.842131
-0.854279
-0.865912
-0.877024
-0.887607
-0.897656
-0.907164
-0.916125
-0.924535
-0.932388
-0.939679
-0.946404
-0.952559
-0.95814
-0.963144
-0.967568
-0.971409
-0.974665
-0.977334
-0.979414
-0.980904
-0.981804
-0.982111
-0.981828
-0.980953
-0.979487
-0.977431
-0.974786
-0.971554
-0.967737
-0.963337
-0.958356
-0.952799
-0.946667
-0.939965
-0.932697
-0.924868
-0.916481
-0.907542
-0.898056
-0.888029
-0.877468
-0.866378
-0.854766
-0.842639
-0.830005
-0.81687
-0.803244
-0.789134
-0.774548
-0.759496
-0.743986
-0.728028
-0.711632
-0.694807
-0.677563
-0.659912
-0.641863
-0.623427
-0.604615
-0.58544
-0.565912
-0.546043
-0.525845
-0.50533
-0.484511
-0.4634
-0.44201
-0.420353
-0.398444
-0.376294
-0.353918
-0.331328
-0.308539
-0.285565
-0.262418
-0.239113
-0.215664
-0.192085
-0.16839
-0.144594
-0.120711
-0.0967553
-0.0727412
-0.0486833
-0.024596
-0.000493963
0.0236084
0.0476966
0.071756
0.0957722
0.119731
0.143617
0.167417
0.191116
0.2147
0.238154
0.261466
0.284619
0.307601
0.330398
0.352996
0.375381
