0
4.92044e+13
-1.15723e+15
1.33607e+16
-1.00921e+17
5.6083e+17
-2.44459e+18
8.70218e+18
-2.60087e+19
6.65903e+19
-1.48291e+20
2.90662e+20
-5.06229e+20
7.89473e+20
-1.10947e+21
1.41247e+21
-1.63626e+21
1.73125e+21
-1.67833e+21
1.49473e+21
-1.22573e+21
9.27262e+20
-6.48128e+20
4.19108e+20
-2.50979e+20
1.39293e+20
-7.16859e+19
3.42204e+19
-1.5154e+19
6.2245e+18
-2.37069e+18
8.36745e+17
-2.73475e+17
8.26795e+16
-2.30923e+16
5.9489e+15
-1.41082e+15
3.07311e+14
-6.1318e+13
1.11715e+13
-1.85147e+12
2.77889e+11
-3.75782e+10
4.55489e+09
-4.96598e+08
5.37674e+07
-1.10598e+07
7.148e+06
-6.33837e+06
5.63371e+06
-4.98647e+06
4.59814e+06
-4.58024e+06
4.78328e+06
-4.69404e+06
3.48093e+06
-242423
-5.58428e+06
1.38129e+07
-2.33096e+07
3.21628e+07
-3.82235e+07
3.98412e+07
-3.65063e+07
2.91181e+07
-1.97299e+07
1.08317e+07
-4.44959e+06
1.45542e+06
-1.42112e+06
3.09777e+06
-5.25874e+06
7.41693e+06
-9.97745e+06
1.3722e+07
-1.89457e+07
2.48075e+07
-2.93497e+07
3.02559e+07
-2.59768e+07
1.66259e+07
-4.14308e+06
-8.40428e+06
1.80657e+07
-2.31843e+07
2.39159e+07
-2.18462e+07
1.89525e+07
-1.65123e+07
1.45578e+07
-1.21107e+07
7.95491e+06
-1.4175e+06
-7.27633e+06
1.71633e+07
-2.69726e+07
3.55068e+07
-4.18254e+07
4.53107e+07
-4.57587e+07
4.35179e+07
-3.95364e+07
3.51574e+07
-3.16567e+07
2.97257e+07
-2.91828e+07
2.90861e+07
-2.81896e+07
2.55026e+07
-2.06795e+07
1.41002e+07
-6.68295e+06
-413944
6.05839e+06
-9.32793e+06
9.64199e+06
-6.87317e+06
1.40337e+06
5.95375e+06
-1.41942e+07
2.24369e+07
-3.01203e+07
3.69368e+07
-4.25332e+07
4.62026e+07
-4.68469e+07
4.33335e+07
-3.50908e+07
