0.494182
0.514871
0.53525
0.555307
0.575029
0.594405
0.613423
0.632071
0.650339
0.668215
0.685688
0.702748
0.719385
0.735589
0.751349
0.766657
0.781504
0.795879
0.809775
0.823183
0.836096
0.848504
0.860402
0.871781
0.882636
0.892958
0.902743
0.911984
0.920675
0.928812
0.93639
0.943403
0.949849
0.955722
0.961019
0.965737
0.969874
0.973427
0.976393
0.978771
0.980559
0.981757
0.982364
0.982378
0.981801
0.980633
0.978874
0.976525
0.973588
0.970064
0.965956
0.961267
0.955998
0.950154
0.943737
0.936751
0.929202
0.921092
0.912428
0.903214
0.893457
0.88316
0.872332
0.860979
0.849107
0.836723
0.823836
0.810452
0.79658
0.782228
0.767405
0.75212
0.736381
0.7202
0.703584
0.686544
0.669091
0.651235
0.632987
0.614357
0.595357
0.575999
0.556294
0.536253
0.51589
0.495216
0.474243
0.452985
0.431454
0.409663
0.387625
0.365354
0.342863
0.320165
0.297274
0.274205
0.25097
0.227584
0.204061
0.180415
0.15666
0.132811
0.108882
0.0848871
0.0608413
0.0367589
0.0126543
-0.0114579
-0.0355633
-0.0596471
-0.0836951
-0.107693
-0.131625
-0.155479
-0.179238
-0.20289
-0.22642
-0.249813
-0.273056
-0.296134
-0.319034
-0.341741
-0.364243
-0.386526
-0.408575
-0.430379
-0.451923
-0.473195
-0.494182
-0.514871
-0.53525
-0.555307
-0.575029
-0.594405
-0.613423
-0.632071
-0.650339
-0.668215
-0.685688
-0.702748
-0.719385
-0.735589
-0.751349
-0.766657
-0.781504
-0.795879
-0.809775
-0.823183
-0.836096
-0.848504
-0.860402
-0.871781
-0.882636
-0.892958
-0.902743
-0.911984
-0.920675
-0.928812
-0.93639
-0.943403
-0.949849
-0.955722
-0.961019
-0.965737
-0.969874
-0.973427
-0.976393
-0.978771
-0.980559
-0.981757
-0.982364
-0.982378
-0.981801
-0.980633
-0.978874
-0.976525
-0.973588
-0.970064
-0.965956
-0.961267
-0.955998
-0.950154
-0.943737
-0.936751
-0.929202
-0.921092
-0.912428
-0.903214
-0.893457
-0.88316
-0.872332
-0.860979
-0.849107
-0.836723
-0.823836
-0.810452
-0.79658
-0.782228
-0.767405
-0.75212
-0.736381
-0.7202
-0.703584
-0.686544
-0.669091
-0.651235
-0.632987
-0.614357
-0.595357
-0.575999
-0.556294
-0.536253
-0.51589
-0.495216
-0.474243
-0.452985
-0.431454
-0.409663
-0.387625
-0.365354
-0.342863
-0.320165
-0.297274
-0.274205
-0.25097
-0.227584
-0.204061
-0.180415
-0.15666
-0.132811
-0.108882
-0.0848871
-0.0608413
-0.0367589
-0.0126543
0.0114579
0.0355633
0.0596471
0.0836951
0.107693
0.131625
0.155479
0.179238
0.20289
0.22642
0.249813
0.273056
0.296134
0.319034
0.341741
0.364243
0.386526
0.408575
0.430379
0.451923
0.473195
