-0.501656
-0.522508
-0.543044
-0.563254
-0.583124
-0.602643
-0.621799
-0.64058
-0.658976
-0.676975
-0.694565
-0.711738
-0.728482
-0.744787
-0.760643
-0.776041
-0.790972
-0.805426
-0.819395
-0.83287
-0.845844
-0.858308
-0.870256
-0.881679
-0.892571
-0.902925
-0.912736
-0.921996
-0.930701
-0.938846
-0.946425
-0.953434
-0.959869
-0.965725
-0.971
-0.97569
-0.979792
-0.983304
-0.986224
-0.98855
-0.99028
-0.991413
-0.99195
-0.991889
-0.99123
-0.989975
-0.988123
-0.985676
-0.982635
-0.979002
-0.97478
-0.96997
-0.964576
-0.958601
-0.952049
-0.944923
-0.937228
-0.928968
-0.920149
-0.910776
-0.900853
-0.890389
-0.879388
-0.867857
-0.855803
-0.843234
-0.830158
-0.816581
-0.802512
-0.787959
-0.772932
-0.75744
-0.741491
-0.725096
-0.708264
-0.691005
-0.67333
-0.655249
-0.636774
-0.617915
-0.598684
-0.579092
-0.559152
-0.538874
-0.518272
-0.497358
-0.476144
-0.454644
-0.432869
-0.410834
-0.388552
-0.366035
-0.343298
-0.320354
-0.297217
-0.273901
-0.25042
-0.226788
-0.20302
-0.179129
-0.155131
-0.131039
-0.106868
-0.0826322
-0.0583471
-0.0340268
-0.00968609
0.0146605
0.0389983
0.0633125
0.0875887
0.111812
0.135968
0.160042
0.18402
0.207887
0.231628
0.25523
0.278679
0.301959
0.325058
0.347961
0.370654
0.393124
0.415357
0.43734
0.45906
0.480503
0.501656
0.522508
0.543044
0.563254
0.583124
0.602643
0.621799
0.64058
0.658976
0.676975
0.694565
0.711738
0.728482
0.744787
0.760643
0.776041
0.790972
0.805426
0.819395
0.83287
0.845844
0.858308
0.870256
0.881679
0.892571
0.902925
0.912736
0.921996
0.930701
0.938846
0.946425
0.953434
0.959869
0.965725
0.971
0.97569
0.979792
0.983304
0.986224
0.98855
0.99028
0.991413
0.99195
0.991889
0.99123
0.989975
0.988123
0.985676
0.982635
0.979002
0.97478
0.96997
0.964576
0.958601
0.952049
0.944923
0.937228
0.928968
0.920149
0.910776
0.900853
0.890389
0.879388
0.867857
0.855803
0.843234
0.830158
0.816581
0.802512
0.787959
0.772932
0.75744
0.741491
0.725096
0.708264
0.691005
0.67333
0.655249
0.636774
0.617915
0.598684
0.579092
0.559152
0.538874
0.518272
0.497358
0.476144
0.454644
0.432869
0.410834
0.388552
0.366035
0.343298
0.320354
0.297217
0.273901
0.25042
0.226788
0.20302
0.179129
0.155131
0.131039
0.106868
0.0826322
0.0583471
0.0340268
0.00968609
-0.0146605
-0.0389983
-0.0633125
-0.0875887
-0.111812
-0.135968
-0.160042
-0.18402
-0.207887
-0.231628
-0.25523
-0.278679
-0.301959
-0.325058
-0.347961
-0.370654
-0.393124
-0.415357
-0.43734
-0.45906
-0.480503
