-0.795828
-0.76535
-0.733027
-0.698939
-0.663166
-0.625797
-0.586919
-0.546628
-0.505019
-0.462194
-0.418256
-0.37331
-0.327465
-0.280831
-0.23352
-0.185646
-0.137326
-0.0886744
-0.0398094
0.00915154
0.0580904
0.106889
0.155431
0.203598
0.251274
0.298345
0.344698
0.39022
0.434802
0.478336
0.520718
0.561846
0.60162
0.639945
0.676728
0.711881
0.745319
0.776961
0.806731
0.834558
0.860375
0.884119
0.905733
0.925164
0.942367
0.9573
0.969927
0.980217
0.988145
0.993693
0.996847
0.9976
0.995949
0.991899
0.98546
0.976646
0.96548
0.951987
0.936201
0.91816
0.897907
0.875491
0.850965
0.82439
0.795828
0.76535
0.733027
0.698939
0.663166
0.625797
0.586919
0.546628
0.505019
0.462194
0.418256
0.37331
0.327465
0.280831
0.23352
0.185646
0.137326
0.0886744
0.0398094
-0.00915154
-0.0580904
-0.106889
-0.155431
-0.203598
-0.251274
-0.298345
-0.344698
-0.39022
-0.434802
-0.478336
-0.520718
-0.561846
-0.60162
-0.639945
-0.676728
-0.711881
-0.745319
-0.776961
-0.806731
-0.834558
-0.860375
-0.884119
-0.905733
-0.925164
-0.942367
-0.9573
-0.969927
-0.980217
-0.988145
-0.993693
-0.996847
-0.9976
-0.995949
-0.991899
-0.98546
-0.976646
-0.96548
-0.951987
-0.936201
-0.91816
-0.897907
-0.875491
-0.850965
-0.82439
