0
2.00911e+12
-4.25052e+13
4.40634e+14
-2.98271e+15
1.48235e+16
-5.76593e+16
1.82742e+17
-4.85093e+17
1.10027e+18
-2.16479e+18
3.7382e+18
-5.71856e+18
7.80835e+18
-9.57543e+18
1.05997e+19
-1.06364e+19
9.70933e+18
-8.08612e+18
6.15872e+18
-4.29823e+18
2.75307e+18
-1.6203e+18
8.7702e+17
-4.36821e+17
2.00262e+17
-8.45056e+16
3.28121e+16
-1.1716e+16
3.84352e+15
-1.15703e+15
3.19101e+14
-8.04672e+13
1.85079e+13
-3.87136e+12
7.33835e+11
-1.25519e+11
1.92741e+10
-2.6406e+09
3.20376e+08
-3.41421e+07
3.19607e+06
-294839
60987.6
-44404.6
42245.9
-39499.8
35216.7
-30329.2
26493.6
-25294.7
27124.4
-30113.7
29592.1
-18965
-7877.88
53201.7
-112826
175763
-226942
252151
-243455
202677
-141428
77201.3
-26962.1
726.285
1714.11
10832.7
-26954.4
39608.9
-49939.3
65320.7
-92799.1
131997
-172225
195935
-186993
139319
-61231
-27065.7
101821
-145900
155589
-140556
117091
-98614.8
88912.2
-81731.5
66249.7
-34339.2
-14960.4
75814.5
-139250
196868
-242385
271400
-281181
271719
-247211
216118
-188592
172233
-168540
172315
-174331
165811
-142157
104372
-57921.9
10420.3
30532.8
-58508.6
68858
-59298.9
30754.9
12376.1
-63235.2
114919
-162877
205647
-243018
272878
-289103
282706
-246074
178004
-86058.9
