0.967557
0.972823
0.977509
0.98161
0.985124
0.98805
0.990385
0.992128
0.993279
0.993835
0.993798
0.993166
0.991941
0.990123
0.987714
0.984714
0.981125
0.97695
0.972191
0.966851
0.960933
0.954441
0.947379
0.93975
0.931559
0.922812
0.913513
0.903668
0.893283
0.882365
0.870918
0.858952
0.846471
0.833485
0.820001
0.806027
0.791571
0.776642
0.761248
0.7454
0.729106
0.712376
0.695221
0.67765
0.659674
0.641304
0.62255
0.603425
0.583938
0.564103
0.543931
0.523433
0.502623
0.481512
0.460113
0.43844
0.416504
0.394319
0.371899
0.349257
0.326405
0.303359
0.280131
0.256736
0.233187
0.2095
0.185686
0.161762
0.137741
0.113638
0.0894672
0.0652427
0.0409792
0.0166911
-0.00760686
-0.0319003
-0.0561747
-0.0804155
-0.104608
-0.128738
-0.152792
-0.176754
-0.20061
-0.224346
-0.247949
-0.271403
-0.294695
-0.317811
-0.340736
-0.363459
-0.385964
-0.408238
-0.430268
-0.452041
-0.473544
-0.494764
-0.515688
-0.536304
-0.5566
-0.576562
-0.596181
-0.615442
-0.634336
-0.652851
-0.670976
-0.688699
-0.706011
-0.722901
-0.739359
-0.755375
-0.77094
-0.786044
-0.800678
-0.814833
-0.828502
-0.841675
-0.854345
-0.866505
-0.878146
-0.889263
-0.899848
-0.909896
-0.9194
-0.928354
-0.936753
-0.944592
-0.951867
-0.958573
-0.964706
-0.970263
-0.975239
-0.979633
-0.983441
-0.986661
-0.989292
-0.991331
-0.992778
-0.993631
-0.993891
-0.993556
-0.992628
-0.991106
-0.988992
-0.986287
-0.982993
-0.979111
-0.974643
-0.969594
-0.963964
-0.957759
-0.950981
-0.943635
-0.935724
-0.927255
-0.918231
-0.908659
-0.898543
-0.88789
-0.876707
-0.865
-0.852775
-0.840041
-0.826805
-0.813075
-0.798858
-0.784165
-0.769002
-0.75338
-0.737308
-0.720795
-0.703851
-0.686487
-0.668712
-0.650537
-0.631974
-0.613033
-0.593726
-0.574064
-0.554058
-0.533722
-0.513066
-0.492104
-0.470847
-0.449308
-0.4275
-0.405434
-0.383122
-0.360574
-0.3378
-0.314805
-0.291591
-0.268155
-0.24449
-0.22058
-0.196403
-0.171936
-0.147151
-0.122032
-0.0965705
-0.0707827
-0.0447096
-0.0184215
0.007985
0.0343954
0.0606903
0.0867599
0.112518
0.13791
0.162915
0.187545
0.211829
0.235806
0.259515
0.282986
0.30624
0.329284
0.352119
0.374738
0.39713
0.419284
0.441188
0.462827
0.48419
0.505264
0.526036
0.546493
0.566623
0.586415
0.605857
0.624936
0.643642
0.661963
0.679888
0.697408
0.71451
0.731185
0.747423
0.763215
0.77855
0.79342
0.807816
0.821729
0.835151
0.848073
0.860489
0.872391
0.883771
0.894623
0.90494
0.914716
0.923946
0.932623
0.940743
0.948301
0.955292
0.961711
