0.423524
0.401372
0.37898
0.356361
0.33353
0.310499
0.287283
0.263895
0.240349
0.216659
0.192841
0.168906
0.144871
0.120749
0.0965555
0.0723039
0.0480091
0.0236856
-0.000652128
-0.0249894
-0.0493118
-0.0736047
-0.0978536
-0.122044
-0.146161
-0.170192
-0.19412
-0.217932
-0.241614
-0.265152
-0.288531
-0.311738
-0.334759
-0.357579
-0.380186
-0.402565
-0.424704
-0.446589
-0.468207
-0.489545
-0.510591
-0.531331
-0.551754
-0.571847
-0.591598
-0.610996
-0.630029
-0.648685
-0.666953
-0.684823
-0.702283
-0.719324
-0.735934
-0.752105
-0.767826
-0.783089
-0.797883
-0.812201
-0.826033
-0.839371
-0.852207
-0.864535
-0.876345
-0.887632
-0.898388
-0.908608
-0.918284
-0.927411
-0.935984
-0.943998
-0.951448
-0.958328
-0.964636
-0.970368
-0.975519
-0.980088
-0.984071
-0.987465
-0.990269
-0.992482
-0.994101
-0.995126
-0.995556
-0.995392
-0.994632
-0.993278
-0.99133
-0.98879
-0.985659
-0.981938
-0.977631
-0.972739
-0.967267
-0.961215
-0.95459
-0.947394
-0.939631
-0.931307
-0.922427
-0.912995
-0.903017
-0.8925
-0.881449
-0.869871
-0.857774
-0.845164
-0.832048
-0.818436
-0.804334
-0.789752
-0.774697
-0.759179
-0.743208
-0.726793
-0.709943
-0.692668
-0.67498
-0.656888
-0.638404
-0.619538
-0.600302
-0.580707
-0.560765
-0.540488
-0.519888
-0.498977
-0.477768
-0.456273
-0.434505
-0.412478
-0.390203
-0.367693
-0.34496
-0.322015
-0.298865
-0.275513
-0.251958
-0.228188
-0.204179
-0.179899
-0.155302
-0.130339
-0.104969
-0.0791697
-0.0529582
-0.0264014
0.000380344
0.0272232
0.0539438
0.0803707
0.106376
0.131893
0.156922
0.181511
0.205733
0.229662
0.253355
0.276848
0.300153
0.323272
0.346194
0.36891
0.391404
0.413665
0.435679
0.457432
0.478912
0.500105
0.521
0.541583
0.561842
0.581766
0.601342
0.620559
0.639404
0.657868
0.675938
0.693605
0.710856
0.727683
0.744075
0.760022
0.775515
0.790545
0.805102
0.819178
0.832764
0.845852
0.858435
0.870505
0.882055
0.893077
0.903566
0.913514
0.922917
0.931768
0.940062
0.947794
0.954959
0.961554
0.967574
0.973016
0.977877
0.982153
0.985841
0.988941
0.99145
0.993366
0.994688
0.995416
0.995548
0.995086
0.994029
0.992378
0.990134
0.987298
0.983872
0.979858
0.975258
0.970075
0.964313
0.957974
0.951063
0.943583
0.935539
0.926936
0.917779
0.908074
0.897826
0.887041
0.875726
0.863887
0.851532
0.838669
0.825304
0.811446
0.797102
0.782283
0.766995
0.75125
0.735055
0.718421
0.701358
0.683875
0.665984
0.647695
0.629018
0.609966
0.590549
0.570779
0.550668
0.530228
0.509471
0.488409
0.467055
0.445423
