0.995941
0.996452
0.996812
0.997023
0.997083
0.996993
0.996753
0.996362
0.995822
0.995132
0.994292
0.993302
0.992162
0.990874
0.989436
0.987848
0.986113
0.984228
0.982196
0.980015
0.977687
0.975212
0.97259
0.969821
0.966906
0.963846
0.960641
0.95729
0.953796
0.950158
0.946377
0.942454
0.938388
0.934181
0.929834
0.925347
0.92072
0.915954
0.911051
0.90601
0.900833
0.89552
0.890073
0.884491
0.878776
0.872929
0.86695
0.860841
0.854602
0.848235
0.841739
0.835117
0.828369
0.821497
0.814501
0.807382
0.800141
0.79278
0.7853
0.777701
0.769985
0.762153
0.754207
0.746147
0.737974
0.729691
0.721297
0.712795
0.704185
0.69547
0.68665
0.677726
0.6687
0.659574
0.650348
0.641024
0.631604
0.622089
0.61248
0.602778
0.592986
0.583105
0.573136
0.56308
0.55294
0.542716
0.532411
0.522026
0.511562
0.50102
0.490404
0.479713
0.468951
0.458118
0.447215
0.436246
0.42521
0.414111
0.402949
0.391727
0.380445
0.369107
0.357712
0.346264
0.334764
0.323213
0.311614
0.299968
0.288276
0.276541
0.264765
0.252948
0.241094
0.229203
0.217277
0.205319
0.19333
0.181312
0.169267
0.157196
0.145101
0.132985
0.120849
0.108694
0.096523
0.0843374
0.0721392
0.0599301
0.0477119
0.0354866
0.0232559
0.0110218
-0.00121407
-0.0134497
-0.0256833
-0.0379131
-0.0501371
-0.0623536
-0.0745607
-0.0867566
-0.0989394
-0.111107
-0.123259
-0.135391
-0.147503
-0.159593
-0.171659
-0.183699
-0.195712
-0.207695
-0.219647
-0.231565
-0.243449
-0.255296
-0.267105
-0.278873
-0.2906
-0.302282
-0.313919
-0.325509
-0.33705
-0.34854
-0.359978
-0.371361
-0.382689
-0.393959
-0.405169
-0.416319
-0.427405
-0.438428
-0.449384
-0.460273
-0.471092
-0.481841
-0.492517
-0.503118
-0.513644
-0.524093
-0.534463
-0.544752
-0.554959
-0.565083
-0.575121
-0.585073
-0.594937
-0.604711
-0.614394
-0.623984
-0.633481
-0.642882
-0.652187
-0.661393
-0.670499
-0.679505
-0.688408
-0.697208
-0.705902
-0.714491
-0.722971
-0.731343
-0.739605
-0.747755
-0.755793
-0.763717
-0.771526
-0.779218
-0.786794
-0.79425
-0.801588
-0.808804
-0.815899
-0.822871
-0.829718
-0.836441
-0.843038
-0.849508
-0.855851
-0.862064
-0.868147
-0.8741
-0.879921
-0.885609
-0.891164
-0.896585
-0.901871
-0.907021
-0.912035
-0.916911
-0.921649
-0.926248
-0.930708
-0.935028
-0.939206
-0.943244
-0.947139
-0.950892
-0.954501
-0.957967
-0.961288
-0.964465
-0.967496
-0.970382
-0.973122
-0.975715
-0.978161
-0.98046
-0.982611
-0.984614
-0.986469
-0.988175
-0.989733
-0.991141
-0.9924
-0.99351
-0.99447
-0.995281
-0.995941
-0.996452
-0.996812
-0.997023
-0.997083
-0.996993
-0.996753
-0.996362
-0.995822
-0.995132
-0.994292
-0.993302
-0.992162
-0.990874
-0.989436
-0.987848
-0.986113
-0.984228
-0.982196
-0.980015
-0.977687
-0.975212
-0.97259
-0.969821
-0.966906
-0.963846
-0.960641
-0.95729
-0.953796
-0.950158
-0.946377
-0.942454
-0.938388
-0.934181
-0.929834
-0.925347
-0.92072
-0.915954
-0.911051
-0.90601
-0.900833
-0.89552
-0.890073
-0.884491
-0.878776
-0.872929
-0.86695
-0.860841
-0.854602
-0.848235
-0.841739
-0.835117
-0.828369
-0.821497
-0.814501
-0.807382
-0.800141
-0.79278
-0.7853
-0.777701
-0.769985
-0.762153
-0.754207
-0.746147
-0.737974
-0.729691
-0.721297
-0.712795
-0.704185
-0.69547
-0.68665
-0.677726
-0.6687
-0.659574
-0.650348
-0.641024
-0.631604
-0.622089
-0.61248
-0.602778
-0.592986
-0.583105
-0.573136
-0.56308
-0.55294
-0.542716
-0.532411
-0.522026
-0.511562
-0.50102
-0.490404
-0.479713
-0.468951
-0.458118
-0.447215
-0.436246
-0.42521
-0.414111
-0.402949
-0.391727
-0.380445
-0.369107
-0.357712
-0.346264
-0.334764
-0.323213
-0.311614
-0.299968
-0.288276
-0.276541
-0.264765
-0.252948
-0.241094
-0.229203
-0.217277
-0.205319
-0.19333
-0.181312
-0.169267
-0.157196
-0.145101
-0.132985
-0.120849
-0.108694
-0.096523
-0.0843374
-0.0721392
-0.0599301
-0.0477119
-0.0354866
-0.0232559
-0.0110218
0.00121407
0.0134497
0.0256833
0.0379131
0.0501371
0.0623536
0.0745607
0.0867566
0.0989394
0.111107
0.123259
0.135391
0.147503
0.159593
0.171659
0.183699
0.195712
0.207695
0.219647
0.231565
0.243449
0.255296
0.267105
0.278873
0.2906
0.302282
0.313919
0.325509
0.33705
0.34854
0.359978
0.371361
0.382689
0.393959
0.405169
0.416319
0.427405
0.438428
0.449384
0.460273
0.471092
0.481841
0.492517
0.503118
0.513644
0.524093
0.534463
0.544752
0.554959
0.565083
0.575121
0.585073
0.594937
0.604711
0.614394
0.623984
0.633481
0.642882
0.652187
0.661393
0.670499
0.679505
0.688408
0.697208
0.705902
0.714491
0.722971
0.731343
0.739605
0.747755
0.755793
0.763717
0.771526
0.779218
0.786794
0.79425
0.801588
0.808804
0.815899
0.822871
0.829718
0.836441
0.843038
0.849508
0.855851
0.862064
0.868147
0.8741
0.879921
0.885609
0.891164
0.896585
0.901871
0.907021
0.912035
0.916911
0.921649
0.926248
0.930708
0.935028
0.939206
0.943244
0.947139
0.950892
0.954501
0.957967
0.961288
0.964465
0.967496
0.970382
0.973122
0.975715
0.978161
0.98046
0.982611
0.984614
0.986469
0.988175
0.989733
0.991141
0.9924
0.99351
0.99447
0.995281
