0.972378
0.975961
0.978955
0.98136
0.983174
0.984396
0.985024
0.985059
0.984501
0.98335
0.981607
0.979272
0.976347
0.972834
0.968736
0.964053
0.95879
0.95295
0.946535
0.93955
0.932
0.923888
0.915219
0.905999
0.896233
0.885928
0.875089
0.863722
0.851836
0.839436
0.826531
0.813128
0.799235
0.78486
0.770013
0.754702
0.738937
0.722726
0.70608
0.689009
0.671522
0.653631
0.635347
0.616679
0.59764
0.578242
0.558495
0.538411
0.518003
0.497283
0.476264
0.454958
0.433377
0.411536
0.389447
0.367123
0.344578
0.321825
0.298879
0.275752
0.25246
0.229015
0.205432
0.181726
0.15791
0.133999
0.110008
0.0859498
0.0618402
0.0376932
0.0135236
-0.0106542
-0.0348255
-0.0589759
-0.0830908
-0.107156
-0.131156
-0.155077
-0.178905
-0.202625
-0.226223
-0.249685
-0.272996
-0.296143
-0.319112
-0.341888
-0.364458
-0.386809
-0.408927
-0.430798
-0.45241
-0.47375
-0.494804
-0.51556
-0.536006
-0.556128
-0.575916
-0.595357
-0.614439
-0.633151
-0.651481
-0.66942
-0.686955
-0.704076
-0.720773
-0.737036
-0.752855
-0.76822
-0.783123
-0.797554
-0.811504
-0.824966
-0.837931
-0.850391
-0.862339
-0.873767
-0.884669
-0.895038
-0.904868
-0.914153
-0.922888
-0.931066
-0.938684
-0.945736
-0.952218
-0.958127
-0.963459
-0.96821
-0.972378
-0.975961
-0.978955
-0.98136
-0.983174
-0.984396
-0.985024
-0.985059
-0.984501
-0.98335
-0.981607
-0.979272
-0.976347
-0.972834
-0.968736
-0.964053
-0.95879
-0.95295
-0.946535
-0.93955
-0.932
-0.923888
-0.915219
-0.905999
-0.896233
-0.885928
-0.875089
-0.863722
-0.851836
-0.839436
-0.826531
-0.813128
-0.799235
-0.78486
-0.770013
-0.754702
-0.738937
-0.722726
-0.70608
-0.689009
-0.671522
-0.653631
-0.635347
-0.616679
-0.59764
-0.578242
-0.558495
-0.538411
-0.518003
-0.497283
-0.476264
-0.454958
-0.433377
-0.411536
-0.389447
-0.367123
-0.344578
-0.321825
-0.298879
-0.275752
-0.25246
-0.229015
-0.205432
-0.181726
-0.15791
-0.133999
-0.110008
-0.0859498
-0.0618402
-0.0376932
-0.0135236
0.0106542
0.0348255
0.0589759
0.0830908
0.107156
0.131156
0.155077
0.178905
0.202625
0.226223
0.249685
0.272996
0.296143
0.319112
0.341888
0.364458
0.386809
0.408927
0.430798
0.45241
0.47375
0.494804
0.51556
0.536006
0.556128
0.575916
0.595357
0.614439
0.633151
0.651481
0.66942
0.686955
0.704076
0.720773
0.737036
0.752855
0.76822
0.783123
0.797554
0.811504
0.824966
0.837931
0.850391
0.862339
0.873767
0.884669
0.895038
0.904868
0.914153
0.922888
0.931066
0.938684
0.945736
0.952218
0.958127
0.963459
0.96821
