0.301477
0.278188
0.254733
0.231125
0.207379
0.18351
0.15953
0.135456
0.1113
0.0870776
0.0628034
0.0384916
0.0141569
-0.0101864
-0.0345235
-0.0588401
-0.0831214
-0.107353
-0.131521
-0.155609
-0.179605
-0.203494
-0.227261
-0.250892
-0.274373
-0.29769
-0.320829
-0.343777
-0.366519
-0.389042
-0.411332
-0.433377
-0.455162
-0.476676
-0.497904
-0.518835
-0.539456
-0.559755
-0.579719
-0.599336
-0.618595
-0.637485
-0.655993
-0.67411
-0.691823
-0.709123
-0.726
-0.742442
-0.75844
-0.773986
-0.789068
-0.803679
-0.81781
-0.831452
-0.844597
-0.857237
-0.869364
-0.880973
-0.892054
-0.902603
-0.912612
-0.922075
-0.930987
-0.939343
-0.947138
-0.954366
-0.961024
-0.967108
-0.972614
-0.977538
-0.981878
-0.985631
-0.988795
-0.991368
-0.993349
-0.994736
-0.995528
-0.995726
-0.995328
-0.994335
-0.992748
-0.990568
-0.987795
-0.984432
-0.980481
-0.975944
-0.970824
-0.965123
-0.958845
-0.951995
-0.944575
-0.936591
-0.928047
-0.918948
-0.9093
-0.899109
-0.88838
-0.87712
-0.865336
-0.853035
-0.840224
-0.826911
-0.813103
-0.79881
-0.784039
-0.7688
-0.753101
-0.736952
-0.720362
-0.703342
-0.685902
-0.668051
-0.649801
-0.631163
-0.612148
-0.592767
-0.573031
-0.552953
-0.532545
-0.511818
-0.490785
-0.469459
-0.447853
-0.425978
-0.403849
-0.381477
-0.358876
-0.336056
-0.313028
-0.289799
-0.26637
-0.242738
-0.218886
-0.194787
-0.170402
-0.145682
-0.120573
-0.0950355
-0.0690574
-0.0426712
-0.0159666
0.0109116
0.0377795
0.064445
0.0907431
0.116567
0.141879
0.166707
0.191121
0.215202
0.239022
0.262629
0.286047
0.309282
0.332328
0.355174
0.377809
0.400217
0.422386
0.444303
0.465954
0.487327
0.508408
0.529185
0.549647
0.569779
0.589572
0.609011
0.628087
0.646788
0.665101
0.683018
0.700526
0.717615
0.734276
0.750497
0.76627
0.781585
0.796433
0.810805
0.824692
0.838087
0.85098
0.863365
0.875234
0.88658
0.897395
0.907675
0.917412
0.9266
0.935235
0.943311
0.950823
0.957767
0.964138
0.969933
0.975149
0.979781
0.983828
0.987287
0.990156
0.992433
0.994117
0.995206
0.995701
0.995601
0.994906
0.993616
0.991732
0.989255
0.986188
0.98253
0.978286
0.973457
0.968046
0.962056
0.955491
0.948356
0.940653
0.932389
0.923567
0.914193
0.904272
0.893811
0.882816
0.871293
0.85925
0.846693
0.83363
0.820068
0.806017
0.791484
0.776477
0.761007
0.745082
0.728711
0.711905
0.694674
0.677027
0.658975
0.64053
0.621702
0.602502
0.582943
0.563034
0.54279
0.52222
0.501339
0.480158
0.45869
0.436948
0.414945
0.392694
0.370208
0.347501
0.324586
