0
2.60022e+23
-1.04158e+25
2.06289e+26
-2.69303e+27
2.60658e+28
-1.99495e+29
1.25743e+30
-6.71266e+30
3.09776e+31
-1.2552e+32
4.52076e+32
-1.46162e+33
4.27668e+33
-1.1402e+34
2.78581e+34
-6.26843e+34
1.30453e+35
-2.52029e+35
4.53486e+35
-7.62161e+35
1.19953e+36
-1.77192e+36
2.46172e+36
-3.22246e+36
3.98114e+36
-4.64886e+36
5.13794e+36
-5.381e+36
5.3462e+36
-5.04392e+36
4.52296e+36
-3.85799e+36
3.13256e+36
-2.42282e+36
1.78601e+36
-1.25548e+36
8.41972e+35
-5.38918e+35
3.29331e+35
-1.922e+35
1.07149e+35
-5.70719e+34
2.90477e+34
-1.41286e+34
6.56753e+33
-2.91757e+33
1.23861e+33
-5.02456e+32
1.94739e+32
-7.2096e+31
2.549e+31
-8.604e+30
2.77174e+30
-8.5182e+29
2.49625e+29
-6.97181e+28
1.85466e+28
-4.69631e+27
1.13112e+27
-2.58932e+26
5.62947e+25
-1.16215e+25
2.28325e+24
-4.31275e+23
7.83356e+22
-6.57357e+21
-1.81618e+22
3.78434e+22
-5.83183e+22
7.84457e+22
-9.55896e+22
1.07108e+23
-1.11185e+23
1.07376e+23
-9.67602e+22
8.16614e+22
-6.5034e+22
4.97386e+22
-3.7957e+22
3.0917e+22
-2.8942e+22
3.16929e+22
-3.84088e+22
4.80004e+22
-5.89891e+22
6.9423e+22
-7.69557e+22
7.92033e+22
-7.43384e+22
6.17111e+22
-4.22209e+22
1.8233e+22
6.97603e+21
-3.00514e+22
4.83526e+22
-6.04125e+22
6.59331e+22
-6.53986e+22
5.95456e+22
-4.89539e+22
3.39257e+22
-1.46537e+22
-8.45655e+21
3.44968e+22
-6.19479e+22
8.88064e+22
-1.12908e+23
1.32342e+23
-1.45841e+23
1.53026e+23
-1.54437e+23
1.5133e+23
-1.45283e+23
1.37734e+23
-1.29585e+23
1.21019e+23
-1.11583e+23
1.00503e+23
-8.71173e+22
7.12844e+22
-5.36146e+22
3.54797e+22
-1.87976e+22
5.66758e+21
2.04334e+21
-3.05894e+21
-3.0802e+21
