0.925954
0.907799
0.887456
0.864976
0.840412
0.813824
0.785275
0.754834
0.722575
0.688575
0.652916
0.615684
0.576969
0.536864
0.495465
0.452873
0.40919
0.364521
0.318974
0.272659
0.225687
0.178171
0.130226
0.0819666
0.0335102
-0.0150269
-0.0635278
-0.111876
-0.159954
-0.207647
-0.25484
-0.301419
-0.347271
-0.392287
-0.436358
-0.479378
-0.521243
-0.561852
-0.601108
-0.638916
-0.675184
-0.709826
-0.742758
-0.7739
-0.803178
-0.830521
-0.855863
-0.879144
-0.900306
-0.9193
-0.936078
-0.950602
-0.962836
-0.97275
-0.980321
-0.98553
-0.988365
-0.988818
-0.98689
-0.982584
-0.975911
-0.966887
-0.955533
-0.941878
-0.925954
-0.907799
-0.887456
-0.864976
-0.840412
-0.813824
-0.785275
-0.754834
-0.722575
-0.688575
-0.652916
-0.615684
-0.576969
-0.536864
-0.495465
-0.452873
-0.40919
-0.364521
-0.318974
-0.272659
-0.225687
-0.178171
-0.130226
-0.0819666
-0.0335102
0.0150269
0.0635278
0.111876
0.159954
0.207647
0.25484
0.301419
0.347271
0.392287
0.436358
0.479378
0.521243
0.561852
0.601108
0.638916
0.675184
0.709826
0.742758
0.7739
0.803178
0.830521
0.855863
0.879144
0.900306
0.9193
0.936078
0.950602
0.962836
0.97275
0.980321
0.98553
0.988365
0.988818
0.98689
0.982584
0.975911
0.966887
0.955533
0.941878
