0.259516
0.235937
0.212217
0.18837
0.16441
0.140352
0.11621
0.0919992
0.067733
0.0434263
0.0190937
-0.00525031
-0.0295912
-0.0539144
-0.0782054
-0.10245
-0.126633
-0.15074
-0.174757
-0.19867
-0.222464
-0.246125
-0.269639
-0.292992
-0.316169
-0.339158
-0.361944
-0.384514
-0.406854
-0.42895
-0.450791
-0.472362
-0.49365
-0.514644
-0.53533
-0.555696
-0.575729
-0.595419
-0.614753
-0.633719
-0.652307
-0.670505
-0.688302
-0.705688
-0.722651
-0.739183
-0.755274
-0.770912
-0.78609
-0.800798
-0.815028
-0.82877
-0.842017
-0.854761
-0.866994
-0.878709
-0.889898
-0.900556
-0.910675
-0.92025
-0.929276
-0.937745
-0.945654
-0.952998
-0.959773
-0.965974
-0.971597
-0.97664
-0.981099
-0.984971
-0.988255
-0.990948
-0.993049
-0.994557
-0.99547
-0.995788
-0.995511
-0.994639
-0.993172
-0.991112
-0.988459
-0.985216
-0.981383
-0.976965
-0.971962
-0.966378
-0.960217
-0.953482
-0.946177
-0.938306
-0.929875
-0.920888
-0.91135
-0.901268
-0.890647
-0.879494
-0.867815
-0.855618
-0.842909
-0.829696
-0.815987
-0.801791
-0.787116
-0.77197
-0.756362
-0.740303
-0.723801
-0.706866
-0.689509
-0.67174
-0.653569
-0.635008
-0.616067
-0.596758
-0.577093
-0.557082
-0.536739
-0.516074
-0.495102
-0.473833
-0.452281
-0.430458
-0.408378
-0.386054
-0.363497
-0.34072
-0.317733
-0.294544
-0.271156
-0.247567
-0.223764
-0.199722
-0.175404
-0.15076
-0.125738
-0.100291
-0.074398
-0.0480807
-0.0214169
0.00545734
0.032361
0.0590973
0.0854904
0.111418
0.136831
0.161746
0.186229
0.210365
0.234229
0.257874
0.281329
0.304602
0.327688
0.350577
0.373257
0.395713
0.417933
0.439903
0.461611
0.483042
0.504185
0.525026
0.545553
0.565755
0.585618
0.605131
0.624283
0.643061
0.661455
0.679454
0.697047
0.714223
0.730972
0.747284
0.76315
0.778559
0.793504
0.807974
0.821961
0.835456
0.848453
0.860942
0.872917
0.88437
0.895294
0.905683
0.915531
0.924832
0.93358
0.94177
0.949397
0.956457
0.962945
0.968858
0.974191
0.978942
0.983108
0.986687
0.989676
0.992073
0.993877
0.995088
0.995703
0.995724
0.995149
0.993979
0.992216
0.989859
0.986911
0.983373
0.979247
0.974536
0.969243
0.96337
0.956921
0.9499
0.942312
0.934161
0.925451
0.916188
0.906377
0.896025
0.885137
0.87372
0.861781
0.849327
0.836365
0.822903
0.80895
0.794513
0.779601
0.764223
0.748388
0.732106
0.715387
0.69824
0.680675
0.662704
0.644337
0.625585
0.606458
0.586969
0.56713
0.546951
0.526446
0.505626
0.484503
0.463091
0.441403
0.41945
0.397247
0.374806
0.352142
0.329267
0.306195
0.28294
