0.0874389
0.0631586
0.0388407
0.0144995
-0.00985037
-0.0341943
-0.0585179
-0.0828064
-0.107045
-0.131221
-0.155317
-0.179321
-0.203218
-0.226993
-0.250632
-0.274122
-0.297448
-0.320596
-0.343553
-0.366304
-0.388836
-0.411136
-0.43319
-0.454985
-0.476508
-0.497747
-0.518688
-0.539318
-0.559627
-0.579601
-0.599229
-0.618498
-0.637398
-0.655917
-0.674044
-0.691768
-0.709079
-0.725965
-0.742418
-0.758427
-0.773983
-0.789076
-0.803698
-0.817839
-0.831492
-0.844647
-0.857298
-0.869436
-0.881054
-0.892146
-0.902705
-0.912724
-0.922198
-0.931121
-0.939487
-0.947291
-0.95453
-0.961197
-0.967291
-0.972806
-0.97774
-0.982089
-0.985851
-0.989025
-0.991607
-0.993596
-0.994992
-0.995792
-0.995998
-0.995608
-0.994624
-0.993045
-0.990872
-0.988107
-0.984751
-0.980807
-0.976277
-0.971163
-0.965469
-0.959198
-0.952353
-0.944939
-0.936961
-0.928422
-0.919329
-0.909686
-0.899499
-0.888775
-0.87752
-0.86574
-0.853442
-0.840635
-0.827325
-0.81352
-0.79923
-0.784462
-0.769224
-0.753527
-0.73738
-0.720792
-0.703773
-0.686334
-0.668484
-0.650235
-0.631597
-0.612582
-0.5932
-0.573464
-0.553386
-0.532976
-0.512248
-0.491214
-0.469886
-0.448277
-0.426401
-0.404269
-0.381895
-0.359291
-0.33647
-0.313442
-0.290215
-0.266792
-0.24317
-0.219336
-0.195261
-0.170905
-0.146214
-0.12113
-0.0956027
-0.0696105
-0.043181
-0.0164049
0.0105635
0.0375242
0.0642668
0.0906126
0.116449
0.141746
0.166543
0.190922
0.214976
0.23878
0.262382
0.285803
0.309045
0.332099
0.354955
0.377598
0.400016
0.422194
0.444121
0.465781
0.487164
0.508255
0.529043
0.549514
0.569657
0.589459
0.608909
0.627995
0.646706
0.66503
0.682957
0.700476
0.717576
0.734247
0.750479
0.766262
0.781588
0.796447
0.810829
0.824727
0.838132
0.851036
0.863431
0.875311
0.886667
0.897493
0.907783
0.91753
0.926729
0.935374
0.94346
0.950981
0.957935
0.964316
0.970121
0.975346
0.979988
0.984044
0.987512
0.99039
0.992676
0.994368
0.995466
0.99597
0.995878
0.99519
0.993908
0.992032
0.989563
0.986503
0.982853
0.978615
0.973793
0.968389
0.962405
0.955847
0.948717
0.94102
0.932761
0.923945
0.914576
0.90466
0.894204
0.883213
0.871695
0.859655
0.847102
0.834042
0.820484
0.806435
0.791905
0.776901
0.761433
0.74551
0.729141
0.712336
0.695106
0.67746
0.659409
0.640964
0.622136
0.602936
0.583376
0.563467
0.543221
0.522651
0.501768
0.480586
0.459116
0.437372
0.415366
0.393112
0.370623
0.347913
0.324995
0.301882
0.278589
0.255129
0.231517
0.207767
0.183893
0.159908
0.135828
0.111667
