    0.387296     0.292087     0.165571  1.23718e-15    -0.165571    -0.292087    -0.387296    -0.469974    -0.539932    -0.591684    -0.615086    -0.617038    -0.607495    -0.568285    -0.507402    -0.429808    -0.336818    -0.231539    -0.117899 -1.03335e-15     0.117899     0.231539     0.336818     0.429808     0.507402     0.568285     0.607495     0.617038     0.615086     0.591684     0.539932     0.469974
    0.290866     0.219362     0.124347  9.29758e-16    -0.124347    -0.219362    -0.290866    -0.352958    -0.405497    -0.444364     -0.46194    -0.463406    -0.456238    -0.426791    -0.381067    -0.322792    -0.252955     -0.17389   -0.0885438 -7.74662e-16    0.0885438      0.17389     0.252955     0.322792     0.381067     0.426791     0.456238     0.463406      0.46194     0.444364     0.405497     0.352958
    0.162277     0.122384    0.0693742  5.13207e-16   -0.0693742    -0.122384    -0.162277    -0.196919    -0.226231    -0.247915    -0.257721    -0.258539     -0.25454    -0.238111    -0.212601    -0.180089    -0.141126   -0.0970149   -0.0493995 -4.32895e-16    0.0493995    0.0970149     0.141126     0.180089     0.212601     0.238111      0.25454     0.258539     0.257721     0.247915     0.226231     0.196919
     0.00128  0.000965338  0.000547208  1.24683e-18 -0.000547208 -0.000965338     -0.00128  -0.00155325  -0.00178446   -0.0019555  -0.00203284  -0.00203929  -0.00200775  -0.00187816  -0.00167695   -0.0014205  -0.00111317 -0.000765231 -0.000389652 -5.77338e-18  0.000389652  0.000765231   0.00111317    0.0014205   0.00167695   0.00187816   0.00200775   0.00203929   0.00203284    0.0019555   0.00178446   0.00155325
    -0.15929    -0.120131   -0.0680973 -5.08328e-16    0.0680973     0.120131      0.15929     0.193294     0.222067     0.243352     0.252977      0.25378     0.249855     0.233728     0.208688     0.176774     0.138529    0.0952292    0.0484902  4.16849e-16   -0.0484902   -0.0952292    -0.138529    -0.176774    -0.208688    -0.233728    -0.249855     -0.25378    -0.252977    -0.243352    -0.222067    -0.193294
   -0.289398    -0.218254    -0.123719 -9.14308e-16     0.123719     0.218254     0.289398     0.351176      0.40345     0.442121     0.459608     0.461066     0.453935     0.424636     0.379143     0.321163     0.251678     0.173012    0.0880969  7.65149e-16   -0.0880969    -0.173012    -0.251678    -0.321163    -0.379143    -0.424636    -0.453935    -0.461066    -0.459608    -0.442121     -0.40345    -0.351176
   -0.388717    -0.293158    -0.166178 -1.23404e-15     0.166178     0.293158     0.388717     0.471697     0.541912     0.593854     0.617342     0.619302     0.609723     0.570369     0.509263     0.431384     0.338053     0.232389     0.118331  1.03769e-15    -0.118331    -0.232389    -0.338053    -0.431384    -0.509263    -0.570369    -0.609723    -0.619302    -0.617342    -0.593854    -0.541912    -0.471697
   -0.469664    -0.354205    -0.200784 -1.49511e-15     0.200784     0.354205     0.469664     0.569924      0.65476     0.717519     0.745898     0.748265     0.736693     0.689143     0.615313     0.521216     0.408449     0.280782     0.142973  1.25605e-15    -0.142973    -0.280782    -0.408449    -0.521216    -0.615313    -0.689143    -0.736693    -0.748265    -0.745898    -0.717519     -0.65476    -0.569924
   -0.538338    -0.405997    -0.230142 -1.73711e-15     0.230142     0.405997     0.538338     0.653258     0.750499     0.822434     0.854963     0.857676     0.844411     0.789909     0.705283     0.597427     0.468173     0.321837     0.163878  1.44437e-15    -0.163878    -0.321837    -0.468173    -0.597427    -0.705283    -0.789909    -0.844411    -0.857676    -0.854963    -0.822434    -0.750499    -0.653258
   -0.592249    -0.446655    -0.253189 -1.89562e-15     0.253189     0.446655     0.592249     0.718678     0.825657     0.904796     0.940583     0.943567     0.928974     0.869014     0.775913     0.657256     0.515057     0.354067     0.180289  1.57665e-15    -0.180289    -0.354067    -0.515057    -0.657256    -0.775913    -0.869014    -0.928974    -0.943567    -0.940583    -0.904796    -0.825657    -0.718678
   -0.613421    -0.462623     -0.26224 -1.94116e-15      0.26224     0.462623     0.613421     0.744369     0.855173     0.937141     0.974207     0.977298     0.962183      0.90008     0.803651     0.680752      0.53347     0.366725     0.186734  1.62197e-15    -0.186734    -0.366725     -0.53347    -0.680752    -0.803651     -0.90008    -0.962183    -0.977298    -0.974207    -0.937141    -0.855173    -0.744369
   -0.613482    -0.462669    -0.262267 -1.94289e-15     0.262267     0.462669     0.613482     0.744444     0.855259     0.937235     0.974304     0.977396      0.96228      0.90017     0.803731      0.68082     0.533523     0.366761     0.186753  1.61589e-15    -0.186753    -0.366761    -0.533523     -0.68082    -0.803731     -0.90017     -0.96228    -0.977396    -0.974304    -0.937235    -0.855259    -0.744444
   -0.604056     -0.45556    -0.258237 -1.92728e-15     0.258237      0.45556     0.604056     0.733005     0.842117     0.922833     0.959334     0.962378     0.947494     0.886338     0.791381     0.670359     0.525325     0.361126     0.183884  1.57339e-15    -0.183884    -0.361126    -0.525325    -0.670359    -0.791381    -0.886338    -0.947494    -0.962378    -0.959334    -0.922833    -0.842117    -0.733005
    -0.56749    -0.427983    -0.242605 -1.80259e-15     0.242605     0.427983      0.56749     0.688634     0.791141     0.866971     0.901262     0.904122     0.890139     0.832685     0.743477      0.62978     0.493526     0.339266     0.172752   1.4756e-15    -0.172752    -0.339266    -0.493526     -0.62978    -0.743477    -0.832685    -0.890139    -0.904122    -0.901262    -0.866971    -0.791141    -0.688634
   -0.507138    -0.382468    -0.216804 -1.59573e-15     0.216804     0.382468     0.507138     0.615398     0.707004      0.77477     0.805414      0.80797     0.795473      0.74413     0.664409     0.562804      0.44104     0.303185      0.15438   1.3327e-15     -0.15438    -0.303185     -0.44104    -0.562804    -0.664409     -0.74413    -0.795473     -0.80797    -0.805414     -0.77477    -0.707004    -0.615398
   -0.429032    -0.323562    -0.183413 -1.36805e-15     0.183413     0.323562     0.429032     0.520618     0.598115     0.655444     0.681369     0.683531     0.672959     0.629524      0.56208     0.476124     0.373113      0.25649     0.130604  1.15045e-15    -0.130604     -0.25649    -0.373113    -0.476124     -0.56208    -0.629524    -0.672959    -0.683531    -0.681369    -0.655444    -0.598115    -0.520618
   -0.336208    -0.253558    -0.143731 -1.08106e-15     0.143731     0.253558     0.336208      0.40798      0.46871     0.513635     0.533951     0.535645     0.527361     0.493323     0.440471     0.373112     0.292388     0.200997     0.102347  8.97774e-16    -0.102347    -0.200997    -0.292388    -0.373112    -0.440471    -0.493323    -0.527361    -0.535645    -0.533951    -0.513635     -0.46871     -0.40798
   -0.231343    -0.174472   -0.0989003 -7.36715e-16    0.0989003     0.174472     0.231343     0.280729     0.322517      0.35343     0.367409     0.368575     0.362874     0.339453     0.303086     0.256736     0.201191     0.138305    0.0704243  6.11219e-16   -0.0704243    -0.138305    -0.201191    -0.256736    -0.303086    -0.339453    -0.362874    -0.368575    -0.367409     -0.35343    -0.322517    -0.280729
   -0.118046   -0.0890267   -0.0504653 -3.70228e-16    0.0504653    0.0890267     0.118046     0.143246     0.164569     0.180343     0.187476     0.188071     0.185162     0.173211     0.154654     0.131003      0.10266    0.0705722     0.035935  3.12481e-16    -0.035935   -0.0705722     -0.10266    -0.131003    -0.154654    -0.173211    -0.185162    -0.188071    -0.187476    -0.180343    -0.164569    -0.143246
-0.000460189  -0.00034706 -0.000196733 -3.52366e-19  0.000196733   0.00034706  0.000460189  0.000558427  0.000641552  0.000703044  0.000730851  0.000733171  0.000721831  0.000675241    0.0006029  0.000510701   0.00040021  0.000275117  0.000140088  2.58853e-18 -0.000140088 -0.000275117  -0.00040021 -0.000510701   -0.0006029 -0.000675241 -0.000721831 -0.000733171 -0.000730851 -0.000703044 -0.000641552 -0.000558427
   0.117137   0.0883412   0.0500767 3.67517e-16  -0.0500767  -0.0883412   -0.117137   -0.142143   -0.163302   -0.178954   -0.186032   -0.186622   -0.183736   -0.171877   -0.153463   -0.129995    -0.10187  -0.0700287  -0.0356583 -3.0603e-16   0.0356583   0.0700287     0.10187    0.129995    0.153463    0.171877    0.183736    0.186622    0.186032    0.178954    0.163302    0.142143
    0.230499     0.173835    0.0985394   7.1907e-16   -0.0985394    -0.173835    -0.230499    -0.279704     -0.32134     -0.35214    -0.366068    -0.367229     -0.36155    -0.338214     -0.30198    -0.255799    -0.200456      -0.1378   -0.0701673 -6.01881e-16    0.0701673       0.1378     0.200456     0.255799      0.30198     0.338214      0.36155     0.367229     0.366068      0.35214      0.32134     0.279704
    0.335579     0.253083     0.143462  1.06707e-15    -0.143462    -0.253083    -0.335579    -0.407216    -0.467833    -0.512674    -0.532951    -0.534643    -0.526374    -0.492399    -0.439647    -0.372414    -0.291841    -0.200621    -0.102155 -8.79288e-16     0.102155     0.200621     0.291841     0.372414     0.439647     0.492399     0.526374     0.534643     0.532951     0.512674     0.467833     0.407216
    0.428258     0.322979     0.183082  1.38669e-15    -0.183082    -0.322979    -0.428258     -0.51968    -0.597037    -0.654262     -0.68014    -0.682298    -0.671746    -0.628388    -0.561067    -0.475265    -0.372441    -0.256028    -0.130368 -1.11315e-15     0.130368     0.256028     0.372441     0.475265     0.561067     0.628388     0.671746     0.682298      0.68014     0.654262     0.597037      0.51968
    0.505586     0.381297     0.216141  1.63086e-15    -0.216141    -0.381297    -0.505586    -0.613515     -0.70484    -0.772399    -0.802949    -0.805497    -0.793039    -0.741853    -0.662375    -0.561081     -0.43969    -0.302257    -0.153908 -1.32446e-15     0.153908     0.302257      0.43969     0.561081     0.662375     0.741853     0.793039     0.805497     0.802949     0.772399      0.70484     0.613515
    0.567676     0.428123     0.242684  1.79761e-15    -0.242684    -0.428123    -0.567676    -0.688859      -0.7914    -0.867255    -0.901557    -0.904418     -0.89043    -0.832957    -0.743719    -0.629986    -0.493687    -0.339377    -0.172809 -1.50531e-15     0.172809     0.339377     0.493687     0.629986     0.743719     0.832957      0.89043     0.904418     0.901557     0.867255       0.7914     0.688859
    0.607853     0.458423      0.25986  1.94961e-15     -0.25986    -0.458423    -0.607853    -0.737613     -0.84741    -0.928634    -0.965364    -0.968427    -0.953449     -0.89191    -0.796356    -0.674573    -0.528627    -0.363396    -0.185039 -1.60093e-15     0.185039     0.363396     0.528627     0.674573     0.796356      0.89191     0.953449     0.968427     0.965364     0.928634      0.84741     0.737613
    0.614295     0.463282     0.262614  1.97065e-15    -0.262614    -0.463282    -0.614295     -0.74543    -0.856392    -0.938476    -0.975595    -0.978691    -0.963555    -0.901363    -0.804796    -0.681722     -0.53423    -0.367247    -0.187001 -1.62283e-15     0.187001     0.367247      0.53423     0.681722     0.804796     0.901363     0.963555     0.978691     0.975595     0.938476     0.856392      0.74543
    0.611286     0.461012     0.261328  1.95503e-15    -0.261328    -0.461012    -0.611286    -0.741778    -0.852196    -0.933878    -0.970816    -0.973896    -0.958834    -0.896947    -0.800853    -0.678382    -0.531613    -0.365448    -0.186084 -1.61589e-15     0.186084     0.365448     0.531613     0.678382     0.800853     0.896947     0.958834     0.973896     0.970816     0.933878     0.852196     0.741778
   0.589696     0.44473    0.252098 1.84791e-15   -0.252098    -0.44473   -0.589696    -0.71558   -0.822098   -0.900895   -0.936528     -0.9395   -0.924969   -0.865268   -0.772568   -0.654423   -0.512837   -0.352541   -0.179512 -1.5747e-15    0.179512    0.352541    0.512837    0.654423    0.772568    0.865268    0.924969      0.9395    0.936528    0.900895    0.822098     0.71558
    0.539526     0.406893      0.23065  1.68246e-15     -0.23065    -0.406893    -0.539526    -0.654699    -0.752155    -0.824249     -0.85685    -0.859569    -0.846275    -0.791652     -0.70684    -0.598746    -0.469206    -0.322547     -0.16424 -1.45738e-15      0.16424     0.322547     0.469206     0.598746      0.70684     0.791652     0.846275     0.859569      0.85685     0.824249     0.752155     0.654699
    0.469223     0.353873     0.200595  1.48601e-15    -0.200595    -0.353873    -0.469223    -0.569389    -0.654146    -0.716846    -0.745199    -0.747564    -0.736001    -0.688497    -0.614735    -0.520727    -0.408066    -0.280518    -0.142838 -1.26396e-15     0.142838     0.280518     0.408066     0.520727     0.614735     0.688497     0.736001     0.747564     0.745199     0.716846     0.654146     0.569389
