   0.0494632    0.0947177     0.133286      0.16453     0.188068     0.202005     0.205564     0.205789     0.204605     0.195959     0.175797      0.14788     0.114993       0.0787    0.0400081  3.39803e-16   -0.0400081      -0.0787    -0.114993     -0.14788    -0.175797    -0.195959    -0.204605    -0.205789    -0.205564    -0.202005    -0.188068     -0.16453    -0.133286   -0.0947177   -0.0494632 -4.42151e-16
   0.0994701     0.190476     0.268036     0.330869     0.378202     0.406231     0.413387     0.413839      0.41146     0.394072     0.353527     0.297386      0.23125     0.158265     0.080456  6.76583e-16    -0.080456    -0.158265     -0.23125    -0.297386    -0.353527    -0.394072     -0.41146    -0.413839    -0.413387    -0.406231    -0.378202    -0.330869    -0.268036    -0.190476   -0.0994701 -8.80413e-16
    0.143989     0.275727        0.388     0.478954     0.547472     0.588045     0.598404     0.599059     0.595614     0.570445     0.511753     0.430484     0.334749     0.229099     0.116465   9.8451e-16    -0.116465    -0.229099    -0.334749    -0.430484    -0.511753    -0.570445    -0.595614    -0.599059    -0.598404    -0.588045    -0.547472    -0.478954       -0.388    -0.275727    -0.143989 -1.29172e-15
    0.181465      0.34749     0.488984      0.60361     0.689962     0.741095      0.75415     0.754975     0.750633     0.718913     0.644946     0.542526     0.421873     0.288726     0.146777  1.23913e-15    -0.146777    -0.288726    -0.421873    -0.542526    -0.644946    -0.718913    -0.750633    -0.754975     -0.75415    -0.741095    -0.689962     -0.60361    -0.488984     -0.34749    -0.181465 -1.64734e-15
    0.209501     0.401176     0.564531     0.696867     0.796559     0.855592     0.870665     0.871617     0.866605     0.829984     0.744588     0.626345     0.487052     0.333333     0.169454  1.40448e-15    -0.169454    -0.333333    -0.487052    -0.626345    -0.744588    -0.829984    -0.866605    -0.871617    -0.870665    -0.855592    -0.796559    -0.696867    -0.564531    -0.401176    -0.209501 -1.89128e-15
    0.222155     0.425407     0.598629     0.738957     0.844671      0.90727     0.923252     0.924262     0.918948     0.880115     0.789561     0.664176      0.51647     0.353467     0.179689  1.46844e-15    -0.179689    -0.353467     -0.51647    -0.664176    -0.789561    -0.880115    -0.918948    -0.924262    -0.923252     -0.90727    -0.844671    -0.738957    -0.598629    -0.425407    -0.222155 -1.91513e-15
    0.223183     0.427375     0.601398     0.742376     0.848579     0.911467     0.927524     0.928538     0.923199     0.884187     0.793214     0.667249     0.518859     0.355102      0.18052  1.47105e-15     -0.18052    -0.355102    -0.518859    -0.667249    -0.793214    -0.884187    -0.923199    -0.928538    -0.927524    -0.911467    -0.848579    -0.742376    -0.601398    -0.427375    -0.223183 -1.92554e-15
    0.222965     0.426959     0.600812     0.741653     0.847752     0.910579      0.92662     0.927634       0.9223     0.883325     0.792442     0.666599     0.518353     0.354756     0.180345  1.46324e-15    -0.180345    -0.354756    -0.518353    -0.666599    -0.792442    -0.883325      -0.9223    -0.927634     -0.92662    -0.910579    -0.847752    -0.741653    -0.600812    -0.426959    -0.222965 -1.91991e-15
    0.220808     0.422827     0.594998     0.734476     0.839549     0.901768     0.917653     0.918657     0.913375     0.874777     0.784773     0.660148     0.513337     0.351323     0.178599  1.42009e-15    -0.178599    -0.351323    -0.513337    -0.660148    -0.784773    -0.874777    -0.913375    -0.918657    -0.917653    -0.901768    -0.839549    -0.734476    -0.594998    -0.422827    -0.220808 -1.90603e-15
    0.211217     0.404461     0.569154     0.702573     0.803082     0.862598     0.877794     0.878754     0.873701      0.83678     0.750686     0.631474      0.49104     0.336063     0.170842   1.3327e-15    -0.170842    -0.336063     -0.49104    -0.631474    -0.750686     -0.83678    -0.873701    -0.878754    -0.877794    -0.862598    -0.803082    -0.702573    -0.569154    -0.404461    -0.211217 -1.84856e-15
    0.191441     0.366593     0.515865     0.636793     0.727892     0.781836     0.795609     0.796479     0.791899     0.758435     0.680401     0.572351     0.445065     0.304598     0.154846  1.20433e-15    -0.154846    -0.304598    -0.445065    -0.572351    -0.680401    -0.758435    -0.791899    -0.796479    -0.795609    -0.781836    -0.727892    -0.636793    -0.515865    -0.366593    -0.191441 -1.69114e-15
    0.162926     0.311988     0.439027     0.541942     0.619471      0.66538     0.677102     0.677842     0.673945     0.645465     0.579055     0.487099     0.378772     0.259228     0.131782    1.034e-15    -0.131782    -0.259228    -0.378772    -0.487099    -0.579055    -0.645465    -0.673945    -0.677842    -0.677102     -0.66538    -0.619471    -0.541942    -0.439027    -0.311988    -0.162926 -1.44698e-15
    0.127681     0.244498     0.344056     0.424708     0.485466     0.521444      0.53063      0.53121     0.528156     0.505837     0.453792     0.381729     0.296836     0.203151     0.103274  8.27246e-16    -0.103274    -0.203151    -0.296836    -0.381729    -0.453792    -0.505837    -0.528156     -0.53121     -0.53063    -0.521444    -0.485466    -0.424708    -0.344056    -0.244498    -0.127681 -1.12898e-15
   0.0878241     0.168175     0.236655     0.292131     0.333922     0.358669     0.364988     0.365387     0.363286     0.347934     0.312136     0.262568     0.204175     0.139735    0.0710362  5.85632e-16   -0.0710362    -0.139735    -0.204175    -0.262568    -0.312136    -0.347934    -0.363286    -0.365387    -0.364988    -0.358669    -0.333922    -0.292131    -0.236655    -0.168175   -0.0878241 -7.66802e-16
   0.0452067    0.0865669     0.121816     0.150372     0.171884     0.184622     0.187874      0.18808     0.186998     0.179096     0.160669     0.135154     0.105097    0.0719276    0.0365653   3.1719e-16   -0.0365653   -0.0719276    -0.105097    -0.135154    -0.160669    -0.179096    -0.186998     -0.18808    -0.187874    -0.184622    -0.171884    -0.150372    -0.121816   -0.0865669   -0.0452067 -3.95056e-16
   0.0014193   0.00271784   0.00382452   0.00472105   0.00539644   0.00579637   0.00589848   0.00590493   0.00587097   0.00562288   0.00504435   0.00424329   0.00329962   0.00225823     0.001148  2.23278e-17    -0.001148  -0.00225823  -0.00329962  -0.00424329  -0.00504435  -0.00562288  -0.00587097  -0.00590493  -0.00589848  -0.00579637  -0.00539644  -0.00472105  -0.00382452  -0.00271784   -0.0014193 -1.94343e-17
  -0.0421488   -0.0807113    -0.113576      -0.1402    -0.160257    -0.172134    -0.175166    -0.175358    -0.174349    -0.166982    -0.149801    -0.126012   -0.0979883   -0.0670622   -0.0340919 -2.71816e-16    0.0340919    0.0670622    0.0979883     0.126012     0.149801     0.166982     0.174349     0.175358     0.175166     0.172134     0.160257       0.1402     0.113576    0.0807113    0.0421488  3.53098e-16
  -0.0843554    -0.161533    -0.227308    -0.280593    -0.320734    -0.344503    -0.350572    -0.350955    -0.348937    -0.334192    -0.299808    -0.252197    -0.196111    -0.134216   -0.0682305 -5.55484e-16    0.0682305     0.134216     0.196111     0.252197     0.299808     0.334192     0.348937     0.350955     0.350572     0.344503     0.320734     0.280593     0.227308     0.161533    0.0843554  7.05355e-16
   -0.124373    -0.238163     -0.33514    -0.413703    -0.472886    -0.507932     -0.51688    -0.517445     -0.51447    -0.492729    -0.442033    -0.371837    -0.289144    -0.197887    -0.100598 -8.23072e-16     0.100598     0.197887     0.289144     0.371837     0.442033     0.492729      0.51447     0.517445      0.51688     0.507932     0.472886     0.413703      0.33514     0.238163     0.124373  1.05254e-15
    -0.16139    -0.309048    -0.434889    -0.536835    -0.613633    -0.659109     -0.67072    -0.671454    -0.667593    -0.639382    -0.573597    -0.482508    -0.375203    -0.256785     -0.13054 -1.08789e-15      0.13054     0.256785     0.375203     0.482508     0.573597     0.639382     0.667593     0.671454      0.67072     0.659109     0.613633     0.536835     0.434889     0.309048      0.16139  1.38127e-15
  -0.193555   -0.370641   -0.521562   -0.643825    -0.73593    -0.79047   -0.804395   -0.805274   -0.800644   -0.766811   -0.687915   -0.578671    -0.44998   -0.307962   -0.156556 -1.3249e-15    0.156556    0.307962     0.44998    0.578671    0.687915    0.766811    0.800644    0.805274    0.804395     0.79047     0.73593    0.643825    0.521562    0.370641    0.193555 1.66208e-15
    -0.21622    -0.414043    -0.582637    -0.719217    -0.822106    -0.883033    -0.898588    -0.899571    -0.894399    -0.856603    -0.768469    -0.646433    -0.502672    -0.344024    -0.174889 -1.48124e-15     0.174889     0.344024     0.502672     0.646433     0.768469     0.856603     0.894399     0.899571     0.898588     0.883033     0.822106     0.719217     0.582637     0.414043      0.21622   1.8555e-15
   -0.222785    -0.426614    -0.600327    -0.741055    -0.847068    -0.909845    -0.925873    -0.926885    -0.921555    -0.882613    -0.791802    -0.666061    -0.517935     -0.35447    -0.180199 -1.51181e-15     0.180199      0.35447     0.517935     0.666061     0.791802     0.882613     0.921555     0.926885     0.925873     0.909845     0.847068     0.741055     0.600327     0.426614     0.222785  1.93942e-15
   -0.223036    -0.427095    -0.601004     -0.74189    -0.848023     -0.91087    -0.926916     -0.92793    -0.922594    -0.883607    -0.792695    -0.666812    -0.518519    -0.354869    -0.180402 -1.51268e-15     0.180402     0.354869     0.518519     0.666812     0.792695     0.883607     0.922594      0.92793     0.926916      0.91087     0.848023      0.74189     0.601004     0.427095     0.223036  1.94289e-15
   -0.222365     -0.42581    -0.599195    -0.739656     -0.84547    -0.908128    -0.924126    -0.925137    -0.919817    -0.880947    -0.790308    -0.664805    -0.516958    -0.353801    -0.179859 -1.51268e-15     0.179859     0.353801     0.516958     0.664805     0.790308     0.880947     0.919817     0.925137     0.924126     0.908128      0.84547     0.739656     0.599195      0.42581     0.222365  1.94289e-15
   -0.217739    -0.416951    -0.586729    -0.724269    -0.827881    -0.889236    -0.904901     -0.90589    -0.900681     -0.86262    -0.773867    -0.650974    -0.506203    -0.346441    -0.176117 -1.49707e-15     0.176117     0.346441     0.506203     0.650974     0.773867      0.86262     0.900681      0.90589     0.904901     0.889236     0.827881     0.724269     0.586729     0.416951     0.217739  1.92728e-15
   -0.203565     -0.38981    -0.548536    -0.677123    -0.773991    -0.831351    -0.845996    -0.846922    -0.842052    -0.806468    -0.723492    -0.608599    -0.473252    -0.323889    -0.164653 -1.41987e-15     0.164653     0.323889     0.473252     0.608599     0.723492     0.806468     0.842052     0.846922     0.845996     0.831351     0.773991     0.677123     0.548536      0.38981     0.203565  1.83447e-15
   -0.179401    -0.343537    -0.483421    -0.596744    -0.682113    -0.732664    -0.745571    -0.746386    -0.742095    -0.710735    -0.637609    -0.536354    -0.417074    -0.285441    -0.145108 -1.25833e-15     0.145108     0.285441     0.417074     0.536354     0.637609     0.710735     0.742095     0.746386     0.745571     0.732664     0.682113     0.596744     0.483421     0.343537     0.179401  1.60223e-15
   -0.145993    -0.279563    -0.393399    -0.485618    -0.555089    -0.596227     -0.60673    -0.607394    -0.603901    -0.578382    -0.518873    -0.436474    -0.339406    -0.232286    -0.118086 -1.04734e-15     0.118086     0.232286     0.339406     0.436474     0.518873     0.578382     0.603901     0.607394      0.60673     0.596227     0.555089     0.485618     0.393399     0.279563     0.145993  1.28261e-15
   -0.104316    -0.199756    -0.281095    -0.346989    -0.396628    -0.426022    -0.433527    -0.434001    -0.431506    -0.413271    -0.370751    -0.311874    -0.242516    -0.165976   -0.0843758 -7.52924e-16    0.0843758     0.165976     0.242516     0.311874     0.370751     0.413271     0.431506     0.434001     0.433527     0.426022     0.396628     0.346989     0.281095     0.199756     0.104316  9.06772e-16
   -0.055952    -0.107143    -0.150771    -0.186114    -0.212739    -0.228505    -0.232531    -0.232785    -0.231446    -0.221666    -0.198859     -0.16728    -0.130078   -0.0890242   -0.0452565 -3.89947e-16    0.0452565    0.0890242     0.130078      0.16728     0.198859     0.221666     0.231446     0.232785     0.232531     0.228505     0.212739     0.186114     0.150771     0.107143     0.055952  4.83351e-16
-0.00351851 -0.00673764 -0.00948113  -0.0117037   -0.013378  -0.0143694  -0.0146226  -0.0146386  -0.0145544  -0.0139393  -0.0125051  -0.0105193 -0.00817989 -0.00559824 -0.00284593  -1.896e-17  0.00284593  0.00559824  0.00817989   0.0105193   0.0125051   0.0139393   0.0145544   0.0146386   0.0146226   0.0143694    0.013378   0.0117037  0.00948113  0.00673764  0.00351851 2.17789e-17
