  0.477685   0.380217   0.258962  0.0946308 -0.0946308  -0.258962  -0.380217  -0.477685  -0.562817  -0.631472  -0.674639  -0.684583  -0.682476  -0.657057  -0.599855  -0.522541   -0.42753  -0.316969  -0.194874 -0.0657496  0.0657496   0.194874   0.316969    0.42753   0.522541   0.599855   0.657057   0.682476   0.684583   0.674639   0.631472   0.562817
  0.379915   0.302397   0.205959  0.0752624 -0.0752624  -0.205959  -0.302397  -0.379915  -0.447624  -0.502227  -0.536558  -0.544467  -0.542791  -0.522575  -0.477081  -0.415591  -0.340026  -0.252094  -0.154989 -0.0522924  0.0522924   0.154989   0.252094   0.340026   0.415591   0.477081   0.522575   0.542791   0.544467   0.536558   0.502227   0.447624
  0.255833   0.203632   0.138692  0.0506812 -0.0506812  -0.138692  -0.203632  -0.255833  -0.301427  -0.338196  -0.361315  -0.366641  -0.365512  -0.351899  -0.321263  -0.279856  -0.228971  -0.169759  -0.104368 -0.0352134  0.0352134   0.104368   0.169759   0.228971   0.279856   0.321263   0.351899   0.365512   0.366641   0.361315   0.338196   0.301427
 0.0929664  0.0739973  0.0503988  0.0184169 -0.0184169 -0.0503988 -0.0739973 -0.0929664  -0.109535  -0.122896  -0.131297  -0.133233  -0.132823  -0.127876  -0.116743  -0.101696 -0.0832054 -0.0616881 -0.0379262 -0.0127961  0.0127961  0.0379262  0.0616881  0.0832054   0.101696   0.116743   0.127876   0.132823   0.133233   0.131297   0.122896   0.109535
-0.0893154 -0.0710913 -0.0484195 -0.0176937  0.0176937  0.0484195  0.0710913  0.0893154   0.105233    0.11807   0.126141      0.128   0.127606   0.122854   0.112158  0.0977024  0.0799377  0.0592655  0.0364367  0.0122936 -0.0122936 -0.0364367 -0.0592655 -0.0799377 -0.0977024  -0.112158  -0.122854  -0.127606     -0.128  -0.126141   -0.11807  -0.105233
  -0.25286  -0.201266   -0.13708 -0.0500923  0.0500923    0.13708   0.201266    0.25286   0.297924   0.334266   0.357116    0.36238   0.361265   0.347809    0.31753   0.276604   0.226311   0.167786   0.103156  0.0348042 -0.0348042  -0.103156  -0.167786  -0.226311  -0.276604   -0.31753  -0.347809  -0.361265   -0.36238  -0.357116  -0.334266  -0.297924
 -0.380045  -0.302499  -0.206029  -0.075288   0.075288   0.206029   0.302499   0.380045   0.447776   0.502398   0.536741   0.544652   0.542976   0.522753   0.477243   0.415732   0.340142    0.25218   0.155041  0.0523102 -0.0523102  -0.155041   -0.25218  -0.340142  -0.415732  -0.477243  -0.522753  -0.542976  -0.544652  -0.536741  -0.502398  -0.447776
 -0.479127  -0.381364  -0.259743 -0.0949164  0.0949164   0.259743   0.381364   0.479127   0.564516   0.633378   0.676675    0.68665   0.684536    0.65904   0.601666   0.524118   0.428821   0.317926   0.195462  0.0659481 -0.0659481  -0.195462  -0.317926  -0.428821  -0.524118  -0.601666   -0.65904  -0.684536   -0.68665  -0.676675  -0.633378  -0.564516
-0.561812 -0.447178 -0.304568 -0.111297  0.111297  0.304568  0.447178  0.561812  0.661938  0.742683  0.793452  0.805148   0.80267  0.772774  0.705498  0.614568  0.502824  0.372792  0.229194  0.077329 -0.077329 -0.229194 -0.372792 -0.502824 -0.614568 -0.705498 -0.772774  -0.80267 -0.805148 -0.793452 -0.742683 -0.661938
 -0.631248  -0.502446  -0.342211  -0.125052   0.125052   0.342211   0.502446   0.631248   0.743748   0.834474   0.891517   0.904658   0.901874   0.868283   0.792692   0.690524   0.564969   0.418866   0.257521  0.0868863 -0.0868863  -0.257521  -0.418866  -0.564969  -0.690524  -0.792692  -0.868283  -0.901874  -0.904658  -0.891517  -0.834474  -0.743748
 -0.675165  -0.537402  -0.366019  -0.133752   0.133752   0.366019   0.537402   0.675165   0.795492   0.892529   0.953541   0.967597   0.964618   0.928691   0.847841   0.738564   0.604275   0.448007   0.275437  0.0929312 -0.0929312  -0.275437  -0.448007  -0.604275  -0.738564  -0.847841  -0.928691  -0.964618  -0.967597  -0.953541  -0.892529  -0.795492
 -0.681331   -0.54231  -0.369362  -0.134974   0.134974   0.369362    0.54231   0.681331   0.802757   0.900681    0.96225   0.976434   0.973428   0.937173   0.855585    0.74531   0.609794   0.452099   0.277953  0.0937799 -0.0937799  -0.277953  -0.452099  -0.609794   -0.74531  -0.855585  -0.937173  -0.973428  -0.976434   -0.96225  -0.900681  -0.802757
 -0.678148  -0.539777  -0.367637  -0.134343   0.134343   0.367637   0.539777   0.678148   0.799007   0.896473   0.957755   0.971873   0.968881   0.932795   0.851588   0.741828   0.606946   0.449987   0.276654  0.0933418 -0.0933418  -0.276654  -0.449987  -0.606946  -0.741828  -0.851588  -0.932795  -0.968881  -0.971873  -0.957755  -0.896473  -0.799007
 -0.654873  -0.521251  -0.355019  -0.129732   0.129732   0.355019   0.521251   0.654873   0.771584   0.865705   0.924883   0.938516   0.935628    0.90078    0.82236   0.716367   0.586114   0.434543   0.267159  0.0901382 -0.0901382  -0.267159  -0.434543  -0.586114  -0.716367   -0.82236   -0.90078  -0.935628  -0.938516  -0.924883  -0.865705  -0.771584
 -0.599956   -0.47754  -0.325247  -0.118853   0.118853   0.325247    0.47754   0.599956    0.70688   0.793108   0.847324   0.859814   0.857167   0.825242   0.753398   0.656294   0.536964   0.398103   0.244756  0.0825793 -0.0825793  -0.244756  -0.398103  -0.536964  -0.656294  -0.753398  -0.825242  -0.857167  -0.859814  -0.847324  -0.793108   -0.70688
  -0.52231  -0.415737  -0.283154  -0.103471   0.103471   0.283154   0.415737    0.52231   0.615396   0.690464   0.737664   0.748537   0.746233   0.718439   0.655893   0.571357    0.46747    0.34658   0.213079  0.0718919 -0.0718919  -0.213079   -0.34658   -0.46747  -0.571357  -0.655893  -0.718439  -0.746233  -0.748537  -0.737664  -0.690464  -0.615396
 -0.426926  -0.339815  -0.231444 -0.0845753  0.0845753   0.231444   0.339815   0.426926   0.503012   0.564371   0.602951   0.611839   0.609955   0.587238   0.536114   0.467015     0.3821   0.283288   0.174167   0.058763  -0.058763  -0.174167  -0.283288    -0.3821  -0.467015  -0.536114  -0.587238  -0.609955  -0.611839  -0.602951  -0.564371  -0.503012
 -0.316686  -0.252069  -0.171681 -0.0627365  0.0627365   0.171681   0.252069   0.316686   0.373126   0.418641   0.447259   0.453851   0.452454   0.435603    0.39768   0.346424   0.283435   0.210138   0.129194  0.0435894 -0.0435894  -0.129194  -0.210138  -0.283435  -0.346424   -0.39768  -0.435603  -0.452454  -0.453851  -0.447259  -0.418641  -0.373126
 -0.194999  -0.155211  -0.105713 -0.0386299  0.0386299   0.105713   0.155211   0.194999   0.229752   0.257778   0.275399   0.279459   0.278598   0.268222   0.244871    0.21331   0.174525   0.129392   0.079551  0.0268401 -0.0268401  -0.079551  -0.129392  -0.174525   -0.21331  -0.244871  -0.268222  -0.278598  -0.279459  -0.275399  -0.257778  -0.229752
 -0.0661903  -0.0526847   -0.035883  -0.0131125   0.0131125    0.035883   0.0526847   0.0661903   0.0779867   0.0874998   0.0934812   0.0948591   0.0945671    0.091045   0.0831188   0.0724058   0.0592406   0.0439208   0.0270027  0.00911058 -0.00911058  -0.0270027  -0.0439208  -0.0592406  -0.0724058  -0.0831188   -0.091045  -0.0945671  -0.0948591  -0.0934812  -0.0874998  -0.0779867
  0.0650221   0.0517549   0.0352497   0.0128811  -0.0128811  -0.0352497  -0.0517549  -0.0650221  -0.0766103  -0.0859556  -0.0918314   -0.093185  -0.0928982  -0.0894382  -0.0816519  -0.0711279  -0.0581951  -0.0431456  -0.0265261 -0.00894979  0.00894979   0.0265261   0.0431456   0.0581951   0.0711279   0.0816519   0.0894382   0.0928982    0.093185   0.0918314   0.0859556   0.0766103
  0.193873   0.154315   0.105102  0.0384069 -0.0384069  -0.105102  -0.154315  -0.193873  -0.228425   -0.25629  -0.273809  -0.277845   -0.27699  -0.266674  -0.243458  -0.212079  -0.173518  -0.128645 -0.0790918 -0.0266852  0.0266852  0.0790918   0.128645   0.173518   0.212079   0.243458   0.266674    0.27699   0.277845   0.273809    0.25629   0.228425
  0.315772   0.251341   0.171186  0.0625554 -0.0625554  -0.171186  -0.251341  -0.315772  -0.372049  -0.417433  -0.445968  -0.452542  -0.451149  -0.434346  -0.396533  -0.345424  -0.282618  -0.209532  -0.128821 -0.0434636  0.0434636   0.128821   0.209532   0.282618   0.345424   0.396533   0.434346   0.451149   0.452542   0.445968   0.417433   0.372049
  0.426098   0.339156   0.230995  0.0844112 -0.0844112  -0.230995  -0.339156  -0.426098  -0.502036  -0.563277  -0.601782  -0.610652  -0.608772  -0.586099  -0.535074  -0.466109  -0.381359  -0.282738  -0.173829  -0.058649   0.058649   0.173829   0.282738   0.381359   0.466109   0.535074   0.586099   0.608772   0.610652   0.601782   0.563277   0.502036
   0.52071   0.414463   0.282286   0.103154  -0.103154  -0.282286  -0.414463   -0.52071   -0.61351  -0.688349  -0.735403  -0.746243  -0.743946  -0.716238  -0.653884  -0.569606  -0.466037  -0.345518  -0.212426 -0.0716716  0.0716716   0.212426   0.345518   0.466037   0.569606   0.653884   0.716238   0.743946   0.746243   0.735403   0.688349    0.61351
  0.598647   0.476497   0.324537   0.118594  -0.118594  -0.324537  -0.476497  -0.598647  -0.705337  -0.791377  -0.845475  -0.857937  -0.855296  -0.823441  -0.751754  -0.654861  -0.535792  -0.397234  -0.244221 -0.0823991  0.0823991   0.244221   0.397234   0.535792   0.654861   0.751754   0.823441   0.855296   0.857937   0.845475   0.791377   0.705337
  0.658162   0.523869   0.356802   0.130384  -0.130384  -0.356802  -0.523869  -0.658162  -0.775459  -0.870053  -0.929529   -0.94323  -0.940327  -0.905304  -0.826491  -0.719966  -0.589058  -0.436725  -0.268501 -0.0905909  0.0905909   0.268501   0.436725   0.589058   0.719966   0.826491   0.905304   0.940327    0.94323   0.929529   0.870053   0.775459
  0.681051   0.542088    0.36921   0.134918  -0.134918   -0.36921  -0.542088  -0.681051  -0.802427  -0.900311  -0.961855  -0.976033  -0.973028  -0.936788  -0.855233  -0.745004  -0.609544  -0.451913  -0.277839 -0.0937414  0.0937414   0.277839   0.451913   0.609544   0.745004   0.855233   0.936788   0.973028   0.976033   0.961855   0.900311   0.802427
  0.681113   0.542137   0.369244    0.13493   -0.13493  -0.369244  -0.542137  -0.681113    -0.8025  -0.900392  -0.961942  -0.976121  -0.973116  -0.936873   -0.85531  -0.745071  -0.609599  -0.451954  -0.277864 -0.0937498  0.0937498   0.277864   0.451954   0.609599   0.745071    0.85531   0.936873   0.973116   0.976121   0.961942   0.900392     0.8025
  0.670995   0.534084   0.363759   0.132926  -0.132926  -0.363759  -0.534084  -0.670995  -0.790579  -0.887018  -0.947653  -0.961621  -0.958661  -0.922956  -0.842605  -0.734003  -0.600544  -0.445241  -0.273736 -0.0923573  0.0923573   0.273736   0.445241   0.600544   0.734003   0.842605   0.922956   0.958661   0.961621   0.947653   0.887018   0.790579
  0.630545   0.501887    0.34183   0.124913  -0.124913   -0.34183  -0.501887  -0.630545  -0.742921  -0.833545  -0.890525  -0.903652   -0.90087  -0.867317   -0.79181  -0.689755  -0.564341    -0.4184  -0.257235 -0.0867897  0.0867897   0.257235     0.4184   0.564341   0.689755    0.79181   0.867317    0.90087   0.903652   0.890525   0.833545   0.742921
  0.562602   0.447808   0.304997   0.111453  -0.111453  -0.304997  -0.447808  -0.562602  -0.662869  -0.743729  -0.794569  -0.806281  -0.803799  -0.773862  -0.706491  -0.615432  -0.503532  -0.373316  -0.229517 -0.0774379  0.0774379   0.229517   0.373316   0.503532   0.615432   0.706491   0.773862   0.803799   0.806281   0.794569   0.743729   0.662869
