  0.765324   0.664034   0.539592    0.39873   0.245087  0.0827393 -0.0827393  -0.245087   -0.39873  -0.539592  -0.664034  -0.765324  -0.829938   -0.84802  -0.849162  -0.843311  -0.803722  -0.722864  -0.612716  -0.474289   -0.30389  -0.105161   0.105161    0.30389   0.474289   0.612716   0.722864   0.803722   0.843311   0.849162    0.84802   0.829938
  0.670442    0.58171   0.472696   0.349297   0.214702  0.0724816 -0.0724816  -0.214702  -0.349297  -0.472696   -0.58171  -0.670442  -0.727045  -0.742885  -0.743886  -0.738761  -0.704079  -0.633246  -0.536754  -0.415489  -0.266215 -0.0921234  0.0921234   0.266215   0.415489   0.536754   0.633246   0.704079   0.738761   0.743886   0.742885   0.727045
  0.547738   0.475245   0.386183   0.285369   0.175407   0.059216  -0.059216  -0.175407  -0.285369  -0.386183  -0.475245  -0.547738  -0.593981  -0.606922   -0.60774  -0.603553  -0.575219  -0.517349  -0.438517  -0.339446  -0.217492 -0.0752629  0.0752629   0.217492   0.339446   0.438517   0.517349   0.575219   0.603553    0.60774   0.606922   0.593981
  0.405305   0.351664   0.285761   0.211162   0.129795  0.0438177 -0.0438177  -0.129795  -0.211162  -0.285761  -0.351664  -0.405305  -0.439524    -0.4491  -0.449705  -0.446606   -0.42564  -0.382819  -0.324486  -0.251177  -0.160936 -0.0556918  0.0556918   0.160936   0.251177   0.324486   0.382819    0.42564   0.446606   0.449705     0.4491   0.439524
  0.249721   0.216671   0.176066   0.130103  0.0799706  0.0269974 -0.0269974 -0.0799706  -0.130103  -0.176066  -0.216671  -0.249721  -0.270804  -0.276704  -0.277077  -0.275168   -0.26225  -0.235867  -0.199926  -0.154758 -0.0991575 -0.0343134  0.0343134  0.0991575   0.154758   0.199926   0.235867    0.26225   0.275168   0.277077   0.276704   0.270804
  0.0864243   0.0749861   0.0609335   0.0450266   0.0276765  0.00934335 -0.00934335  -0.0276765  -0.0450266  -0.0609335  -0.0749861  -0.0864243  -0.0937208  -0.0957627  -0.0958917   -0.095231  -0.0907604  -0.0816295  -0.0691911  -0.0535592  -0.0343168  -0.0118753   0.0118753   0.0343168   0.0535592   0.0691911   0.0816295   0.0907604    0.095231   0.0958917   0.0957627   0.0937208
  -0.079213  -0.0687292  -0.0558491  -0.0412696  -0.0253671 -0.00856373  0.00856373   0.0253671   0.0412696   0.0558491   0.0687292    0.079213   0.0859007   0.0877722   0.0878904   0.0872849   0.0831872   0.0748183   0.0634177   0.0490901   0.0314533   0.0108844  -0.0108844  -0.0314533  -0.0490901  -0.0634177  -0.0748183  -0.0831872  -0.0872849  -0.0878904  -0.0877722  -0.0859007
 -0.241601  -0.209625  -0.170341  -0.125873 -0.0773702 -0.0261195  0.0261195  0.0773702   0.125873   0.170341   0.209625   0.241601   0.261999   0.267707   0.268067    0.26622   0.253723   0.228197   0.193425   0.149726  0.0959333  0.0331977 -0.0331977 -0.0959333  -0.149726  -0.193425  -0.228197  -0.253723   -0.26622  -0.268067  -0.267707  -0.261999
 -0.395898  -0.343501  -0.279128  -0.206261  -0.126782 -0.0428006  0.0428006   0.126782   0.206261   0.279128   0.343501   0.395898   0.429322   0.438676   0.439267    0.43624   0.415761   0.373933   0.316955   0.245347     0.1572  0.0543991 -0.0543991    -0.1572  -0.245347  -0.316955  -0.373933  -0.415761   -0.43624  -0.439267  -0.438676  -0.429322
 -0.539013  -0.467675  -0.380032  -0.280823  -0.172614 -0.0582728  0.0582728   0.172614   0.280823   0.380032   0.467675   0.539013   0.584521   0.597255    0.59806   0.593939   0.566057   0.509109   0.431533   0.334039   0.214028  0.0740642 -0.0740642  -0.214028  -0.334039  -0.431533  -0.509109  -0.566057  -0.593939   -0.59806  -0.597255  -0.584521
 -0.668154  -0.579724  -0.471082  -0.348105  -0.213969 -0.0722343  0.0722343   0.213969   0.348105   0.471082   0.579724   0.668154   0.724564    0.74035   0.741347   0.736239   0.701676   0.631085   0.534922   0.414071   0.265306   0.091809  -0.091809  -0.265306  -0.414071  -0.534922  -0.631085  -0.701676  -0.736239  -0.741347   -0.74035  -0.724564
 -0.775141  -0.672552  -0.546514  -0.403845  -0.248231 -0.0838007  0.0838007   0.248231   0.403845   0.546514   0.672552   0.775141   0.840584   0.858898   0.860055   0.854129   0.814031   0.732137   0.620576   0.480373   0.307788    0.10651   -0.10651  -0.307788  -0.480373  -0.620576  -0.732137  -0.814031  -0.854129  -0.860055  -0.858898  -0.840584
 -0.837865  -0.726974  -0.590737  -0.436524  -0.268318 -0.0905818  0.0905818   0.268318   0.436524   0.590737   0.726974   0.837865   0.908603   0.928399   0.929649   0.923244   0.879902    0.79138   0.670793   0.519245   0.332694   0.115128  -0.115128  -0.332694  -0.519245  -0.670793   -0.79138  -0.879902  -0.923244  -0.929649  -0.928399  -0.908603
 -0.847277   -0.73514  -0.597373  -0.441427  -0.271332 -0.0915993  0.0915993   0.271332   0.441427   0.597373    0.73514   0.847277   0.918809   0.938827   0.940092   0.933615   0.889786    0.80027   0.678327   0.525077   0.336431   0.116422  -0.116422  -0.336431  -0.525077  -0.678327   -0.80027  -0.889786  -0.933615  -0.940092  -0.938827  -0.918809
 -0.846662  -0.734606  -0.596939  -0.441106  -0.271135 -0.0915328  0.0915328   0.271135   0.441106   0.596939   0.734606   0.846662   0.918142   0.938146   0.939409   0.932937    0.88914   0.799689   0.677835   0.524696   0.336187   0.116337  -0.116337  -0.336187  -0.524696  -0.677835  -0.799689   -0.88914  -0.932937  -0.939409  -0.938146  -0.918142
 -0.838308  -0.727358  -0.591049  -0.436754  -0.268459 -0.0906296  0.0906296   0.268459   0.436754   0.591049   0.727358   0.838308   0.909083   0.928889   0.930141   0.923732   0.880367   0.791799   0.671147   0.519519    0.33287   0.115189  -0.115189   -0.33287  -0.519519  -0.671147  -0.791799  -0.880367  -0.923732  -0.930141  -0.928889  -0.909083
 -0.801058  -0.695038  -0.564786  -0.417347  -0.256531 -0.0866025  0.0866025   0.256531   0.417347   0.564786   0.695038   0.801058   0.868689   0.887614    0.88881   0.882686   0.841248   0.756615   0.641325   0.496434   0.318079   0.110071  -0.110071  -0.318079  -0.496434  -0.641325  -0.756615  -0.841248  -0.882686   -0.88881  -0.887614  -0.868689
  -0.72599  -0.629906   -0.51186  -0.378237  -0.232491  -0.078487   0.078487   0.232491   0.378237    0.51186   0.629906    0.72599   0.787283   0.804436   0.805519   0.799969   0.762414   0.685712   0.581226   0.449913   0.288271  0.0997561 -0.0997561  -0.288271  -0.449913  -0.581226  -0.685712  -0.762414  -0.799969  -0.805519  -0.804436  -0.787283
 -0.617073  -0.535404  -0.435068  -0.321492  -0.197611 -0.0667119  0.0667119   0.197611   0.321492   0.435068   0.535404   0.617073   0.669171    0.68375   0.684671   0.679954   0.648033   0.582838   0.494027   0.382415   0.245023  0.0847902 -0.0847902  -0.245023  -0.382415  -0.494027  -0.582838  -0.648033  -0.679954  -0.684671   -0.68375  -0.669171
 -0.476467  -0.413407  -0.335934  -0.248237  -0.152584  -0.051511   0.051511   0.152584   0.248237   0.335934   0.413407   0.476467   0.516694   0.527951   0.528662    0.52502   0.500372   0.450033   0.381458   0.295278   0.189192  0.0654699 -0.0654699  -0.189192  -0.295278  -0.381458  -0.450033  -0.500372   -0.52502  -0.528662  -0.527951  -0.516694
 -0.306123  -0.265608  -0.215832  -0.159489 -0.0980329 -0.0330951  0.0330951  0.0980329   0.159489   0.215832   0.265608   0.306123   0.331968   0.339201   0.339658   0.337318   0.321482    0.28914   0.245082   0.189712   0.121553  0.0420635 -0.0420635  -0.121553  -0.189712  -0.245082   -0.28914  -0.321482  -0.337318  -0.339658  -0.339201  -0.331968
 -0.112049 -0.0972196 -0.0790004 -0.0583771 -0.0358826 -0.0121137  0.0121137  0.0358826  0.0583771  0.0790004  0.0972196   0.112049   0.121509   0.124156   0.124324   0.123467   0.117671   0.105833  0.0897063  0.0694395  0.0444917  0.0153963 -0.0153963 -0.0444917 -0.0694395 -0.0897063  -0.105833  -0.117671  -0.123467  -0.124324  -0.124156  -0.121509
 0.0926888  0.0804215  0.0653503  0.0482904  0.0296826  0.0100206 -0.0100206 -0.0296826 -0.0482904 -0.0653503 -0.0804215 -0.0926888  -0.100514  -0.102704  -0.102842  -0.102134 -0.0973391 -0.0875464 -0.0742064 -0.0574414 -0.0368042 -0.0127361  0.0127361  0.0368042  0.0574414  0.0742064  0.0875464  0.0973391   0.102134   0.102842   0.102704   0.100514
  0.290656   0.252188   0.204927    0.15143  0.0930797  0.0314229 -0.0314229 -0.0930797   -0.15143  -0.204927  -0.252188  -0.290656  -0.315195  -0.322062  -0.322496  -0.320274  -0.305239  -0.274531  -0.232699  -0.180126  -0.115412 -0.0399382  0.0399382   0.115412   0.180126   0.232699   0.274531   0.305239   0.320274   0.322496   0.322062   0.315195
  0.467211   0.405376   0.329407   0.243414   0.149619  0.0505102 -0.0505102  -0.149619  -0.243414  -0.329407  -0.405376  -0.467211  -0.506656  -0.517694  -0.518392   -0.51482  -0.490651   -0.44129  -0.374048  -0.289541  -0.185517  -0.064198   0.064198   0.185517   0.289541   0.374048    0.44129   0.490651    0.51482   0.518392   0.517694   0.506656
  0.615842   0.534336     0.4342   0.320851   0.197217  0.0665788 -0.0665788  -0.197217  -0.320851    -0.4342  -0.534336  -0.615842  -0.667835  -0.682385  -0.683305  -0.678597   -0.64674  -0.581675  -0.493041  -0.381652  -0.244534 -0.0846209  0.0846209   0.244534   0.381652   0.493041   0.581675    0.64674   0.678597   0.683305   0.682385   0.667835
  0.735448   0.638111   0.518528   0.383165    0.23552  0.0795094 -0.0795094   -0.23552  -0.383165  -0.518528  -0.638111  -0.735448  -0.797539  -0.814915  -0.816012   -0.81039  -0.772346  -0.694645  -0.588797  -0.455774  -0.292026  -0.101056   0.101056   0.292026   0.455774   0.588797   0.694645   0.772346    0.81039   0.816012   0.814915   0.797539
  0.819328    0.71089   0.577668   0.426866   0.262381  0.0885777 -0.0885777  -0.262381  -0.426866  -0.577668   -0.71089  -0.819328  -0.888501  -0.907859  -0.909081  -0.902818  -0.860435  -0.773872  -0.655952  -0.507757  -0.325333  -0.112581   0.112581   0.325333   0.507757   0.655952   0.773872   0.860435   0.902818   0.909081   0.907859   0.888501
  0.846142   0.734156   0.596573   0.440836   0.270968  0.0914766 -0.0914766  -0.270968  -0.440836  -0.596573  -0.734156  -0.846142  -0.917579  -0.937571  -0.938833  -0.932365  -0.888595  -0.799199  -0.677419  -0.524374   -0.33598  -0.116266   0.116266    0.33598   0.524374   0.677419   0.799199   0.888595   0.932365   0.938833   0.937571   0.917579
  0.847226   0.735096   0.597337     0.4414   0.271315  0.0915937 -0.0915937  -0.271315    -0.4414  -0.597337  -0.735096  -0.847226  -0.918754  -0.938771  -0.940035  -0.933559  -0.889732  -0.800222  -0.678287  -0.525046  -0.336411  -0.116415   0.116415   0.336411   0.525046   0.678287   0.800222   0.889732   0.933559   0.940035   0.938771   0.918754
  0.844293   0.732551   0.595269   0.439872   0.270376  0.0912767 -0.0912767  -0.270376  -0.439872  -0.595269  -0.732551  -0.844293  -0.915574  -0.935521  -0.936781  -0.930327  -0.886652  -0.797451  -0.675938  -0.523228  -0.335246  -0.116012   0.116012   0.335246   0.523228   0.675938   0.797451   0.886652   0.930327   0.936781   0.935521   0.915574
  0.824105   0.715035   0.581035   0.429355   0.263911  0.0890941 -0.0890941  -0.263911  -0.429355  -0.581035  -0.715035  -0.824105  -0.893681  -0.913152  -0.914382  -0.908082  -0.865452  -0.778384  -0.659776  -0.510717   -0.32723  -0.113238   0.113238    0.32723   0.510717   0.659776   0.778384   0.865452   0.908082   0.914382   0.913152   0.893681
