    0.901797      0.82283     0.716802     0.592842     0.441443     0.242578  1.87784e-15    -0.242578    -0.441443    -0.592842    -0.716802     -0.82283    -0.901797    -0.932466    -0.934735    -0.923452    -0.867152    -0.772944    -0.653522    -0.512167     -0.35222    -0.179348 -1.56385e-15     0.179348      0.35222     0.512167     0.653522     0.772944     0.867152     0.923452     0.934735     0.932466
    0.827329     0.754883     0.657611     0.543887      0.40499     0.222546  1.71499e-15    -0.222546     -0.40499    -0.543887    -0.657611    -0.754883    -0.827329    -0.855465    -0.857547    -0.847196    -0.795545    -0.709116    -0.599556    -0.469873    -0.323135    -0.164538 -1.46064e-15     0.164538     0.323135     0.469873     0.599556     0.709116     0.795545     0.847196     0.857547     0.855465
    0.722341     0.659088     0.574159     0.474868     0.353596     0.194305  1.52352e-15    -0.194305    -0.353596    -0.474868    -0.574159    -0.659088    -0.722341    -0.746907    -0.748724    -0.739686     -0.69459    -0.619129    -0.523472    -0.410246    -0.282129    -0.143658 -1.27502e-15     0.143658     0.282129     0.410246     0.523472     0.619129      0.69459     0.739686     0.748724     0.746907
    0.595934      0.54375     0.473684     0.391768     0.291719     0.160303  1.28142e-15    -0.160303    -0.291719    -0.391768    -0.473684     -0.54375    -0.595934    -0.616201      -0.6177    -0.610244    -0.573039    -0.510784    -0.431866    -0.338455    -0.232758    -0.118519 -1.03845e-15     0.118519     0.232758     0.338455     0.431866     0.510784     0.573039     0.610244       0.6177     0.616201
     0.43991     0.401389     0.349667     0.289198     0.215343     0.118333  9.40816e-16    -0.118333    -0.215343    -0.289198    -0.349667    -0.401389     -0.43991    -0.454871    -0.455978    -0.450474     -0.42301    -0.377054    -0.318798    -0.249843    -0.171818   -0.0874888 -7.58237e-16    0.0874888     0.171818     0.249843     0.318798     0.377054      0.42301     0.450474     0.455978     0.454871
   0.240351    0.219305    0.191046    0.158007    0.117656    0.064653 4.99546e-16   -0.064653   -0.117656   -0.158007   -0.191046   -0.219305   -0.240351   -0.248525    -0.24913   -0.246123   -0.231118   -0.206009    -0.17418   -0.136505  -0.0938755  -0.0478008  -4.122e-16   0.0478008   0.0938755    0.136505     0.17418    0.206009    0.231118    0.246123     0.24913    0.248525
  0.00442811   0.00404035   0.00351972   0.00291104   0.00216762   0.00119113  6.55942e-18  -0.00119113  -0.00216762  -0.00291104  -0.00351972  -0.00404035  -0.00442811   -0.0045787  -0.00458984  -0.00453444  -0.00425799   -0.0037954    -0.003209   -0.0025149  -0.00172951 -0.000880656 -1.22108e-17  0.000880656   0.00172951    0.0025149     0.003209    0.0037954   0.00425799   0.00453444   0.00458984    0.0045787
   -0.233288    -0.212859    -0.185431    -0.153364    -0.114198   -0.0627529 -4.76561e-16    0.0627529     0.114198     0.153364     0.185431     0.212859     0.233288     0.241221     0.241808      0.23889     0.224325     0.199954     0.169061     0.132493    0.0911166    0.0463959  3.93281e-16   -0.0463959   -0.0911166    -0.132493    -0.169061    -0.199954    -0.224325     -0.23889    -0.241808    -0.241221
    -0.43724    -0.398953    -0.347545    -0.287442    -0.214036    -0.117615 -8.92298e-16     0.117615     0.214036     0.287442     0.347545     0.398953      0.43724      0.45211      0.45321      0.44774     0.420442     0.374765     0.316863     0.248326     0.170776    0.0869578  7.43993e-16   -0.0869578    -0.170776    -0.248326    -0.316863    -0.374765    -0.420442     -0.44774     -0.45321     -0.45211
   -0.596557    -0.544319    -0.474179    -0.392178    -0.292024     -0.16047 -1.25301e-15      0.16047     0.292024     0.392178     0.474179     0.544319     0.596557     0.616846     0.618347     0.610883     0.573639     0.511319     0.432318     0.338809     0.233001     0.118643  1.00077e-15    -0.118643    -0.233001    -0.338809    -0.432318    -0.511319    -0.573639    -0.610883    -0.618347    -0.616846
   -0.722611    -0.659335    -0.574375    -0.475046    -0.353729    -0.194378 -1.51506e-15     0.194378     0.353729     0.475046     0.574375     0.659335     0.722611     0.747187     0.749005     0.739964      0.69485     0.619361     0.523668       0.4104     0.282235     0.143712   1.2232e-15    -0.143712    -0.282235      -0.4104    -0.523668    -0.619361     -0.69485    -0.739964    -0.749005    -0.747187
   -0.828474    -0.755927     -0.65852    -0.544639     -0.40555    -0.222854 -1.73993e-15     0.222854      0.40555     0.544639      0.65852     0.755927     0.828474     0.856649     0.858733     0.848368     0.796645     0.710097     0.600385     0.470523     0.323582     0.164766  1.42768e-15    -0.164766    -0.323582    -0.470523    -0.600385    -0.710097    -0.796645    -0.848368    -0.858733    -0.856649
   -0.908932    -0.829341    -0.722474    -0.597533    -0.444936    -0.244497 -1.89497e-15     0.244497     0.444936     0.597533     0.722474     0.829341     0.908932     0.939844     0.942131     0.930758     0.874013      0.77906     0.658693     0.516219     0.355007     0.180767  1.56602e-15    -0.180767    -0.355007    -0.516219    -0.658693     -0.77906    -0.874013    -0.930758    -0.942131    -0.939844
   -0.934148    -0.852349    -0.742517     -0.61411     -0.45728     -0.25128 -1.94116e-15      0.25128      0.45728      0.61411     0.742517     0.852349     0.934148     0.965918     0.968268      0.95658      0.89826     0.800673     0.676967      0.53054     0.364856     0.185782  1.59508e-15    -0.185782    -0.364856     -0.53054    -0.676967    -0.800673     -0.89826     -0.95658    -0.968268    -0.965918
   -0.933994    -0.852208    -0.742394    -0.614009    -0.457204    -0.251239 -1.94289e-15     0.251239     0.457204     0.614009     0.742394     0.852208     0.933994     0.965758     0.968108     0.956422     0.898112     0.800541     0.676855     0.530453     0.364796     0.185751  1.58749e-15    -0.185751    -0.364796    -0.530453    -0.676855    -0.800541    -0.898112    -0.956422    -0.968108    -0.965758
   -0.921772    -0.841056    -0.732679    -0.605974    -0.451221    -0.247951 -1.96371e-15     0.247951     0.451221     0.605974     0.732679     0.841056     0.921772      0.95312      0.95544     0.943906     0.886359     0.790065     0.667998     0.523511     0.360022     0.183321   1.5645e-15    -0.183321    -0.360022    -0.523511    -0.667998    -0.790065    -0.886359    -0.943906     -0.95544     -0.95312
   -0.869973    -0.793793    -0.691506    -0.571921    -0.425865    -0.234017 -1.87437e-15     0.234017     0.425865     0.571921     0.691506     0.793793     0.869973      0.89956     0.901748     0.890863      0.83655     0.745667     0.630459     0.494092     0.339791     0.173019  1.46844e-15    -0.173019    -0.339791    -0.494092    -0.630459    -0.745667     -0.83655    -0.890863    -0.901748     -0.89956
  -0.778167   -0.710026   -0.618534   -0.511568   -0.380924   -0.209322 -1.6469e-15    0.209322    0.380924    0.511568    0.618534    0.710026    0.778167    0.804632     0.80659    0.796853    0.748272    0.666979    0.563929    0.441952    0.303934    0.154761  1.3198e-15   -0.154761   -0.303934   -0.441952   -0.563929   -0.666979   -0.748272   -0.796853    -0.80659   -0.804632
   -0.657501    -0.599927    -0.522621    -0.432242    -0.321857    -0.176864 -1.37715e-15     0.176864     0.321857     0.432242     0.522621     0.599927     0.657501     0.679862     0.681516      0.67329     0.632242     0.563555     0.476484     0.373421     0.256804     0.130763  1.10957e-15    -0.130763    -0.256804    -0.373421    -0.476484    -0.563555    -0.632242     -0.67329    -0.681516    -0.679862
   -0.514751    -0.469676    -0.409155    -0.338398    -0.251978    -0.138465 -1.07846e-15     0.138465     0.251978     0.338398     0.409155     0.469676     0.514751     0.532257     0.533552     0.527112     0.494975     0.441201     0.373034     0.292348     0.201049     0.102373  8.62537e-16    -0.102373    -0.201049    -0.292348    -0.373034    -0.441201    -0.494975    -0.527112    -0.533552    -0.532257
   -0.354336    -0.323308    -0.281647    -0.232941    -0.173453   -0.0953141 -7.47124e-16    0.0953141     0.173453     0.232941     0.281647     0.323308     0.354336     0.366386     0.367278     0.362844     0.340723     0.303706     0.256783     0.201241     0.138395    0.0704698   5.9436e-16   -0.0704698    -0.138395    -0.201241    -0.256783    -0.303706    -0.340723    -0.362844    -0.367278    -0.366386
   -0.181177    -0.165312     -0.14401    -0.119106   -0.0886887   -0.0487354 -3.85285e-16    0.0487354    0.0886887     0.119106      0.14401     0.165312     0.181177     0.187338     0.187794     0.185527     0.174216     0.155289     0.131297     0.102898    0.0707633    0.0360322  3.06612e-16   -0.0360322   -0.0707633    -0.102898    -0.131297    -0.155289    -0.174216    -0.185527    -0.187794    -0.187338
 -0.00133702  -0.00121995  -0.00106275 -0.000878961 -0.000654493 -0.000359651 -5.89535e-18  0.000359651  0.000654493  0.000878961   0.00106275   0.00121995   0.00133702   0.00138249   0.00138586   0.00136913   0.00128566   0.00114598  0.000968925  0.000759349  0.000522209  0.000265905  6.55942e-18 -0.000265905 -0.000522209 -0.000759349 -0.000968925  -0.00114598  -0.00128566  -0.00136913  -0.00138586  -0.00138249
   0.178648    0.163004       0.142    0.117443   0.0874508   0.0480552 3.66745e-16  -0.0480552  -0.0874508   -0.117443      -0.142   -0.163004   -0.178648   -0.184723   -0.185173   -0.182938   -0.171785   -0.153122   -0.129464   -0.101461  -0.0697756  -0.0355292 -2.9577e-16   0.0355292   0.0697756    0.101461    0.129464    0.153122    0.171785    0.182938    0.185173    0.184723
    0.352199     0.321359     0.279949     0.231536     0.172407    0.0947395    7.296e-16   -0.0947395    -0.172407    -0.231536    -0.279949    -0.321359    -0.352199    -0.364177    -0.365063    -0.360657    -0.338669    -0.301875    -0.255235    -0.200028    -0.137561   -0.0700449 -6.00052e-16    0.0700449     0.137561     0.200028     0.255235     0.301875     0.338669     0.360657     0.365063     0.364177
    0.512588     0.467702     0.407435     0.336976     0.250919     0.137883  1.08355e-15    -0.137883    -0.250919    -0.336976    -0.407435    -0.467702    -0.512588     -0.53002     -0.53131    -0.524896    -0.492895    -0.439347    -0.371466    -0.291119    -0.200205    -0.101943 -8.63188e-16     0.101943     0.200205     0.291119     0.371466     0.439347     0.492895     0.524896      0.53131      0.53002
    0.654236     0.596947     0.520026     0.430095     0.320258     0.175985  1.36805e-15    -0.175985    -0.320258    -0.430095    -0.520026    -0.596947    -0.654236    -0.676486    -0.678132    -0.669946    -0.629102    -0.560756    -0.474117    -0.371567    -0.255529    -0.130114 -1.10762e-15     0.130114     0.255529     0.371567     0.474117     0.560756     0.629102     0.669946     0.678132     0.676486
    0.775322      0.70743     0.616272     0.509698     0.379532     0.208557  1.62001e-15    -0.208557    -0.379532    -0.509698    -0.616272     -0.70743    -0.775322     -0.80169    -0.803641     -0.79394    -0.745536     -0.66454    -0.561867    -0.440336    -0.302822    -0.154195 -1.31503e-15     0.154195     0.302822     0.440336     0.561867      0.66454     0.745536      0.79394     0.803641      0.80169
     0.87364     0.797139     0.694421     0.574332      0.42766     0.235004  1.83339e-15    -0.235004     -0.42766    -0.574332    -0.694421    -0.797139     -0.87364    -0.903351    -0.905549    -0.894619    -0.840077     -0.74881    -0.633117    -0.496175    -0.341223    -0.173748 -1.49013e-15     0.173748     0.341223     0.496175     0.633117      0.74881     0.840077     0.894619     0.905549     0.903351
    0.929287     0.847913     0.738653     0.610914       0.4549     0.249972  1.93335e-15    -0.249972      -0.4549    -0.610914    -0.738653    -0.847913    -0.929287    -0.960891    -0.963229    -0.951602    -0.893586    -0.796506    -0.673444    -0.527779    -0.362957    -0.184815 -1.60072e-15     0.184815     0.362957     0.527779     0.673444     0.796506     0.893586     0.951602     0.963229     0.960891
    0.935082     0.853201     0.743259     0.614724     0.457737     0.251531  1.96826e-15    -0.251531    -0.457737    -0.614724    -0.743259    -0.853201    -0.935082    -0.966883    -0.969236    -0.957537    -0.899159    -0.801474    -0.677644    -0.531071    -0.365221    -0.185968 -1.60982e-15     0.185968     0.365221     0.531071     0.677644     0.801474     0.899159     0.957537     0.969236     0.966883
    0.931166     0.849628     0.740147      0.61215      0.45582     0.250478  1.95503e-15    -0.250478     -0.45582     -0.61215    -0.740147    -0.849628    -0.931166    -0.962834    -0.965177    -0.953526    -0.895393    -0.798117    -0.674806    -0.528847    -0.363691    -0.185189 -1.59161e-15     0.185189     0.363691     0.528847     0.674806     0.798117     0.895393     0.953526     0.965177     0.962834
