  0.928109   0.933949   0.932773   0.914279   0.845071   0.733708   0.595726    0.43962    0.26994  0.0910855 -0.0910855   -0.26994   -0.43962  -0.595726  -0.733708  -0.845071  -0.914279  -0.932773  -0.933949  -0.928109  -0.887462  -0.799512  -0.676669  -0.521497  -0.332399  -0.114631   0.114631   0.332399   0.521497   0.676669   0.799512   0.887462
  0.928938   0.934784   0.933606   0.915095   0.845826   0.734363   0.596258   0.440013   0.270181  0.0911669 -0.0911669  -0.270181  -0.440013  -0.596258  -0.734363  -0.845826  -0.915095  -0.933606  -0.934784  -0.928938  -0.888255  -0.800226  -0.677273  -0.521963  -0.332695  -0.114733   0.114733   0.332695   0.521963   0.677273   0.800226   0.888255
  0.925734    0.93156   0.930387    0.91194   0.842909   0.731831   0.594202   0.438496    0.26925  0.0908525 -0.0908525   -0.26925  -0.438496  -0.594202  -0.731831  -0.842909   -0.91194  -0.930387   -0.93156  -0.925734  -0.885192  -0.797466  -0.674938  -0.520163  -0.331548  -0.114338   0.114338   0.331548   0.520163   0.674938   0.797466   0.885192
  0.904216   0.909906    0.90876   0.890742   0.823316    0.71482    0.58039   0.428303   0.262991  0.0887407 -0.0887407  -0.262991  -0.428303   -0.58039   -0.71482  -0.823316  -0.890742   -0.90876  -0.909906  -0.904216  -0.864615  -0.778929  -0.659249  -0.508072  -0.323841   -0.11168    0.11168   0.323841   0.508072   0.659249   0.778929   0.864615
  0.841118   0.846411   0.845346   0.828584   0.765864   0.664939    0.53989   0.398415   0.244639  0.0825482 -0.0825482  -0.244639  -0.398415   -0.53989  -0.664939  -0.765864  -0.828584  -0.845346  -0.846411  -0.841118  -0.804281  -0.724574  -0.613246  -0.472618  -0.301243  -0.103887   0.103887   0.301243   0.472618   0.613246   0.724574   0.804281
  0.738184    0.74283   0.741894   0.727184   0.672139   0.583565   0.473819   0.349658   0.214701  0.0724462 -0.0724462  -0.214701  -0.349658  -0.473819  -0.583565  -0.672139  -0.727184  -0.741894   -0.74283  -0.738184  -0.705855  -0.635903  -0.538198   -0.41478  -0.264378 -0.0911734  0.0911734   0.264378    0.41478   0.538198   0.635903   0.705855
  0.603835   0.607635    0.60687   0.594837   0.549811   0.477357   0.387585   0.286021   0.175625   0.059261  -0.059261  -0.175625  -0.286021  -0.387585  -0.477357  -0.549811  -0.594837   -0.60687  -0.607635  -0.603835   -0.57739  -0.520169  -0.440247  -0.339291  -0.216261 -0.0745799  0.0745799   0.216261   0.339291   0.440247   0.520169    0.57739
  0.447015   0.449828   0.449262   0.440354   0.407021   0.353384   0.286926   0.211739   0.130014  0.0438705 -0.0438705  -0.130014  -0.211739  -0.286926  -0.353384  -0.407021  -0.440354  -0.449262  -0.449828  -0.447015  -0.427438  -0.385077  -0.325911  -0.251174  -0.160097  -0.055211   0.055211   0.160097   0.251174   0.325911   0.385077   0.427438
  0.275484   0.277218   0.276869   0.271379   0.250837   0.217782   0.176825   0.130489  0.0801245  0.0270363 -0.0270363 -0.0801245  -0.130489  -0.176825  -0.217782  -0.250837  -0.271379  -0.276869  -0.277218  -0.275484  -0.263419  -0.237314  -0.200851  -0.154792 -0.0986636 -0.0340251  0.0340251  0.0986636   0.154792   0.200851   0.237314   0.263419
    0.09574   0.0963425   0.0962212   0.0943134   0.0871742   0.0756864   0.0614528   0.0453495    0.027846  0.00939602 -0.00939602   -0.027846  -0.0453495  -0.0614528  -0.0756864  -0.0871742  -0.0943134  -0.0962212  -0.0963425    -0.09574   -0.091547  -0.0824744  -0.0698025  -0.0537956  -0.0342889  -0.0118249   0.0118249   0.0342889   0.0537956   0.0698025   0.0824744    0.091547
 -0.0862021  -0.0867446  -0.0866353  -0.0849176  -0.0784897  -0.0681463  -0.0553307  -0.0408316  -0.0250719 -0.00845997  0.00845997   0.0250719   0.0408316   0.0553307   0.0681463   0.0784897   0.0849176   0.0866353   0.0867446   0.0862021   0.0824269   0.0742581   0.0628486   0.0484363    0.030873   0.0106469  -0.0106469   -0.030873  -0.0484363  -0.0628486  -0.0742581  -0.0824269
 -0.264595   -0.26626  -0.265925  -0.260652  -0.240922  -0.209173  -0.169836  -0.125332 -0.0769574 -0.0259676  0.0259676  0.0769574   0.125332   0.169836   0.209173   0.240922   0.260652   0.265925    0.26626   0.264595   0.253007   0.227933   0.192912   0.148674  0.0947637  0.0326802 -0.0326802 -0.0947637  -0.148674  -0.192912  -0.227933  -0.253007
 -0.434738  -0.437474  -0.436923   -0.42826  -0.395843  -0.343679  -0.279046  -0.205924  -0.126444 -0.0426657  0.0426657   0.126444   0.205924   0.279046   0.343679   0.395843    0.42826   0.436923   0.437474   0.434738   0.415699   0.374502   0.316961   0.244276     0.1557  0.0536947 -0.0536947    -0.1557  -0.244276  -0.316961  -0.374502  -0.415699
 -0.593428  -0.597162   -0.59641  -0.584585  -0.540334  -0.469129  -0.380904  -0.281091  -0.172598 -0.0582396  0.0582396   0.172598   0.281091   0.380904   0.469129   0.540334   0.584585    0.59641   0.597162   0.593428   0.567438   0.511204   0.432659   0.333443   0.212534  0.0732945 -0.0732945  -0.212534  -0.333443  -0.432659  -0.511204  -0.567438
 -0.736801  -0.741437  -0.740504  -0.725821  -0.670879  -0.582471  -0.472931  -0.349003  -0.214298 -0.0723104  0.0723104   0.214298   0.349003   0.472931   0.582471   0.670879   0.725821   0.740504   0.741437   0.736801   0.704532   0.634711   0.537189   0.414003   0.263882  0.0910025 -0.0910025  -0.263882  -0.414003  -0.537189  -0.634711  -0.704532
 -0.854378  -0.859754  -0.858672  -0.841646  -0.777937  -0.675421    -0.5484  -0.404696  -0.248496 -0.0838495  0.0838495   0.248496   0.404696     0.5484   0.675421   0.777937   0.841646   0.858672   0.859754   0.854378    0.81696   0.735997   0.622913   0.480068   0.305992   0.105524  -0.105524  -0.305992  -0.480068  -0.622913  -0.735997   -0.81696
 -0.920193  -0.925984  -0.924818  -0.906481  -0.837864  -0.727451  -0.590646  -0.435871  -0.267638 -0.0903087  0.0903087   0.267638   0.435871   0.590646   0.727451   0.837864   0.906481   0.924818   0.925984   0.920193   0.879893   0.792693   0.670898    0.51705   0.329564   0.113653  -0.113653  -0.329564   -0.51705  -0.670898  -0.792693  -0.879893
 -0.928861  -0.934706  -0.933529  -0.915019  -0.845756  -0.734303  -0.596209  -0.439976  -0.270159 -0.0911593  0.0911593   0.270159   0.439976   0.596209   0.734303   0.845756   0.915019   0.933529   0.934706   0.928861   0.888181   0.800159   0.677217    0.52192   0.332668   0.114724  -0.114724  -0.332668   -0.52192  -0.677217  -0.800159  -0.888181
-0.928174 -0.934015 -0.932839 -0.914343 -0.845131  -0.73376 -0.595768 -0.439651 -0.269959 -0.091092  0.091092  0.269959  0.439651  0.595768   0.73376  0.845131  0.914343  0.932839  0.934015  0.928174  0.887524  0.799568  0.676717  0.521534  0.332422  0.114639 -0.114639 -0.332422 -0.521534 -0.676717 -0.799568 -0.887524
 -0.919549  -0.925336  -0.924171  -0.905847  -0.837278  -0.726941  -0.590232  -0.435566  -0.267451 -0.0902455  0.0902455   0.267451   0.435566   0.590232   0.726941   0.837278   0.905847   0.924171   0.925336   0.919549   0.879277   0.792138   0.670428   0.516688   0.329333   0.113574  -0.113574  -0.329333  -0.516688  -0.670428  -0.792138  -0.879277
 -0.880324  -0.885863  -0.884748  -0.867206  -0.801561  -0.695932  -0.565054  -0.416986  -0.256042 -0.0863959  0.0863959   0.256042   0.416986   0.565054   0.695932   0.801561   0.867206   0.884748   0.885863   0.880324    0.84177   0.758348    0.64183   0.494647   0.315285   0.108729  -0.108729  -0.315285  -0.494647   -0.64183  -0.758348   -0.84177
 -0.799001  -0.804029  -0.803016  -0.787095  -0.727515  -0.631643  -0.512856  -0.378465  -0.232389 -0.0784148  0.0784148   0.232389   0.378465   0.512856   0.631643   0.727515   0.787095   0.803016   0.804029   0.799001   0.764008   0.688293   0.582538   0.448953   0.286159  0.0986849 -0.0986849  -0.286159  -0.448953  -0.582538  -0.688293  -0.764008
 -0.679109  -0.683383  -0.682522  -0.668989  -0.618349  -0.536863    -0.4359  -0.321676  -0.197519 -0.0666485  0.0666485   0.197519   0.321676     0.4359   0.536863   0.618349   0.668989   0.682522   0.683383   0.679109   0.649367   0.585013   0.495127   0.381586    0.24322   0.083877  -0.083877   -0.24322  -0.381586  -0.495127  -0.585013  -0.649367
 -0.523474  -0.526768  -0.526105  -0.515674  -0.476639  -0.413828  -0.336003  -0.247956  -0.152252 -0.0513743  0.0513743   0.152252   0.247956   0.336003   0.413828   0.476639   0.515674   0.526105   0.526768   0.523474   0.500549   0.450943   0.381657   0.294136    0.18748  0.0646545 -0.0646545   -0.18748  -0.294136  -0.381657  -0.450943  -0.500549
 -0.335767   -0.33788  -0.337454  -0.330763  -0.305726  -0.265437  -0.215519  -0.159044 -0.0976577 -0.0329525  0.0329525  0.0976577   0.159044   0.215519   0.265437   0.305726   0.330763   0.337454    0.33788   0.335767   0.321062   0.289244   0.244802   0.188665   0.120254  0.0414707 -0.0414707  -0.120254  -0.188665  -0.244802  -0.289244  -0.321062
 -0.123618  -0.124396  -0.124239  -0.121776  -0.112558 -0.0977251 -0.0793468 -0.0585545 -0.0359543  -0.012132   0.012132  0.0359543  0.0585545  0.0793468  0.0977251   0.112558   0.121776   0.124239   0.124396   0.123618   0.118204    0.10649  0.0901278    0.06946  0.0442733  0.0152681 -0.0152681 -0.0442733   -0.06946 -0.0901278   -0.10649  -0.118204
  0.0992787   0.0999035   0.0997777   0.0977993   0.0903963   0.0784839   0.0637241   0.0470257   0.0288752  0.00974332 -0.00974332  -0.0288752  -0.0470257  -0.0637241  -0.0784839  -0.0903963  -0.0977993  -0.0997777  -0.0999035  -0.0992787  -0.0949308  -0.0855228  -0.0723825   -0.055784  -0.0355563  -0.0122619   0.0122619   0.0355563    0.055784   0.0723825   0.0855228   0.0949308
  0.315714     0.3177     0.3173   0.311009   0.287467   0.249585   0.202648   0.149545  0.0918252  0.0309845 -0.0309845 -0.0918252  -0.149545  -0.202648  -0.249585  -0.287467  -0.311009    -0.3173    -0.3177  -0.315714  -0.301887  -0.271969  -0.230182  -0.177397  -0.113072 -0.0389939  0.0389939   0.113072   0.177397   0.230182   0.271969   0.301887
    0.5111   0.514316   0.513668   0.503484   0.465372   0.404045    0.32806   0.242094   0.148653  0.0501599 -0.0501599  -0.148653  -0.242094   -0.32806  -0.404045  -0.465372  -0.503484  -0.513668  -0.514316    -0.5111  -0.488716  -0.440283  -0.372635  -0.287183  -0.183048 -0.0631261  0.0631261   0.183048   0.287183   0.372635   0.440283   0.488716
  0.677927   0.682193   0.681334   0.667825   0.617273   0.535929   0.435142   0.321116   0.197175  0.0665325 -0.0665325  -0.197175  -0.321116  -0.435142  -0.535929  -0.617273  -0.667825  -0.681334  -0.682193  -0.677927  -0.648237  -0.583995  -0.494266  -0.380922  -0.242797  -0.083731   0.083731   0.242797   0.380922   0.494266   0.583995   0.648237
  0.812591   0.817704   0.816675   0.800482   0.739889   0.642386   0.521579   0.384902   0.236342  0.0797485 -0.0797485  -0.236342  -0.384902  -0.521579  -0.642386  -0.739889  -0.800482  -0.816675  -0.817704  -0.812591  -0.777003       -0.7  -0.592447  -0.456589  -0.291026  -0.100363   0.100363   0.291026   0.456589   0.592447        0.7   0.777003
  0.903227   0.908911   0.907767   0.889768   0.822416   0.714038   0.579756   0.427835   0.262703  0.0886437 -0.0886437  -0.262703  -0.427835  -0.579756  -0.714038  -0.822416  -0.889768  -0.907767  -0.908911  -0.903227   -0.86367  -0.778078  -0.658528  -0.507517  -0.323487  -0.111558   0.111558   0.323487   0.507517   0.658528   0.778078    0.86367
