    0.935988      0.92997     0.887297     0.793955     0.667754     0.520131     0.356757     0.181653  1.47712e-15    -0.181653    -0.356757    -0.520131    -0.667754    -0.793955    -0.887297     -0.92997    -0.935988    -0.934756    -0.915707    -0.848679     -0.74228    -0.604095    -0.432514    -0.227378 -1.91513e-15     0.227378     0.432514     0.604095      0.74228     0.848679     0.915707     0.934756
    0.926754     0.920796     0.878544     0.786122     0.661166        0.515     0.353238     0.179861  1.43462e-15    -0.179861    -0.353238       -0.515    -0.661166    -0.786122    -0.878544    -0.920796    -0.926754    -0.925534    -0.906673    -0.840307    -0.734957    -0.598136    -0.428247    -0.225135 -1.89952e-15     0.225135     0.428247     0.598136     0.734957     0.840307     0.906673     0.925534
    0.885005     0.879315     0.838967     0.750708     0.631381       0.4918     0.337325     0.171758  1.33552e-15    -0.171758    -0.337325      -0.4918    -0.631381    -0.750708    -0.838967    -0.879315    -0.885005     -0.88384    -0.865828    -0.802452    -0.701848     -0.57119    -0.408955    -0.214993 -1.82168e-15     0.214993     0.408955      0.57119     0.701848     0.802452     0.865828      0.88384
     0.79982     0.794678     0.758213      0.67845     0.570609     0.444463     0.304856     0.155226  1.21409e-15    -0.155226    -0.304856    -0.444463    -0.570609     -0.67845    -0.758213    -0.794678     -0.79982    -0.798767    -0.782489    -0.725213    -0.634292    -0.516211    -0.369592    -0.194299 -1.67379e-15     0.194299     0.369592     0.516211     0.634292     0.725213     0.782489     0.798767
    0.678803     0.674439     0.643492     0.575797     0.484273     0.377213      0.25873      0.13174  1.04886e-15     -0.13174     -0.25873    -0.377213    -0.484273    -0.575797    -0.643492    -0.674439    -0.678803     -0.67791    -0.664095    -0.615485    -0.538321    -0.438106    -0.313671    -0.164901 -1.42334e-15     0.164901     0.313671     0.438106     0.538321     0.615485     0.664095      0.67791
    0.530998     0.527584     0.503375      0.45042     0.378825     0.295077     0.202393     0.103054  8.36245e-16    -0.103054    -0.202393    -0.295077    -0.378825     -0.45042    -0.503375    -0.527584    -0.530998    -0.530299    -0.519492    -0.481467    -0.421105    -0.342711    -0.245371    -0.128995 -1.09992e-15     0.128995     0.245371     0.342711     0.421105     0.481467     0.519492     0.530299
    0.364877     0.362531     0.345896     0.309508     0.260311     0.202763     0.139075    0.0708139  5.87773e-16   -0.0708139    -0.139075    -0.202763    -0.260311    -0.309508    -0.345896    -0.362531    -0.364877    -0.364396     -0.35697    -0.330841    -0.289363    -0.235495    -0.168607    -0.088639 -7.49292e-16     0.088639     0.168607     0.235495     0.289363     0.330841      0.35697     0.364396
    0.187318     0.186113     0.177573     0.158893     0.133637     0.104093    0.0713973    0.0363539  3.04769e-16   -0.0363539   -0.0713973    -0.104093    -0.133637    -0.158893    -0.177573    -0.186113    -0.187318    -0.187071    -0.183259    -0.169845    -0.148551    -0.120897   -0.0865584   -0.0455049 -3.84065e-16    0.0455049    0.0865584     0.120897     0.148551     0.169845     0.183259     0.187071
  0.00440317   0.00437486   0.00417411     0.003735   0.00314131   0.00244685   0.00167829   0.00085455  1.24683e-17  -0.00085455  -0.00167829  -0.00244685  -0.00314131    -0.003735  -0.00417411  -0.00437486  -0.00440317  -0.00439737  -0.00430776  -0.00399244  -0.00349191  -0.00284185  -0.00203468  -0.00106966 -1.52466e-17   0.00106966   0.00203468   0.00284185   0.00349191   0.00399244   0.00430776   0.00439737
   -0.177841    -0.176698     -0.16859    -0.150854    -0.126876   -0.0988269   -0.0677852   -0.0345147 -2.83681e-16    0.0345147    0.0677852    0.0988269     0.126876     0.150854      0.16859     0.176698     0.177841     0.177607     0.173988     0.161252     0.141036      0.11478    0.0821792    0.0432027  3.58586e-16   -0.0432027   -0.0821792     -0.11478    -0.141036    -0.161252    -0.173988    -0.177607
   -0.353817    -0.351542    -0.335411    -0.300126     -0.25242    -0.196617    -0.134859   -0.0686674 -5.69016e-16    0.0686674     0.134859     0.196617      0.25242     0.300126     0.335411     0.351542     0.353817     0.353351      0.34615     0.320813     0.280592     0.228357     0.163497    0.0859523  7.14123e-16   -0.0859523    -0.163497    -0.228357    -0.280592    -0.320813     -0.34615    -0.353351
   -0.519431    -0.516091     -0.49241    -0.440609    -0.370573    -0.288649    -0.197984    -0.100809 -8.48659e-16     0.100809     0.197984     0.288649     0.370573     0.440609      0.49241     0.516091     0.519431     0.518747     0.508175     0.470978     0.411931     0.335245     0.240026     0.126185  1.03281e-15    -0.126185    -0.240026    -0.335245    -0.411931    -0.470978    -0.508175    -0.518747
   -0.671751    -0.667432    -0.636807    -0.569815    -0.479242    -0.373294    -0.256042    -0.130371 -1.09743e-15     0.130371     0.256042     0.373294     0.479242     0.569815     0.636807     0.667432     0.671751     0.670867     0.657195     0.609091     0.532728     0.433555     0.310412     0.163188  1.36165e-15    -0.163188    -0.310412    -0.433555    -0.532728    -0.609091    -0.657195    -0.670867
   -0.804954    -0.799779     -0.76308    -0.682805    -0.574271    -0.447316    -0.306813    -0.156222 -1.29107e-15     0.156222     0.306813     0.447316     0.574271     0.682805      0.76308     0.799779     0.804954     0.803895     0.787512     0.729868     0.638364     0.519525     0.371964     0.195547  1.65926e-15    -0.195547    -0.371964    -0.519525    -0.638364    -0.729868    -0.787512    -0.803895
   -0.902841    -0.897036    -0.855874    -0.765837    -0.644106    -0.501711    -0.344123     -0.17522 -1.45066e-15      0.17522     0.344123     0.501711     0.644106     0.765837     0.855874     0.897036     0.902841     0.901652     0.883277     0.818624     0.715992     0.582702     0.417197     0.219326  1.85615e-15    -0.219326    -0.417197    -0.582702    -0.715992    -0.818624    -0.883277    -0.901652
   -0.935218    -0.929205    -0.886567    -0.793301    -0.667204    -0.519703    -0.356464    -0.181503 -1.56949e-15     0.181503     0.356464     0.519703     0.667204     0.793301     0.886567     0.929205     0.935218     0.933987     0.914953     0.847981     0.741669     0.603598     0.432158     0.227191  1.93682e-15    -0.227191    -0.432158    -0.603598    -0.741669    -0.847981    -0.914953    -0.933987
    -0.93663    -0.930607    -0.887906    -0.794499    -0.668211    -0.520488    -0.357002    -0.181777 -1.58207e-15     0.181777     0.357002     0.520488     0.668211     0.794499     0.887906     0.930607      0.93663     0.935397     0.916334     0.849261     0.742788     0.604509     0.432811     0.227534   1.9559e-15    -0.227534    -0.432811    -0.604509    -0.742788    -0.849261    -0.916334    -0.935397
   -0.933566    -0.927563    -0.885001      -0.7919    -0.666026    -0.518785    -0.355834    -0.181183 -1.57426e-15     0.181183     0.355834     0.518785     0.666026       0.7919     0.885001     0.927563     0.933566     0.932337     0.913337     0.846483     0.740359     0.602532     0.431395      0.22679  1.94896e-15     -0.22679    -0.431395    -0.602532    -0.740359    -0.846483    -0.913337    -0.932337
   -0.912469    -0.906602    -0.865002    -0.774004    -0.650975    -0.507062    -0.347793    -0.177088 -1.53046e-15     0.177088     0.347793     0.507062     0.650975     0.774004     0.865002     0.906602     0.912469     0.911268     0.892697     0.827354     0.723628     0.588916     0.421646     0.221665  1.91687e-15    -0.221665    -0.421646    -0.588916    -0.723628    -0.827354    -0.892697    -0.911268
    -0.85083     -0.84536     -0.80657    -0.721719       -0.607    -0.472809    -0.324299    -0.165126 -1.45608e-15     0.165126     0.324299     0.472809        0.607     0.721719      0.80657      0.84536      0.85083      0.84971     0.832394     0.771465     0.674746     0.549134     0.393163     0.206691  1.81539e-15    -0.206691    -0.393163    -0.549134    -0.674746    -0.771465    -0.832394     -0.84971
   -0.748866    -0.744051     -0.70991    -0.635228    -0.534257    -0.416147    -0.285435    -0.145337 -1.30386e-15     0.145337     0.285435     0.416147     0.534257     0.635228      0.70991     0.744051     0.748866     0.747881     0.732639     0.679012     0.593884     0.483325     0.346046     0.181921  1.63064e-15    -0.181921    -0.346046    -0.483325    -0.593884    -0.679012    -0.732639    -0.747881
   -0.609967    -0.606045    -0.578236    -0.517406    -0.435163     -0.33896    -0.232492     -0.11838 -1.03726e-15      0.11838     0.232492      0.33896     0.435163     0.517406     0.578236     0.606045     0.609967     0.609164      0.59675     0.553069      0.48373     0.393678     0.281862     0.148178  1.31709e-15    -0.148178    -0.281862    -0.393678     -0.48373    -0.553069     -0.59675    -0.609164
   -0.436711    -0.433903    -0.413993    -0.370441    -0.311559    -0.242681    -0.166455   -0.0847551 -7.15411e-16    0.0847551     0.166455     0.242681     0.311559     0.370441     0.413993     0.433903     0.436711     0.436136     0.427248     0.395974     0.346331     0.281857     0.201801      0.10609  9.24282e-16     -0.10609    -0.201801    -0.281857    -0.346331    -0.395974    -0.427248    -0.436136
   -0.233825    -0.232322    -0.221662    -0.198343    -0.166816    -0.129938    -0.089124     -0.04538 -3.75459e-16      0.04538     0.089124     0.129938     0.166816     0.198343     0.221662     0.232322     0.233825     0.233518     0.228759     0.212014     0.185434     0.150913     0.108049    0.0568029  4.83161e-16   -0.0568029    -0.108049    -0.150913    -0.185434    -0.212014    -0.228759    -0.233518
 -0.0119722  -0.0118953  -0.0113494  -0.0101555 -0.00854125 -0.00665301 -0.00456329 -0.00232353 -1.8323e-17  0.00232353  0.00456329  0.00665301  0.00854125   0.0101555   0.0113494   0.0118953   0.0119722   0.0119565   0.0117128   0.0108555  0.00949451  0.00772699  0.00553229   0.0029084 2.35949e-17  -0.0029084 -0.00553229 -0.00772699 -0.00949451  -0.0108555  -0.0117128  -0.0119565
     0.21215     0.210786     0.201114     0.179957     0.151352     0.117892    0.0808623    0.0411733  3.47704e-16   -0.0411733   -0.0808623    -0.117892    -0.151352    -0.179957    -0.201114    -0.210786     -0.21215    -0.211871    -0.207553    -0.192361    -0.168244    -0.136924   -0.0980332   -0.0515374 -4.30035e-16    0.0515374    0.0980332     0.136924     0.168244     0.192361     0.207553     0.211871
    0.421022     0.418315      0.39912     0.357133     0.300366     0.233963     0.160475    0.0817103  6.85812e-16   -0.0817103    -0.160475    -0.233963    -0.300366    -0.357133     -0.39912    -0.418315    -0.421022    -0.420468    -0.411899    -0.381749    -0.333889    -0.271731    -0.194551    -0.102278 -8.66128e-16     0.102278     0.194551     0.271731     0.333889     0.381749     0.411899     0.420468
     0.60304     0.599163      0.57167     0.511531     0.430222     0.335111     0.229852     0.117036  9.76975e-16    -0.117036    -0.229852    -0.335111    -0.430222    -0.511531     -0.57167    -0.599163     -0.60304    -0.602247    -0.589973    -0.546789    -0.478237    -0.389208    -0.278661    -0.146496 -1.27784e-15     0.146496     0.278661     0.389208     0.478237     0.546789     0.589973     0.602247
    0.754138     0.749289     0.714907       0.6397     0.538018     0.419077     0.287444      0.14636  1.20346e-15     -0.14636    -0.287444    -0.419077    -0.538018      -0.6397    -0.714907    -0.749289    -0.754138    -0.753145    -0.737797    -0.683792    -0.598065    -0.486728    -0.348482    -0.183202 -1.63281e-15     0.183202     0.348482     0.486728     0.598065     0.683792     0.737797     0.753145
    0.869756     0.864163      0.82451     0.737773     0.620502     0.483326     0.331513     0.168799  1.35894e-15    -0.168799    -0.331513    -0.483326    -0.620502    -0.737773     -0.82451    -0.864163    -0.869756    -0.868611    -0.850909    -0.788625    -0.689754    -0.561348    -0.401908    -0.211289 -1.88846e-15     0.211289     0.401908     0.561348     0.689754     0.788625     0.850909     0.868611
     0.92982     0.923841      0.88145     0.788722     0.663353     0.516704     0.354406     0.180456  1.45804e-15    -0.180456    -0.354406    -0.516704    -0.663353    -0.788722     -0.88145    -0.923841     -0.92982    -0.928596    -0.909672    -0.843086    -0.737388    -0.600114    -0.429664     -0.22588 -1.91513e-15      0.22588     0.429664     0.600114     0.737388     0.843086     0.909672     0.928596
    0.936797     0.930773     0.888064      0.79464     0.668331     0.520581     0.357066      0.18181  1.48406e-15     -0.18181    -0.357066    -0.520581    -0.668331     -0.79464    -0.888064    -0.930773    -0.936797    -0.935563    -0.916498    -0.849413    -0.742921    -0.604617    -0.432888    -0.227575 -1.91513e-15     0.227575     0.432888     0.604617     0.742921     0.849413     0.916498     0.935563
