0.00260099
0.00520158
0.00780139
0.0104
0.0129971
0.0155922
0.0181849
0.0207749
0.0233617
0.0259451
0.0285245
0.0310996
0.03367
0.0362354
0.0387954
0.0413497
0.0438979
0.0464396
0.0489746
0.0515026
0.0540231
0.0565358
0.0590404
0.0615363
0.0640232
0.0665004
0.0689673
0.0714233
0.0738675
0.0762992
0.0787176
0.081122
0.0835119
0.0858871
0.0882481
0.0905958
0.092932
0.0952593
0.097581
0.0999012
0.102223
0.104551
0.106883
0.109216
0.11154
0.113834
0.116068
0.118201
0.120185
0.121971
0.123529
0.124873
0.126101
0.127447
0.129328
0.132371
0.137364
0.145009
0.155304
0.166199
0.17094
0.153149
0.0780703
-0.122521
0.424346
0.223709
0.14854
0.130614
0.135175
0.145844
0.155869
0.163198
0.167831
0.17047
0.1719
0.172751
0.17344
0.174201
0.17513
0.176244
0.17751
0.178882
0.180311
0.181756
0.183186
0.184583
0.185935
0.187238
0.188494
0.189704
0.190873
0.192004
0.193102
0.194169
0.195207
0.196218
0.197201
0.198157
0.199086
0.199986
0.200859
0.201702
0.202517
0.203301
0.204055
0.204778
0.20547
0.206132
0.206762
0.207361
0.207929
0.208466
0.208971
0.209445
0.209888
0.2103
0.21068
0.211028
0.211345
0.211631
0.211884
0.212107
0.212297
0.212456
0.212583
0.212679
0.212742
0.212774
0.212774
0.212742
0.212679
0.212583
0.212456
0.212297
0.212107
0.211884
0.211631
0.211345
0.211028
0.21068
0.2103
0.209888
0.209445
0.208971
0.208466
0.207929
0.207361
0.206762
0.206132
0.20547
0.204778
0.204055
0.203301
0.202517
0.201702
0.200859
0.199986
0.199086
0.198157
0.197201
0.196218
0.195207
0.194169
0.193102
0.192004
0.190873
0.189704
0.188494
0.187238
0.185935
0.184583
0.183186
0.181756
0.180311
0.178882
0.17751
0.176244
0.17513
0.174201
0.17344
0.172751
0.1719
0.17047
0.167831
0.163198
0.155869
0.145844
0.135175
0.130614
0.14854
0.223709
0.424346
-0.122521
0.0780703
0.153149
0.17094
0.166199
0.155304
0.145009
0.137364
0.132371
0.129328
0.127447
0.126101
0.124873
0.123529
0.121971
0.120185
0.118201
0.116068
0.113834
0.11154
0.109216
0.106883
0.104551
0.102223
0.0999012
0.097581
0.0952593
0.092932
0.0905958
0.0882481
0.0858871
0.0835119
0.081122
0.0787176
0.0762992
0.0738675
0.0714233
0.0689673
0.0665004
0.0640232
0.0615363
0.0590404
0.0565358
0.0540231
0.0515026
0.0489746
0.0464396
0.0438979
0.0413497
0.0387954
0.0362354
0.03367
0.0310996
0.0285245
0.0259451
0.0233617
0.0207749
0.0181849
0.0155922
0.0129971
0.0104
0.00780139
0.00520158
0.00260099
