0.00204615
0.00409198
0.00613721
0.00818151
0.0102246
0.0122661
0.0143059
0.0163435
0.0183786
0.020411
0.0224404
0.0244665
0.026489
0.0285075
0.0305219
0.0325317
0.0345366
0.0365364
0.0385307
0.0405192
0.0425015
0.0444773
0.0464461
0.0484077
0.0503618
0.052308
0.0542462
0.0561761
0.0580977
0.0600111
0.0619164
0.0638138
0.0657036
0.067586
0.069461
0.0713282
0.0731868
0.0750348
0.0768697
0.0786875
0.0804834
0.0822517
0.0839871
0.0856862
0.0873495
0.0889844
0.0906087
0.0922535
0.0939647
0.0958003
0.0978207
0.100067
0.102523
0.105059
0.10736
0.108852
0.108684
0.105865
0.0997848
0.0915144
0.0866532
0.101004
0.171297
0.374652
-0.137206
0.0661137
0.136336
0.15058
0.145577
0.137129
0.130836
0.12777
0.127318
0.128491
0.130438
0.132585
0.134617
0.136404
0.13793
0.139236
0.140384
0.14143
0.14242
0.143387
0.144348
0.14531
0.146274
0.147237
0.148194
0.149138
0.150066
0.150973
0.151858
0.152717
0.153551
0.15436
0.155143
0.155901
0.156635
0.157344
0.158029
0.15869
0.159328
0.159942
0.160533
0.1611
0.161643
0.162163
0.162658
0.163129
0.163576
0.163998
0.164396
0.164769
0.165118
0.165442
0.165741
0.166016
0.166265
0.16649
0.16669
0.166864
0.167014
0.167139
0.167239
0.167314
0.167364
0.167389
0.167389
0.167364
0.167314
0.167239
0.167139
0.167014
0.166864
0.16669
0.16649
0.166265
0.166016
0.165741
0.165442
0.165118
0.164769
0.164396
0.163998
0.163576
0.163129
0.162658
0.162163
0.161643
0.1611
0.160533
0.159942
0.159328
0.15869
0.158029
0.157344
0.156635
0.155901
0.155143
0.15436
0.153551
0.152717
0.151858
0.150973
0.150066
0.149138
0.148194
0.147237
0.146274
0.14531
0.144348
0.143387
0.14242
0.14143
0.140384
0.139236
0.13793
0.136404
0.134617
0.132585
0.130438
0.128491
0.127318
0.12777
0.130836
0.137129
0.145577
0.15058
0.136336
0.0661137
-0.137206
0.374652
0.171297
0.101004
0.0866532
0.0915144
0.0997848
0.105865
0.108684
0.108852
0.10736
0.105059
0.102523
0.100067
0.0978207
0.0958003
0.0939647
0.0922535
0.0906087
0.0889844
0.0873495
0.0856862
0.0839871
0.0822517
0.0804834
0.0786875
0.0768697
0.0750348
0.0731868
0.0713282
0.069461
0.067586
0.0657036
0.0638138
0.0619164
0.0600111
0.0580977
0.0561761
0.0542462
0.052308
0.0503618
0.0484077
0.0464461
0.0444773
0.0425015
0.0405192
0.0385307
0.0365364
0.0345366
0.0325317
0.0305219
0.0285075
0.026489
0.0244665
0.0224404
0.020411
0.0183786
0.0163435
0.0143059
0.0122661
0.0102246
0.00818151
0.00613721
0.00409198
0.00204615
