0.00379141
0.00758225
0.011372
0.01516
0.0189457
0.0227286
0.0265081
0.0302836
0.0340545
0.0378202
0.0415801
0.0453337
0.0490803
0.0528194
0.0565504
0.0602727
0.0639859
0.0676894
0.0713828
0.0750657
0.0787377
0.0823986
0.0860479
0.0896854
0.093311
0.0969242
0.100525
0.104112
0.107685
0.111244
0.114786
0.11831
0.121813
0.125293
0.128748
0.132172
0.135565
0.138921
0.142242
0.145526
0.148779
0.152008
0.155228
0.158457
0.161721
0.165051
0.168478
0.172028
0.175712
0.17951
0.18335
0.187085
0.190468
0.193134
0.19461
0.194378
0.192039
0.187681
0.182558
0.180329
0.189154
0.225175
0.31813
0.520208
-0.0802049
0.121807
0.214631
0.250455
0.259017
0.256459
0.250943
0.246125
0.243262
0.242439
0.24326
0.245205
0.247802
0.250686
0.253611
0.256428
0.259068
0.261509
0.263762
0.265855
0.267818
0.269682
0.271472
0.27321
0.274908
0.276575
0.278215
0.27983
0.281417
0.282976
0.284502
0.285993
0.287447
0.28886
0.290231
0.291559
0.292842
0.294079
0.295271
0.296417
0.297517
0.298571
0.299579
0.300542
0.301459
0.302331
0.303158
0.303939
0.304675
0.305366
0.306011
0.306611
0.307165
0.307673
0.308136
0.308553
0.308923
0.309247
0.309526
0.309758
0.309943
0.310083
0.310175
0.310222
0.310222
0.310175
0.310083
0.309943
0.309758
0.309526
0.309247
0.308923
0.308553
0.308136
0.307673
0.307165
0.306611
0.306011
0.305366
0.304675
0.303939
0.303158
0.302331
0.301459
0.300542
0.299579
0.298571
0.297517
0.296417
0.295271
0.294079
0.292842
0.291559
0.290231
0.28886
0.287447
0.285993
0.284502
0.282976
0.281417
0.27983
0.278215
0.276575
0.274908
0.27321
0.271472
0.269682
0.267818
0.265855
0.263762
0.261509
0.259068
0.256428
0.253611
0.250686
0.247802
0.245205
0.24326
0.242439
0.243262
0.246125
0.250943
0.256459
0.259017
0.250455
0.214631
0.121807
-0.0802049
0.520208
0.31813
0.225175
0.189154
0.180329
0.182558
0.187681
0.192039
0.194378
0.19461
0.193134
0.190468
0.187085
0.18335
0.17951
0.175712
0.172028
0.168478
0.165051
0.161721
0.158457
0.155228
0.152008
0.148779
0.145526
0.142242
0.138921
0.135565
0.132172
0.128748
0.125293
0.121813
0.11831
0.114786
0.111244
0.107685
0.104112
0.100525
0.0969242
0.093311
0.0896854
0.0860479
0.0823986
0.0787377
0.0750657
0.0713828
0.0676894
0.0639859
0.0602727
0.0565504
0.0528194
0.0490803
0.0453337
0.0415801
0.0378202
0.0340545
0.0302836
0.0265081
0.0227286
0.0189457
0.01516
0.011372
0.00758225
0.00379141
