0.001031
0.00206184
0.00309237
0.00412244
0.0051519
0.00618059
0.00720835
0.00823503
0.00926048
0.0102845
0.0113071
0.0123279
0.0133468
0.0143638
0.0153786
0.0163911
0.0174012
0.0184087
0.0194135
0.0204154
0.0214143
0.0224101
0.0234026
0.0243916
0.025377
0.0263586
0.0273361
0.0283094
0.0292782
0.0302422
0.0312013
0.0321553
0.0331041
0.0340479
0.0349868
0.0359214
0.0368523
0.0377802
0.0387057
0.0396292
0.04055
0.0414663
0.0423744
0.0432687
0.0441413
0.0449835
0.0457882
0.0465537
0.0472903
0.0480276
0.0488211
0.0497539
0.0509245
0.0524098
0.0541879
0.0560112
0.0572403
0.0567121
0.0528587
0.0446035
0.0341712
0.034121
0.0830664
0.278413
-0.158772
0.0365565
0.0854662
0.0853623
0.0748585
0.066514
0.0625535
0.0619003
0.0629866
0.0646493
0.066249
0.0675383
0.0684951
0.0691965
0.0697409
0.0702115
0.0706639
0.0711277
0.0716131
0.0721188
0.0726373
0.0731602
0.0736798
0.0741903
0.0746882
0.0751716
0.0756401
0.076094
0.076534
0.0769609
0.0773755
0.0777782
0.0781694
0.0785493
0.0789179
0.0792751
0.0796209
0.079955
0.0802773
0.0805878
0.0808862
0.0811726
0.0814467
0.0817086
0.0819583
0.0821957
0.0824207
0.0826334
0.0828338
0.0830217
0.0831972
0.0833604
0.083511
0.0836492
0.0837749
0.0838881
0.0839888
0.0840769
0.0841525
0.0842154
0.0842658
0.0843037
0.0843289
0.0843415
0.0843415
0.0843289
0.0843037
0.0842658
0.0842154
0.0841525
0.0840769
0.0839888
0.0838881
0.0837749
0.0836492
0.083511
0.0833604
0.0831972
0.0830217
0.0828338
0.0826334
0.0824207
0.0821957
0.0819583
0.0817086
0.0814467
0.0811726
0.0808862
0.0805878
0.0802773
0.079955
0.0796209
0.0792751
0.0789179
0.0785493
0.0781694
0.0777782
0.0773755
0.0769609
0.076534
0.076094
0.0756401
0.0751716
0.0746882
0.0741903
0.0736798
0.0731602
0.0726373
0.0721188
0.0716131
0.0711277
0.0706639
0.0702115
0.0697409
0.0691965
0.0684951
0.0675383
0.066249
0.0646493
0.0629866
0.0619003
0.0625535
0.066514
0.0748585
0.0853623
0.0854662
0.0365565
-0.158772
0.278413
0.0830664
0.034121
0.0341712
0.0446035
0.0528587
0.0567121
0.0572403
0.0560112
0.0541879
0.0524098
0.0509245
0.0497539
0.0488211
0.0480276
0.0472903
0.0465537
0.0457882
0.0449835
0.0441413
0.0432687
0.0423744
0.0414663
0.04055
0.0396292
0.0387057
0.0377802
0.0368523
0.0359214
0.0349868
0.0340479
0.0331041
0.0321553
0.0312013
0.0302422
0.0292782
0.0283094
0.0273361
0.0263586
0.025377
0.0243916
0.0234026
0.0224101
0.0214143
0.0204154
0.0194135
0.0184087
0.0174012
0.0163911
0.0153786
0.0143638
0.0133468
0.0123279
0.0113071
0.0102845
0.00926048
0.00823503
0.00720835
0.00618059
0.0051519
0.00412244
0.00309237
0.00206184
0.001031
