0.00227388
0.00455969
0.00686938
0.00921499
0.0116086
0.0140626
0.0165893
0.0192015
0.0219118
0.0247336
0.0276802
0.0307652
0.0340027
0.037407
0.0409927
0.0447748
0.0487686
0.0529897
0.0574538
0.0621769
0.0671754
0.0724653
0.0780629
0.0839843
0.0902453
0.0968611
0.103847
0.111215
0.11898
0.127151
0.135738
0.144747
0.154182
0.164043
0.174326
0.185022
0.196114
0.207581
0.219391
0.231504
0.243867
0.256415
0.269068
0.281726
0.294272
0.306563
0.31843
0.329673
0.340058
0.349309
0.357107
0.363078
0.366792
0.36775
0.365378
0.359015
0.347904
0.331176
0.307839
0.276761
0.236651
0.186037
0.12325
0.0463925
0.953311
0.876451
0.81366
0.76304
0.722921
0.691832
0.668482
0.651738
0.640608
0.634224
0.631828
0.632759
0.636442
0.64238
0.65014
0.65935
0.66969
0.680883
0.692695
0.704925
0.717405
0.729992
0.742567
0.755029
0.7673
0.779311
0.791011
0.802357
0.813319
0.823872
0.834001
0.843694
0.852947
0.861759
0.870131
0.87807
0.885581
0.892676
0.899364
0.905657
0.911569
0.917111
0.922298
0.927143
0.93166
0.935861
0.93976
0.943369
0.9467
0.949766
0.952576
0.955142
0.957472
0.959576
0.961462
0.963139
0.964611
0.965886
0.96697
0.967865
0.968577
0.969108
0.969461
0.969638
0.969638
0.969461
0.969108
0.968577
0.967865
0.96697
0.965886
0.964611
0.963139
0.961462
0.959576
0.957472
0.955142
0.952576
0.949766
0.9467
0.943369
0.93976
0.935861
0.93166
0.927143
0.922298
0.917111
0.911569
0.905657
0.899364
0.892676
0.885581
0.87807
0.870131
0.861759
0.852947
0.843694
0.834001
0.823872
0.813319
0.802357
0.791011
0.779311
0.7673
0.755029
0.742567
0.729992
0.717405
0.704925
0.692695
0.680883
0.66969
0.65935
0.65014
0.64238
0.636442
0.632759
0.631828
0.634224
0.640608
0.651738
0.668482
0.691832
0.722921
0.76304
0.81366
0.876451
0.953311
0.0463925
0.12325
0.186037
0.236651
0.276761
0.307839
0.331176
0.347904
0.359015
0.365378
0.36775
0.366792
0.363078
0.357107
0.349309
0.340058
0.329673
0.31843
0.306563
0.294272
0.281726
0.269068
0.256415
0.243867
0.231504
0.219391
0.207581
0.196114
0.185022
0.174326
0.164043
0.154182
0.144747
0.135738
0.127151
0.11898
0.111215
0.103847
0.0968611
0.0902453
0.0839843
0.0780629
0.0724653
0.0671754
0.0621769
0.0574538
0.0529897
0.0487686
0.0447748
0.0409927
0.037407
0.0340027
0.0307652
0.0276802
0.0247336
0.0219118
0.0192015
0.0165893
0.0140626
0.0116086
0.00921499
0.00686938
0.00455969
0.00227388
