0.00178404
0.00356781
0.00535104
0.00713346
0.00891482
0.0106948
0.0124732
0.0142498
0.0160242
0.0177962
0.0195656
0.0213321
0.0230954
0.0248553
0.0266115
0.0283638
0.0301119
0.0318555
0.0335944
0.0353283
0.0370568
0.0387797
0.0404967
0.0422074
0.0439115
0.0456087
0.0472987
0.0489813
0.0506564
0.052324
0.053984
0.0556368
0.0572825
0.0589216
0.0605544
0.062181
0.0638011
0.065414
0.0670176
0.0686093
0.0701845
0.071738
0.0732634
0.0747553
0.0762101
0.0776299
0.0790255
0.0804207
0.0818557
0.0833873
0.0850833
0.0870055
0.0891754
0.091518
0.0937818
0.0954481
0.0956724
0.0933641
0.0876306
0.0790311
0.0724752
0.0832665
0.148914
0.35118
-0.144152
0.058083
0.123668
0.134367
0.127687
0.118933
0.113014
0.11049
0.110467
0.111855
0.11381
0.115814
0.117614
0.119135
0.1204
0.121471
0.122414
0.123287
0.12413
0.124967
0.12581
0.126659
0.127512
0.128363
0.129207
0.130037
0.13085
0.131642
0.132413
0.133161
0.133886
0.134589
0.13527
0.135929
0.136568
0.137185
0.137782
0.138359
0.138915
0.139451
0.139966
0.140461
0.140935
0.141388
0.14182
0.142231
0.142621
0.142989
0.143336
0.143661
0.143965
0.144248
0.144509
0.144748
0.144965
0.145161
0.145335
0.145488
0.145618
0.145727
0.145814
0.14588
0.145923
0.145945
0.145945
0.145923
0.14588
0.145814
0.145727
0.145618
0.145488
0.145335
0.145161
0.144965
0.144748
0.144509
0.144248
0.143965
0.143661
0.143336
0.142989
0.142621
0.142231
0.14182
0.141388
0.140935
0.140461
0.139966
0.139451
0.138915
0.138359
0.137782
0.137185
0.136568
0.135929
0.13527
0.134589
0.133886
0.133161
0.132413
0.131642
0.13085
0.130037
0.129207
0.128363
0.127512
0.126659
0.12581
0.124967
0.12413
0.123287
0.122414
0.121471
0.1204
0.119135
0.117614
0.115814
0.11381
0.111855
0.110467
0.11049
0.113014
0.118933
0.127687
0.134367
0.123668
0.058083
-0.144152
0.35118
0.148914
0.0832665
0.0724752
0.0790311
0.0876306
0.0933641
0.0956724
0.0954481
0.0937818
0.091518
0.0891754
0.0870055
0.0850833
0.0833873
0.0818557
0.0804207
0.0790255
0.0776299
0.0762101
0.0747553
0.0732634
0.071738
0.0701845
0.0686093
0.0670176
0.065414
0.0638011
0.062181
0.0605544
0.0589216
0.0572825
0.0556368
0.053984
0.052324
0.0506564
0.0489813
0.0472987
0.0456087
0.0439115
0.0422074
0.0404967
0.0387797
0.0370568
0.0353283
0.0335944
0.0318555
0.0301119
0.0283638
0.0266115
0.0248553
0.0230954
0.0213321
0.0195656
0.0177962
0.0160242
0.0142498
0.0124732
0.0106948
0.00891482
0.00713346
0.00535104
0.00356781
0.00178404
