0.00118248
0.00236479
0.00354674
0.00472817
0.00590888
0.00708871
0.00826748
0.009445
0.0106211
0.0117956
0.0129684
0.0141392
0.0153079
0.0164742
0.0176382
0.0187995
0.019958
0.0211136
0.022266
0.0234152
0.024561
0.0257031
0.0268414
0.0279757
0.0291058
0.0302315
0.0313524
0.0324684
0.0335792
0.0346846
0.0357843
0.0368784
0.0379669
0.0390498
0.0401278
0.0412011
0.0422706
0.0433368
0.0443999
0.0454598
0.0465149
0.0475625
0.0485978
0.0496143
0.0506041
0.0515595
0.0524763
0.0533578
0.0542213
0.0551047
0.0560706
0.0572037
0.0585928
0.0602875
0.0622162
0.0640624
0.0651187
0.0642014
0.0598516
0.051337
0.0415253
0.0437398
0.0965764
0.293947
-0.156727
0.0406229
0.0934184
0.0955714
0.0856777
0.0770607
0.072588
0.0715272
0.0724198
0.0740819
0.075806
0.0772758
0.0784198
0.0792874
0.0799676
0.0805452
0.0810827
0.0816181
0.0821688
0.0827381
0.0833219
0.0839125
0.0845021
0.0850843
0.0856543
0.0862095
0.0867484
0.087271
0.0877775
0.0882686
0.0887451
0.0892075
0.0896564
0.090092
0.0905145
0.0909239
0.0913201
0.0917031
0.0920726
0.0924285
0.0927707
0.093099
0.0934135
0.0937139
0.0940003
0.0942726
0.0945308
0.0947748
0.0950046
0.0952202
0.0954215
0.0956086
0.0957814
0.0959399
0.0960841
0.0962139
0.0963293
0.0964304
0.0965171
0.0965893
0.0966471
0.0966904
0.0967194
0.0967338
0.0967338
0.0967194
0.0966904
0.0966471
0.0965893
0.0965171
0.0964304
0.0963293
0.0962139
0.0960841
0.0959399
0.0957814
0.0956086
0.0954215
0.0952202
0.0950046
0.0947748
0.0945308
0.0942726
0.0940003
0.0937139
0.0934135
0.093099
0.0927707
0.0924285
0.0920726
0.0917031
0.0913201
0.0909239
0.0905145
0.090092
0.0896564
0.0892075
0.0887451
0.0882686
0.0877775
0.087271
0.0867484
0.0862095
0.0856543
0.0850843
0.0845021
0.0839125
0.0833219
0.0827381
0.0821688
0.0816181
0.0810827
0.0805452
0.0799676
0.0792874
0.0784198
0.0772758
0.075806
0.0740819
0.0724198
0.0715272
0.072588
0.0770607
0.0856777
0.0955714
0.0934184
0.0406229
-0.156727
0.293947
0.0965764
0.0437398
0.0415253
0.051337
0.0598516
0.0642014
0.0651187
0.0640624
0.0622162
0.0602875
0.0585928
0.0572037
0.0560706
0.0551047
0.0542213
0.0533578
0.0524763
0.0515595
0.0506041
0.0496143
0.0485978
0.0475625
0.0465149
0.0454598
0.0443999
0.0433368
0.0422706
0.0412011
0.0401278
0.0390498
0.0379669
0.0368784
0.0357843
0.0346846
0.0335792
0.0324684
0.0313524
0.0302315
0.0291058
0.0279757
0.0268414
0.0257031
0.024561
0.0234152
0.022266
0.0211136
0.019958
0.0187995
0.0176382
0.0164742
0.0153079
0.0141392
0.0129684
0.0117956
0.0106211
0.009445
0.00826748
0.00708871
0.00590888
0.00472817
0.00354674
0.00236479
0.00118248
