0.00497941
0.00995805
0.0149351
0.0199099
0.0248816
0.0298495
0.0348128
0.0397708
0.0447227
0.0496679
0.0546058
0.0595356
0.0644567
0.0693686
0.0742707
0.0791624
0.0840431
0.0889125
0.0937698
0.0986145
0.103446
0.108264
0.113067
0.117854
0.122624
0.127376
0.132108
0.136818
0.141505
0.146164
0.150795
0.155395
0.159961
0.164491
0.168985
0.173444
0.177869
0.182265
0.18664
0.191004
0.195372
0.199761
0.204191
0.208682
0.213251
0.217909
0.22265
0.227447
0.232238
0.236915
0.241312
0.245197
0.248276
0.250212
0.250687
0.249522
0.246896
0.243726
0.242285
0.247188
0.266909
0.316096
0.419011
0.614608
-0.0361022
0.159408
0.262152
0.31108
0.330457
0.33493
0.332974
0.329202
0.325889
0.323951
0.323568
0.32456
0.326609
0.32938
0.332578
0.335971
0.339394
0.342738
0.345943
0.348979
0.351844
0.354547
0.357106
0.359541
0.361872
0.364117
0.36629
0.368403
0.370464
0.372477
0.374445
0.376369
0.378248
0.380081
0.381867
0.383603
0.385286
0.386916
0.38849
0.390007
0.391466
0.392866
0.394206
0.395485
0.396704
0.397862
0.398959
0.399995
0.400971
0.401885
0.402738
0.40353
0.404262
0.404933
0.405543
0.406092
0.40658
0.407007
0.407374
0.407679
0.407924
0.408107
0.408229
0.40829
0.40829
0.408229
0.408107
0.407924
0.407679
0.407374
0.407007
0.40658
0.406092
0.405543
0.404933
0.404262
0.40353
0.402738
0.401885
0.400971
0.399995
0.398959
0.397862
0.396704
0.395485
0.394206
0.392866
0.391466
0.390007
0.38849
0.386916
0.385286
0.383603
0.381867
0.380081
0.378248
0.376369
0.374445
0.372477
0.370464
0.368403
0.36629
0.364117
0.361872
0.359541
0.357106
0.354547
0.351844
0.348979
0.345943
0.342738
0.339394
0.335971
0.332578
0.32938
0.326609
0.32456
0.323568
0.323951
0.325889
0.329202
0.332974
0.33493
0.330457
0.31108
0.262152
0.159408
-0.0361022
0.614608
0.419011
0.316096
0.266909
0.247188
0.242285
0.243726
0.246896
0.249522
0.250687
0.250212
0.248276
0.245197
0.241312
0.236915
0.232238
0.227447
0.22265
0.217909
0.213251
0.208682
0.204191
0.199761
0.195372
0.191004
0.18664
0.182265
0.177869
0.173444
0.168985
0.164491
0.159961
0.155395
0.150795
0.146164
0.141505
0.136818
0.132108
0.127376
0.122624
0.117854
0.113067
0.108264
0.103446
0.0986145
0.0937698
0.0889125
0.0840431
0.0791624
0.0742707
0.0693686
0.0644567
0.0595356
0.0546058
0.0496679
0.0447227
0.0397708
0.0348128
0.0298495
0.0248816
0.0199099
0.0149351
0.00995805
0.00497941
