0.00288248
0.00576454
0.00864576
0.0115257
0.014404
0.0172801
0.0201537
0.0230243
0.0258915
0.0287549
0.031614
0.0344684
0.0373176
0.0401612
0.0429987
0.0458297
0.0486537
0.0514701
0.0542787
0.0570789
0.0598703
0.0626525
0.0654252
0.0681881
0.0709409
0.0736837
0.0764162
0.0791384
0.0818503
0.0845519
0.0872429
0.0899232
0.0925919
0.0952481
0.0978899
0.100515
0.10312
0.105702
0.108256
0.110778
0.113265
0.115716
0.118133
0.120522
0.122901
0.125291
0.127728
0.130251
0.132906
0.135728
0.138726
0.141853
0.14497
0.147799
0.149889
0.150611
0.149244
0.145258
0.138962
0.132848
0.13412
0.159251
0.241881
0.446115
-0.111608
0.0925759
0.175107
0.200088
0.201159
0.194796
0.1882
0.183864
0.182099
0.182371
0.183963
0.186244
0.188763
0.191243
0.193544
0.195621
0.197481
0.199161
0.200705
0.202155
0.203543
0.204895
0.206225
0.207541
0.208846
0.210138
0.211414
0.212671
0.213904
0.215109
0.216285
0.217428
0.218538
0.219613
0.220654
0.221659
0.222629
0.223564
0.224465
0.225331
0.226163
0.226961
0.227726
0.228456
0.229153
0.229816
0.230444
0.231038
0.231599
0.232124
0.232615
0.233072
0.233493
0.23388
0.234232
0.234548
0.23483
0.235076
0.235288
0.235464
0.235605
0.235711
0.235781
0.235816
0.235816
0.235781
0.235711
0.235605
0.235464
0.235288
0.235076
0.23483
0.234548
0.234232
0.23388
0.233493
0.233072
0.232615
0.232124
0.231599
0.231038
0.230444
0.229816
0.229153
0.228456
0.227726
0.226961
0.226163
0.225331
0.224465
0.223564
0.222629
0.221659
0.220654
0.219613
0.218538
0.217428
0.216285
0.215109
0.213904
0.212671
0.211414
0.210138
0.208846
0.207541
0.206225
0.204895
0.203543
0.202155
0.200705
0.199161
0.197481
0.195621
0.193544
0.191243
0.188763
0.186244
0.183963
0.182371
0.182099
0.183864
0.1882
0.194796
0.201159
0.200088
0.175107
0.0925759
-0.111608
0.446115
0.241881
0.159251
0.13412
0.132848
0.138962
0.145258
0.149244
0.150611
0.149889
0.147799
0.14497
0.141853
0.138726
0.135728
0.132906
0.130251
0.127728
0.125291
0.122901
0.120522
0.118133
0.115716
0.113265
0.110778
0.108256
0.105702
0.10312
0.100515
0.0978899
0.0952481
0.0925919
0.0899232
0.0872429
0.0845519
0.0818503
0.0791384
0.0764162
0.0736837
0.0709409
0.0681881
0.0654252
0.0626525
0.0598703
0.0570789
0.0542787
0.0514701
0.0486537
0.0458297
0.0429987
0.0401612
0.0373176
0.0344684
0.031614
0.0287549
0.0258915
0.0230243
0.0201537
0.0172801
0.014404
0.0115257
0.00864576
0.00576454
0.00288248
