0.0012237
0.00244721
0.00367036
0.00489296
0.00611483
0.0073358
0.00855567
0.00977426
0.0109914
0.0122069
0.0134206
0.0146323
0.0158418
0.0170489
0.0182535
0.0194554
0.0206543
0.0218501
0.0230426
0.0242316
0.0254169
0.0265983
0.0277758
0.0289491
0.0301182
0.0312828
0.032443
0.0335987
0.0347496
0.0358958
0.0370371
0.0381731
0.0393034
0.0404276
0.0415448
0.0426542
0.0437548
0.0448458
0.0459266
0.0469974
0.0480596
0.0491158
0.0501707
0.0512308
0.0523034
0.0533956
0.0545104
0.0556428
0.0567732
0.0578615
0.0588432
0.0596336
0.0601467
0.0603408
0.0603004
0.0603591
0.06124
0.0641285
0.07045
0.0808439
0.0922776
0.0912424
0.0391709
-0.156934
0.298938
0.102812
0.050698
0.0495992
0.0609481
0.0712359
0.0774302
0.0801703
0.0808818
0.0807499
0.0804978
0.0804592
0.0807185
0.0812342
0.0819203
0.0826921
0.0834851
0.0842594
0.0849954
0.085688
0.0863404
0.0869597
0.0875534
0.088128
0.0886882
0.0892367
0.0897751
0.0903035
0.0908215
0.0913283
0.0918231
0.092305
0.0927736
0.0932281
0.0936685
0.0940945
0.094506
0.0949029
0.0952855
0.0956536
0.0960072
0.0963465
0.0966714
0.0969819
0.0972779
0.0975594
0.0978264
0.0980789
0.0983167
0.0985398
0.0987483
0.0989419
0.0991208
0.0992849
0.0994342
0.0995686
0.0996881
0.0997926
0.0998823
0.0999571
0.100017
0.100062
0.100092
0.100107
0.100107
0.100092
0.100062
0.100017
0.0999571
0.0998823
0.0997926
0.0996881
0.0995686
0.0994342
0.0992849
0.0991208
0.0989419
0.0987483
0.0985398
0.0983167
0.0980789
0.0978264
0.0975594
0.0972779
0.0969819
0.0966714
0.0963465
0.0960072
0.0956536
0.0952855
0.0949029
0.094506
0.0940945
0.0936685
0.0932281
0.0927736
0.092305
0.0918231
0.0913283
0.0908215
0.0903035
0.0897751
0.0892367
0.0886882
0.088128
0.0875534
0.0869597
0.0863404
0.085688
0.0849954
0.0842594
0.0834851
0.0826921
0.0819203
0.0812342
0.0807185
0.0804592
0.0804978
0.0807499
0.0808818
0.0801703
0.0774302
0.0712359
0.0609481
0.0495992
0.050698
0.102812
0.298938
-0.156934
0.0391709
0.0912424
0.0922776
0.0808439
0.07045
0.0641285
0.06124
0.0603591
0.0603004
0.0603408
0.0601467
0.0596336
0.0588432
0.0578615
0.0567732
0.0556428
0.0545104
0.0533956
0.0523034
0.0512308
0.0501707
0.0491158
0.0480596
0.0469974
0.0459266
0.0448458
0.0437548
0.0426542
0.0415448
0.0404276
0.0393034
0.0381731
0.0370371
0.0358958
0.0347496
0.0335987
0.032443
0.0312828
0.0301182
0.0289491
0.0277758
0.0265983
0.0254169
0.0242316
0.0230426
0.0218501
0.0206543
0.0194554
0.0182535
0.0170489
0.0158418
0.0146323
0.0134206
0.0122069
0.0109914
0.00977426
0.00855567
0.0073358
0.00611483
0.00489296
0.00367036
0.00244721
0.0012237
