0.00160972
0.00321919
0.00482819
0.00643647
0.0080438
0.00964993
0.0112546
0.0128576
0.0144588
0.0160577
0.0176542
0.0192481
0.0208392
0.022427
0.0240115
0.0255924
0.0271693
0.0287422
0.0303108
0.0318748
0.033434
0.0349882
0.0365374
0.0380812
0.0396195
0.0411523
0.0426792
0.0442001
0.0457148
0.0472228
0.0487238
0.0502171
0.0517021
0.0531779
0.0546436
0.0560985
0.0575419
0.0589738
0.060395
0.0618071
0.0632133
0.0646183
0.0660279
0.0674481
0.068884
0.0703365
0.0717993
0.0732536
0.0746642
0.075977
0.0771219
0.0780262
0.0786448
0.0790154
0.0793412
0.0800931
0.0820946
0.0864858
0.0943376
0.105449
0.115431
0.109414
0.0494545
-0.149494
0.336293
0.137317
0.0773017
0.0712013
0.0810709
0.0920432
0.0997276
0.103924
0.105702
0.106203
0.106251
0.106315
0.1066
0.107143
0.107899
0.108796
0.109762
0.110746
0.11171
0.112637
0.11352
0.11436
0.115163
0.115935
0.116681
0.117406
0.118113
0.118805
0.119482
0.120144
0.120791
0.121422
0.122037
0.122634
0.123213
0.123773
0.124315
0.124838
0.125342
0.125827
0.126293
0.126739
0.127167
0.127575
0.127965
0.128335
0.128686
0.129018
0.129331
0.129624
0.129898
0.130153
0.130388
0.130604
0.130801
0.130977
0.131135
0.131272
0.13139
0.131489
0.131567
0.131626
0.131666
0.131685
0.131685
0.131666
0.131626
0.131567
0.131489
0.13139
0.131272
0.131135
0.130977
0.130801
0.130604
0.130388
0.130153
0.129898
0.129624
0.129331
0.129018
0.128686
0.128335
0.127965
0.127575
0.127167
0.126739
0.126293
0.125827
0.125342
0.124838
0.124315
0.123773
0.123213
0.122634
0.122037
0.121422
0.120791
0.120144
0.119482
0.118805
0.118113
0.117406
0.116681
0.115935
0.115163
0.11436
0.11352
0.112637
0.11171
0.110746
0.109762
0.108796
0.107899
0.107143
0.1066
0.106315
0.106251
0.106203
0.105702
0.103924
0.0997276
0.0920432
0.0810709
0.0712013
0.0773017
0.137317
0.336293
-0.149494
0.0494545
0.109414
0.115431
0.105449
0.0943376
0.0864858
0.0820946
0.0800931
0.0793412
0.0790154
0.0786448
0.0780262
0.0771219
0.075977
0.0746642
0.0732536
0.0717993
0.0703365
0.068884
0.0674481
0.0660279
0.0646183
0.0632133
0.0618071
0.060395
0.0589738
0.0575419
0.0560985
0.0546436
0.0531779
0.0517021
0.0502171
0.0487238
0.0472228
0.0457148
0.0442001
0.0426792
0.0411523
0.0396195
0.0380812
0.0365374
0.0349882
0.033434
0.0318748
0.0303108
0.0287422
0.0271693
0.0255924
0.0240115
0.022427
0.0208392
0.0192481
0.0176542
0.0160577
0.0144588
0.0128576
0.0112546
0.00964993
0.0080438
0.00643647
0.00482819
0.00321919
0.00160972
