0.00405992
0.00811923
0.0121773
0.0162335
0.0202873
0.024338
0.028385
0.0324276
0.0364653
0.0404974
0.0445233
0.0485424
0.052554
0.0565576
0.0605525
0.0645383
0.0685145
0.0724805
0.0764359
0.0803803
0.0843133
0.0882347
0.092144
0.096041
0.0999252
0.103796
0.107653
0.111496
0.115323
0.119132
0.122923
0.126693
0.130439
0.134158
0.137848
0.141506
0.145128
0.148713
0.152263
0.155779
0.159269
0.162744
0.16622
0.169718
0.173266
0.176891
0.18062
0.184471
0.188439
0.192483
0.196509
0.200344
0.203718
0.206259
0.207512
0.207018
0.204498
0.200229
0.195724
0.194909
0.206101
0.245196
0.340722
0.541679
-0.0704801
0.130406
0.225791
0.264676
0.275587
0.27442
0.269493
0.264732
0.261651
0.260524
0.261076
0.262845
0.265378
0.268302
0.271348
0.274343
0.277192
0.279855
0.282329
0.284629
0.286784
0.288821
0.290767
0.292645
0.294471
0.296255
0.298006
0.299726
0.301417
0.303076
0.304702
0.306292
0.307843
0.309354
0.31082
0.312242
0.313616
0.314943
0.316221
0.317451
0.318631
0.319762
0.320844
0.321876
0.32286
0.323795
0.324681
0.325518
0.326307
0.327047
0.327738
0.32838
0.328973
0.329518
0.330013
0.330459
0.330856
0.331203
0.331501
0.33175
0.331948
0.332097
0.332197
0.332247
0.332247
0.332197
0.332097
0.331948
0.33175
0.331501
0.331203
0.330856
0.330459
0.330013
0.329518
0.328973
0.32838
0.327738
0.327047
0.326307
0.325518
0.324681
0.323795
0.32286
0.321876
0.320844
0.319762
0.318631
0.317451
0.316221
0.314943
0.313616
0.312242
0.31082
0.309354
0.307843
0.306292
0.304702
0.303076
0.301417
0.299726
0.298006
0.296255
0.294471
0.292645
0.290767
0.288821
0.286784
0.284629
0.282329
0.279855
0.277192
0.274343
0.271348
0.268302
0.265378
0.262845
0.261076
0.260524
0.261651
0.264732
0.269493
0.27442
0.275587
0.264676
0.225791
0.130406
-0.0704801
0.541679
0.340722
0.245196
0.206101
0.194909
0.195724
0.200229
0.204498
0.207018
0.207512
0.206259
0.203718
0.200344
0.196509
0.192483
0.188439
0.184471
0.18062
0.176891
0.173266
0.169718
0.16622
0.162744
0.159269
0.155779
0.152263
0.148713
0.145128
0.141506
0.137848
0.134158
0.130439
0.126693
0.122923
0.119132
0.115323
0.111496
0.107653
0.103796
0.0999252
0.096041
0.092144
0.0882347
0.0843133
0.0803803
0.0764359
0.0724805
0.0685145
0.0645383
0.0605525
0.0565576
0.052554
0.0485424
0.0445233
0.0404974
0.0364653
0.0324276
0.028385
0.024338
0.0202873
0.0162335
0.0121773
0.00811923
0.00405992
