0.00319461
0.00638872
0.00958187
0.0127736
0.0159633
0.0191506
0.0223351
0.0255162
0.0286934
0.0318664
0.0350346
0.0381976
0.041355
0.0445063
0.0476511
0.050789
0.0539195
0.0570422
0.0601567
0.0632623
0.0663587
0.0694453
0.0725214
0.0755863
0.0786394
0.0816798
0.0847068
0.0877195
0.0907173
0.0936994
0.0966656
0.0996157
0.10255
0.10547
0.108376
0.11127
0.114157
0.117037
0.119915
0.122792
0.125668
0.128542
0.131407
0.134248
0.137046
0.139772
0.14239
0.144859
0.147143
0.149223
0.151113
0.152897
0.154754
0.157002
0.160113
0.164695
0.171373
0.180475
0.191352
0.201069
0.202012
0.177721
0.0958514
-0.10339
0.474118
0.274821
0.19284
0.168383
0.169105
0.178545
0.18909
0.197804
0.20404
0.208125
0.210683
0.212323
0.213519
0.214585
0.215704
0.216957
0.21836
0.219895
0.221523
0.223206
0.224908
0.226599
0.228259
0.229876
0.231442
0.232956
0.234417
0.235829
0.237194
0.238516
0.239798
0.241041
0.242247
0.243419
0.244555
0.245657
0.246725
0.247757
0.248754
0.249715
0.25064
0.251527
0.252378
0.25319
0.253965
0.254702
0.255401
0.256061
0.256682
0.257265
0.25781
0.258315
0.258782
0.259211
0.2596
0.259951
0.260262
0.260535
0.260769
0.260964
0.26112
0.261237
0.261315
0.261354
0.261354
0.261315
0.261237
0.26112
0.260964
0.260769
0.260535
0.260262
0.259951
0.2596
0.259211
0.258782
0.258315
0.25781
0.257265
0.256682
0.256061
0.255401
0.254702
0.253965
0.25319
0.252378
0.251527
0.25064
0.249715
0.248754
0.247757
0.246725
0.245657
0.244555
0.243419
0.242247
0.241041
0.239798
0.238516
0.237194
0.235829
0.234417
0.232956
0.231442
0.229876
0.228259
0.226599
0.224908
0.223206
0.221523
0.219895
0.21836
0.216957
0.215704
0.214585
0.213519
0.212323
0.210683
0.208125
0.20404
0.197804
0.18909
0.178545
0.169105
0.168383
0.19284
0.274821
0.474118
-0.10339
0.0958514
0.177721
0.202012
0.201069
0.191352
0.180475
0.171373
0.164695
0.160113
0.157002
0.154754
0.152897
0.151113
0.149223
0.147143
0.144859
0.14239
0.139772
0.137046
0.134248
0.131407
0.128542
0.125668
0.122792
0.119915
0.117037
0.114157
0.11127
0.108376
0.10547
0.10255
0.0996157
0.0966656
0.0936994
0.0907173
0.0877195
0.0847068
0.0816798
0.0786394
0.0755863
0.0725214
0.0694453
0.0663587
0.0632623
0.0601567
0.0570422
0.0539195
0.050789
0.0476511
0.0445063
0.041355
0.0381976
0.0350346
0.0318664
0.0286934
0.0255162
0.0223351
0.0191506
0.0159633
0.0127736
0.00958187
0.00638872
0.00319461
