0.00166585
0.00333146
0.00499656
0.00666091
0.00832426
0.00998635
0.011647
0.0133058
0.0149627
0.0166173
0.0182694
0.0199189
0.0215653
0.0232086
0.0248484
0.0264846
0.0281169
0.029745
0.0313687
0.0329877
0.0346018
0.0362107
0.037814
0.0394115
0.0410029
0.0425878
0.044166
0.0457373
0.0473014
0.0488583
0.050408
0.0519507
0.0534866
0.0550161
0.0565396
0.0580575
0.0595697
0.0610757
0.0625742
0.0640628
0.0655375
0.0669932
0.0684236
0.0698225
0.071185
0.0725108
0.0738074
0.0750949
0.0764101
0.0778078
0.0793575
0.0811283
0.0831578
0.0853958
0.0876231
0.0893521
0.0897506
0.0876927
0.0821637
0.0734809
0.0662074
0.0753611
0.138754
0.340358
-0.147045
0.054529
0.117865
0.126932
0.119543
0.110716
0.105013
0.102754
0.102921
0.104391
0.10633
0.108251
0.109935
0.111332
0.112479
0.113446
0.114302
0.115102
0.115883
0.116665
0.117455
0.118254
0.119057
0.119857
0.120648
0.121426
0.122186
0.122926
0.123645
0.124343
0.125019
0.125674
0.126309
0.126924
0.12752
0.128096
0.128653
0.129192
0.129712
0.130212
0.130694
0.131156
0.131598
0.132021
0.132425
0.132809
0.133172
0.133516
0.13384
0.134144
0.134428
0.134692
0.134935
0.135158
0.135361
0.135544
0.135707
0.135849
0.135971
0.136073
0.136154
0.136216
0.136256
0.136277
0.136277
0.136256
0.136216
0.136154
0.136073
0.135971
0.135849
0.135707
0.135544
0.135361
0.135158
0.134935
0.134692
0.134428
0.134144
0.13384
0.133516
0.133172
0.132809
0.132425
0.132021
0.131598
0.131156
0.130694
0.130212
0.129712
0.129192
0.128653
0.128096
0.12752
0.126924
0.126309
0.125674
0.125019
0.124343
0.123645
0.122926
0.122186
0.121426
0.120648
0.119857
0.119057
0.118254
0.117455
0.116665
0.115883
0.115102
0.114302
0.113446
0.112479
0.111332
0.109935
0.108251
0.10633
0.104391
0.102921
0.102754
0.105013
0.110716
0.119543
0.126932
0.117865
0.054529
-0.147045
0.340358
0.138754
0.0753611
0.0662074
0.0734809
0.0821637
0.0876927
0.0897506
0.0893521
0.0876231
0.0853958
0.0831578
0.0811283
0.0793575
0.0778078
0.0764101
0.0750949
0.0738074
0.0725108
0.071185
0.0698225
0.0684236
0.0669932
0.0655375
0.0640628
0.0625742
0.0610757
0.0595697
0.0580575
0.0565396
0.0550161
0.0534866
0.0519507
0.050408
0.0488583
0.0473014
0.0457373
0.044166
0.0425878
0.0410029
0.0394115
0.037814
0.0362107
0.0346018
0.0329877
0.0313687
0.029745
0.0281169
0.0264846
0.0248484
0.0232086
0.0215653
0.0199189
0.0182694
0.0166173
0.0149627
0.0133058
0.011647
0.00998635
0.00832426
0.00666091
0.00499656
0.00333146
0.00166585
