0.00110415
0.00220813
0.00331178
0.00441493
0.00551743
0.00661909
0.00771977
0.00881929
0.00991749
0.0110142
0.0121093
0.0132025
0.0142938
0.0153829
0.0164697
0.0175541
0.0186358
0.0197148
0.0207909
0.0218639
0.0229337
0.0240002
0.0250631
0.0261223
0.0271775
0.0282287
0.0292755
0.0303177
0.0313551
0.0323874
0.0334144
0.034436
0.0354522
0.0364631
0.0374691
0.0384707
0.0394684
0.0404631
0.0414551
0.0424445
0.0434303
0.0444103
0.0453801
0.0463336
0.0472629
0.0481597
0.0490182
0.049839
0.050636
0.0514427
0.0523186
0.0533478
0.0546247
0.0562135
0.0580681
0.0599068
0.0610553
0.0603377
0.0562363
0.0478413
0.0376955
0.0387446
0.0896123
0.28599
-0.157861
0.0384977
0.0893271
0.0903188
0.0800965
0.0716057
0.0673896
0.0665381
0.0675337
0.0692004
0.070864
0.0722428
0.0732909
0.0740722
0.0746813
0.0752024
0.075695
0.0761927
0.0767093
0.0772456
0.0777958
0.0783516
0.0789053
0.0794506
0.0799835
0.0805016
0.0810042
0.0814913
0.0819633
0.0824212
0.0828656
0.0832971
0.0837161
0.0841229
0.0845175
0.0848999
0.0852701
0.0856278
0.0859729
0.0863053
0.0866249
0.0869315
0.0872251
0.0875057
0.0877731
0.0880273
0.0882683
0.0884961
0.0887107
0.088912
0.0891
0.0892747
0.089436
0.089584
0.0897187
0.0898399
0.0899477
0.090042
0.090123
0.0901904
0.0902444
0.0902849
0.0903119
0.0903254
0.0903254
0.0903119
0.0902849
0.0902444
0.0901904
0.090123
0.090042
0.0899477
0.0898399
0.0897187
0.089584
0.089436
0.0892747
0.0891
0.088912
0.0887107
0.0884961
0.0882683
0.0880273
0.0877731
0.0875057
0.0872251
0.0869315
0.0866249
0.0863053
0.0859729
0.0856278
0.0852701
0.0848999
0.0845175
0.0841229
0.0837161
0.0832971
0.0828656
0.0824212
0.0819633
0.0814913
0.0810042
0.0805016
0.0799835
0.0794506
0.0789053
0.0783516
0.0777958
0.0772456
0.0767093
0.0761927
0.075695
0.0752024
0.0746813
0.0740722
0.0732909
0.0722428
0.070864
0.0692004
0.0675337
0.0665381
0.0673896
0.0716057
0.0800965
0.0903188
0.0893271
0.0384977
-0.157861
0.28599
0.0896123
0.0387446
0.0376955
0.0478413
0.0562363
0.0603377
0.0610553
0.0599068
0.0580681
0.0562135
0.0546247
0.0533478
0.0523186
0.0514427
0.050636
0.049839
0.0490182
0.0481597
0.0472629
0.0463336
0.0453801
0.0444103
0.0434303
0.0424445
0.0414551
0.0404631
0.0394684
0.0384707
0.0374691
0.0364631
0.0354522
0.034436
0.0334144
0.0323874
0.0313551
0.0303177
0.0292755
0.0282287
0.0271775
0.0261223
0.0250631
0.0240002
0.0229337
0.0218639
0.0207909
0.0197148
0.0186358
0.0175541
0.0164697
0.0153829
0.0142938
0.0132025
0.0121093
0.0110142
0.00991749
0.00881929
0.00771977
0.00661909
0.00551743
0.00441493
0.00331178
0.00220813
0.00110415
