0.00226778
0.00453522
0.00680198
0.00906773
0.0113321
0.0135948
0.0158554
0.0181137
0.0203692
0.0226217
0.0248707
0.027116
0.0293572
0.031594
0.033826
0.0360529
0.0382745
0.0404904
0.0427004
0.0449041
0.0471013
0.0492918
0.0514751
0.0536511
0.0558193
0.0579795
0.060131
0.0622734
0.0644061
0.0665282
0.0686391
0.0707379
0.0728238
0.0748963
0.0769552
0.0790006
0.0810335
0.0830558
0.0850703
0.0870807
0.0890916
0.0911073
0.0931312
0.0951638
0.0972003
0.0992278
0.101223
0.103148
0.104956
0.106589
0.107996
0.109158
0.110122
0.111061
0.112337
0.114554
0.11855
0.125209
0.134899
0.146139
0.152823
0.138849
0.0682304
-0.132462
0.395621
0.194889
0.124191
0.1101
0.116626
0.12767
0.137124
0.143508
0.14719
0.149054
0.149938
0.150446
0.15094
0.151592
0.152452
0.153498
0.154681
0.155943
0.157235
0.158522
0.15978
0.160996
0.162165
0.163288
0.164369
0.165411
0.166421
0.1674
0.168354
0.169282
0.170188
0.17107
0.17193
0.172766
0.173578
0.174365
0.175127
0.175864
0.176574
0.177258
0.177915
0.178546
0.179149
0.179726
0.180275
0.180797
0.181292
0.181759
0.1822
0.182613
0.182999
0.183358
0.183689
0.183993
0.184269
0.184518
0.18474
0.184934
0.1851
0.185238
0.185349
0.185432
0.185488
0.185516
0.185516
0.185488
0.185432
0.185349
0.185238
0.1851
0.184934
0.18474
0.184518
0.184269
0.183993
0.183689
0.183358
0.182999
0.182613
0.1822
0.181759
0.181292
0.180797
0.180275
0.179726
0.179149
0.178546
0.177915
0.177258
0.176574
0.175864
0.175127
0.174365
0.173578
0.172766
0.17193
0.17107
0.170188
0.169282
0.168354
0.1674
0.166421
0.165411
0.164369
0.163288
0.162165
0.160996
0.15978
0.158522
0.157235
0.155943
0.154681
0.153498
0.152452
0.151592
0.15094
0.150446
0.149938
0.149054
0.14719
0.143508
0.137124
0.12767
0.116626
0.1101
0.124191
0.194889
0.395621
-0.132462
0.0682304
0.138849
0.152823
0.146139
0.134899
0.125209
0.11855
0.114554
0.112337
0.111061
0.110122
0.109158
0.107996
0.106589
0.104956
0.103148
0.101223
0.0992278
0.0972003
0.0951638
0.0931312
0.0911073
0.0890916
0.0870807
0.0850703
0.0830558
0.0810335
0.0790006
0.0769552
0.0748963
0.0728238
0.0707379
0.0686391
0.0665282
0.0644061
0.0622734
0.060131
0.0579795
0.0558193
0.0536511
0.0514751
0.0492918
0.0471013
0.0449041
0.0427004
0.0404904
0.0382745
0.0360529
0.033826
0.031594
0.0293572
0.027116
0.0248707
0.0226217
0.0203692
0.0181137
0.0158554
0.0135948
0.0113321
0.00906773
0.00680198
0.00453522
0.00226778
