0.00366347
0.00732639
0.0109882
0.0146484
0.0183064
0.0219616
0.0256136
0.0292618
0.0329056
0.0365446
0.0401783
0.0438061
0.0474276
0.0510421
0.0546493
0.0582485
0.0618392
0.0654209
0.0689929
0.0725545
0.0761052
0.0796441
0.0831705
0.0866835
0.0901824
0.0936663
0.0971345
0.100586
0.104021
0.10744
0.110841
0.114226
0.117596
0.120952
0.124296
0.127631
0.130959
0.134282
0.137602
0.140916
0.144222
0.147512
0.150773
0.153985
0.157123
0.160155
0.163047
0.165769
0.168302
0.170657
0.172893
0.175142
0.17764
0.180742
0.184926
0.190734
0.198617
0.208577
0.219482
0.227817
0.225513
0.196328
0.109958
-0.0873496
0.512535
0.315163
0.228666
0.199291
0.196733
0.20475
0.215275
0.224791
0.232166
0.237405
0.240955
0.243361
0.245099
0.246526
0.247876
0.249284
0.250808
0.252457
0.254216
0.256052
0.257932
0.259825
0.261705
0.263553
0.265357
0.267108
0.268804
0.270443
0.272027
0.273559
0.27504
0.276474
0.277862
0.279208
0.280511
0.281773
0.282995
0.284176
0.285316
0.286416
0.287474
0.28849
0.289464
0.290396
0.291285
0.29213
0.292931
0.293689
0.294403
0.295072
0.295697
0.296278
0.296814
0.297305
0.297753
0.298155
0.298513
0.298826
0.299094
0.299318
0.299497
0.299631
0.299721
0.299765
0.299765
0.299721
0.299631
0.299497
0.299318
0.299094
0.298826
0.298513
0.298155
0.297753
0.297305
0.296814
0.296278
0.295697
0.295072
0.294403
0.293689
0.292931
0.29213
0.291285
0.290396
0.289464
0.28849
0.287474
0.286416
0.285316
0.284176
0.282995
0.281773
0.280511
0.279208
0.277862
0.276474
0.27504
0.273559
0.272027
0.270443
0.268804
0.267108
0.265357
0.263553
0.261705
0.259825
0.257932
0.256052
0.254216
0.252457
0.250808
0.249284
0.247876
0.246526
0.245099
0.243361
0.240955
0.237405
0.232166
0.224791
0.215275
0.20475
0.196733
0.199291
0.228666
0.315163
0.512535
-0.0873496
0.109958
0.196328
0.225513
0.227817
0.219482
0.208577
0.198617
0.190734
0.184926
0.180742
0.17764
0.175142
0.172893
0.170657
0.168302
0.165769
0.163047
0.160155
0.157123
0.153985
0.150773
0.147512
0.144222
0.140916
0.137602
0.134282
0.130959
0.127631
0.124296
0.120952
0.117596
0.114226
0.110841
0.10744
0.104021
0.100586
0.0971345
0.0936663
0.0901824
0.0866835
0.0831705
0.0796441
0.0761052
0.0725545
0.0689929
0.0654209
0.0618392
0.0582485
0.0546493
0.0510421
0.0474276
0.0438061
0.0401783
0.0365446
0.0329056
0.0292618
0.0256136
0.0219616
0.0183064
0.0146484
0.0109882
0.00732639
0.00366347
