0.00479616
0.00960239
0.0144287
0.019285
0.0241811
0.0291266
0.0341306
0.0392022
0.04435
0.0495821
0.0549061
0.060329
0.0658573
0.0714966
0.0772518
0.0831268
0.0891245
0.0952469
0.101495
0.107868
0.114364
0.12098
0.127712
0.134552
0.141494
0.148529
0.155644
0.162827
0.170065
0.177342
0.184641
0.191944
0.199232
0.206488
0.213691
0.220826
0.227876
0.234829
0.241676
0.248414
0.25505
0.261597
0.268086
0.27456
0.281085
0.28775
0.294674
0.302015
0.309973
0.318803
0.328819
0.340416
0.354072
0.370373
0.390028
0.413888
0.442975
0.478507
0.521933
0.574968
0.639636
0.718321
0.813822
0.929415
0.068933
0.184517
0.279998
0.358654
0.423283
0.476268
0.519634
0.555096
0.584102
0.607869
0.627418
0.643601
0.657127
0.668578
0.678436
0.68709
0.694858
0.701991
0.708689
0.715108
0.721366
0.727552
0.733729
0.739941
0.746214
0.752562
0.758988
0.765488
0.772051
0.778663
0.785305
0.791957
0.798599
0.805209
0.811764
0.818245
0.82463
0.830901
0.83704
0.84303
0.848856
0.854504
0.859961
0.865217
0.870261
0.875085
0.879681
0.884043
0.888166
0.892044
0.895673
0.899052
0.902176
0.905044
0.907654
0.910006
0.912098
0.913929
0.915499
0.916807
0.917854
0.91864
0.919163
0.919425
0.919425
0.919163
0.91864
0.917854
0.916807
0.915499
0.913929
0.912098
0.910006
0.907654
0.905044
0.902176
0.899052
0.895673
0.892044
0.888166
0.884043
0.879681
0.875085
0.870261
0.865217
0.859961
0.854504
0.848856
0.84303
0.83704
0.830901
0.82463
0.818245
0.811764
0.805209
0.798599
0.791957
0.785305
0.778663
0.772051
0.765488
0.758988
0.752562
0.746214
0.739941
0.733729
0.727552
0.721366
0.715108
0.708689
0.701991
0.694858
0.68709
0.678436
0.668578
0.657127
0.643601
0.627418
0.607869
0.584102
0.555096
0.519634
0.476268
0.423283
0.358654
0.279998
0.184517
0.068933
0.929415
0.813822
0.718321
0.639636
0.574968
0.521933
0.478507
0.442975
0.413888
0.390028
0.370373
0.354072
0.340416
0.328819
0.318803
0.309973
0.302015
0.294674
0.28775
0.281085
0.27456
0.268086
0.261597
0.25505
0.248414
0.241676
0.234829
0.227876
0.220826
0.213691
0.206488
0.199232
0.191944
0.184641
0.177342
0.170065
0.162827
0.155644
0.148529
0.141494
0.134552
0.127712
0.12098
0.114364
0.107868
0.101495
0.0952469
0.0891245
0.0831268
0.0772518
0.0714966
0.0658573
0.060329
0.0549061
0.0495821
0.04435
0.0392022
0.0341306
0.0291266
0.0241811
0.019285
0.0144287
0.00960239
0.00479616
