0.131282
0.106913
0.0824806
0.0579982
0.0334809
0.00894335
-0.0155995
-0.040133
-0.0646424
-0.0891127
-0.113529
-0.137878
-0.162143
-0.186311
-0.210366
-0.234295
-0.258082
-0.281714
-0.305177
-0.328455
-0.351536
-0.374405
-0.397048
-0.419452
-0.441604
-0.46349
-0.485096
-0.50641
-0.527419
-0.548111
-0.568472
-0.588491
-0.608155
-0.627453
-0.646373
-0.664904
-0.683034
-0.700753
-0.71805
-0.734914
-0.751336
-0.767304
-0.782811
-0.797846
-0.812401
-0.826466
-0.840033
-0.853095
-0.865642
-0.877668
-0.889166
-0.900128
-0.910547
-0.920418
-0.929735
-0.938492
-0.946683
-0.954304
-0.96135
-0.967817
-0.973702
-0.978999
-0.983707
-0.987823
-0.991343
-0.994266
-0.996591
-0.998315
-0.999437
-0.999958
-0.999876
-0.999192
-0.997907
-0.99602
-0.993533
-0.990447
-0.986765
-0.982489
-0.977621
-0.972164
-0.966121
-0.959496
-0.952294
-0.944517
-0.936172
-0.927263
-0.917796
-0.907775
-0.897208
-0.8861
-0.874459
-0.86229
-0.849603
-0.836403
-0.8227
-0.808501
-0.793816
-0.778652
-0.763019
-0.746926
-0.730383
-0.713401
-0.695989
-0.678157
-0.659917
-0.64128
-0.622256
-0.602858
-0.583096
-0.562983
-0.542531
-0.521752
-0.500659
-0.479264
-0.457581
-0.435622
-0.4134
-0.39093
-0.368224
-0.345296
-0.322161
-0.298831
-0.275321
-0.251645
-0.227818
-0.203854
-0.179766
-0.155571
-0.131282
-0.106913
-0.0824806
-0.0579982
-0.0334809
-0.00894335
0.0155995
0.040133
0.0646424
0.0891127
0.113529
0.137878
0.162143
0.186311
0.210366
0.234295
0.258082
0.281714
0.305177
0.328455
0.351536
0.374405
0.397048
0.419452
0.441604
0.46349
0.485096
0.50641
0.527419
0.548111
0.568472
0.588491
0.608155
0.627453
0.646373
0.664904
0.683034
0.700753
0.71805
0.734914
0.751336
0.767304
0.782811
0.797846
0.812401
0.826466
0.840033
0.853095
0.865642
0.877668
0.889166
0.900128
0.910547
0.920418
0.929735
0.938492
0.946683
0.954304
0.96135
0.967817
0.973702
0.978999
0.983707
0.987823
0.991343
0.994266
0.996591
0.998315
0.999437
0.999958
0.999876
0.999192
0.997907
0.99602
0.993533
0.990447
0.986765
0.982489
0.977621
0.972164
0.966121
0.959496
0.952294
0.944517
0.936172
0.927263
0.917796
0.907775
0.897208
0.8861
0.874459
0.86229
0.849603
0.836403
0.8227
0.808501
0.793816
0.778652
0.763019
0.746926
0.730383
0.713401
0.695989
0.678157
0.659917
0.64128
0.622256
0.602858
0.583096
0.562983
0.542531
0.521752
0.500659
0.479264
0.457581
0.435622
0.4134
0.39093
0.368224
0.345296
0.322161
0.298831
0.275321
0.251645
0.227818
0.203854
0.179766
0.155571
