-0.128368
-0.103991
-0.079552
-0.0550645
-0.030544
-0.006005
0.0185376
0.043069
0.0675745
0.0920393
0.116449
0.140788
0.165042
0.189197
0.213238
0.237151
0.26092
0.284533
0.307974
0.33123
0.354286
0.377129
0.399744
0.422119
0.444239
0.466092
0.487664
0.508943
0.529915
0.550567
0.570888
0.590865
0.610486
0.62974
0.648614
0.667097
0.685179
0.702848
0.720093
0.736905
0.753273
0.769187
0.784638
0.799616
0.814112
0.828118
0.841626
0.854626
0.867111
0.879075
0.890508
0.901405
0.91176
0.921565
0.930815
0.939504
0.947627
0.95518
0.962157
0.968555
0.974369
0.979596
0.984233
0.988277
0.991726
0.994578
0.996831
0.998483
0.999533
0.999982
0.999828
0.999072
0.997714
0.995755
0.993197
0.99004
0.986286
0.981939
0.977
0.971473
0.96536
0.958666
0.951395
0.94355
0.935137
0.926161
0.916627
0.90654
0.895908
0.884736
0.873031
0.8608
0.848051
0.834791
0.821028
0.80677
0.792027
0.776806
0.761117
0.74497
0.728375
0.71134
0.693877
0.675996
0.657708
0.639024
0.619954
0.600512
0.580707
0.560553
0.540061
0.519244
0.498114
0.476684
0.454967
0.432976
0.410724
0.388224
0.365491
0.342538
0.319378
0.296026
0.272495
0.248801
0.224956
0.200976
0.176875
0.152668
0.128368
0.103991
0.079552
0.0550645
0.030544
0.006005
-0.0185376
-0.043069
-0.0675745
-0.0920393
-0.116449
-0.140788
-0.165042
-0.189197
-0.213238
-0.237151
-0.26092
-0.284533
-0.307974
-0.33123
-0.354286
-0.377129
-0.399744
-0.422119
-0.444239
-0.466092
-0.487664
-0.508943
-0.529915
-0.550567
-0.570888
-0.590865
-0.610486
-0.62974
-0.648614
-0.667097
-0.685179
-0.702848
-0.720093
-0.736905
-0.753273
-0.769187
-0.784638
-0.799616
-0.814112
-0.828118
-0.841626
-0.854626
-0.867111
-0.879075
-0.890508
-0.901405
-0.91176
-0.921565
-0.930815
-0.939504
-0.947627
-0.95518
-0.962157
-0.968555
-0.974369
-0.979596
-0.984233
-0.988277
-0.991726
-0.994578
-0.996831
-0.998483
-0.999533
-0.999982
-0.999828
-0.999072
-0.997714
-0.995755
-0.993197
-0.99004
-0.986286
-0.981939
-0.977
-0.971473
-0.96536
-0.958666
-0.951395
-0.94355
-0.935137
-0.926161
-0.916627
-0.90654
-0.895908
-0.884736
-0.873031
-0.8608
-0.848051
-0.834791
-0.821028
-0.80677
-0.792027
-0.776806
-0.761117
-0.74497
-0.728375
-0.71134
-0.693877
-0.675996
-0.657708
-0.639024
-0.619954
-0.600512
-0.580707
-0.560553
-0.540061
-0.519244
-0.498114
-0.476684
-0.454967
-0.432976
-0.410724
-0.388224
-0.365491
-0.342538
-0.319378
-0.296026
-0.272495
-0.248801
-0.224956
-0.200976
-0.176875
-0.152668
