0.9982
0.996429
0.994058
0.991088
0.987521
0.983359
0.978605
0.973261
0.967331
0.960818
0.953727
0.946061
0.937825
0.929024
0.919664
0.90975
0.899287
0.888283
0.876744
0.864677
0.852089
0.838988
0.825381
0.811277
0.796685
0.781612
0.766069
0.750064
0.733608
0.716709
0.699379
0.681628
0.663466
0.644904
0.625954
0.606627
0.586934
0.566888
0.546501
0.525784
0.50475
0.483413
0.461784
0.439877
0.417705
0.395282
0.37262
0.349734
0.326638
0.303344
0.279868
0.256223
0.232424
0.208485
0.184421
0.160245
0.135973
0.111618
0.087197
0.062723
0.0382113
0.0136765
-0.0108664
-0.0354029
-0.059918
-0.084397
-0.108825
-0.133188
-0.15747
-0.181658
-0.205736
-0.22969
-0.253506
-0.277169
-0.300665
-0.32398
-0.3471
-0.370011
-0.392699
-0.41515
-0.437352
-0.45929
-0.480951
-0.502322
-0.523391
-0.544145
-0.564571
-0.584657
-0.60439
-0.62376
-0.642754
-0.661361
-0.679569
-0.697368
-0.714747
-0.731695
-0.748203
-0.76426
-0.779856
-0.794983
-0.809631
-0.823791
-0.837455
-0.850615
-0.863262
-0.875389
-0.886989
-0.898055
-0.908579
-0.918557
-0.927981
-0.936846
-0.945147
-0.952878
-0.960035
-0.966615
-0.972612
-0.978023
-0.982845
-0.987074
-0.99071
-0.993748
-0.996188
-0.998028
-0.999267
-0.999904
-0.999938
-0.99937
-0.9982
-0.996429
-0.994058
-0.991088
-0.987521
-0.983359
-0.978605
-0.973261
-0.967331
-0.960818
-0.953727
-0.946061
-0.937825
-0.929024
-0.919664
-0.90975
-0.899287
-0.888283
-0.876744
-0.864677
-0.852089
-0.838988
-0.825381
-0.811277
-0.796685
-0.781612
-0.766069
-0.750064
-0.733608
-0.716709
-0.699379
-0.681628
-0.663466
-0.644904
-0.625954
-0.606627
-0.586934
-0.566888
-0.546501
-0.525784
-0.50475
-0.483413
-0.461784
-0.439877
-0.417705
-0.395282
-0.37262
-0.349734
-0.326638
-0.303344
-0.279868
-0.256223
-0.232424
-0.208485
-0.184421
-0.160245
-0.135973
-0.111618
-0.087197
-0.062723
-0.0382113
-0.0136765
0.0108664
0.0354029
0.059918
0.084397
0.108825
0.133188
0.15747
0.181658
0.205736
0.22969
0.253506
0.277169
0.300665
0.32398
0.3471
0.370011
0.392699
0.41515
0.437352
0.45929
0.480951
0.502322
0.523391
0.544145
0.564571
0.584657
0.60439
0.62376
0.642754
0.661361
0.679569
0.697368
0.714747
0.731695
0.748203
0.76426
0.779856
0.794983
0.809631
0.823791
0.837455
0.850615
0.863262
0.875389
0.886989
0.898055
0.908579
0.918557
0.927981
0.936846
0.945147
0.952878
0.960035
0.966615
0.972612
0.978023
0.982845
0.987074
0.99071
0.993748
0.996188
0.998028
0.999267
0.999904
0.999938
0.99937
