-0.97403
-0.968181
-0.961748
-0.954735
-0.947148
-0.93899
-0.930266
-0.920982
-0.911144
-0.900756
-0.889826
-0.87836
-0.866365
-0.853848
-0.840816
-0.827278
-0.813242
-0.798716
-0.783709
-0.76823
-0.752288
-0.735892
-0.719054
-0.701782
-0.684088
-0.665982
-0.647474
-0.628577
-0.609301
-0.589657
-0.569659
-0.549317
-0.528645
-0.507654
-0.486358
-0.464768
-0.442898
-0.420762
-0.398372
-0.375742
-0.352886
-0.329818
-0.30655
-0.283098
-0.259476
-0.235697
-0.211776
-0.187728
-0.163567
-0.139307
-0.114963
-0.0905496
-0.0660819
-0.0415744
-0.0170419
0.00750085
0.0320391
0.0565581
0.081043
0.105479
0.129852
0.154146
0.178347
0.202441
0.226413
0.250249
0.273934
0.297454
0.320795
0.343942
0.366883
0.389602
0.412087
0.434323
0.456298
0.477998
0.49941
0.520522
0.541319
0.561791
0.581924
0.601707
0.621127
0.640173
0.658834
0.677097
0.694953
0.71239
0.729398
0.745967
0.762086
0.777747
0.792938
0.807653
0.82188
0.835613
0.848842
0.86156
0.873759
0.885432
0.896571
0.90717
0.917223
0.926723
0.935665
0.944044
0.951854
0.95909
0.965749
0.971826
0.977317
0.98222
0.986531
0.990248
0.993369
0.995891
0.997813
0.999135
0.999854
0.999971
0.999486
0.998398
0.99671
0.994421
0.991533
0.988047
0.983967
0.979294
0.97403
0.968181
0.961748
0.954735
0.947148
0.93899
0.930266
0.920982
0.911144
0.900756
0.889826
0.87836
0.866365
0.853848
0.840816
0.827278
0.813242
0.798716
0.783709
0.76823
0.752288
0.735892
0.719054
0.701782
0.684088
0.665982
0.647474
0.628577
0.609301
0.589657
0.569659
0.549317
0.528645
0.507654
0.486358
0.464768
0.442898
0.420762
0.398372
0.375742
0.352886
0.329818
0.30655
0.283098
0.259476
0.235697
0.211776
0.187728
0.163567
0.139307
0.114963
0.0905496
0.0660819
0.0415744
0.0170419
-0.00750085
-0.0320391
-0.0565581
-0.081043
-0.105479
-0.129852
-0.154146
-0.178347
-0.202441
-0.226413
-0.250249
-0.273934
-0.297454
-0.320795
-0.343942
-0.366883
-0.389602
-0.412087
-0.434323
-0.456298
-0.477998
-0.49941
-0.520522
-0.541319
-0.561791
-0.581924
-0.601707
-0.621127
-0.640173
-0.658834
-0.677097
-0.694953
-0.71239
-0.729398
-0.745967
-0.762086
-0.777747
-0.792938
-0.807653
-0.82188
-0.835613
-0.848842
-0.86156
-0.873759
-0.885432
-0.896571
-0.90717
-0.917223
-0.926723
-0.935665
-0.944044
-0.951854
-0.95909
-0.965749
-0.971826
-0.977317
-0.98222
-0.986531
-0.990248
-0.993369
-0.995891
-0.997813
-0.999135
-0.999854
-0.999971
-0.999486
-0.998398
-0.99671
-0.994421
-0.991533
-0.988047
-0.983967
-0.979294
