-0.931218
-0.935621
-0.939882
-0.944002
-0.94798
-0.951815
-0.955507
-0.959054
-0.962458
-0.965716
-0.968829
-0.971796
-0.974617
-0.977291
-0.979818
-0.982197
-0.984428
-0.986511
-0.988446
-0.990231
-0.991868
-0.993355
-0.994692
-0.99588
-0.996918
-0.997806
-0.998543
-0.99913
-0.999567
-0.999852
-0.999988
-0.999973
-0.999807
-0.999491
-0.999024
-0.998406
-0.997639
-0.996721
-0.995653
-0.994435
-0.993067
-0.99155
-0.989883
-0.988068
-0.986103
-0.98399
-0.981729
-0.97932
-0.976764
-0.97406
-0.97121
-0.968213
-0.965071
-0.961784
-0.958351
-0.954774
-0.951054
-0.94719
-0.943183
-0.939035
-0.934745
-0.930314
-0.925743
-0.921033
-0.916184
-0.911197
-0.906073
-0.900813
-0.895416
-0.889885
-0.88422
-0.878422
-0.872491
-0.866429
-0.860237
-0.853915
-0.847465
-0.840886
-0.834182
-0.827351
-0.820396
-0.813317
-0.806116
-0.798794
-0.791351
-0.783789
-0.776109
-0.768312
-0.7604
-0.752373
-0.744232
-0.73598
-0.727617
-0.719144
-0.710563
-0.701875
-0.693081
-0.684182
-0.675181
-0.666078
-0.656875
-0.647573
-0.638173
-0.628677
-0.619087
-0.609403
-0.599627
-0.589762
-0.579807
-0.569765
-0.559637
-0.549425
-0.53913
-0.528755
-0.518299
-0.507765
-0.497155
-0.48647
-0.475712
-0.464882
-0.453982
-0.443014
-0.431979
-0.420879
-0.409716
-0.39849
-0.387205
-0.375862
-0.364462
-0.353007
-0.341499
-0.329939
-0.31833
-0.306673
-0.29497
-0.283222
-0.271432
-0.2596
-0.24773
-0.235822
-0.223879
-0.211902
-0.199893
-0.187854
-0.175787
-0.163693
-0.151575
-0.139434
-0.127272
-0.11509
-0.102892
-0.0906777
-0.0784498
-0.0662102
-0.0539606
-0.0417029
-0.0294389
-0.0171705
-0.00489945
0.00737231
0.019643
0.0319106
0.0441735
0.0564298
0.0686775
0.0809149
0.0931401
0.105351
0.117547
0.129724
0.141882
0.154019
0.166133
0.178221
0.190283
0.202316
0.214318
0.226288
0.238225
0.250125
0.261988
0.273811
0.285593
0.297332
0.309026
0.320673
0.332273
0.343822
0.35532
0.366764
0.378152
0.389484
0.400757
0.41197
0.423121
0.434208
0.44523
0.456184
0.46707
0.477886
0.488629
0.499299
0.509894
0.520412
0.530852
0.541212
0.55149
0.561685
0.571796
0.58182
0.591757
0.601605
0.611362
0.621027
0.630598
0.640075
0.649455
0.658737
0.667921
0.677003
0.685984
0.694861
0.703634
0.712301
0.72086
0.729311
0.737652
0.745882
0.754
0.762004
0.769893
0.777666
0.785323
0.792861
0.800279
0.807577
0.814754
0.821808
0.828738
0.835543
0.842222
0.848775
0.855199
0.861495
0.867662
0.873697
0.879601
0.885373
0.891011
0.896515
0.901884
0.907117
0.912213
0.917172
0.921993
0.926676
0.931218
0.935621
0.939882
0.944002
0.94798
0.951815
0.955507
0.959054
0.962458
0.965716
0.968829
0.971796
0.974617
0.977291
0.979818
0.982197
0.984428
0.986511
0.988446
0.990231
0.991868
0.993355
0.994692
0.99588
0.996918
0.997806
0.998543
0.99913
0.999567
0.999852
0.999988
0.999973
0.999807
0.999491
0.999024
0.998406
0.997639
0.996721
0.995653
0.994435
0.993067
0.99155
0.989883
0.988068
0.986103
0.98399
0.981729
0.97932
0.976764
0.97406
0.97121
0.968213
0.965071
0.961784
0.958351
0.954774
0.951054
0.94719
0.943183
0.939035
0.934745
0.930314
0.925743
0.921033
0.916184
0.911197
0.906073
0.900813
0.895416
0.889885
0.88422
0.878422
0.872491
0.866429
0.860237
0.853915
0.847465
0.840886
0.834182
0.827351
0.820396
0.813317
0.806116
0.798794
0.791351
0.783789
0.776109
0.768312
0.7604
0.752373
0.744232
0.73598
0.727617
0.719144
0.710563
0.701875
0.693081
0.684182
0.675181
0.666078
0.656875
0.647573
0.638173
0.628677
0.619087
0.609403
0.599627
0.589762
0.579807
0.569765
0.559637
0.549425
0.53913
0.528755
0.518299
0.507765
0.497155
0.48647
0.475712
0.464882
0.453982
0.443014
0.431979
0.420879
0.409716
0.39849
0.387205
0.375862
0.364462
0.353007
0.341499
0.329939
0.31833
0.306673
0.29497
0.283222
0.271432
0.2596
0.24773
0.235822
0.223879
0.211902
0.199893
0.187854
0.175787
0.163693
0.151575
0.139434
0.127272
0.11509
0.102892
0.0906777
0.0784498
0.0662102
0.0539606
0.0417029
0.0294389
0.0171705
0.00489945
-0.00737231
-0.019643
-0.0319106
-0.0441735
-0.0564298
-0.0686775
-0.0809149
-0.0931401
-0.105351
-0.117547
-0.129724
-0.141882
-0.154019
-0.166133
-0.178221
-0.190283
-0.202316
-0.214318
-0.226288
-0.238225
-0.250125
-0.261988
-0.273811
-0.285593
-0.297332
-0.309026
-0.320673
-0.332273
-0.343822
-0.35532
-0.366764
-0.378152
-0.389484
-0.400757
-0.41197
-0.423121
-0.434208
-0.44523
-0.456184
-0.46707
-0.477886
-0.488629
-0.499299
-0.509894
-0.520412
-0.530852
-0.541212
-0.55149
-0.561685
-0.571796
-0.58182
-0.591757
-0.601605
-0.611362
-0.621027
-0.630598
-0.640075
-0.649455
-0.658737
-0.667921
-0.677003
-0.685984
-0.694861
-0.703634
-0.712301
-0.72086
-0.729311
-0.737652
-0.745882
-0.754
-0.762004
-0.769893
-0.777666
-0.785323
-0.792861
-0.800279
-0.807577
-0.814754
-0.821808
-0.828738
-0.835543
-0.842222
-0.848775
-0.855199
-0.861495
-0.867662
-0.873697
-0.879601
-0.885373
-0.891011
-0.896515
-0.901884
-0.907117
-0.912213
-0.917172
-0.921993
-0.926676
