-0.143675
-0.167918
-0.19206
-0.216087
-0.239983
-0.263735
-0.287328
-0.310748
-0.33398
-0.357012
-0.379828
-0.402416
-0.424761
-0.44685
-0.46867
-0.490208
-0.511451
-0.532385
-0.552999
-0.57328
-0.593215
-0.612793
-0.632002
-0.65083
-0.669266
-0.6873
-0.704919
-0.722113
-0.738872
-0.755187
-0.771046
-0.786441
-0.801363
-0.815801
-0.829749
-0.843196
-0.856135
-0.868559
-0.88046
-0.89183
-0.902663
-0.912952
-0.922692
-0.931875
-0.940498
-0.948553
-0.956038
-0.962946
-0.969275
-0.975019
-0.980176
-0.984743
-0.988717
-0.992095
-0.994875
-0.997057
-0.998637
-0.999616
-0.999993
-0.999768
-0.99894
-0.997511
-0.995481
-0.992851
-0.989623
-0.985799
-0.981381
-0.976372
-0.970775
-0.964593
-0.95783
-0.950491
-0.942578
-0.934098
-0.925055
-0.915455
-0.905304
-0.894607
-0.883371
-0.871603
-0.859311
-0.8465
-0.83318
-0.819358
-0.805042
-0.790241
-0.774964
-0.759221
-0.74302
-0.726372
-0.709286
-0.691772
-0.673843
-0.655507
-0.636776
-0.617662
-0.598176
-0.578329
-0.558134
-0.537603
-0.516748
-0.495582
-0.474117
-0.452367
-0.430344
-0.408062
-0.385534
-0.362774
-0.339795
-0.316612
-0.293238
-0.269687
-0.245974
-0.222113
-0.198118
-0.174003
-0.149784
-0.125475
-0.10109
-0.0766437
-0.0521517
-0.0276282
-0.00308803
0.021454
0.045983
0.0704844
0.0949433
0.119345
0.143675
0.167918
0.19206
0.216087
0.239983
0.263735
0.287328
0.310748
0.33398
0.357012
0.379828
0.402416
0.424761
0.44685
0.46867
0.490208
0.511451
0.532385
0.552999
0.57328
0.593215
0.612793
0.632002
0.65083
0.669266
0.6873
0.704919
0.722113
0.738872
0.755187
0.771046
0.786441
0.801363
0.815801
0.829749
0.843196
0.856135
0.868559
0.88046
0.89183
0.902663
0.912952
0.922692
0.931875
0.940498
0.948553
0.956038
0.962946
0.969275
0.975019
0.980176
0.984743
0.988717
0.992095
0.994875
0.997057
0.998637
0.999616
0.999993
0.999768
0.99894
0.997511
0.995481
0.992851
0.989623
0.985799
0.981381
0.976372
0.970775
0.964593
0.95783
0.950491
0.942578
0.934098
0.925055
0.915455
0.905304
0.894607
0.883371
0.871603
0.859311
0.8465
0.83318
0.819358
0.805042
0.790241
0.774964
0.759221
0.74302
0.726372
0.709286
0.691772
0.673843
0.655507
0.636776
0.617662
0.598176
0.578329
0.558134
0.537603
0.516748
0.495582
0.474117
0.452367
0.430344
0.408062
0.385534
0.362774
0.339795
0.316612
0.293238
0.269687
0.245974
0.222113
0.198118
0.174003
0.149784
0.125475
0.10109
0.0766437
0.0521517
0.0276282
0.00308803
-0.021454
-0.045983
-0.0704844
-0.0949433
-0.119345
