-0.342327
-0.319165
-0.295811
-0.272279
-0.248583
-0.224738
-0.200757
-0.176655
-0.152446
-0.128146
-0.103768
-0.0793283
-0.0548405
-0.0303197
-0.00578062
0.0187619
0.0432932
0.0677984
0.0922627
0.116671
0.14101
0.165263
0.189417
0.213457
0.237369
0.261137
0.284748
0.308188
0.331441
0.354496
0.377336
0.39995
0.422322
0.44444
0.466291
0.48786
0.509136
0.530105
0.550754
0.571072
0.591046
0.610664
0.629914
0.648785
0.667264
0.685342
0.703007
0.720249
0.737057
0.75342
0.76933
0.784777
0.79975
0.814242
0.828244
0.841747
0.854742
0.867223
0.879181
0.89061
0.901502
0.911852
0.921652
0.930897
0.939581
0.947699
0.955246
0.962218
0.96861
0.974419
0.979641
0.984273
0.988312
0.991755
0.994601
0.996848
0.998495
0.99954
0.999983
0.999824
0.999062
0.997699
0.995734
0.99317
0.990008
0.986249
0.981896
0.976952
0.971419
0.965302
0.958602
0.951325
0.943476
0.935057
0.926076
0.916537
0.906446
0.895808
0.884631
0.872922
0.860686
0.847932
0.834667
0.8209
0.806637
0.79189
0.776665
0.760972
0.744821
0.728221
0.711182
0.693715
0.675831
0.657539
0.638851
0.619778
0.600332
0.580525
0.560367
0.539872
0.519052
0.497919
0.476487
0.454767
0.432773
0.410519
0.388018
0.365282
0.342327
0.319165
0.295811
0.272279
0.248583
0.224738
0.200757
0.176655
0.152446
0.128146
0.103768
0.0793283
0.0548405
0.0303197
0.00578062
-0.0187619
-0.0432932
-0.0677984
-0.0922627
-0.116671
-0.14101
-0.165263
-0.189417
-0.213457
-0.237369
-0.261137
-0.284748
-0.308188
-0.331441
-0.354496
-0.377336
-0.39995
-0.422322
-0.44444
-0.466291
-0.48786
-0.509136
-0.530105
-0.550754
-0.571072
-0.591046
-0.610664
-0.629914
-0.648785
-0.667264
-0.685342
-0.703007
-0.720249
-0.737057
-0.75342
-0.76933
-0.784777
-0.79975
-0.814242
-0.828244
-0.841747
-0.854742
-0.867223
-0.879181
-0.89061
-0.901502
-0.911852
-0.921652
-0.930897
-0.939581
-0.947699
-0.955246
-0.962218
-0.96861
-0.974419
-0.979641
-0.984273
-0.988312
-0.991755
-0.994601
-0.996848
-0.998495
-0.99954
-0.999983
-0.999824
-0.999062
-0.997699
-0.995734
-0.99317
-0.990008
-0.986249
-0.981896
-0.976952
-0.971419
-0.965302
-0.958602
-0.951325
-0.943476
-0.935057
-0.926076
-0.916537
-0.906446
-0.895808
-0.884631
-0.872922
-0.860686
-0.847932
-0.834667
-0.8209
-0.806637
-0.79189
-0.776665
-0.760972
-0.744821
-0.728221
-0.711182
-0.693715
-0.675831
-0.657539
-0.638851
-0.619778
-0.600332
-0.580525
-0.560367
-0.539872
-0.519052
-0.497919
-0.476487
-0.454767
-0.432773
-0.410519
-0.388018
-0.365282
