-0.882905
-0.894163
-0.904882
-0.915055
-0.924678
-0.933743
-0.942246
-0.950182
-0.957545
-0.964331
-0.970537
-0.976158
-0.98119
-0.985632
-0.98948
-0.992732
-0.995387
-0.997441
-0.998895
-0.999747
-0.999997
-0.999644
-0.998689
-0.997133
-0.994976
-0.99222
-0.988866
-0.984916
-0.980373
-0.97524
-0.969519
-0.963214
-0.956329
-0.948868
-0.940835
-0.932236
-0.923075
-0.913358
-0.903091
-0.89228
-0.880931
-0.869052
-0.856649
-0.84373
-0.830303
-0.816376
-0.801957
-0.787055
-0.771679
-0.755838
-0.739542
-0.722801
-0.705623
-0.688021
-0.670005
-0.651585
-0.632772
-0.613578
-0.594015
-0.574094
-0.553827
-0.533226
-0.512305
-0.491074
-0.469548
-0.447739
-0.42566
-0.403325
-0.380747
-0.35794
-0.334917
-0.311692
-0.28828
-0.264693
-0.240948
-0.217057
-0.193036
-0.168898
-0.144658
-0.120332
-0.0959326
-0.0714757
-0.0469758
-0.0224475
0.00209425
0.0266348
0.0511592
0.0756529
0.100101
0.124489
0.148802
0.173025
0.197144
0.221144
0.245011
0.26873
0.292288
0.315669
0.338861
0.361848
0.384617
0.407154
0.429447
0.45148
0.473242
0.494719
0.515897
0.536765
0.55731
0.577518
0.597379
0.61688
0.63601
0.654756
0.673108
0.691055
0.708585
0.725689
0.742355
0.758574
0.774336
0.789632
0.804452
0.818788
0.83263
0.845971
0.858802
0.871116
0.882905
0.894163
0.904882
0.915055
0.924678
0.933743
0.942246
0.950182
0.957545
0.964331
0.970537
0.976158
0.98119
0.985632
0.98948
0.992732
0.995387
0.997441
0.998895
0.999747
0.999997
0.999644
0.998689
0.997133
0.994976
0.99222
0.988866
0.984916
0.980373
0.97524
0.969519
0.963214
0.956329
0.948868
0.940835
0.932236
0.923075
0.913358
0.903091
0.89228
0.880931
0.869052
0.856649
0.84373
0.830303
0.816376
0.801957
0.787055
0.771679
0.755838
0.739542
0.722801
0.705623
0.688021
0.670005
0.651585
0.632772
0.613578
0.594015
0.574094
0.553827
0.533226
0.512305
0.491074
0.469548
0.447739
0.42566
0.403325
0.380747
0.35794
0.334917
0.311692
0.28828
0.264693
0.240948
0.217057
0.193036
0.168898
0.144658
0.120332
0.0959326
0.0714757
0.0469758
0.0224475
-0.00209425
-0.0266348
-0.0511592
-0.0756529
-0.100101
-0.124489
-0.148802
-0.173025
-0.197144
-0.221144
-0.245011
-0.26873
-0.292288
-0.315669
-0.338861
-0.361848
-0.384617
-0.407154
-0.429447
-0.45148
-0.473242
-0.494719
-0.515897
-0.536765
-0.55731
-0.577518
-0.597379
-0.61688
-0.63601
-0.654756
-0.673108
-0.691055
-0.708585
-0.725689
-0.742355
-0.758574
-0.774336
-0.789632
-0.804452
-0.818788
-0.83263
-0.845971
-0.858802
-0.871116
