-0.682379
-0.700113
-0.717425
-0.734305
-0.750743
-0.766729
-0.782253
-0.797305
-0.811878
-0.825961
-0.839547
-0.852627
-0.865193
-0.877238
-0.888755
-0.899737
-0.910176
-0.920068
-0.929405
-0.938182
-0.946394
-0.954036
-0.961103
-0.967592
-0.973497
-0.978817
-0.983546
-0.987683
-0.991225
-0.994171
-0.996517
-0.998263
-0.999407
-0.99995
-0.99989
-0.999229
-0.997965
-0.9961
-0.993635
-0.990571
-0.986911
-0.982656
-0.97781
-0.972374
-0.966353
-0.959749
-0.952568
-0.944812
-0.936488
-0.927599
-0.918152
-0.908152
-0.897604
-0.886516
-0.874894
-0.862745
-0.850076
-0.836895
-0.82321
-0.80903
-0.794362
-0.779215
-0.763599
-0.747523
-0.730997
-0.71403
-0.696633
-0.678817
-0.660592
-0.641969
-0.622959
-0.603574
-0.583825
-0.563725
-0.543285
-0.522518
-0.501436
-0.480052
-0.458379
-0.43643
-0.414218
-0.391756
-0.369059
-0.346139
-0.32301
-0.299687
-0.276184
-0.252514
-0.228692
-0.204732
-0.180649
-0.156457
-0.132171
-0.107806
-0.0833751
-0.0588942
-0.0343779
-0.00984085
0.0147021
0.0392362
0.0637467
0.0882188
0.112638
0.136989
0.161257
0.185429
0.209489
0.233422
0.257215
0.280853
0.304322
0.327607
0.350696
0.373573
0.396225
0.418638
0.440799
0.462694
0.484311
0.505636
0.526657
0.54736
0.567734
0.587765
0.607443
0.626755
0.645689
0.664234
0.682379
0.700113
0.717425
0.734305
0.750743
0.766729
0.782253
0.797305
0.811878
0.825961
0.839547
0.852627
0.865193
0.877238
0.888755
0.899737
0.910176
0.920068
0.929405
0.938182
0.946394
0.954036
0.961103
0.967592
0.973497
0.978817
0.983546
0.987683
0.991225
0.994171
0.996517
0.998263
0.999407
0.99995
0.99989
0.999229
0.997965
0.9961
0.993635
0.990571
0.986911
0.982656
0.97781
0.972374
0.966353
0.959749
0.952568
0.944812
0.936488
0.927599
0.918152
0.908152
0.897604
0.886516
0.874894
0.862745
0.850076
0.836895
0.82321
0.80903
0.794362
0.779215
0.763599
0.747523
0.730997
0.71403
0.696633
0.678817
0.660592
0.641969
0.622959
0.603574
0.583825
0.563725
0.543285
0.522518
0.501436
0.480052
0.458379
0.43643
0.414218
0.391756
0.369059
0.346139
0.32301
0.299687
0.276184
0.252514
0.228692
0.204732
0.180649
0.156457
0.132171
0.107806
0.0833751
0.0588942
0.0343779
0.00984085
-0.0147021
-0.0392362
-0.0637467
-0.0882188
-0.112638
-0.136989
-0.161257
-0.185429
-0.209489
-0.233422
-0.257215
-0.280853
-0.304322
-0.327607
-0.350696
-0.373573
-0.396225
-0.418638
-0.440799
-0.462694
-0.484311
-0.505636
-0.526657
-0.54736
-0.567734
-0.587765
-0.607443
-0.626755
-0.645689
-0.664234
