0.638775
0.657464
0.675758
0.693644
0.711112
0.728153
0.744754
0.760907
0.776601
0.791828
0.806578
0.820842
0.834611
0.847878
0.860634
0.872872
0.884584
0.895763
0.906402
0.916495
0.926037
0.93502
0.943441
0.951293
0.958572
0.965273
0.971393
0.976929
0.981875
0.98623
0.989991
0.993156
0.995722
0.997689
0.999055
0.999819
0.99998
0.99954
0.998497
0.996853
0.994608
0.991764
0.988323
0.984287
0.979657
0.974438
0.968631
0.962241
0.955272
0.947727
0.939611
0.930929
0.921686
0.911888
0.901541
0.890651
0.879224
0.867268
0.85479
0.841796
0.828295
0.814296
0.799806
0.784834
0.769389
0.753481
0.737119
0.720313
0.703074
0.68541
0.667334
0.648856
0.629987
0.610738
0.591122
0.57115
0.550833
0.530185
0.509217
0.487943
0.466374
0.444525
0.422408
0.400037
0.377424
0.354585
0.331531
0.308278
0.284839
0.261229
0.237461
0.213551
0.189511
0.165358
0.141105
0.116767
0.0923583
0.0678942
0.0433892
0.0188581
-0.00568434
-0.0302234
-0.0547442
-0.0792321
-0.103672
-0.12805
-0.15235
-0.176559
-0.200662
-0.224643
-0.248489
-0.272186
-0.295719
-0.319073
-0.342235
-0.365191
-0.387928
-0.41043
-0.432685
-0.45468
-0.476401
-0.497834
-0.518968
-0.53979
-0.560286
-0.580444
-0.600253
-0.619701
-0.638775
-0.657464
-0.675758
-0.693644
-0.711112
-0.728153
-0.744754
-0.760907
-0.776601
-0.791828
-0.806578
-0.820842
-0.834611
-0.847878
-0.860634
-0.872872
-0.884584
-0.895763
-0.906402
-0.916495
-0.926037
-0.93502
-0.943441
-0.951293
-0.958572
-0.965273
-0.971393
-0.976929
-0.981875
-0.98623
-0.989991
-0.993156
-0.995722
-0.997689
-0.999055
-0.999819
-0.99998
-0.99954
-0.998497
-0.996853
-0.994608
-0.991764
-0.988323
-0.984287
-0.979657
-0.974438
-0.968631
-0.962241
-0.955272
-0.947727
-0.939611
-0.930929
-0.921686
-0.911888
-0.901541
-0.890651
-0.879224
-0.867268
-0.85479
-0.841796
-0.828295
-0.814296
-0.799806
-0.784834
-0.769389
-0.753481
-0.737119
-0.720313
-0.703074
-0.68541
-0.667334
-0.648856
-0.629987
-0.610738
-0.591122
-0.57115
-0.550833
-0.530185
-0.509217
-0.487943
-0.466374
-0.444525
-0.422408
-0.400037
-0.377424
-0.354585
-0.331531
-0.308278
-0.284839
-0.261229
-0.237461
-0.213551
-0.189511
-0.165358
-0.141105
-0.116767
-0.0923583
-0.0678942
-0.0433892
-0.0188581
0.00568434
0.0302234
0.0547442
0.0792321
0.103672
0.12805
0.15235
0.176559
0.200662
0.224643
0.248489
0.272186
0.295719
0.319073
0.342235
0.365191
0.387928
0.41043
0.432685
0.45468
0.476401
0.497834
0.518968
0.53979
0.560286
0.580444
0.600253
0.619701
