0.551505
0.5617
0.57181
0.581834
0.591771
0.601619
0.611376
0.621041
0.630612
0.640089
0.649469
0.658751
0.667934
0.677016
0.685997
0.694874
0.703646
0.712313
0.720872
0.729323
0.737664
0.745894
0.754011
0.762015
0.769904
0.777677
0.785334
0.792871
0.80029
0.807588
0.814764
0.821818
0.828747
0.835553
0.842232
0.848784
0.855209
0.861504
0.86767
0.873706
0.879609
0.885381
0.891019
0.896522
0.901891
0.907124
0.91222
0.917179
0.922
0.926682
0.931225
0.935627
0.939888
0.944008
0.947985
0.95182
0.955512
0.959059
0.962462
0.965721
0.968833
0.9718
0.974621
0.977294
0.979821
0.9822
0.984431
0.986514
0.988448
0.990234
0.99187
0.993357
0.994694
0.995882
0.996919
0.997807
0.998544
0.999131
0.999567
0.999853
0.999988
0.999972
0.999806
0.99949
0.999023
0.998405
0.997637
0.996719
0.995651
0.994433
0.993065
0.991548
0.989881
0.988065
0.9861
0.983987
0.981726
0.979317
0.97676
0.974056
0.971206
0.968209
0.965066
0.961778
0.958346
0.954769
0.951048
0.947184
0.943177
0.939028
0.934738
0.930307
0.925736
0.921026
0.916177
0.91119
0.906065
0.900805
0.895408
0.889877
0.884212
0.878413
0.872483
0.86642
0.860228
0.853906
0.847455
0.840877
0.834172
0.827341
0.820386
0.813307
0.806106
0.798783
0.79134
0.783778
0.776098
0.768301
0.760388
0.752361
0.74422
0.735968
0.727604
0.719131
0.71055
0.701862
0.693068
0.684169
0.675168
0.666065
0.656861
0.647559
0.638159
0.628663
0.619072
0.609389
0.599613
0.589747
0.579792
0.56975
0.559622
0.54941
0.539115
0.528739
0.518284
0.50775
0.49714
0.486454
0.475696
0.464866
0.453966
0.442998
0.431963
0.420863
0.409699
0.398474
0.387189
0.375845
0.364445
0.35299
0.341482
0.329922
0.318313
0.306656
0.294952
0.283205
0.271414
0.259583
0.247712
0.235805
0.223862
0.211885
0.199876
0.187837
0.175769
0.163676
0.151557
0.139416
0.127254
0.115073
0.102874
0.0906598
0.078432
0.0661923
0.0539427
0.041685
0.029421
0.0171526
0.00488154
-0.00739022
-0.0196609
-0.0319285
-0.0441914
-0.0564476
-0.0686954
-0.0809327
-0.0931579
-0.105369
-0.117564
-0.129742
-0.1419
-0.154037
-0.16615
-0.178239
-0.1903
-0.202333
-0.214336
-0.226306
-0.238242
-0.250142
-0.262005
-0.273828
-0.28561
-0.297349
-0.309043
-0.32069
-0.33229
-0.343839
-0.355336
-0.36678
-0.378169
-0.389501
-0.400774
-0.411986
-0.423137
-0.434224
-0.445246
-0.4562
-0.467086
-0.477901
-0.488645
-0.499315
-0.509909
-0.520427
-0.530867
-0.541227
-0.551505
-0.5617
-0.57181
-0.581834
-0.591771
-0.601619
-0.611376
-0.621041
-0.630612
-0.640089
-0.649469
-0.658751
-0.667934
-0.677016
-0.685997
-0.694874
-0.703646
-0.712313
-0.720872
-0.729323
-0.737664
-0.745894
-0.754011
-0.762015
-0.769904
-0.777677
-0.785334
-0.792871
-0.80029
-0.807588
-0.814764
-0.821818
-0.828747
-0.835553
-0.842232
-0.848784
-0.855209
-0.861504
-0.86767
-0.873706
-0.879609
-0.885381
-0.891019
-0.896522
-0.901891
-0.907124
-0.91222
-0.917179
-0.922
-0.926682
-0.931225
-0.935627
-0.939888
-0.944008
-0.947985
-0.95182
-0.955512
-0.959059
-0.962462
-0.965721
-0.968833
-0.9718
-0.974621
-0.977294
-0.979821
-0.9822
-0.984431
-0.986514
-0.988448
-0.990234
-0.99187
-0.993357
-0.994694
-0.995882
-0.996919
-0.997807
-0.998544
-0.999131
-0.999567
-0.999853
-0.999988
-0.999972
-0.999806
-0.99949
-0.999023
-0.998405
-0.997637
-0.996719
-0.995651
-0.994433
-0.993065
-0.991548
-0.989881
-0.988065
-0.9861
-0.983987
-0.981726
-0.979317
-0.97676
-0.974056
-0.971206
-0.968209
-0.965066
-0.961778
-0.958346
-0.954769
-0.951048
-0.947184
-0.943177
-0.939028
-0.934738
-0.930307
-0.925736
-0.921026
-0.916177
-0.91119
-0.906065
-0.900805
-0.895408
-0.889877
-0.884212
-0.878413
-0.872483
-0.86642
-0.860228
-0.853906
-0.847455
-0.840877
-0.834172
-0.827341
-0.820386
-0.813307
-0.806106
-0.798783
-0.79134
-0.783778
-0.776098
-0.768301
-0.760388
-0.752361
-0.74422
-0.735968
-0.727604
-0.719131
-0.71055
-0.701862
-0.693068
-0.684169
-0.675168
-0.666065
-0.656861
-0.647559
-0.638159
-0.628663
-0.619072
-0.609389
-0.599613
-0.589747
-0.579792
-0.56975
-0.559622
-0.54941
-0.539115
-0.528739
-0.518284
-0.50775
-0.49714
-0.486454
-0.475696
-0.464866
-0.453966
-0.442998
-0.431963
-0.420863
-0.409699
-0.398474
-0.387189
-0.375845
-0.364445
-0.35299
-0.341482
-0.329922
-0.318313
-0.306656
-0.294952
-0.283205
-0.271414
-0.259583
-0.247712
-0.235805
-0.223862
-0.211885
-0.199876
-0.187837
-0.175769
-0.163676
-0.151557
-0.139416
-0.127254
-0.115073
-0.102874
-0.0906598
-0.078432
-0.0661923
-0.0539427
-0.041685
-0.029421
-0.0171526
-0.00488154
0.00739022
0.0196609
0.0319285
0.0441914
0.0564476
0.0686954
0.0809327
0.0931579
0.105369
0.117564
0.129742
0.1419
0.154037
0.16615
0.178239
0.1903
0.202333
0.214336
0.226306
0.238242
0.250142
0.262005
0.273828
0.28561
0.297349
0.309043
0.32069
0.33229
0.343839
0.355336
0.36678
0.378169
0.389501
0.400774
0.411986
0.423137
0.434224
0.445246
0.4562
0.467086
0.477901
0.488645
0.499315
0.509909
0.520427
0.530867
0.541227
