0.0859619
0.110386
0.134744
0.159021
0.183202
0.207273
0.231218
0.255025
0.278678
0.302163
0.325466
0.348573
0.371469
0.394143
0.416578
0.438763
0.460684
0.482327
0.503679
0.524729
0.545462
0.565866
0.58593
0.60564
0.624986
0.643956
0.662537
0.68072
0.698492
0.715844
0.732764
0.749243
0.765271
0.780838
0.795934
0.810551
0.82468
0.838312
0.851439
0.864053
0.876147
0.887712
0.898744
0.909233
0.919176
0.928564
0.937393
0.945658
0.953352
0.960473
0.967015
0.972975
0.978348
0.983132
0.987324
0.990921
0.993921
0.996323
0.998124
0.999325
0.999923
0.999919
0.999313
0.998104
0.996295
0.993885
0.990877
0.987271
0.983071
0.978279
0.972898
0.966931
0.960381
0.953252
0.94555
0.937278
0.928441
0.919045
0.909096
0.898598
0.88756
0.875987
0.863886
0.851265
0.838131
0.824493
0.810357
0.795734
0.780631
0.765058
0.749024
0.732539
0.715613
0.698255
0.680477
0.662289
0.643702
0.624728
0.605377
0.585661
0.565593
0.545184
0.524447
0.503393
0.482037
0.46039
0.438466
0.416277
0.393838
0.371162
0.348262
0.325153
0.301847
0.27836
0.254705
0.230896
0.206949
0.182876
0.158694
0.134416
0.110057
0.0856321
0.0611553
0.0366417
0.012106
-0.012437
-0.0369725
-0.0614857
-0.0859619
-0.110386
-0.134744
-0.159021
-0.183202
-0.207273
-0.231218
-0.255025
-0.278678
-0.302163
-0.325466
-0.348573
-0.371469
-0.394143
-0.416578
-0.438763
-0.460684
-0.482327
-0.503679
-0.524729
-0.545462
-0.565866
-0.58593
-0.60564
-0.624986
-0.643956
-0.662537
-0.68072
-0.698492
-0.715844
-0.732764
-0.749243
-0.765271
-0.780838
-0.795934
-0.810551
-0.82468
-0.838312
-0.851439
-0.864053
-0.876147
-0.887712
-0.898744
-0.909233
-0.919176
-0.928564
-0.937393
-0.945658
-0.953352
-0.960473
-0.967015
-0.972975
-0.978348
-0.983132
-0.987324
-0.990921
-0.993921
-0.996323
-0.998124
-0.999325
-0.999923
-0.999919
-0.999313
-0.998104
-0.996295
-0.993885
-0.990877
-0.987271
-0.983071
-0.978279
-0.972898
-0.966931
-0.960381
-0.953252
-0.94555
-0.937278
-0.928441
-0.919045
-0.909096
-0.898598
-0.88756
-0.875987
-0.863886
-0.851265
-0.838131
-0.824493
-0.810357
-0.795734
-0.780631
-0.765058
-0.749024
-0.732539
-0.715613
-0.698255
-0.680477
-0.662289
-0.643702
-0.624728
-0.605377
-0.585661
-0.565593
-0.545184
-0.524447
-0.503393
-0.482037
-0.46039
-0.438466
-0.416277
-0.393838
-0.371162
-0.348262
-0.325153
-0.301847
-0.27836
-0.254705
-0.230896
-0.206949
-0.182876
-0.158694
-0.134416
-0.110057
-0.0856321
-0.0611553
-0.0366417
-0.012106
0.012437
0.0369725
0.0614857
