0.0308962
0.0554163
0.0799031
0.104342
0.128717
0.153016
0.177222
0.201321
0.225299
0.249141
0.272834
0.296361
0.319711
0.342868
0.365818
0.388548
0.411044
0.433292
0.455279
0.476992
0.498418
0.519543
0.540356
0.560843
0.580992
0.600791
0.620229
0.639292
0.657971
0.676253
0.694128
0.711585
0.728613
0.745203
0.761343
0.777025
0.792239
0.806975
0.821226
0.834982
0.848235
0.860976
0.8732
0.884897
0.896061
0.906686
0.916764
0.92629
0.935258
0.943663
0.9515
0.958763
0.965449
0.971553
0.977072
0.982002
0.986341
0.990086
0.993234
0.995784
0.997734
0.999083
0.999831
0.999976
0.999519
0.99846
0.996799
0.994538
0.991677
0.98822
0.984167
0.979521
0.974286
0.968463
0.962057
0.955072
0.947511
0.93938
0.930682
0.921424
0.911611
0.901249
0.890344
0.878903
0.866933
0.85444
0.841432
0.827918
0.813904
0.799401
0.784416
0.768959
0.753038
0.736664
0.719846
0.702594
0.68492
0.666832
0.648343
0.629464
0.610205
0.590579
0.570597
0.550271
0.529614
0.508637
0.487355
0.465779
0.443922
0.421798
0.39942
0.376801
0.353955
0.330896
0.307638
0.284194
0.260579
0.236807
0.212893
0.18885
0.164694
0.140438
0.116098
0.0916879
0.0672225
0.0427167
0.0181851
-0.00635748
-0.0308962
-0.0554163
-0.0799031
-0.104342
-0.128717
-0.153016
-0.177222
-0.201321
-0.225299
-0.249141
-0.272834
-0.296361
-0.319711
-0.342868
-0.365818
-0.388548
-0.411044
-0.433292
-0.455279
-0.476992
-0.498418
-0.519543
-0.540356
-0.560843
-0.580992
-0.600791
-0.620229
-0.639292
-0.657971
-0.676253
-0.694128
-0.711585
-0.728613
-0.745203
-0.761343
-0.777025
-0.792239
-0.806975
-0.821226
-0.834982
-0.848235
-0.860976
-0.8732
-0.884897
-0.896061
-0.906686
-0.916764
-0.92629
-0.935258
-0.943663
-0.9515
-0.958763
-0.965449
-0.971553
-0.977072
-0.982002
-0.986341
-0.990086
-0.993234
-0.995784
-0.997734
-0.999083
-0.999831
-0.999976
-0.999519
-0.99846
-0.996799
-0.994538
-0.991677
-0.98822
-0.984167
-0.979521
-0.974286
-0.968463
-0.962057
-0.955072
-0.947511
-0.93938
-0.930682
-0.921424
-0.911611
-0.901249
-0.890344
-0.878903
-0.866933
-0.85444
-0.841432
-0.827918
-0.813904
-0.799401
-0.784416
-0.768959
-0.753038
-0.736664
-0.719846
-0.702594
-0.68492
-0.666832
-0.648343
-0.629464
-0.610205
-0.590579
-0.570597
-0.550271
-0.529614
-0.508637
-0.487355
-0.465779
-0.443922
-0.421798
-0.39942
-0.376801
-0.353955
-0.330896
-0.307638
-0.284194
-0.260579
-0.236807
-0.212893
-0.18885
-0.164694
-0.140438
-0.116098
-0.0916879
-0.0672225
-0.0427167
-0.0181851
0.00635748
