-0.985033
-0.980506
-0.975389
-0.969684
-0.963395
-0.956526
-0.949081
-0.941064
-0.93248
-0.923334
-0.913632
-0.90338
-0.892584
-0.88125
-0.869385
-0.856996
-0.844092
-0.830679
-0.816765
-0.802359
-0.787471
-0.772107
-0.756279
-0.739995
-0.723266
-0.706101
-0.68851
-0.670505
-0.652096
-0.633294
-0.61411
-0.594557
-0.574645
-0.554388
-0.533796
-0.512883
-0.491661
-0.470143
-0.448341
-0.42627
-0.403941
-0.38137
-0.358568
-0.335551
-0.312332
-0.288924
-0.265343
-0.241601
-0.217714
-0.193696
-0.169561
-0.145324
-0.121
-0.0966027
-0.0721472
-0.0476482
-0.0231205
0.0014211
0.0259619
0.050487
0.0749817
0.0994312
0.123821
0.148136
0.172362
0.196484
0.220487
0.244358
0.268082
0.291644
0.315031
0.338227
0.36122
0.383996
0.40654
0.428839
0.45088
0.472649
0.494134
0.515321
0.536197
0.556751
0.576969
0.59684
0.616351
0.635491
0.654248
0.672611
0.690568
0.70811
0.725226
0.741904
0.758136
0.773911
0.789219
0.804053
0.818402
0.832258
0.845612
0.858458
0.870786
0.88259
0.893862
0.904595
0.914784
0.924422
0.933503
0.942021
0.949972
0.957351
0.964153
0.970375
0.976012
0.981061
0.985519
0.989383
0.992652
0.995322
0.997393
0.998863
0.999732
0.999998
0.999662
0.998724
0.997184
0.995044
0.992304
0.988966
0.985033
0.980506
0.975389
0.969684
0.963395
0.956526
0.949081
0.941064
0.93248
0.923334
0.913632
0.90338
0.892584
0.88125
0.869385
0.856996
0.844092
0.830679
0.816765
0.802359
0.787471
0.772107
0.756279
0.739995
0.723266
0.706101
0.68851
0.670505
0.652096
0.633294
0.61411
0.594557
0.574645
0.554388
0.533796
0.512883
0.491661
0.470143
0.448341
0.42627
0.403941
0.38137
0.358568
0.335551
0.312332
0.288924
0.265343
0.241601
0.217714
0.193696
0.169561
0.145324
0.121
0.0966027
0.0721472
0.0476482
0.0231205
-0.0014211
-0.0259619
-0.050487
-0.0749817
-0.0994312
-0.123821
-0.148136
-0.172362
-0.196484
-0.220487
-0.244358
-0.268082
-0.291644
-0.315031
-0.338227
-0.36122
-0.383996
-0.40654
-0.428839
-0.45088
-0.472649
-0.494134
-0.515321
-0.536197
-0.556751
-0.576969
-0.59684
-0.616351
-0.635491
-0.654248
-0.672611
-0.690568
-0.70811
-0.725226
-0.741904
-0.758136
-0.773911
-0.789219
-0.804053
-0.818402
-0.832258
-0.845612
-0.858458
-0.870786
-0.88259
-0.893862
-0.904595
-0.914784
-0.924422
-0.933503
-0.942021
-0.949972
-0.957351
-0.964153
-0.970375
-0.976012
-0.981061
-0.985519
-0.989383
-0.992652
-0.995322
-0.997393
-0.998863
-0.999732
-0.999998
-0.999662
-0.998724
-0.997184
-0.995044
-0.992304
-0.988966
