0.195142
0.219152
0.243031
0.266763
0.290335
0.313731
0.336939
0.359943
0.382731
0.405289
0.427602
0.449657
0.471442
0.492943
0.514147
0.535041
0.555613
0.57585
0.59574
0.615271
0.634432
0.653211
0.671596
0.689577
0.707142
0.724281
0.740984
0.757241
0.773041
0.788376
0.803236
0.817613
0.831496
0.844879
0.857753
0.87011
0.881943
0.893245
0.904009
0.914228
0.923897
0.933009
0.941559
0.949541
0.956952
0.963787
0.970041
0.97571
0.980792
0.985283
0.989181
0.992482
0.995186
0.997291
0.998794
0.999696
0.999996
0.999694
0.998789
0.997283
0.995176
0.992469
0.989165
0.985265
0.980771
0.975687
0.970015
0.963758
0.956921
0.949508
0.941523
0.93297
0.923856
0.914185
0.903963
0.893197
0.881893
0.870057
0.857698
0.844822
0.831437
0.817551
0.803173
0.788311
0.772974
0.757171
0.740913
0.724208
0.707066
0.689499
0.671517
0.65313
0.63435
0.615187
0.595654
0.575762
0.555524
0.534951
0.514055
0.49285
0.471348
0.449562
0.427505
0.405191
0.382633
0.359844
0.336838
0.31363
0.290233
0.26666
0.242928
0.219048
0.195037
0.170909
0.146677
0.122357
0.0979637
0.0735111
0.0490142
0.0244878
-5.3335e-05
-0.0245945
-0.0491208
-0.0736175
-0.0980699
-0.122463
-0.146783
-0.171014
-0.195142
-0.219152
-0.243031
-0.266763
-0.290335
-0.313731
-0.336939
-0.359943
-0.382731
-0.405289
-0.427602
-0.449657
-0.471442
-0.492943
-0.514147
-0.535041
-0.555613
-0.57585
-0.59574
-0.615271
-0.634432
-0.653211
-0.671596
-0.689577
-0.707142
-0.724281
-0.740984
-0.757241
-0.773041
-0.788376
-0.803236
-0.817613
-0.831496
-0.844879
-0.857753
-0.87011
-0.881943
-0.893245
-0.904009
-0.914228
-0.923897
-0.933009
-0.941559
-0.949541
-0.956952
-0.963787
-0.970041
-0.97571
-0.980792
-0.985283
-0.989181
-0.992482
-0.995186
-0.997291
-0.998794
-0.999696
-0.999996
-0.999694
-0.998789
-0.997283
-0.995176
-0.992469
-0.989165
-0.985265
-0.980771
-0.975687
-0.970015
-0.963758
-0.956921
-0.949508
-0.941523
-0.93297
-0.923856
-0.914185
-0.903963
-0.893197
-0.881893
-0.870057
-0.857698
-0.844822
-0.831437
-0.817551
-0.803173
-0.788311
-0.772974
-0.757171
-0.740913
-0.724208
-0.707066
-0.689499
-0.671517
-0.65313
-0.63435
-0.615187
-0.595654
-0.575762
-0.555524
-0.534951
-0.514055
-0.49285
-0.471348
-0.449562
-0.427505
-0.405191
-0.382633
-0.359844
-0.336838
-0.31363
-0.290233
-0.26666
-0.242928
-0.219048
-0.195037
-0.170909
-0.146677
-0.122357
-0.0979637
-0.0735111
-0.0490142
-0.0244878
5.3335e-05
0.0245945
0.0491208
0.0736175
0.0980699
0.122463
0.146783
0.171014
