-0.585282
-0.565207
-0.544792
-0.524048
-0.502989
-0.481627
-0.459974
-0.438045
-0.415851
-0.393407
-0.370727
-0.347823
-0.324709
-0.3014
-0.277909
-0.254251
-0.230439
-0.206489
-0.182415
-0.15823
-0.133951
-0.10959
-0.0851639
-0.0606861
-0.0361719
-0.0116358
0.0129072
0.0374425
0.0619553
0.0864307
0.110854
0.135211
0.159486
0.183665
0.207733
0.231677
0.25548
0.27913
0.302612
0.325911
0.349014
0.371907
0.394576
0.417007
0.439187
0.461103
0.48274
0.504087
0.525131
0.545858
0.566256
0.586313
0.606017
0.625355
0.644318
0.662892
0.681066
0.698831
0.716174
0.733087
0.749557
0.765576
0.781134
0.796221
0.810829
0.824948
0.838571
0.851688
0.864292
0.876376
0.887932
0.898953
0.909432
0.919364
0.928742
0.93756
0.945814
0.953497
0.960607
0.967138
0.973086
0.978448
0.983221
0.987402
0.990988
0.993976
0.996367
0.998157
0.999345
0.999932
0.999916
0.999298
0.998079
0.996257
0.993836
0.990816
0.9872
0.982989
0.978185
0.972792
0.966814
0.960253
0.953113
0.9454
0.937117
0.928269
0.918863
0.908903
0.898395
0.887346
0.875763
0.863652
0.851021
0.837878
0.824229
0.810084
0.795451
0.78034
0.764758
0.748715
0.732221
0.715286
0.697921
0.680135
0.661939
0.643345
0.624363
0.605005
0.585282
0.565207
0.544792
0.524048
0.502989
0.481627
0.459974
0.438045
0.415851
0.393407
0.370727
0.347823
0.324709
0.3014
0.277909
0.254251
0.230439
0.206489
0.182415
0.15823
0.133951
0.10959
0.0851639
0.0606861
0.0361719
0.0116358
-0.0129072
-0.0374425
-0.0619553
-0.0864307
-0.110854
-0.135211
-0.159486
-0.183665
-0.207733
-0.231677
-0.25548
-0.27913
-0.302612
-0.325911
-0.349014
-0.371907
-0.394576
-0.417007
-0.439187
-0.461103
-0.48274
-0.504087
-0.525131
-0.545858
-0.566256
-0.586313
-0.606017
-0.625355
-0.644318
-0.662892
-0.681066
-0.698831
-0.716174
-0.733087
-0.749557
-0.765576
-0.781134
-0.796221
-0.810829
-0.824948
-0.838571
-0.851688
-0.864292
-0.876376
-0.887932
-0.898953
-0.909432
-0.919364
-0.928742
-0.93756
-0.945814
-0.953497
-0.960607
-0.967138
-0.973086
-0.978448
-0.983221
-0.987402
-0.990988
-0.993976
-0.996367
-0.998157
-0.999345
-0.999932
-0.999916
-0.999298
-0.998079
-0.996257
-0.993836
-0.990816
-0.9872
-0.982989
-0.978185
-0.972792
-0.966814
-0.960253
-0.953113
-0.9454
-0.937117
-0.928269
-0.918863
-0.908903
-0.898395
-0.887346
-0.875763
-0.863652
-0.851021
-0.837878
-0.824229
-0.810084
-0.795451
-0.78034
-0.764758
-0.748715
-0.732221
-0.715286
-0.697921
-0.680135
-0.661939
-0.643345
-0.624363
-0.605005
