0.355337
0.366781
0.37817
0.389502
0.400775
0.411987
0.423138
0.434225
0.445246
0.456201
0.467087
0.477902
0.488646
0.499316
0.50991
0.520428
0.530868
0.541227
0.551506
0.561701
0.571811
0.581835
0.591772
0.60162
0.611377
0.621042
0.630613
0.640089
0.649469
0.658752
0.667935
0.677017
0.685997
0.694875
0.703647
0.712314
0.720873
0.729324
0.737665
0.745894
0.754012
0.762016
0.769905
0.777678
0.785334
0.792872
0.80029
0.807588
0.814765
0.821818
0.828748
0.835553
0.842232
0.848785
0.855209
0.861505
0.867671
0.873706
0.87961
0.885381
0.891019
0.896523
0.901892
0.907125
0.912221
0.91718
0.922001
0.926683
0.931225
0.935627
0.939888
0.944008
0.947986
0.951821
0.955512
0.95906
0.962463
0.965721
0.968834
0.9718
0.974621
0.977295
0.979821
0.9822
0.984431
0.986514
0.988448
0.990234
0.99187
0.993357
0.994694
0.995882
0.996919
0.997807
0.998544
0.999131
0.999567
0.999853
0.999988
0.999972
0.999806
0.99949
0.999023
0.998405
0.997637
0.996719
0.995651
0.994433
0.993065
0.991547
0.989881
0.988065
0.9861
0.983987
0.981726
0.979316
0.97676
0.974056
0.971205
0.968209
0.965066
0.961778
0.958345
0.954768
0.951048
0.947184
0.943177
0.939028
0.934738
0.930307
0.925736
0.921026
0.916176
0.911189
0.906065
0.900804
0.895408
0.889876
0.884211
0.878413
0.872482
0.86642
0.860227
0.853905
0.847454
0.840876
0.834171
0.82734
0.820385
0.813306
0.806105
0.798782
0.791339
0.783777
0.776097
0.7683
0.760387
0.75236
0.74422
0.735967
0.727604
0.719131
0.710549
0.701861
0.693067
0.684168
0.675167
0.666064
0.65686
0.647558
0.638158
0.628662
0.619072
0.609388
0.599612
0.589746
0.579791
0.569749
0.559621
0.549409
0.539114
0.528738
0.518283
0.507749
0.497139
0.486454
0.475695
0.464865
0.453965
0.442997
0.431962
0.420862
0.409698
0.398473
0.387188
0.375844
0.364444
0.352989
0.341481
0.329921
0.318312
0.306655
0.294951
0.283204
0.271413
0.259582
0.247711
0.235804
0.22386
0.211884
0.199875
0.187836
0.175768
0.163675
0.151556
0.139415
0.127253
0.115072
0.102873
0.0906588
0.0784309
0.0661913
0.0539417
0.041684
0.0294199
0.0171515
0.00488049
-0.00739127
-0.0196619
-0.0319296
-0.0441925
-0.0564487
-0.0686964
-0.0809338
-0.093159
-0.10537
-0.117565
-0.129743
-0.141901
-0.154038
-0.166151
-0.17824
-0.190301
-0.202334
-0.214337
-0.226307
-0.238243
-0.250143
-0.262006
-0.273829
-0.285611
-0.29735
-0.309044
-0.320691
-0.332291
-0.34384
-0.355337
-0.366781
-0.37817
-0.389502
-0.400775
-0.411987
-0.423138
-0.434225
-0.445246
-0.456201
-0.467087
-0.477902
-0.488646
-0.499316
-0.50991
-0.520428
-0.530868
-0.541227
-0.551506
-0.561701
-0.571811
-0.581835
-0.591772
-0.60162
-0.611377
-0.621042
-0.630613
-0.640089
-0.649469
-0.658752
-0.667935
-0.677017
-0.685997
-0.694875
-0.703647
-0.712314
-0.720873
-0.729324
-0.737665
-0.745894
-0.754012
-0.762016
-0.769905
-0.777678
-0.785334
-0.792872
-0.80029
-0.807588
-0.814765
-0.821818
-0.828748
-0.835553
-0.842232
-0.848785
-0.855209
-0.861505
-0.867671
-0.873706
-0.87961
-0.885381
-0.891019
-0.896523
-0.901892
-0.907125
-0.912221
-0.91718
-0.922001
-0.926683
-0.931225
-0.935627
-0.939888
-0.944008
-0.947986
-0.951821
-0.955512
-0.95906
-0.962463
-0.965721
-0.968834
-0.9718
-0.974621
-0.977295
-0.979821
-0.9822
-0.984431
-0.986514
-0.988448
-0.990234
-0.99187
-0.993357
-0.994694
-0.995882
-0.996919
-0.997807
-0.998544
-0.999131
-0.999567
-0.999853
-0.999988
-0.999972
-0.999806
-0.99949
-0.999023
-0.998405
-0.997637
-0.996719
-0.995651
-0.994433
-0.993065
-0.991547
-0.989881
-0.988065
-0.9861
-0.983987
-0.981726
-0.979316
-0.97676
-0.974056
-0.971205
-0.968209
-0.965066
-0.961778
-0.958345
-0.954768
-0.951048
-0.947184
-0.943177
-0.939028
-0.934738
-0.930307
-0.925736
-0.921026
-0.916176
-0.911189
-0.906065
-0.900804
-0.895408
-0.889876
-0.884211
-0.878413
-0.872482
-0.86642
-0.860227
-0.853905
-0.847454
-0.840876
-0.834171
-0.82734
-0.820385
-0.813306
-0.806105
-0.798782
-0.791339
-0.783777
-0.776097
-0.7683
-0.760387
-0.75236
-0.74422
-0.735967
-0.727604
-0.719131
-0.710549
-0.701861
-0.693067
-0.684168
-0.675167
-0.666064
-0.65686
-0.647558
-0.638158
-0.628662
-0.619072
-0.609388
-0.599612
-0.589746
-0.579791
-0.569749
-0.559621
-0.549409
-0.539114
-0.528738
-0.518283
-0.507749
-0.497139
-0.486454
-0.475695
-0.464865
-0.453965
-0.442997
-0.431962
-0.420862
-0.409698
-0.398473
-0.387188
-0.375844
-0.364444
-0.352989
-0.341481
-0.329921
-0.318312
-0.306655
-0.294951
-0.283204
-0.271413
-0.259582
-0.247711
-0.235804
-0.22386
-0.211884
-0.199875
-0.187836
-0.175768
-0.163675
-0.151556
-0.139415
-0.127253
-0.115072
-0.102873
-0.0906588
-0.0784309
-0.0661913
-0.0539417
-0.041684
-0.0294199
-0.0171515
-0.00488049
0.00739127
0.0196619
0.0319296
0.0441925
0.0564487
0.0686964
0.0809338
0.093159
0.10537
0.117565
0.129743
0.141901
0.154038
0.166151
0.17824
0.190301
0.202334
0.214337
0.226307
0.238243
0.250143
0.262006
0.273829
0.285611
0.29735
0.309044
0.320691
0.332291
0.34384
