0.985533
0.981077
0.976031
0.970396
0.964177
0.957377
0.95
0.942052
0.933535
0.924457
0.914821
0.904635
0.893903
0.882633
0.870831
0.858505
0.845662
0.832309
0.818455
0.804108
0.789277
0.77397
0.758197
0.741967
0.725291
0.708177
0.690637
0.672681
0.654319
0.635564
0.616425
0.596916
0.577047
0.55683
0.536277
0.515402
0.494216
0.472733
0.450965
0.428925
0.406627
0.384084
0.361309
0.338317
0.315121
0.291736
0.268174
0.244451
0.220581
0.196578
0.172456
0.148231
0.123916
0.0995268
0.0750775
0.050583
0.026058
0.00151735
-0.0230242
-0.047552
-0.072051
-0.0965067
-0.120904
-0.145229
-0.169466
-0.193601
-0.21762
-0.241507
-0.265249
-0.288832
-0.31224
-0.33546
-0.358478
-0.38128
-0.403853
-0.426182
-0.448254
-0.470057
-0.491576
-0.512799
-0.533714
-0.554306
-0.574565
-0.594478
-0.614033
-0.633218
-0.652021
-0.670432
-0.688439
-0.706031
-0.723198
-0.739929
-0.756215
-0.772045
-0.78741
-0.802301
-0.816708
-0.830623
-0.844038
-0.856945
-0.869336
-0.881203
-0.892539
-0.903337
-0.913591
-0.923295
-0.932443
-0.941029
-0.949049
-0.956496
-0.963368
-0.969659
-0.975366
-0.980485
-0.985014
-0.98895
-0.99229
-0.995032
-0.997175
-0.998717
-0.999658
-0.999996
-0.999732
-0.998866
-0.997398
-0.99533
-0.992661
-0.989395
-0.985533
-0.981077
-0.976031
-0.970396
-0.964177
-0.957377
-0.95
-0.942052
-0.933535
-0.924457
-0.914821
-0.904635
-0.893903
-0.882633
-0.870831
-0.858505
-0.845662
-0.832309
-0.818455
-0.804108
-0.789277
-0.77397
-0.758197
-0.741967
-0.725291
-0.708177
-0.690637
-0.672681
-0.654319
-0.635564
-0.616425
-0.596916
-0.577047
-0.55683
-0.536277
-0.515402
-0.494216
-0.472733
-0.450965
-0.428925
-0.406627
-0.384084
-0.361309
-0.338317
-0.315121
-0.291736
-0.268174
-0.244451
-0.220581
-0.196578
-0.172456
-0.148231
-0.123916
-0.0995268
-0.0750775
-0.050583
-0.026058
-0.00151735
0.0230242
0.047552
0.072051
0.0965067
0.120904
0.145229
0.169466
0.193601
0.21762
0.241507
0.265249
0.288832
0.31224
0.33546
0.358478
0.38128
0.403853
0.426182
0.448254
0.470057
0.491576
0.512799
0.533714
0.554306
0.574565
0.594478
0.614033
0.633218
0.652021
0.670432
0.688439
0.706031
0.723198
0.739929
0.756215
0.772045
0.78741
0.802301
0.816708
0.830623
0.844038
0.856945
0.869336
0.881203
0.892539
0.903337
0.913591
0.923295
0.932443
0.941029
0.949049
0.956496
0.963368
0.969659
0.975366
0.980485
0.985014
0.98895
0.99229
0.995032
0.997175
0.998717
0.999658
0.999996
0.999732
0.998866
0.997398
0.99533
0.992661
0.989395
