0.88152
0.892842
0.903625
0.913864
0.923553
0.932686
0.941256
0.94926
0.956692
0.963548
0.969823
0.975514
0.980617
0.98513
0.989049
0.992373
0.995098
0.997225
0.998751
0.999675
0.999996
0.999716
0.998833
0.997349
0.995264
0.992579
0.989297
0.985419
0.980947
0.975884
0.970233
0.963998
0.957182
0.94979
0.941825
0.933293
0.924199
0.914549
0.904347
0.893601
0.882316
0.8705
0.85816
0.845302
0.831936
0.818068
0.803708
0.788863
0.773543
0.757758
0.741515
0.724827
0.707701
0.69015
0.672182
0.65381
0.635044
0.615895
0.596375
0.576496
0.55627
0.535709
0.514825
0.493631
0.47214
0.450364
0.428317
0.406012
0.383462
0.360681
0.337684
0.314482
0.291092
0.267525
0.243798
0.219924
0.195918
0.171793
0.147565
0.123248
0.0988569
0.0744062
0.0499107
0.0253851
0.000844198
-0.0236972
-0.0482243
-0.0727224
-0.0971767
-0.121572
-0.145895
-0.17013
-0.194262
-0.218277
-0.24216
-0.265898
-0.289476
-0.312879
-0.336094
-0.359106
-0.381902
-0.404468
-0.42679
-0.448856
-0.470651
-0.492162
-0.513377
-0.534283
-0.554866
-0.575116
-0.595019
-0.614564
-0.633738
-0.652531
-0.670931
-0.688927
-0.706507
-0.723662
-0.740382
-0.756655
-0.772472
-0.787824
-0.802702
-0.817096
-0.830998
-0.844399
-0.857292
-0.869668
-0.88152
-0.892842
-0.903625
-0.913864
-0.923553
-0.932686
-0.941256
-0.94926
-0.956692
-0.963548
-0.969823
-0.975514
-0.980617
-0.98513
-0.989049
-0.992373
-0.995098
-0.997225
-0.998751
-0.999675
-0.999996
-0.999716
-0.998833
-0.997349
-0.995264
-0.992579
-0.989297
-0.985419
-0.980947
-0.975884
-0.970233
-0.963998
-0.957182
-0.94979
-0.941825
-0.933293
-0.924199
-0.914549
-0.904347
-0.893601
-0.882316
-0.8705
-0.85816
-0.845302
-0.831936
-0.818068
-0.803708
-0.788863
-0.773543
-0.757758
-0.741515
-0.724827
-0.707701
-0.69015
-0.672182
-0.65381
-0.635044
-0.615895
-0.596375
-0.576496
-0.55627
-0.535709
-0.514825
-0.493631
-0.47214
-0.450364
-0.428317
-0.406012
-0.383462
-0.360681
-0.337684
-0.314482
-0.291092
-0.267525
-0.243798
-0.219924
-0.195918
-0.171793
-0.147565
-0.123248
-0.0988569
-0.0744062
-0.0499107
-0.0253851
-0.000844198
0.0236972
0.0482243
0.0727224
0.0971767
0.121572
0.145895
0.17013
0.194262
0.218277
0.24216
0.265898
0.289476
0.312879
0.336094
0.359106
0.381902
0.404468
0.42679
0.448856
0.470651
0.492162
0.513377
0.534283
0.554866
0.575116
0.595019
0.614564
0.633738
0.652531
0.670931
0.688927
0.706507
0.723662
0.740382
0.756655
0.772472
0.787824
0.802702
0.817096
0.830998
0.844399
0.857292
0.869668
