0.250144
0.262006
0.273829
0.285611
0.29735
0.309044
0.320692
0.332291
0.34384
0.355338
0.366782
0.37817
0.389502
0.400775
0.411988
0.423138
0.434225
0.445247
0.456201
0.467087
0.477903
0.488646
0.499316
0.509911
0.520429
0.530868
0.541228
0.551506
0.561701
0.571811
0.581836
0.591772
0.60162
0.611377
0.621042
0.630613
0.64009
0.64947
0.658752
0.667935
0.677017
0.685998
0.694875
0.703648
0.712314
0.720873
0.729324
0.737665
0.745895
0.754012
0.762016
0.769905
0.777678
0.785335
0.792872
0.800291
0.807589
0.814765
0.821819
0.828748
0.835553
0.842233
0.848785
0.855209
0.861505
0.867671
0.873706
0.87961
0.885381
0.891019
0.896523
0.901892
0.907125
0.912221
0.91718
0.922001
0.926683
0.931225
0.935627
0.939889
0.944008
0.947986
0.951821
0.955512
0.95906
0.962463
0.965721
0.968834
0.971801
0.974621
0.977295
0.979821
0.9822
0.984431
0.986514
0.988448
0.990234
0.99187
0.993357
0.994694
0.995882
0.996919
0.997807
0.998544
0.999131
0.999567
0.999853
0.999988
0.999972
0.999806
0.99949
0.999023
0.998405
0.997637
0.996719
0.995651
0.994433
0.993065
0.991547
0.989881
0.988065
0.9861
0.983987
0.981725
0.979316
0.976759
0.974056
0.971205
0.968208
0.965066
0.961778
0.958345
0.954768
0.951047
0.947183
0.943177
0.939028
0.934738
0.930307
0.925736
0.921025
0.916176
0.911189
0.906065
0.900804
0.895408
0.889876
0.884211
0.878412
0.872482
0.86642
0.860227
0.853905
0.847454
0.840876
0.834171
0.82734
0.820385
0.813306
0.806105
0.798782
0.791339
0.783777
0.776097
0.7683
0.760387
0.75236
0.744219
0.735967
0.727603
0.71913
0.710549
0.701861
0.693066
0.684168
0.675167
0.666063
0.65686
0.647558
0.638158
0.628662
0.619071
0.609387
0.599612
0.589746
0.579791
0.569749
0.559621
0.549409
0.539114
0.528738
0.518282
0.507748
0.497138
0.486453
0.475695
0.464865
0.453965
0.442996
0.431961
0.420861
0.409698
0.398472
0.387187
0.375844
0.364444
0.352989
0.34148
0.329921
0.318312
0.306654
0.294951
0.283203
0.271413
0.259581
0.247711
0.235803
0.22386
0.211883
0.199874
0.187835
0.175768
0.163674
0.151556
0.139415
0.127252
0.115071
0.102872
0.0906582
0.0784304
0.0661908
0.0539412
0.0416834
0.0294194
0.017151
0.00487996
-0.0073918
-0.0196624
-0.0319301
-0.044193
-0.0564492
-0.0686969
-0.0809343
-0.0931595
-0.105371
-0.117566
-0.129744
-0.141902
-0.154038
-0.166152
-0.17824
-0.190302
-0.202335
-0.214337
-0.226307
-0.238244
-0.250144
-0.262006
-0.273829
-0.285611
-0.29735
-0.309044
-0.320692
-0.332291
-0.34384
-0.355338
-0.366782
-0.37817
-0.389502
-0.400775
-0.411988
-0.423138
-0.434225
-0.445247
-0.456201
-0.467087
-0.477903
-0.488646
-0.499316
-0.509911
-0.520429
-0.530868
-0.541228
-0.551506
-0.561701
-0.571811
-0.581836
-0.591772
-0.60162
-0.611377
-0.621042
-0.630613
-0.64009
-0.64947
-0.658752
-0.667935
-0.677017
-0.685998
-0.694875
-0.703648
-0.712314
-0.720873
-0.729324
-0.737665
-0.745895
-0.754012
-0.762016
-0.769905
-0.777678
-0.785335
-0.792872
-0.800291
-0.807589
-0.814765
-0.821819
-0.828748
-0.835553
-0.842233
-0.848785
-0.855209
-0.861505
-0.867671
-0.873706
-0.87961
-0.885381
-0.891019
-0.896523
-0.901892
-0.907125
-0.912221
-0.91718
-0.922001
-0.926683
-0.931225
-0.935627
-0.939889
-0.944008
-0.947986
-0.951821
-0.955512
-0.95906
-0.962463
-0.965721
-0.968834
-0.971801
-0.974621
-0.977295
-0.979821
-0.9822
-0.984431
-0.986514
-0.988448
-0.990234
-0.99187
-0.993357
-0.994694
-0.995882
-0.996919
-0.997807
-0.998544
-0.999131
-0.999567
-0.999853
-0.999988
-0.999972
-0.999806
-0.99949
-0.999023
-0.998405
-0.997637
-0.996719
-0.995651
-0.994433
-0.993065
-0.991547
-0.989881
-0.988065
-0.9861
-0.983987
-0.981725
-0.979316
-0.976759
-0.974056
-0.971205
-0.968208
-0.965066
-0.961778
-0.958345
-0.954768
-0.951047
-0.947183
-0.943177
-0.939028
-0.934738
-0.930307
-0.925736
-0.921025
-0.916176
-0.911189
-0.906065
-0.900804
-0.895408
-0.889876
-0.884211
-0.878412
-0.872482
-0.86642
-0.860227
-0.853905
-0.847454
-0.840876
-0.834171
-0.82734
-0.820385
-0.813306
-0.806105
-0.798782
-0.791339
-0.783777
-0.776097
-0.7683
-0.760387
-0.75236
-0.744219
-0.735967
-0.727603
-0.71913
-0.710549
-0.701861
-0.693066
-0.684168
-0.675167
-0.666063
-0.65686
-0.647558
-0.638158
-0.628662
-0.619071
-0.609387
-0.599612
-0.589746
-0.579791
-0.569749
-0.559621
-0.549409
-0.539114
-0.528738
-0.518282
-0.507748
-0.497138
-0.486453
-0.475695
-0.464865
-0.453965
-0.442996
-0.431961
-0.420861
-0.409698
-0.398472
-0.387187
-0.375844
-0.364444
-0.352989
-0.34148
-0.329921
-0.318312
-0.306654
-0.294951
-0.283203
-0.271413
-0.259581
-0.247711
-0.235803
-0.22386
-0.211883
-0.199874
-0.187835
-0.175768
-0.163674
-0.151556
-0.139415
-0.127252
-0.115071
-0.102872
-0.0906582
-0.0784304
-0.0661908
-0.0539412
-0.0416834
-0.0294194
-0.017151
-0.00487996
0.0073918
0.0196624
0.0319301
0.044193
0.0564492
0.0686969
0.0809343
0.0931595
0.105371
0.117566
0.129744
0.141902
0.154038
0.166152
0.17824
0.190302
0.202335
0.214337
0.226307
0.238244
