-0.552625
-0.572912
-0.592854
-0.612439
-0.631654
-0.65049
-0.668933
-0.686974
-0.7046
-0.721803
-0.73857
-0.754893
-0.770761
-0.786164
-0.801094
-0.815542
-0.829498
-0.842955
-0.855904
-0.868337
-0.880247
-0.891627
-0.90247
-0.912769
-0.922519
-0.931713
-0.940345
-0.948411
-0.955906
-0.962825
-0.969164
-0.97492
-0.980088
-0.984665
-0.98865
-0.992039
-0.99483
-0.997022
-0.998614
-0.999604
-0.999992
-0.999778
-0.998961
-0.997543
-0.995524
-0.992905
-0.989688
-0.985875
-0.981468
-0.976469
-0.970883
-0.964712
-0.95796
-0.95063
-0.942728
-0.934258
-0.925226
-0.915636
-0.905494
-0.894808
-0.883582
-0.871823
-0.85954
-0.846739
-0.833428
-0.819615
-0.805308
-0.790516
-0.775248
-0.759513
-0.743321
-0.72668
-0.709602
-0.692097
-0.674174
-0.655846
-0.637122
-0.618015
-0.598535
-0.578695
-0.558507
-0.537982
-0.517132
-0.495972
-0.474512
-0.452767
-0.430749
-0.408472
-0.385948
-0.363192
-0.340217
-0.317038
-0.293667
-0.270119
-0.246409
-0.22255
-0.198558
-0.174445
-0.150228
-0.12592
-0.101536
-0.0770912
-0.0525998
-0.0280768
-0.0035368
0.0210053
0.0455348
0.0700368
0.0944966
0.1189
0.143231
0.167476
0.19162
0.215649
0.239547
0.263302
0.286898
0.310321
0.333557
0.356592
0.379413
0.402005
0.424355
0.446449
0.468274
0.489817
0.511065
0.532005
0.552625
0.572912
0.592854
0.612439
0.631654
0.65049
0.668933
0.686974
0.7046
0.721803
0.73857
0.754893
0.770761
0.786164
0.801094
0.815542
0.829498
0.842955
0.855904
0.868337
0.880247
0.891627
0.90247
0.912769
0.922519
0.931713
0.940345
0.948411
0.955906
0.962825
0.969164
0.97492
0.980088
0.984665
0.98865
0.992039
0.99483
0.997022
0.998614
0.999604
0.999992
0.999778
0.998961
0.997543
0.995524
0.992905
0.989688
0.985875
0.981468
0.976469
0.970883
0.964712
0.95796
0.95063
0.942728
0.934258
0.925226
0.915636
0.905494
0.894808
0.883582
0.871823
0.85954
0.846739
0.833428
0.819615
0.805308
0.790516
0.775248
0.759513
0.743321
0.72668
0.709602
0.692097
0.674174
0.655846
0.637122
0.618015
0.598535
0.578695
0.558507
0.537982
0.517132
0.495972
0.474512
0.452767
0.430749
0.408472
0.385948
0.363192
0.340217
0.317038
0.293667
0.270119
0.246409
0.22255
0.198558
0.174445
0.150228
0.12592
0.101536
0.0770912
0.0525998
0.0280768
0.0035368
-0.0210053
-0.0455348
-0.0700368
-0.0944966
-0.1189
-0.143231
-0.167476
-0.19162
-0.215649
-0.239547
-0.263302
-0.286898
-0.310321
-0.333557
-0.356592
-0.379413
-0.402005
-0.424355
-0.446449
-0.468274
-0.489817
-0.511065
-0.532005
