0.0870493
0.0992677
0.111471
0.123658
0.135826
0.147973
0.160099
0.1722
0.184275
0.196323
0.208341
0.220327
0.232281
0.244199
0.256081
0.267924
0.279726
0.291487
0.303204
0.314875
0.326498
0.338073
0.349596
0.361067
0.372484
0.383844
0.395147
0.40639
0.417572
0.428691
0.439745
0.450733
0.461654
0.472505
0.483284
0.493991
0.504624
0.51518
0.525659
0.536059
0.546378
0.556615
0.566768
0.576835
0.586816
0.596708
0.606511
0.616222
0.62584
0.635364
0.644792
0.654124
0.663357
0.672489
0.681521
0.69045
0.699275
0.707995
0.716608
0.725113
0.733509
0.741794
0.749968
0.758029
0.765976
0.773807
0.781522
0.789119
0.796597
0.803955
0.811193
0.818308
0.825299
0.832167
0.838909
0.845525
0.852014
0.858374
0.864605
0.870706
0.876675
0.882513
0.888217
0.893788
0.899225
0.904526
0.90969
0.914718
0.919608
0.92436
0.928972
0.933444
0.937776
0.941966
0.946015
0.949921
0.953685
0.957304
0.96078
0.96411
0.967296
0.970336
0.973229
0.975976
0.978577
0.981029
0.983335
0.985491
0.9875
0.98936
0.991071
0.992632
0.994044
0.995307
0.996419
0.997382
0.998194
0.998856
0.999368
0.999729
0.999939
0.999999
0.999908
0.999667
0.999275
0.998733
0.99804
0.997197
0.996204
0.995061
0.993767
0.992325
0.990732
0.988991
0.987101
0.985062
0.982874
0.980539
0.978056
0.975426
0.972649
0.969725
0.966655
0.96344
0.96008
0.956575
0.952926
0.949133
0.945198
0.94112
0.9369
0.93254
0.928038
0.923398
0.918618
0.9137
0.908644
0.903451
0.898122
0.892658
0.88706
0.881328
0.875463
0.869467
0.863339
0.857082
0.850695
0.84418
0.837539
0.830771
0.823877
0.81686
0.80972
0.802458
0.795075
0.787572
0.779951
0.772212
0.764357
0.756387
0.748303
0.740106
0.731798
0.72338
0.714852
0.706217
0.697476
0.68863
0.67968
0.670627
0.661474
0.652221
0.642869
0.633421
0.623878
0.61424
0.60451
0.594689
0.584779
0.57478
0.564695
0.554525
0.544271
0.533935
0.523519
0.513024
0.502452
0.491804
0.481082
0.470288
0.459423
0.448488
0.437486
0.426419
0.415287
0.404092
0.392837
0.381522
0.37015
0.358722
0.34724
0.335706
0.324122
0.312488
0.300808
0.289082
0.277312
0.265501
0.25365
0.241761
0.229835
0.217875
0.205882
0.193858
0.181804
0.169723
0.157617
0.145487
0.133335
0.121163
0.108973
0.0967664
0.0845451
0.0723112
0.0600663
0.0478124
0.0355513
0.0232849
0.0110149
-0.00125673
-0.0135282
-0.0257976
-0.0380631
-0.0503228
-0.062575
-0.0748178
-0.0870493
-0.0992677
-0.111471
-0.123658
-0.135826
-0.147973
-0.160099
-0.1722
-0.184275
-0.196323
-0.208341
-0.220327
-0.232281
-0.244199
-0.256081
-0.267924
-0.279726
-0.291487
-0.303204
-0.314875
-0.326498
-0.338073
-0.349596
-0.361067
-0.372484
-0.383844
-0.395147
-0.40639
-0.417572
-0.428691
-0.439745
-0.450733
-0.461654
-0.472505
-0.483284
-0.493991
-0.504624
-0.51518
-0.525659
-0.536059
-0.546378
-0.556615
-0.566768
-0.576835
-0.586816
-0.596708
-0.606511
-0.616222
-0.62584
-0.635364
-0.644792
-0.654124
-0.663357
-0.672489
-0.681521
-0.69045
-0.699275
-0.707995
-0.716608
-0.725113
-0.733509
-0.741794
-0.749968
-0.758029
-0.765976
-0.773807
-0.781522
-0.789119
-0.796597
-0.803955
-0.811193
-0.818308
-0.825299
-0.832167
-0.838909
-0.845525
-0.852014
-0.858374
-0.864605
-0.870706
-0.876675
-0.882513
-0.888217
-0.893788
-0.899225
-0.904526
-0.90969
-0.914718
-0.919608
-0.92436
-0.928972
-0.933444
-0.937776
-0.941966
-0.946015
-0.949921
-0.953685
-0.957304
-0.96078
-0.96411
-0.967296
-0.970336
-0.973229
-0.975976
-0.978577
-0.981029
-0.983335
-0.985491
-0.9875
-0.98936
-0.991071
-0.992632
-0.994044
-0.995307
-0.996419
-0.997382
-0.998194
-0.998856
-0.999368
-0.999729
-0.999939
-0.999999
-0.999908
-0.999667
-0.999275
-0.998733
-0.99804
-0.997197
-0.996204
-0.995061
-0.993767
-0.992325
-0.990732
-0.988991
-0.987101
-0.985062
-0.982874
-0.980539
-0.978056
-0.975426
-0.972649
-0.969725
-0.966655
-0.96344
-0.96008
-0.956575
-0.952926
-0.949133
-0.945198
-0.94112
-0.9369
-0.93254
-0.928038
-0.923398
-0.918618
-0.9137
-0.908644
-0.903451
-0.898122
-0.892658
-0.88706
-0.881328
-0.875463
-0.869467
-0.863339
-0.857082
-0.850695
-0.84418
-0.837539
-0.830771
-0.823877
-0.81686
-0.80972
-0.802458
-0.795075
-0.787572
-0.779951
-0.772212
-0.764357
-0.756387
-0.748303
-0.740106
-0.731798
-0.72338
-0.714852
-0.706217
-0.697476
-0.68863
-0.67968
-0.670627
-0.661474
-0.652221
-0.642869
-0.633421
-0.623878
-0.61424
-0.60451
-0.594689
-0.584779
-0.57478
-0.564695
-0.554525
-0.544271
-0.533935
-0.523519
-0.513024
-0.502452
-0.491804
-0.481082
-0.470288
-0.459423
-0.448488
-0.437486
-0.426419
-0.415287
-0.404092
-0.392837
-0.381522
-0.37015
-0.358722
-0.34724
-0.335706
-0.324122
-0.312488
-0.300808
-0.289082
-0.277312
-0.265501
-0.25365
-0.241761
-0.229835
-0.217875
-0.205882
-0.193858
-0.181804
-0.169723
-0.157617
-0.145487
-0.133335
-0.121163
-0.108973
-0.0967664
-0.0845451
-0.0723112
-0.0600663
-0.0478124
-0.0355513
-0.0232849
-0.0110149
0.00125673
0.0135282
0.0257976
0.0380631
0.0503228
0.062575
0.0748178
