0.539123
0.528747
0.518292
0.507758
0.497148
0.486463
0.475705
0.464875
0.453975
0.443006
0.431971
0.420871
0.409708
0.398483
0.387198
0.375854
0.364454
0.352999
0.341491
0.329931
0.318322
0.306665
0.294962
0.283214
0.271423
0.259592
0.247722
0.235814
0.223871
0.211894
0.199885
0.187846
0.175779
0.163685
0.151567
0.139426
0.127263
0.115082
0.102883
0.0906693
0.0784414
0.0662018
0.0539522
0.0416945
0.0294305
0.017162
0.00489102
-0.00738074
-0.0196514
-0.0319191
-0.044182
-0.0564382
-0.0686859
-0.0809233
-0.0931485
-0.10536
-0.117555
-0.129733
-0.141891
-0.154027
-0.166141
-0.178229
-0.190291
-0.202324
-0.214326
-0.226297
-0.238233
-0.250133
-0.261996
-0.273819
-0.285601
-0.29734
-0.309034
-0.320681
-0.332281
-0.34383
-0.355327
-0.366771
-0.37816
-0.389492
-0.400765
-0.411978
-0.423128
-0.434215
-0.445237
-0.456192
-0.467078
-0.477893
-0.488637
-0.499307
-0.509901
-0.520419
-0.530859
-0.541219
-0.551497
-0.561692
-0.571802
-0.581827
-0.591764
-0.601611
-0.611368
-0.621033
-0.630605
-0.640081
-0.649461
-0.658744
-0.667927
-0.677009
-0.68599
-0.694867
-0.70364
-0.712306
-0.720866
-0.729317
-0.737658
-0.745887
-0.754005
-0.762009
-0.769898
-0.777672
-0.785328
-0.792866
-0.800284
-0.807582
-0.814759
-0.821812
-0.828742
-0.835547
-0.842227
-0.848779
-0.855204
-0.8615
-0.867666
-0.873701
-0.879605
-0.885376
-0.891014
-0.896518
-0.901887
-0.90712
-0.912217
-0.917176
-0.921997
-0.926679
-0.931221
-0.935624
-0.939885
-0.944005
-0.947982
-0.951817
-0.955509
-0.959057
-0.96246
-0.965718
-0.968831
-0.971798
-0.974619
-0.977293
-0.979819
-0.982198
-0.98443
-0.986512
-0.988447
-0.990232
-0.991869
-0.993356
-0.994693
-0.995881
-0.996919
-0.997806
-0.998543
-0.99913
-0.999567
-0.999853
-0.999988
-0.999973
-0.999807
-0.99949
-0.999023
-0.998406
-0.997638
-0.99672
-0.995652
-0.994434
-0.993066
-0.991549
-0.989882
-0.988066
-0.986102
-0.983989
-0.981728
-0.979319
-0.976762
-0.974058
-0.971208
-0.968211
-0.965069
-0.961781
-0.958349
-0.954772
-0.951051
-0.947187
-0.94318
-0.939032
-0.934742
-0.930311
-0.92574
-0.92103
-0.916181
-0.911194
-0.90607
-0.900809
-0.895413
-0.889881
-0.884216
-0.878418
-0.872487
-0.866425
-0.860233
-0.853911
-0.84746
-0.840882
-0.834177
-0.827346
-0.820391
-0.813313
-0.806111
-0.798789
-0.791346
-0.783784
-0.776104
-0.768307
-0.760394
-0.752367
-0.744227
-0.735974
-0.727611
-0.719138
-0.710557
-0.701868
-0.693075
-0.684176
-0.675175
-0.666072
-0.656868
-0.647566
-0.638166
-0.628671
-0.61908
-0.609396
-0.599621
-0.589755
-0.5798
-0.569758
-0.55963
-0.549418
-0.539123
-0.528747
-0.518292
-0.507758
-0.497148
-0.486463
-0.475705
-0.464875
-0.453975
-0.443006
-0.431971
-0.420871
-0.409708
-0.398483
-0.387198
-0.375854
-0.364454
-0.352999
-0.341491
-0.329931
-0.318322
-0.306665
-0.294962
-0.283214
-0.271423
-0.259592
-0.247722
-0.235814
-0.223871
-0.211894
-0.199885
-0.187846
-0.175779
-0.163685
-0.151567
-0.139426
-0.127263
-0.115082
-0.102883
-0.0906693
-0.0784414
-0.0662018
-0.0539522
-0.0416945
-0.0294305
-0.017162
-0.00489102
0.00738074
0.0196514
0.0319191
0.044182
0.0564382
0.0686859
0.0809233
0.0931485
0.10536
0.117555
0.129733
0.141891
0.154027
0.166141
0.178229
0.190291
0.202324
0.214326
0.226297
0.238233
0.250133
0.261996
0.273819
0.285601
0.29734
0.309034
0.320681
0.332281
0.34383
0.355327
0.366771
0.37816
0.389492
0.400765
0.411978
0.423128
0.434215
0.445237
0.456192
0.467078
0.477893
0.488637
0.499307
0.509901
0.520419
0.530859
0.541219
0.551497
0.561692
0.571802
0.581827
0.591764
0.601611
0.611368
0.621033
0.630605
0.640081
0.649461
0.658744
0.667927
0.677009
0.68599
0.694867
0.70364
0.712306
0.720866
0.729317
0.737658
0.745887
0.754005
0.762009
0.769898
0.777672
0.785328
0.792866
0.800284
0.807582
0.814759
0.821812
0.828742
0.835547
0.842227
0.848779
0.855204
0.8615
0.867666
0.873701
0.879605
0.885376
0.891014
0.896518
0.901887
0.90712
0.912217
0.917176
0.921997
0.926679
0.931221
0.935624
0.939885
0.944005
0.947982
0.951817
0.955509
0.959057
0.96246
0.965718
0.968831
0.971798
0.974619
0.977293
0.979819
0.982198
0.98443
0.986512
0.988447
0.990232
0.991869
0.993356
0.994693
0.995881
0.996919
0.997806
0.998543
0.99913
0.999567
0.999853
0.999988
0.999973
0.999807
0.99949
0.999023
0.998406
0.997638
0.99672
0.995652
0.994434
0.993066
0.991549
0.989882
0.988066
0.986102
0.983989
0.981728
0.979319
0.976762
0.974058
0.971208
0.968211
0.965069
0.961781
0.958349
0.954772
0.951051
0.947187
0.94318
0.939032
0.934742
0.930311
0.92574
0.92103
0.916181
0.911194
0.90607
0.900809
0.895413
0.889881
0.884216
0.878418
0.872487
0.866425
0.860233
0.853911
0.84746
0.840882
0.834177
0.827346
0.820391
0.813313
0.806111
0.798789
0.791346
0.783784
0.776104
0.768307
0.760394
0.752367
0.744227
0.735974
0.727611
0.719138
0.710557
0.701868
0.693075
0.684176
0.675175
0.666072
0.656868
0.647566
0.638166
0.628671
0.61908
0.609396
0.599621
0.589755
0.5798
0.569758
0.55963
0.549418
