-0.721647
-0.738419
-0.754746
-0.770618
-0.786026
-0.80096
-0.815412
-0.829373
-0.842834
-0.855788
-0.868226
-0.880141
-0.891526
-0.902374
-0.912678
-0.922432
-0.931631
-0.940269
-0.94834
-0.95584
-0.962765
-0.969109
-0.97487
-0.980043
-0.984626
-0.988616
-0.992011
-0.994808
-0.997005
-0.998602
-0.999598
-0.999992
-0.999783
-0.998972
-0.997559
-0.995545
-0.992932
-0.98972
-0.985912
-0.981511
-0.976518
-0.970937
-0.964771
-0.958024
-0.9507
-0.942803
-0.934339
-0.925311
-0.915726
-0.90559
-0.894908
-0.883687
-0.871933
-0.859655
-0.846859
-0.833552
-0.819744
-0.805441
-0.790654
-0.77539
-0.759659
-0.743471
-0.726834
-0.70976
-0.692259
-0.67434
-0.656015
-0.637295
-0.618191
-0.598715
-0.578878
-0.558693
-0.538171
-0.517324
-0.496167
-0.47471
-0.452967
-0.430952
-0.408676
-0.386155
-0.363401
-0.340428
-0.31725
-0.293881
-0.270335
-0.246627
-0.222769
-0.198778
-0.174666
-0.15045
-0.126143
-0.101759
-0.0773149
-0.0528239
-0.0283011
-0.00376118
0.020781
0.0453106
0.069813
0.0942732
0.118677
0.143009
0.167255
0.1914
0.21543
0.23933
0.263086
0.286683
0.310108
0.333346
0.356383
0.379205
0.401799
0.424151
0.446248
0.468076
0.489621
0.510872
0.531815
0.552438
0.572728
0.592673
0.612261
0.63148
0.650319
0.668766
0.686811
0.704441
0.721647
0.738419
0.754746
0.770618
0.786026
0.80096
0.815412
0.829373
0.842834
0.855788
0.868226
0.880141
0.891526
0.902374
0.912678
0.922432
0.931631
0.940269
0.94834
0.95584
0.962765
0.969109
0.97487
0.980043
0.984626
0.988616
0.992011
0.994808
0.997005
0.998602
0.999598
0.999992
0.999783
0.998972
0.997559
0.995545
0.992932
0.98972
0.985912
0.981511
0.976518
0.970937
0.964771
0.958024
0.9507
0.942803
0.934339
0.925311
0.915726
0.90559
0.894908
0.883687
0.871933
0.859655
0.846859
0.833552
0.819744
0.805441
0.790654
0.77539
0.759659
0.743471
0.726834
0.70976
0.692259
0.67434
0.656015
0.637295
0.618191
0.598715
0.578878
0.558693
0.538171
0.517324
0.496167
0.47471
0.452967
0.430952
0.408676
0.386155
0.363401
0.340428
0.31725
0.293881
0.270335
0.246627
0.222769
0.198778
0.174666
0.15045
0.126143
0.101759
0.0773149
0.0528239
0.0283011
0.00376118
-0.020781
-0.0453106
-0.069813
-0.0942732
-0.118677
-0.143009
-0.167255
-0.1914
-0.21543
-0.23933
-0.263086
-0.286683
-0.310108
-0.333346
-0.356383
-0.379205
-0.401799
-0.424151
-0.446248
-0.468076
-0.489621
-0.510872
-0.531815
-0.552438
-0.572728
-0.592673
-0.612261
-0.63148
-0.650319
-0.668766
-0.686811
-0.704441
