0.303203
0.314874
0.326497
0.338072
0.349595
0.361066
0.372483
0.383843
0.395146
0.406389
0.417571
0.42869
0.439744
0.450732
0.461653
0.472504
0.483283
0.49399
0.504623
0.515179
0.525658
0.536058
0.546377
0.556614
0.566767
0.576834
0.586815
0.596707
0.60651
0.616221
0.625839
0.635363
0.644792
0.654123
0.663356
0.672489
0.68152
0.690449
0.699274
0.707994
0.716607
0.725112
0.733508
0.741794
0.749967
0.758028
0.765975
0.773806
0.781521
0.789118
0.796596
0.803955
0.811192
0.818307
0.825299
0.832166
0.838909
0.845524
0.852013
0.858373
0.864604
0.870705
0.876675
0.882512
0.888217
0.893788
0.899224
0.904525
0.90969
0.914718
0.919608
0.924359
0.928971
0.933444
0.937776
0.941966
0.946015
0.949921
0.953684
0.957304
0.960779
0.96411
0.967296
0.970335
0.973229
0.975976
0.978576
0.981029
0.983334
0.985491
0.9875
0.98936
0.991071
0.992632
0.994044
0.995307
0.996419
0.997382
0.998194
0.998856
0.999368
0.999729
0.999939
0.999999
0.999908
0.999667
0.999275
0.998733
0.99804
0.997197
0.996204
0.995061
0.993768
0.992325
0.990733
0.988991
0.987101
0.985062
0.982875
0.980539
0.978056
0.975426
0.972649
0.969725
0.966655
0.96344
0.96008
0.956575
0.952926
0.949133
0.945198
0.94112
0.936901
0.93254
0.928039
0.923398
0.918618
0.9137
0.908644
0.903451
0.898123
0.892659
0.88706
0.881328
0.875464
0.869467
0.86334
0.857082
0.850696
0.844181
0.837539
0.830771
0.823878
0.816861
0.809721
0.802459
0.795076
0.787573
0.779952
0.772213
0.764358
0.756388
0.748304
0.740107
0.731799
0.723381
0.714853
0.706218
0.697477
0.68863
0.67968
0.670628
0.661474
0.652221
0.64287
0.633422
0.623878
0.614241
0.604511
0.59469
0.58478
0.574781
0.564696
0.554526
0.544272
0.533936
0.52352
0.513025
0.502453
0.491805
0.481083
0.470289
0.459424
0.448489
0.437487
0.42642
0.415288
0.404093
0.392838
0.381523
0.370151
0.358723
0.347241
0.335707
0.324123
0.312489
0.300809
0.289083
0.277313
0.265502
0.253651
0.241762
0.229836
0.217876
0.205883
0.193859
0.181805
0.169725
0.157618
0.145488
0.133336
0.121164
0.108974
0.0967674
0.0845462
0.0723122
0.0600674
0.0478135
0.0355524
0.0232859
0.0110159
-0.00125568
-0.0135271
-0.0257965
-0.038062
-0.0503218
-0.062574
-0.0748168
-0.0870483
-0.0992667
-0.11147
-0.123657
-0.135825
-0.147972
-0.160098
-0.172199
-0.184274
-0.196322
-0.20834
-0.220326
-0.23228
-0.244198
-0.25608
-0.267923
-0.279725
-0.291486
-0.303203
-0.314874
-0.326497
-0.338072
-0.349595
-0.361066
-0.372483
-0.383843
-0.395146
-0.406389
-0.417571
-0.42869
-0.439744
-0.450732
-0.461653
-0.472504
-0.483283
-0.49399
-0.504623
-0.515179
-0.525658
-0.536058
-0.546377
-0.556614
-0.566767
-0.576834
-0.586815
-0.596707
-0.60651
-0.616221
-0.625839
-0.635363
-0.644792
-0.654123
-0.663356
-0.672489
-0.68152
-0.690449
-0.699274
-0.707994
-0.716607
-0.725112
-0.733508
-0.741794
-0.749967
-0.758028
-0.765975
-0.773806
-0.781521
-0.789118
-0.796596
-0.803955
-0.811192
-0.818307
-0.825299
-0.832166
-0.838909
-0.845524
-0.852013
-0.858373
-0.864604
-0.870705
-0.876675
-0.882512
-0.888217
-0.893788
-0.899224
-0.904525
-0.90969
-0.914718
-0.919608
-0.924359
-0.928971
-0.933444
-0.937776
-0.941966
-0.946015
-0.949921
-0.953684
-0.957304
-0.960779
-0.96411
-0.967296
-0.970335
-0.973229
-0.975976
-0.978576
-0.981029
-0.983334
-0.985491
-0.9875
-0.98936
-0.991071
-0.992632
-0.994044
-0.995307
-0.996419
-0.997382
-0.998194
-0.998856
-0.999368
-0.999729
-0.999939
-0.999999
-0.999908
-0.999667
-0.999275
-0.998733
-0.99804
-0.997197
-0.996204
-0.995061
-0.993768
-0.992325
-0.990733
-0.988991
-0.987101
-0.985062
-0.982875
-0.980539
-0.978056
-0.975426
-0.972649
-0.969725
-0.966655
-0.96344
-0.96008
-0.956575
-0.952926
-0.949133
-0.945198
-0.94112
-0.936901
-0.93254
-0.928039
-0.923398
-0.918618
-0.9137
-0.908644
-0.903451
-0.898123
-0.892659
-0.88706
-0.881328
-0.875464
-0.869467
-0.86334
-0.857082
-0.850696
-0.844181
-0.837539
-0.830771
-0.823878
-0.816861
-0.809721
-0.802459
-0.795076
-0.787573
-0.779952
-0.772213
-0.764358
-0.756388
-0.748304
-0.740107
-0.731799
-0.723381
-0.714853
-0.706218
-0.697477
-0.68863
-0.67968
-0.670628
-0.661474
-0.652221
-0.64287
-0.633422
-0.623878
-0.614241
-0.604511
-0.59469
-0.58478
-0.574781
-0.564696
-0.554526
-0.544272
-0.533936
-0.52352
-0.513025
-0.502453
-0.491805
-0.481083
-0.470289
-0.459424
-0.448489
-0.437487
-0.42642
-0.415288
-0.404093
-0.392838
-0.381523
-0.370151
-0.358723
-0.347241
-0.335707
-0.324123
-0.312489
-0.300809
-0.289083
-0.277313
-0.265502
-0.253651
-0.241762
-0.229836
-0.217876
-0.205883
-0.193859
-0.181805
-0.169725
-0.157618
-0.145488
-0.133336
-0.121164
-0.108974
-0.0967674
-0.0845462
-0.0723122
-0.0600674
-0.0478135
-0.0355524
-0.0232859
-0.0110159
0.00125568
0.0135271
0.0257965
0.038062
0.0503218
0.062574
0.0748168
0.0870483
0.0992667
0.11147
0.123657
0.135825
0.147972
0.160098
0.172199
0.184274
0.196322
0.20834
0.220326
0.23228
0.244198
0.25608
0.267923
0.279725
0.291486
