-0.236787
-0.212873
-0.18883
-0.164673
-0.140418
-0.116077
-0.0916669
-0.0672014
-0.0426954
-0.0181637
0.00637896
0.0309178
0.0554379
0.0799247
0.104363
0.128739
0.153037
0.177243
0.201343
0.225321
0.249163
0.272855
0.296383
0.319732
0.342889
0.365839
0.388569
0.411065
0.433313
0.4553
0.477013
0.498438
0.519564
0.540376
0.560863
0.581012
0.600811
0.620248
0.639311
0.65799
0.676272
0.694146
0.711603
0.728631
0.74522
0.76136
0.777041
0.792255
0.806991
0.821241
0.834997
0.848249
0.86099
0.873213
0.88491
0.896074
0.906698
0.916776
0.926302
0.935269
0.943674
0.95151
0.958772
0.965458
0.971561
0.97708
0.98201
0.986348
0.990092
0.99324
0.99579
0.997739
0.999088
0.999835
0.99998
0.999522
0.998462
0.996801
0.994539
0.991678
0.98822
0.984167
0.979521
0.974284
0.968461
0.962055
0.955069
0.947508
0.939376
0.930678
0.921419
0.911606
0.901243
0.890338
0.878896
0.866925
0.854432
0.841424
0.827909
0.813895
0.799391
0.784406
0.768948
0.753027
0.736652
0.719834
0.702582
0.684906
0.666819
0.648329
0.629449
0.61019
0.590563
0.570581
0.550255
0.529597
0.508621
0.487338
0.465761
0.443904
0.42178
0.399401
0.376782
0.353936
0.330877
0.307618
0.284174
0.260559
0.236787
0.212873
0.18883
0.164673
0.140418
0.116077
0.0916669
0.0672014
0.0426954
0.0181637
-0.00637896
-0.0309178
-0.0554379
-0.0799247
-0.104363
-0.128739
-0.153037
-0.177243
-0.201343
-0.225321
-0.249163
-0.272855
-0.296383
-0.319732
-0.342889
-0.365839
-0.388569
-0.411065
-0.433313
-0.4553
-0.477013
-0.498438
-0.519564
-0.540376
-0.560863
-0.581012
-0.600811
-0.620248
-0.639311
-0.65799
-0.676272
-0.694146
-0.711603
-0.728631
-0.74522
-0.76136
-0.777041
-0.792255
-0.806991
-0.821241
-0.834997
-0.848249
-0.86099
-0.873213
-0.88491
-0.896074
-0.906698
-0.916776
-0.926302
-0.935269
-0.943674
-0.95151
-0.958772
-0.965458
-0.971561
-0.97708
-0.98201
-0.986348
-0.990092
-0.99324
-0.99579
-0.997739
-0.999088
-0.999835
-0.99998
-0.999522
-0.998462
-0.996801
-0.994539
-0.991678
-0.98822
-0.984167
-0.979521
-0.974284
-0.968461
-0.962055
-0.955069
-0.947508
-0.939376
-0.930678
-0.921419
-0.911606
-0.901243
-0.890338
-0.878896
-0.866925
-0.854432
-0.841424
-0.827909
-0.813895
-0.799391
-0.784406
-0.768948
-0.753027
-0.736652
-0.719834
-0.702582
-0.684906
-0.666819
-0.648329
-0.629449
-0.61019
-0.590563
-0.570581
-0.550255
-0.529597
-0.508621
-0.487338
-0.465761
-0.443904
-0.42178
-0.399401
-0.376782
-0.353936
-0.330877
-0.307618
-0.284174
-0.260559
