0.0319312
0.044194
0.0564503
0.068698
0.0809354
0.0931605
0.105372
0.117567
0.129745
0.141903
0.154039
0.166153
0.178241
0.190303
0.202336
0.214338
0.226308
0.238245
0.250145
0.262007
0.27383
0.285612
0.297351
0.309045
0.320693
0.332292
0.343841
0.355339
0.366783
0.378171
0.389503
0.400776
0.411989
0.423139
0.434226
0.445248
0.456202
0.467088
0.477904
0.488647
0.499317
0.509912
0.52043
0.530869
0.541229
0.551507
0.561702
0.571812
0.581837
0.591773
0.601621
0.611378
0.621043
0.630614
0.640091
0.649471
0.658753
0.667936
0.677018
0.685999
0.694876
0.703648
0.712315
0.720874
0.729325
0.737666
0.745895
0.754013
0.762017
0.769906
0.777679
0.785335
0.792873
0.800291
0.807589
0.814766
0.821819
0.828749
0.835554
0.842233
0.848785
0.85521
0.861506
0.867672
0.873707
0.879611
0.885382
0.89102
0.896524
0.901892
0.907125
0.912222
0.91718
0.922001
0.926683
0.931226
0.935628
0.939889
0.944009
0.947986
0.951821
0.955512
0.95906
0.962463
0.965721
0.968834
0.971801
0.974621
0.977295
0.979822
0.982201
0.984432
0.986514
0.988449
0.990234
0.99187
0.993357
0.994694
0.995882
0.996919
0.997807
0.998544
0.999131
0.999567
0.999853
0.999988
0.999972
0.999806
0.99949
0.999023
0.998405
0.997637
0.996719
0.995651
0.994433
0.993065
0.991547
0.98988
0.988064
0.9861
0.983987
0.981725
0.979316
0.976759
0.974055
0.971205
0.968208
0.965066
0.961778
0.958345
0.954768
0.951047
0.947183
0.943176
0.939028
0.934737
0.930306
0.925735
0.921025
0.916176
0.911189
0.906064
0.900804
0.895407
0.889876
0.88421
0.878412
0.872481
0.866419
0.860226
0.853904
0.847454
0.840875
0.83417
0.827339
0.820384
0.813305
0.806104
0.798781
0.791339
0.783776
0.776096
0.768299
0.760386
0.752359
0.744219
0.735966
0.727602
0.719129
0.710548
0.70186
0.693066
0.684167
0.675166
0.666063
0.656859
0.647557
0.638157
0.628661
0.61907
0.609386
0.599611
0.589745
0.57979
0.569748
0.55962
0.549408
0.539113
0.528737
0.518281
0.507748
0.497137
0.486452
0.475694
0.464864
0.453964
0.442995
0.43196
0.42086
0.409697
0.398472
0.387186
0.375843
0.364443
0.352988
0.341479
0.32992
0.318311
0.306653
0.29495
0.283202
0.271412
0.25958
0.24771
0.235802
0.223859
0.211882
0.199873
0.187834
0.175767
0.163673
0.151555
0.139414
0.127251
0.11507
0.102871
0.0906572
0.0784294
0.0661897
0.0539401
0.0416824
0.0294184
0.0171499
0.00487891
-0.00739285
-0.0196635
-0.0319312
-0.044194
-0.0564503
-0.068698
-0.0809354
-0.0931605
-0.105372
-0.117567
-0.129745
-0.141903
-0.154039
-0.166153
-0.178241
-0.190303
-0.202336
-0.214338
-0.226308
-0.238245
-0.250145
-0.262007
-0.27383
-0.285612
-0.297351
-0.309045
-0.320693
-0.332292
-0.343841
-0.355339
-0.366783
-0.378171
-0.389503
-0.400776
-0.411989
-0.423139
-0.434226
-0.445248
-0.456202
-0.467088
-0.477904
-0.488647
-0.499317
-0.509912
-0.52043
-0.530869
-0.541229
-0.551507
-0.561702
-0.571812
-0.581837
-0.591773
-0.601621
-0.611378
-0.621043
-0.630614
-0.640091
-0.649471
-0.658753
-0.667936
-0.677018
-0.685999
-0.694876
-0.703648
-0.712315
-0.720874
-0.729325
-0.737666
-0.745895
-0.754013
-0.762017
-0.769906
-0.777679
-0.785335
-0.792873
-0.800291
-0.807589
-0.814766
-0.821819
-0.828749
-0.835554
-0.842233
-0.848785
-0.85521
-0.861506
-0.867672
-0.873707
-0.879611
-0.885382
-0.89102
-0.896524
-0.901892
-0.907125
-0.912222
-0.91718
-0.922001
-0.926683
-0.931226
-0.935628
-0.939889
-0.944009
-0.947986
-0.951821
-0.955512
-0.95906
-0.962463
-0.965721
-0.968834
-0.971801
-0.974621
-0.977295
-0.979822
-0.982201
-0.984432
-0.986514
-0.988449
-0.990234
-0.99187
-0.993357
-0.994694
-0.995882
-0.996919
-0.997807
-0.998544
-0.999131
-0.999567
-0.999853
-0.999988
-0.999972
-0.999806
-0.99949
-0.999023
-0.998405
-0.997637
-0.996719
-0.995651
-0.994433
-0.993065
-0.991547
-0.98988
-0.988064
-0.9861
-0.983987
-0.981725
-0.979316
-0.976759
-0.974055
-0.971205
-0.968208
-0.965066
-0.961778
-0.958345
-0.954768
-0.951047
-0.947183
-0.943176
-0.939028
-0.934737
-0.930306
-0.925735
-0.921025
-0.916176
-0.911189
-0.906064
-0.900804
-0.895407
-0.889876
-0.88421
-0.878412
-0.872481
-0.866419
-0.860226
-0.853904
-0.847454
-0.840875
-0.83417
-0.827339
-0.820384
-0.813305
-0.806104
-0.798781
-0.791339
-0.783776
-0.776096
-0.768299
-0.760386
-0.752359
-0.744219
-0.735966
-0.727602
-0.719129
-0.710548
-0.70186
-0.693066
-0.684167
-0.675166
-0.666063
-0.656859
-0.647557
-0.638157
-0.628661
-0.61907
-0.609386
-0.599611
-0.589745
-0.57979
-0.569748
-0.55962
-0.549408
-0.539113
-0.528737
-0.518281
-0.507748
-0.497137
-0.486452
-0.475694
-0.464864
-0.453964
-0.442995
-0.43196
-0.42086
-0.409697
-0.398472
-0.387186
-0.375843
-0.364443
-0.352988
-0.341479
-0.32992
-0.318311
-0.306653
-0.29495
-0.283202
-0.271412
-0.25958
-0.24771
-0.235802
-0.223859
-0.211882
-0.199873
-0.187834
-0.175767
-0.163673
-0.151555
-0.139414
-0.127251
-0.11507
-0.102871
-0.0906572
-0.0784294
-0.0661897
-0.0539401
-0.0416824
-0.0294184
-0.0171499
-0.00487891
0.00739285
0.0196635
