0.818713
0.804375
0.789553
0.774254
0.75849
0.742268
0.7256
0.708494
0.690961
0.673013
0.654659
0.63591
0.616779
0.597276
0.577413
0.557203
0.536656
0.515787
0.494607
0.473129
0.451366
0.429331
0.407037
0.384498
0.361728
0.33874
0.315547
0.292165
0.268606
0.244886
0.221019
0.197018
0.172898
0.148675
0.124361
0.0999734
0.075525
0.0510312
0.0265066
0.00196611
-0.0225756
-0.0471037
-0.0716035
-0.0960601
-0.120459
-0.144785
-0.169024
-0.193161
-0.217182
-0.241072
-0.264817
-0.288402
-0.311813
-0.335037
-0.358059
-0.380865
-0.403442
-0.425776
-0.447853
-0.469661
-0.491185
-0.512414
-0.533334
-0.553933
-0.574198
-0.594117
-0.613679
-0.632871
-0.651681
-0.670099
-0.688114
-0.705713
-0.722888
-0.739627
-0.755921
-0.77176
-0.787133
-0.802033
-0.816449
-0.830374
-0.843798
-0.856714
-0.869114
-0.880991
-0.892336
-0.903145
-0.913409
-0.923123
-0.932281
-0.940878
-0.948907
-0.956365
-0.963247
-0.969549
-0.975267
-0.980397
-0.984937
-0.988884
-0.992234
-0.994988
-0.997141
-0.998695
-0.999646
-0.999996
-0.999743
-0.998888
-0.997431
-0.995373
-0.992716
-0.989461
-0.985609
-0.981165
-0.976129
-0.970505
-0.964296
-0.957507
-0.950141
-0.942202
-0.933696
-0.924628
-0.915002
-0.904826
-0.894104
-0.882844
-0.871052
-0.858736
-0.845902
-0.832558
-0.818713
-0.804375
-0.789553
-0.774254
-0.75849
-0.742268
-0.7256
-0.708494
-0.690961
-0.673013
-0.654659
-0.63591
-0.616779
-0.597276
-0.577413
-0.557203
-0.536656
-0.515787
-0.494607
-0.473129
-0.451366
-0.429331
-0.407037
-0.384498
-0.361728
-0.33874
-0.315547
-0.292165
-0.268606
-0.244886
-0.221019
-0.197018
-0.172898
-0.148675
-0.124361
-0.0999734
-0.075525
-0.0510312
-0.0265066
-0.00196611
0.0225756
0.0471037
0.0716035
0.0960601
0.120459
0.144785
0.169024
0.193161
0.217182
0.241072
0.264817
0.288402
0.311813
0.335037
0.358059
0.380865
0.403442
0.425776
0.447853
0.469661
0.491185
0.512414
0.533334
0.553933
0.574198
0.594117
0.613679
0.632871
0.651681
0.670099
0.688114
0.705713
0.722888
0.739627
0.755921
0.77176
0.787133
0.802033
0.816449
0.830374
0.843798
0.856714
0.869114
0.880991
0.892336
0.903145
0.913409
0.923123
0.932281
0.940878
0.948907
0.956365
0.963247
0.969549
0.975267
0.980397
0.984937
0.988884
0.992234
0.994988
0.997141
0.998695
0.999646
0.999996
0.999743
0.998888
0.997431
0.995373
0.992716
0.989461
0.985609
0.981165
0.976129
0.970505
0.964296
0.957507
0.950141
0.942202
0.933696
0.924628
0.915002
0.904826
0.894104
0.882844
0.871052
0.858736
0.845902
0.832558
