0.758027
0.765973
0.773805
0.781519
0.789117
0.796595
0.803953
0.81119
0.818306
0.825297
0.832165
0.838907
0.845523
0.852012
0.858372
0.864603
0.870704
0.876673
0.882511
0.888216
0.893787
0.899223
0.904524
0.909689
0.914717
0.919607
0.924358
0.92897
0.933443
0.937775
0.941965
0.946014
0.94992
0.953684
0.957303
0.960779
0.964109
0.967295
0.970335
0.973229
0.975976
0.978576
0.981029
0.983334
0.985491
0.987499
0.989359
0.99107
0.992632
0.994044
0.995307
0.996419
0.997382
0.998194
0.998856
0.999368
0.999729
0.999939
0.999999
0.999908
0.999667
0.999275
0.998733
0.99804
0.997197
0.996204
0.995061
0.993768
0.992325
0.990733
0.988992
0.987101
0.985062
0.982875
0.98054
0.978057
0.975427
0.972649
0.969726
0.966656
0.963441
0.960081
0.956576
0.952927
0.949134
0.945199
0.941121
0.936901
0.932541
0.92804
0.923399
0.918619
0.913701
0.908645
0.903453
0.898124
0.89266
0.887062
0.88133
0.875465
0.869468
0.863341
0.857084
0.850697
0.844182
0.837541
0.830773
0.82388
0.816862
0.809722
0.80246
0.795077
0.787575
0.779953
0.772215
0.76436
0.75639
0.748306
0.740109
0.731801
0.723382
0.714855
0.70622
0.697479
0.688632
0.679682
0.67063
0.661476
0.652223
0.642872
0.633424
0.623881
0.614243
0.604513
0.594692
0.584782
0.574783
0.564698
0.554528
0.544274
0.533938
0.523522
0.513027
0.502455
0.491807
0.481086
0.470291
0.459426
0.448492
0.43749
0.426422
0.41529
0.404095
0.39284
0.381525
0.370153
0.358726
0.347244
0.33571
0.324125
0.312492
0.300811
0.289085
0.277316
0.265505
0.253654
0.241764
0.229839
0.217878
0.205885
0.193861
0.181808
0.169727
0.157621
0.145491
0.133339
0.121167
0.108977
0.09677
0.0845488
0.0723148
0.06007
0.0478161
0.035555
0.0232885
0.0110186
-0.00125304
-0.0135245
-0.0257939
-0.0380594
-0.0503192
-0.0625714
-0.0748141
-0.0870457
-0.0992641
-0.111468
-0.123654
-0.135822
-0.14797
-0.160095
-0.172196
-0.184272
-0.196319
-0.208337
-0.220324
-0.232277
-0.244195
-0.256077
-0.26792
-0.279723
-0.291483
-0.3032
-0.314871
-0.326495
-0.338069
-0.349593
-0.361064
-0.37248
-0.383841
-0.395143
-0.406386
-0.417568
-0.428687
-0.439742
-0.45073
-0.461651
-0.472501
-0.483281
-0.493988
-0.50462
-0.515177
-0.525656
-0.536056
-0.546375
-0.556612
-0.566764
-0.576832
-0.586813
-0.596705
-0.606508
-0.616219
-0.625837
-0.635361
-0.64479
-0.654121
-0.663354
-0.672487
-0.681518
-0.690447
-0.699272
-0.707992
-0.716605
-0.72511
-0.733506
-0.741792
-0.749966
-0.758027
-0.765973
-0.773805
-0.781519
-0.789117
-0.796595
-0.803953
-0.81119
-0.818306
-0.825297
-0.832165
-0.838907
-0.845523
-0.852012
-0.858372
-0.864603
-0.870704
-0.876673
-0.882511
-0.888216
-0.893787
-0.899223
-0.904524
-0.909689
-0.914717
-0.919607
-0.924358
-0.92897
-0.933443
-0.937775
-0.941965
-0.946014
-0.94992
-0.953684
-0.957303
-0.960779
-0.964109
-0.967295
-0.970335
-0.973229
-0.975976
-0.978576
-0.981029
-0.983334
-0.985491
-0.987499
-0.989359
-0.99107
-0.992632
-0.994044
-0.995307
-0.996419
-0.997382
-0.998194
-0.998856
-0.999368
-0.999729
-0.999939
-0.999999
-0.999908
-0.999667
-0.999275
-0.998733
-0.99804
-0.997197
-0.996204
-0.995061
-0.993768
-0.992325
-0.990733
-0.988992
-0.987101
-0.985062
-0.982875
-0.98054
-0.978057
-0.975427
-0.972649
-0.969726
-0.966656
-0.963441
-0.960081
-0.956576
-0.952927
-0.949134
-0.945199
-0.941121
-0.936901
-0.932541
-0.92804
-0.923399
-0.918619
-0.913701
-0.908645
-0.903453
-0.898124
-0.89266
-0.887062
-0.88133
-0.875465
-0.869468
-0.863341
-0.857084
-0.850697
-0.844182
-0.837541
-0.830773
-0.82388
-0.816862
-0.809722
-0.80246
-0.795077
-0.787575
-0.779953
-0.772215
-0.76436
-0.75639
-0.748306
-0.740109
-0.731801
-0.723382
-0.714855
-0.70622
-0.697479
-0.688632
-0.679682
-0.67063
-0.661476
-0.652223
-0.642872
-0.633424
-0.623881
-0.614243
-0.604513
-0.594692
-0.584782
-0.574783
-0.564698
-0.554528
-0.544274
-0.533938
-0.523522
-0.513027
-0.502455
-0.491807
-0.481086
-0.470291
-0.459426
-0.448492
-0.43749
-0.426422
-0.41529
-0.404095
-0.39284
-0.381525
-0.370153
-0.358726
-0.347244
-0.33571
-0.324125
-0.312492
-0.300811
-0.289085
-0.277316
-0.265505
-0.253654
-0.241764
-0.229839
-0.217878
-0.205885
-0.193861
-0.181808
-0.169727
-0.157621
-0.145491
-0.133339
-0.121167
-0.108977
-0.09677
-0.0845488
-0.0723148
-0.06007
-0.0478161
-0.035555
-0.0232885
-0.0110186
0.00125304
0.0135245
0.0257939
0.0380594
0.0503192
0.0625714
0.0748141
0.0870457
0.0992641
0.111468
0.123654
0.135822
0.14797
0.160095
0.172196
0.184272
0.196319
0.208337
0.220324
0.232277
0.244195
0.256077
0.26792
0.279723
0.291483
0.3032
0.314871
0.326495
0.338069
0.349593
0.361064
0.37248
0.383841
0.395143
0.406386
0.417568
0.428687
0.439742
0.45073
0.461651
0.472501
0.483281
0.493988
0.50462
0.515177
0.525656
0.536056
0.546375
0.556612
0.566764
0.576832
0.586813
0.596705
0.606508
0.616219
0.625837
0.635361
0.64479
0.654121
0.663354
0.672487
0.681518
0.690447
0.699272
0.707992
0.716605
0.72511
0.733506
0.741792
0.749966
