0.584788
0.57479
0.564705
0.554534
0.544281
0.533945
0.523529
0.513034
0.502462
0.491814
0.481092
0.470298
0.459433
0.448499
0.437497
0.426429
0.415297
0.404103
0.392847
0.381533
0.370161
0.358733
0.347251
0.335717
0.324133
0.312499
0.300819
0.289093
0.277324
0.265512
0.253661
0.241772
0.229846
0.217886
0.205893
0.193869
0.181816
0.169735
0.157629
0.145499
0.133347
0.121175
0.108985
0.0967779
0.0845567
0.0723227
0.0600779
0.047824
0.0355629
0.0232964
0.0110265
-0.00124514
-0.0135166
-0.025786
-0.0380515
-0.0503113
-0.0625635
-0.0748063
-0.0870378
-0.0992562
-0.11146
-0.123646
-0.135814
-0.147962
-0.160087
-0.172189
-0.184264
-0.196311
-0.208329
-0.220316
-0.232269
-0.244188
-0.256069
-0.267913
-0.279715
-0.291476
-0.303193
-0.314864
-0.326487
-0.338062
-0.349585
-0.361056
-0.372473
-0.383833
-0.395136
-0.406379
-0.417561
-0.42868
-0.439735
-0.450723
-0.461644
-0.472494
-0.483274
-0.493981
-0.504614
-0.51517
-0.525649
-0.536049
-0.546368
-0.556605
-0.566758
-0.576826
-0.586806
-0.596699
-0.606501
-0.616213
-0.625831
-0.635355
-0.644784
-0.654115
-0.663348
-0.672481
-0.681513
-0.690442
-0.699267
-0.707987
-0.7166
-0.725105
-0.733501
-0.741787
-0.749961
-0.758021
-0.765968
-0.7738
-0.781515
-0.789112
-0.79659
-0.803949
-0.811186
-0.818301
-0.825293
-0.832161
-0.838903
-0.845519
-0.852008
-0.858368
-0.864599
-0.8707
-0.87667
-0.882507
-0.888212
-0.893783
-0.89922
-0.904521
-0.909686
-0.914713
-0.919604
-0.924355
-0.928968
-0.93344
-0.937772
-0.941963
-0.946012
-0.949918
-0.953681
-0.957301
-0.960776
-0.964107
-0.967293
-0.970333
-0.973227
-0.975974
-0.978574
-0.981027
-0.983332
-0.98549
-0.987498
-0.989358
-0.991069
-0.992631
-0.994043
-0.995306
-0.996419
-0.997381
-0.998194
-0.998856
-0.999367
-0.999728
-0.999939
-0.999999
-0.999908
-0.999667
-0.999276
-0.998733
-0.998041
-0.997198
-0.996205
-0.995062
-0.993769
-0.992326
-0.990734
-0.988993
-0.987103
-0.985064
-0.982877
-0.980541
-0.978059
-0.975428
-0.972651
-0.969728
-0.966658
-0.963443
-0.960083
-0.956578
-0.952929
-0.949137
-0.945201
-0.941124
-0.936904
-0.932544
-0.928043
-0.923402
-0.918622
-0.913704
-0.908649
-0.903456
-0.898127
-0.892664
-0.887065
-0.881333
-0.875469
-0.869472
-0.863345
-0.857088
-0.850701
-0.844187
-0.837545
-0.830777
-0.823884
-0.816867
-0.809727
-0.802465
-0.795082
-0.78758
-0.779958
-0.77222
-0.764365
-0.756395
-0.748311
-0.740114
-0.731806
-0.723388
-0.714861
-0.706226
-0.697484
-0.688638
-0.679688
-0.670636
-0.661482
-0.652229
-0.642878
-0.63343
-0.623887
-0.614249
-0.60452
-0.594699
-0.584788
-0.57479
-0.564705
-0.554534
-0.544281
-0.533945
-0.523529
-0.513034
-0.502462
-0.491814
-0.481092
-0.470298
-0.459433
-0.448499
-0.437497
-0.426429
-0.415297
-0.404103
-0.392847
-0.381533
-0.370161
-0.358733
-0.347251
-0.335717
-0.324133
-0.312499
-0.300819
-0.289093
-0.277324
-0.265512
-0.253661
-0.241772
-0.229846
-0.217886
-0.205893
-0.193869
-0.181816
-0.169735
-0.157629
-0.145499
-0.133347
-0.121175
-0.108985
-0.0967779
-0.0845567
-0.0723227
-0.0600779
-0.047824
-0.0355629
-0.0232964
-0.0110265
0.00124514
0.0135166
0.025786
0.0380515
0.0503113
0.0625635
0.0748063
0.0870378
0.0992562
0.11146
0.123646
0.135814
0.147962
0.160087
0.172189
0.184264
0.196311
0.208329
0.220316
0.232269
0.244188
0.256069
0.267913
0.279715
0.291476
0.303193
0.314864
0.326487
0.338062
0.349585
0.361056
0.372473
0.383833
0.395136
0.406379
0.417561
0.42868
0.439735
0.450723
0.461644
0.472494
0.483274
0.493981
0.504614
0.51517
0.525649
0.536049
0.546368
0.556605
0.566758
0.576826
0.586806
0.596699
0.606501
0.616213
0.625831
0.635355
0.644784
0.654115
0.663348
0.672481
0.681513
0.690442
0.699267
0.707987
0.7166
0.725105
0.733501
0.741787
0.749961
0.758021
0.765968
0.7738
0.781515
0.789112
0.79659
0.803949
0.811186
0.818301
0.825293
0.832161
0.838903
0.845519
0.852008
0.858368
0.864599
0.8707
0.87667
0.882507
0.888212
0.893783
0.89922
0.904521
0.909686
0.914713
0.919604
0.924355
0.928968
0.93344
0.937772
0.941963
0.946012
0.949918
0.953681
0.957301
0.960776
0.964107
0.967293
0.970333
0.973227
0.975974
0.978574
0.981027
0.983332
0.98549
0.987498
0.989358
0.991069
0.992631
0.994043
0.995306
0.996419
0.997381
0.998194
0.998856
0.999367
0.999728
0.999939
0.999999
0.999908
0.999667
0.999276
0.998733
0.998041
0.997198
0.996205
0.995062
0.993769
0.992326
0.990734
0.988993
0.987103
0.985064
0.982877
0.980541
0.978059
0.975428
0.972651
0.969728
0.966658
0.963443
0.960083
0.956578
0.952929
0.949137
0.945201
0.941124
0.936904
0.932544
0.928043
0.923402
0.918622
0.913704
0.908649
0.903456
0.898127
0.892664
0.887065
0.881333
0.875469
0.869472
0.863345
0.857088
0.850701
0.844187
0.837545
0.830777
0.823884
0.816867
0.809727
0.802465
0.795082
0.78758
0.779958
0.77222
0.764365
0.756395
0.748311
0.740114
0.731806
0.723388
0.714861
0.706226
0.697484
0.688638
0.679688
0.670636
0.661482
0.652229
0.642878
0.63343
0.623887
0.614249
0.60452
0.594699
