0.977294
0.97982
0.982199
0.984431
0.986513
0.988448
0.990233
0.991869
0.993356
0.994694
0.995881
0.996919
0.997806
0.998544
0.99913
0.999567
0.999853
0.999988
0.999973
0.999807
0.99949
0.999023
0.998406
0.997638
0.99672
0.995651
0.994433
0.993066
0.991548
0.989881
0.988066
0.986101
0.983988
0.981726
0.979317
0.976761
0.974057
0.971207
0.96821
0.965067
0.96178
0.958347
0.95477
0.951049
0.947185
0.943178
0.93903
0.93474
0.930309
0.925738
0.921027
0.916178
0.911191
0.906067
0.900806
0.89541
0.889879
0.884213
0.878415
0.872484
0.866422
0.86023
0.853908
0.847457
0.840879
0.834174
0.827343
0.820388
0.813309
0.806108
0.798785
0.791342
0.78378
0.7761
0.768303
0.760391
0.752363
0.744223
0.73597
0.727607
0.719134
0.710553
0.701864
0.69307
0.684172
0.675171
0.666067
0.656864
0.647562
0.638162
0.628666
0.619075
0.609392
0.599616
0.58975
0.579795
0.569753
0.559625
0.549413
0.539118
0.528742
0.518287
0.507753
0.497143
0.486458
0.475699
0.464869
0.453969
0.443001
0.431966
0.420866
0.409703
0.398477
0.387192
0.375849
0.364449
0.352994
0.341485
0.329926
0.318317
0.306659
0.294956
0.283208
0.271418
0.259586
0.247716
0.235808
0.223865
0.211888
0.199879
0.18784
0.175773
0.163679
0.151561
0.13942
0.127258
0.115076
0.102878
0.0906635
0.0784357
0.066196
0.0539464
0.0416887
0.0294247
0.0171562
0.00488523
-0.00738653
-0.0196572
-0.0319249
-0.0441877
-0.056444
-0.0686917
-0.0809291
-0.0931542
-0.105365
-0.117561
-0.129738
-0.141896
-0.154033
-0.166147
-0.178235
-0.190297
-0.20233
-0.214332
-0.226302
-0.238238
-0.250139
-0.262001
-0.273824
-0.285606
-0.297345
-0.309039
-0.320687
-0.332286
-0.343835
-0.355333
-0.366777
-0.378165
-0.389497
-0.40077
-0.411983
-0.423134
-0.434221
-0.445242
-0.456197
-0.467083
-0.477898
-0.488642
-0.499312
-0.509906
-0.520424
-0.530864
-0.541223
-0.551502
-0.561697
-0.571807
-0.581831
-0.591768
-0.601616
-0.611373
-0.621038
-0.630609
-0.640086
-0.649466
-0.658748
-0.667931
-0.677014
-0.685994
-0.694871
-0.703644
-0.71231
-0.72087
-0.72932
-0.737661
-0.745891
-0.754009
-0.762013
-0.769902
-0.777675
-0.785331
-0.792869
-0.800288
-0.807586
-0.814762
-0.821816
-0.828745
-0.835551
-0.84223
-0.848782
-0.855207
-0.861502
-0.867669
-0.873704
-0.879608
-0.885379
-0.891017
-0.896521
-0.90189
-0.907123
-0.912219
-0.917178
-0.921999
-0.926681
-0.931223
-0.935626
-0.939887
-0.944007
-0.947984
-0.951819
-0.955511
-0.959058
-0.962461
-0.96572
-0.968832
-0.971799
-0.97462
-0.977294
-0.97982
-0.982199
-0.984431
-0.986513
-0.988448
-0.990233
-0.991869
-0.993356
-0.994694
-0.995881
-0.996919
-0.997806
-0.998544
-0.99913
-0.999567
-0.999853
-0.999988
-0.999973
-0.999807
-0.99949
-0.999023
-0.998406
-0.997638
-0.99672
-0.995651
-0.994433
-0.993066
-0.991548
-0.989881
-0.988066
-0.986101
-0.983988
-0.981726
-0.979317
-0.976761
-0.974057
-0.971207
-0.96821
-0.965067
-0.96178
-0.958347
-0.95477
-0.951049
-0.947185
-0.943178
-0.93903
-0.93474
-0.930309
-0.925738
-0.921027
-0.916178
-0.911191
-0.906067
-0.900806
-0.89541
-0.889879
-0.884213
-0.878415
-0.872484
-0.866422
-0.86023
-0.853908
-0.847457
-0.840879
-0.834174
-0.827343
-0.820388
-0.813309
-0.806108
-0.798785
-0.791342
-0.78378
-0.7761
-0.768303
-0.760391
-0.752363
-0.744223
-0.73597
-0.727607
-0.719134
-0.710553
-0.701864
-0.69307
-0.684172
-0.675171
-0.666067
-0.656864
-0.647562
-0.638162
-0.628666
-0.619075
-0.609392
-0.599616
-0.58975
-0.579795
-0.569753
-0.559625
-0.549413
-0.539118
-0.528742
-0.518287
-0.507753
-0.497143
-0.486458
-0.475699
-0.464869
-0.453969
-0.443001
-0.431966
-0.420866
-0.409703
-0.398477
-0.387192
-0.375849
-0.364449
-0.352994
-0.341485
-0.329926
-0.318317
-0.306659
-0.294956
-0.283208
-0.271418
-0.259586
-0.247716
-0.235808
-0.223865
-0.211888
-0.199879
-0.18784
-0.175773
-0.163679
-0.151561
-0.13942
-0.127258
-0.115076
-0.102878
-0.0906635
-0.0784357
-0.066196
-0.0539464
-0.0416887
-0.0294247
-0.0171562
-0.00488523
0.00738653
0.0196572
0.0319249
0.0441877
0.056444
0.0686917
0.0809291
0.0931542
0.105365
0.117561
0.129738
0.141896
0.154033
0.166147
0.178235
0.190297
0.20233
0.214332
0.226302
0.238238
0.250139
0.262001
0.273824
0.285606
0.297345
0.309039
0.320687
0.332286
0.343835
0.355333
0.366777
0.378165
0.389497
0.40077
0.411983
0.423134
0.434221
0.445242
0.456197
0.467083
0.477898
0.488642
0.499312
0.509906
0.520424
0.530864
0.541223
0.551502
0.561697
0.571807
0.581831
0.591768
0.601616
0.611373
0.621038
0.630609
0.640086
0.649466
0.658748
0.667931
0.677014
0.685994
0.694871
0.703644
0.71231
0.72087
0.72932
0.737661
0.745891
0.754009
0.762013
0.769902
0.777675
0.785331
0.792869
0.800288
0.807586
0.814762
0.821816
0.828745
0.835551
0.84223
0.848782
0.855207
0.861502
0.867669
0.873704
0.879608
0.885379
0.891017
0.896521
0.90189
0.907123
0.912219
0.917178
0.921999
0.926681
0.931223
0.935626
0.939887
0.944007
0.947984
0.951819
0.955511
0.959058
0.962461
0.96572
0.968832
0.971799
0.97462
