0.248924
0.272618
0.296147
0.319498
0.342657
0.365609
0.388341
0.410839
0.43309
0.455079
0.476795
0.498223
0.519352
0.540167
0.560657
0.58081
0.600612
0.620053
0.63912
0.657802
0.676088
0.693967
0.711428
0.72846
0.745053
0.761198
0.776884
0.792102
0.806843
0.821098
0.834858
0.848116
0.860862
0.87309
0.884793
0.895962
0.906591
0.916675
0.926206
0.935179
0.943589
0.951431
0.958699
0.96539
0.9715
0.977024
0.98196
0.986304
0.990054
0.993208
0.995764
0.997719
0.999074
0.999827
0.999978
0.999526
0.998472
0.996817
0.994561
0.991706
0.988254
0.984207
0.979567
0.974336
0.968519
0.962119
0.955138
0.947583
0.939457
0.930765
0.921512
0.911704
0.901347
0.890447
0.87901
0.867044
0.854556
0.841553
0.828044
0.814035
0.799536
0.784555
0.769102
0.753186
0.736816
0.720002
0.702754
0.685083
0.667
0.648514
0.629638
0.610383
0.59076
0.570781
0.550458
0.529804
0.508831
0.487551
0.465977
0.444123
0.422001
0.399625
0.377009
0.354165
0.331108
0.307851
0.284409
0.260796
0.237025
0.213112
0.189071
0.164915
0.14066
0.116321
0.0919114
0.0674464
0.0429409
0.0184094
-0.0061331
-0.0306719
-0.0551923
-0.0796794
-0.104119
-0.128495
-0.152794
-0.177001
-0.201101
-0.22508
-0.248924
-0.272618
-0.296147
-0.319498
-0.342657
-0.365609
-0.388341
-0.410839
-0.43309
-0.455079
-0.476795
-0.498223
-0.519352
-0.540167
-0.560657
-0.58081
-0.600612
-0.620053
-0.63912
-0.657802
-0.676088
-0.693967
-0.711428
-0.72846
-0.745053
-0.761198
-0.776884
-0.792102
-0.806843
-0.821098
-0.834858
-0.848116
-0.860862
-0.87309
-0.884793
-0.895962
-0.906591
-0.916675
-0.926206
-0.935179
-0.943589
-0.951431
-0.958699
-0.96539
-0.9715
-0.977024
-0.98196
-0.986304
-0.990054
-0.993208
-0.995764
-0.997719
-0.999074
-0.999827
-0.999978
-0.999526
-0.998472
-0.996817
-0.994561
-0.991706
-0.988254
-0.984207
-0.979567
-0.974336
-0.968519
-0.962119
-0.955138
-0.947583
-0.939457
-0.930765
-0.921512
-0.911704
-0.901347
-0.890447
-0.87901
-0.867044
-0.854556
-0.841553
-0.828044
-0.814035
-0.799536
-0.784555
-0.769102
-0.753186
-0.736816
-0.720002
-0.702754
-0.685083
-0.667
-0.648514
-0.629638
-0.610383
-0.59076
-0.570781
-0.550458
-0.529804
-0.508831
-0.487551
-0.465977
-0.444123
-0.422001
-0.399625
-0.377009
-0.354165
-0.331108
-0.307851
-0.284409
-0.260796
-0.237025
-0.213112
-0.189071
-0.164915
-0.14066
-0.116321
-0.0919114
-0.0674464
-0.0429409
-0.0184094
0.0061331
0.0306719
0.0551923
0.0796794
0.104119
0.128495
0.152794
0.177001
0.201101
0.22508
