-0.0338332
-0.0583501
-0.0828319
-0.107264
-0.131631
-0.155919
-0.180113
-0.204199
-0.228161
-0.251986
-0.27566
-0.299167
-0.322494
-0.345627
-0.368552
-0.391254
-0.413721
-0.435939
-0.457894
-0.479574
-0.500964
-0.522053
-0.542827
-0.563274
-0.583382
-0.603139
-0.622532
-0.64155
-0.660182
-0.678416
-0.696242
-0.713648
-0.730624
-0.74716
-0.763246
-0.778873
-0.79403
-0.808709
-0.822901
-0.836597
-0.849789
-0.862469
-0.87463
-0.886264
-0.897364
-0.907923
-0.917936
-0.927395
-0.936296
-0.944633
-0.952401
-0.959596
-0.966212
-0.972246
-0.977695
-0.982555
-0.986822
-0.990496
-0.993573
-0.996051
-0.997929
-0.999207
-0.999882
-0.999955
-0.999426
-0.998294
-0.996562
-0.994229
-0.991297
-0.987768
-0.983644
-0.978928
-0.973621
-0.967729
-0.961253
-0.954199
-0.946569
-0.93837
-0.929605
-0.920281
-0.910401
-0.899974
-0.889005
-0.877499
-0.865466
-0.852911
-0.839842
-0.826268
-0.812195
-0.797634
-0.782592
-0.767078
-0.751103
-0.734675
-0.717805
-0.700502
-0.682777
-0.664641
-0.646104
-0.627179
-0.607875
-0.588206
-0.568182
-0.547816
-0.52712
-0.506106
-0.484788
-0.463177
-0.441288
-0.419132
-0.396725
-0.374078
-0.351206
-0.328122
-0.304841
-0.281376
-0.257742
-0.233952
-0.210021
-0.185964
-0.161795
-0.137529
-0.113179
-0.0887616
-0.0642906
-0.0397808
-0.0152471
0.00929585
0.0338332
0.0583501
0.0828319
0.107264
0.131631
0.155919
0.180113
0.204199
0.228161
0.251986
0.27566
0.299167
0.322494
0.345627
0.368552
0.391254
0.413721
0.435939
0.457894
0.479574
0.500964
0.522053
0.542827
0.563274
0.583382
0.603139
0.622532
0.64155
0.660182
0.678416
0.696242
0.713648
0.730624
0.74716
0.763246
0.778873
0.79403
0.808709
0.822901
0.836597
0.849789
0.862469
0.87463
0.886264
0.897364
0.907923
0.917936
0.927395
0.936296
0.944633
0.952401
0.959596
0.966212
0.972246
0.977695
0.982555
0.986822
0.990496
0.993573
0.996051
0.997929
0.999207
0.999882
0.999955
0.999426
0.998294
0.996562
0.994229
0.991297
0.987768
0.983644
0.978928
0.973621
0.967729
0.961253
0.954199
0.946569
0.93837
0.929605
0.920281
0.910401
0.899974
0.889005
0.877499
0.865466
0.852911
0.839842
0.826268
0.812195
0.797634
0.782592
0.767078
0.751103
0.734675
0.717805
0.700502
0.682777
0.664641
0.646104
0.627179
0.607875
0.588206
0.568182
0.547816
0.52712
0.506106
0.484788
0.463177
0.441288
0.419132
0.396725
0.374078
0.351206
0.328122
0.304841
0.281376
0.257742
0.233952
0.210021
0.185964
0.161795
0.137529
0.113179
0.0887616
0.0642906
0.0397808
0.0152471
-0.00929585
