-0.0242635
0.000277718
0.0248188
0.0493449
0.0738412
0.0982931
0.122686
0.147005
0.171235
0.195362
0.219371
0.243249
0.266979
0.290549
0.313944
0.33715
0.360153
0.382939
0.405494
0.427804
0.449858
0.47164
0.493138
0.514339
0.53523
0.555799
0.576033
0.59592
0.615448
0.634606
0.653381
0.671762
0.689739
0.7073
0.724436
0.741135
0.757387
0.773184
0.788514
0.80337
0.817742
0.831621
0.844999
0.857868
0.870221
0.882049
0.893346
0.904105
0.914319
0.923982
0.933089
0.941634
0.949612
0.957017
0.963846
0.970095
0.975759
0.980836
0.985321
0.989213
0.99251
0.995208
0.997307
0.998805
0.999702
0.999996
0.999688
0.998778
0.997266
0.995154
0.992442
0.989132
0.985226
0.980727
0.975638
0.96996
0.963698
0.956856
0.949437
0.941447
0.932889
0.92377
0.914094
0.903867
0.893096
0.881787
0.869947
0.857583
0.844702
0.831312
0.817422
0.803039
0.788173
0.772831
0.757025
0.740762
0.724053
0.706908
0.689337
0.671351
0.65296
0.634176
0.61501
0.595474
0.575579
0.555337
0.534761
0.513863
0.492655
0.47115
0.449362
0.427302
0.404986
0.382425
0.359635
0.336627
0.313417
0.290018
0.266444
0.24271
0.218829
0.194817
0.170688
0.146455
0.122135
0.0977404
0.0732873
0.0487901
0.0242635
-0.000277718
-0.0248188
-0.0493449
-0.0738412
-0.0982931
-0.122686
-0.147005
-0.171235
-0.195362
-0.219371
-0.243249
-0.266979
-0.290549
-0.313944
-0.33715
-0.360153
-0.382939
-0.405494
-0.427804
-0.449858
-0.47164
-0.493138
-0.514339
-0.53523
-0.555799
-0.576033
-0.59592
-0.615448
-0.634606
-0.653381
-0.671762
-0.689739
-0.7073
-0.724436
-0.741135
-0.757387
-0.773184
-0.788514
-0.80337
-0.817742
-0.831621
-0.844999
-0.857868
-0.870221
-0.882049
-0.893346
-0.904105
-0.914319
-0.923982
-0.933089
-0.941634
-0.949612
-0.957017
-0.963846
-0.970095
-0.975759
-0.980836
-0.985321
-0.989213
-0.99251
-0.995208
-0.997307
-0.998805
-0.999702
-0.999996
-0.999688
-0.998778
-0.997266
-0.995154
-0.992442
-0.989132
-0.985226
-0.980727
-0.975638
-0.96996
-0.963698
-0.956856
-0.949437
-0.941447
-0.932889
-0.92377
-0.914094
-0.903867
-0.893096
-0.881787
-0.869947
-0.857583
-0.844702
-0.831312
-0.817422
-0.803039
-0.788173
-0.772831
-0.757025
-0.740762
-0.724053
-0.706908
-0.689337
-0.671351
-0.65296
-0.634176
-0.61501
-0.595474
-0.575579
-0.555337
-0.534761
-0.513863
-0.492655
-0.47115
-0.449362
-0.427302
-0.404986
-0.382425
-0.359635
-0.336627
-0.313417
-0.290018
-0.266444
-0.24271
-0.218829
-0.194817
-0.170688
-0.146455
-0.122135
-0.0977404
-0.0732873
-0.0487901
