0.960082
0.956577
0.952928
0.949136
0.9452
0.941123
0.936903
0.932543
0.928042
0.923401
0.918621
0.913703
0.908647
0.903455
0.898126
0.892662
0.887064
0.881332
0.875467
0.869471
0.863343
0.857086
0.8507
0.844185
0.837543
0.830775
0.823882
0.816865
0.809725
0.802463
0.79508
0.787578
0.779956
0.772218
0.764363
0.756393
0.748309
0.740112
0.731804
0.723386
0.714858
0.706223
0.697482
0.688636
0.679686
0.670633
0.66148
0.652227
0.642876
0.633428
0.623884
0.614247
0.604517
0.594696
0.584786
0.574787
0.564702
0.554532
0.544278
0.533942
0.523526
0.513032
0.502459
0.491812
0.48109
0.470295
0.45943
0.448496
0.437494
0.426426
0.415294
0.4041
0.392844
0.38153
0.370158
0.35873
0.347248
0.335714
0.32413
0.312496
0.300816
0.28909
0.277321
0.265509
0.253658
0.241769
0.229843
0.217883
0.20589
0.193866
0.181812
0.169732
0.157626
0.145496
0.133344
0.121172
0.108981
0.0967748
0.0845535
0.0723196
0.0600747
0.0478208
0.0355597
0.0232933
0.0110233
-0.0012483
-0.0135197
-0.0257891
-0.0380546
-0.0503144
-0.0625666
-0.0748094
-0.0870409
-0.0992593
-0.111463
-0.123649
-0.135818
-0.147965
-0.16009
-0.172192
-0.184267
-0.196314
-0.208332
-0.220319
-0.232272
-0.244191
-0.256072
-0.267916
-0.279718
-0.291479
-0.303196
-0.314867
-0.32649
-0.338065
-0.349588
-0.361059
-0.372476
-0.383836
-0.395139
-0.406382
-0.417564
-0.428683
-0.439738
-0.450726
-0.461646
-0.472497
-0.483277
-0.493984
-0.504616
-0.515173
-0.525652
-0.536052
-0.546371
-0.556608
-0.566761
-0.576828
-0.586809
-0.596701
-0.606504
-0.616215
-0.625833
-0.635358
-0.644786
-0.654117
-0.66335
-0.672483
-0.681515
-0.690444
-0.699269
-0.707989
-0.716602
-0.725107
-0.733503
-0.741789
-0.749963
-0.758023
-0.76597
-0.773802
-0.781516
-0.789114
-0.796592
-0.80395
-0.811188
-0.818303
-0.825295
-0.832162
-0.838905
-0.845521
-0.852009
-0.85837
-0.864601
-0.870701
-0.876671
-0.882509
-0.888214
-0.893785
-0.899221
-0.904522
-0.909687
-0.914715
-0.919605
-0.924356
-0.928969
-0.933441
-0.937773
-0.941964
-0.946013
-0.949919
-0.953682
-0.957302
-0.960777
-0.964108
-0.967294
-0.970334
-0.973227
-0.975975
-0.978575
-0.981028
-0.983333
-0.98549
-0.987499
-0.989359
-0.99107
-0.992631
-0.994044
-0.995306
-0.996419
-0.997381
-0.998194
-0.998856
-0.999367
-0.999728
-0.999939
-0.999999
-0.999908
-0.999667
-0.999275
-0.998733
-0.998041
-0.997198
-0.996205
-0.995061
-0.993768
-0.992326
-0.990734
-0.988992
-0.987102
-0.985063
-0.982876
-0.980541
-0.978058
-0.975428
-0.972651
-0.969727
-0.966657
-0.963442
-0.960082
-0.956577
-0.952928
-0.949136
-0.9452
-0.941123
-0.936903
-0.932543
-0.928042
-0.923401
-0.918621
-0.913703
-0.908647
-0.903455
-0.898126
-0.892662
-0.887064
-0.881332
-0.875467
-0.869471
-0.863343
-0.857086
-0.8507
-0.844185
-0.837543
-0.830775
-0.823882
-0.816865
-0.809725
-0.802463
-0.79508
-0.787578
-0.779956
-0.772218
-0.764363
-0.756393
-0.748309
-0.740112
-0.731804
-0.723386
-0.714858
-0.706223
-0.697482
-0.688636
-0.679686
-0.670633
-0.66148
-0.652227
-0.642876
-0.633428
-0.623884
-0.614247
-0.604517
-0.594696
-0.584786
-0.574787
-0.564702
-0.554532
-0.544278
-0.533942
-0.523526
-0.513032
-0.502459
-0.491812
-0.48109
-0.470295
-0.45943
-0.448496
-0.437494
-0.426426
-0.415294
-0.4041
-0.392844
-0.38153
-0.370158
-0.35873
-0.347248
-0.335714
-0.32413
-0.312496
-0.300816
-0.28909
-0.277321
-0.265509
-0.253658
-0.241769
-0.229843
-0.217883
-0.20589
-0.193866
-0.181812
-0.169732
-0.157626
-0.145496
-0.133344
-0.121172
-0.108981
-0.0967748
-0.0845535
-0.0723196
-0.0600747
-0.0478208
-0.0355597
-0.0232933
-0.0110233
0.0012483
0.0135197
0.0257891
0.0380546
0.0503144
0.0625666
0.0748094
0.0870409
0.0992593
0.111463
0.123649
0.135818
0.147965
0.16009
0.172192
0.184267
0.196314
0.208332
0.220319
0.232272
0.244191
0.256072
0.267916
0.279718
0.291479
0.303196
0.314867
0.32649
0.338065
0.349588
0.361059
0.372476
0.383836
0.395139
0.406382
0.417564
0.428683
0.439738
0.450726
0.461646
0.472497
0.483277
0.493984
0.504616
0.515173
0.525652
0.536052
0.546371
0.556608
0.566761
0.576828
0.586809
0.596701
0.606504
0.616215
0.625833
0.635358
0.644786
0.654117
0.66335
0.672483
0.681515
0.690444
0.699269
0.707989
0.716602
0.725107
0.733503
0.741789
0.749963
0.758023
0.76597
0.773802
0.781516
0.789114
0.796592
0.80395
0.811188
0.818303
0.825295
0.832162
0.838905
0.845521
0.852009
0.85837
0.864601
0.870701
0.876671
0.882509
0.888214
0.893785
0.899221
0.904522
0.909687
0.914715
0.919605
0.924356
0.928969
0.933441
0.937773
0.941964
0.946013
0.949919
0.953682
0.957302
0.960777
0.964108
0.967294
0.970334
0.973227
0.975975
0.978575
0.981028
0.983333
0.98549
0.987499
0.989359
0.99107
0.992631
0.994044
0.995306
0.996419
0.997381
0.998194
0.998856
0.999367
0.999728
0.999939
0.999999
0.999908
0.999667
0.999275
0.998733
0.998041
0.997198
0.996205
0.995061
0.993768
0.992326
0.990734
0.988992
0.987102
0.985063
0.982876
0.980541
0.978058
0.975428
0.972651
0.969727
0.966657
0.963442
