0.92897
0.933442
0.937774
0.941965
0.946014
0.94992
0.953683
0.957303
0.960778
0.964109
0.967294
0.970334
0.973228
0.975975
0.978576
0.981028
0.983334
0.985491
0.987499
0.989359
0.99107
0.992632
0.994044
0.995306
0.996419
0.997382
0.998194
0.998856
0.999367
0.999729
0.999939
0.999999
0.999908
0.999667
0.999275
0.998733
0.99804
0.997197
0.996204
0.995061
0.993768
0.992325
0.990733
0.988992
0.987102
0.985063
0.982875
0.98054
0.978057
0.975427
0.97265
0.969726
0.966657
0.963441
0.960081
0.956576
0.952927
0.949135
0.945199
0.941122
0.936902
0.932541
0.92804
0.9234
0.91862
0.913702
0.908646
0.903453
0.898125
0.892661
0.887062
0.88133
0.875466
0.869469
0.863342
0.857084
0.850698
0.844183
0.837541
0.830774
0.82388
0.816863
0.809723
0.802461
0.795078
0.787576
0.779954
0.772216
0.764361
0.756391
0.748307
0.74011
0.731802
0.723383
0.714856
0.706221
0.69748
0.688633
0.679683
0.670631
0.661478
0.652225
0.642873
0.633425
0.623882
0.614244
0.604514
0.594694
0.584783
0.574784
0.564699
0.554529
0.544275
0.53394
0.523524
0.513029
0.502457
0.491809
0.481087
0.470293
0.459427
0.448493
0.437491
0.426423
0.415291
0.404097
0.392841
0.381527
0.370155
0.358727
0.347245
0.335711
0.324127
0.312493
0.300813
0.289087
0.277317
0.265506
0.253655
0.241766
0.22984
0.21788
0.205887
0.193863
0.181809
0.169729
0.157622
0.145492
0.13334
0.121169
0.108978
0.0967716
0.0845504
0.0723164
0.0600716
0.0478177
0.0355566
0.0232901
0.0110202
-0.00125146
-0.0135229
-0.0257923
-0.0380578
-0.0503176
-0.0625698
-0.0748126
-0.0870441
-0.0992625
-0.111466
-0.123653
-0.135821
-0.147968
-0.160094
-0.172195
-0.18427
-0.196318
-0.208336
-0.220322
-0.232275
-0.244194
-0.256076
-0.267919
-0.279721
-0.291482
-0.303199
-0.31487
-0.326493
-0.338068
-0.349591
-0.361062
-0.372479
-0.383839
-0.395142
-0.406385
-0.417567
-0.428686
-0.43974
-0.450729
-0.461649
-0.4725
-0.48328
-0.493987
-0.504619
-0.515176
-0.525655
-0.536054
-0.546373
-0.55661
-0.566763
-0.576831
-0.586812
-0.596704
-0.606506
-0.616218
-0.625836
-0.63536
-0.644788
-0.65412
-0.663353
-0.672486
-0.681517
-0.690446
-0.699271
-0.707991
-0.716604
-0.725109
-0.733505
-0.741791
-0.749965
-0.758026
-0.765972
-0.773804
-0.781518
-0.789116
-0.796594
-0.803952
-0.81119
-0.818305
-0.825296
-0.832164
-0.838906
-0.845522
-0.852011
-0.858371
-0.864602
-0.870703
-0.876673
-0.88251
-0.888215
-0.893786
-0.899222
-0.904523
-0.909688
-0.914716
-0.919606
-0.924358
-0.92897
-0.933442
-0.937774
-0.941965
-0.946014
-0.94992
-0.953683
-0.957303
-0.960778
-0.964109
-0.967294
-0.970334
-0.973228
-0.975975
-0.978576
-0.981028
-0.983334
-0.985491
-0.987499
-0.989359
-0.99107
-0.992632
-0.994044
-0.995306
-0.996419
-0.997382
-0.998194
-0.998856
-0.999367
-0.999729
-0.999939
-0.999999
-0.999908
-0.999667
-0.999275
-0.998733
-0.99804
-0.997197
-0.996204
-0.995061
-0.993768
-0.992325
-0.990733
-0.988992
-0.987102
-0.985063
-0.982875
-0.98054
-0.978057
-0.975427
-0.97265
-0.969726
-0.966657
-0.963441
-0.960081
-0.956576
-0.952927
-0.949135
-0.945199
-0.941122
-0.936902
-0.932541
-0.92804
-0.9234
-0.91862
-0.913702
-0.908646
-0.903453
-0.898125
-0.892661
-0.887062
-0.88133
-0.875466
-0.869469
-0.863342
-0.857084
-0.850698
-0.844183
-0.837541
-0.830774
-0.82388
-0.816863
-0.809723
-0.802461
-0.795078
-0.787576
-0.779954
-0.772216
-0.764361
-0.756391
-0.748307
-0.74011
-0.731802
-0.723383
-0.714856
-0.706221
-0.69748
-0.688633
-0.679683
-0.670631
-0.661478
-0.652225
-0.642873
-0.633425
-0.623882
-0.614244
-0.604514
-0.594694
-0.584783
-0.574784
-0.564699
-0.554529
-0.544275
-0.53394
-0.523524
-0.513029
-0.502457
-0.491809
-0.481087
-0.470293
-0.459427
-0.448493
-0.437491
-0.426423
-0.415291
-0.404097
-0.392841
-0.381527
-0.370155
-0.358727
-0.347245
-0.335711
-0.324127
-0.312493
-0.300813
-0.289087
-0.277317
-0.265506
-0.253655
-0.241766
-0.22984
-0.21788
-0.205887
-0.193863
-0.181809
-0.169729
-0.157622
-0.145492
-0.13334
-0.121169
-0.108978
-0.0967716
-0.0845504
-0.0723164
-0.0600716
-0.0478177
-0.0355566
-0.0232901
-0.0110202
0.00125146
0.0135229
0.0257923
0.0380578
0.0503176
0.0625698
0.0748126
0.0870441
0.0992625
0.111466
0.123653
0.135821
0.147968
0.160094
0.172195
0.18427
0.196318
0.208336
0.220322
0.232275
0.244194
0.256076
0.267919
0.279721
0.291482
0.303199
0.31487
0.326493
0.338068
0.349591
0.361062
0.372479
0.383839
0.395142
0.406385
0.417567
0.428686
0.43974
0.450729
0.461649
0.4725
0.48328
0.493987
0.504619
0.515176
0.525655
0.536054
0.546373
0.55661
0.566763
0.576831
0.586812
0.596704
0.606506
0.616218
0.625836
0.63536
0.644788
0.65412
0.663353
0.672486
0.681517
0.690446
0.699271
0.707991
0.716604
0.725109
0.733505
0.741791
0.749965
0.758026
0.765972
0.773804
0.781518
0.789116
0.796594
0.803952
0.81119
0.818305
0.825296
0.832164
0.838906
0.845522
0.852011
0.858371
0.864602
0.870703
0.876673
0.88251
0.888215
0.893786
0.899222
0.904523
0.909688
0.914716
0.919606
0.924358
