0.976785
0.981748
0.986119
0.989896
0.993078
0.99566
0.997644
0.999026
0.999806
0.999984
0.99956
0.998534
0.996906
0.994678
0.991851
0.988426
0.984406
0.979792
0.974589
0.968799
0.962425
0.955471
0.947941
0.939841
0.931175
0.921947
0.912165
0.901833
0.890957
0.879545
0.867603
0.855139
0.842159
0.828673
0.814687
0.80021
0.785251
0.769819
0.753924
0.737574
0.72078
0.703552
0.6859
0.667835
0.649368
0.63051
0.611271
0.591665
0.571702
0.551395
0.530756
0.509796
0.48853
0.46697
0.445128
0.423018
0.400654
0.378048
0.355214
0.332166
0.308919
0.285485
0.261879
0.238115
0.214208
0.190172
0.166022
0.141771
0.117435
0.0930285
0.0685658
0.0440617
0.0195311
-0.00501121
-0.0295505
-0.0540721
-0.078561
-0.103003
-0.127382
-0.151685
-0.175897
-0.200002
-0.223987
-0.247837
-0.271538
-0.295076
-0.318435
-0.341603
-0.364565
-0.387307
-0.409816
-0.432079
-0.45408
-0.475809
-0.497251
-0.518393
-0.539223
-0.559728
-0.579896
-0.599715
-0.619173
-0.638257
-0.656957
-0.675262
-0.693159
-0.710639
-0.727691
-0.744305
-0.76047
-0.776178
-0.791417
-0.80618
-0.820458
-0.834241
-0.847521
-0.860292
-0.872543
-0.88427
-0.895464
-0.906118
-0.916226
-0.925783
-0.934782
-0.943218
-0.951085
-0.95838
-0.965098
-0.971234
-0.976785
-0.981748
-0.986119
-0.989896
-0.993078
-0.99566
-0.997644
-0.999026
-0.999806
-0.999984
-0.99956
-0.998534
-0.996906
-0.994678
-0.991851
-0.988426
-0.984406
-0.979792
-0.974589
-0.968799
-0.962425
-0.955471
-0.947941
-0.939841
-0.931175
-0.921947
-0.912165
-0.901833
-0.890957
-0.879545
-0.867603
-0.855139
-0.842159
-0.828673
-0.814687
-0.80021
-0.785251
-0.769819
-0.753924
-0.737574
-0.72078
-0.703552
-0.6859
-0.667835
-0.649368
-0.63051
-0.611271
-0.591665
-0.571702
-0.551395
-0.530756
-0.509796
-0.48853
-0.46697
-0.445128
-0.423018
-0.400654
-0.378048
-0.355214
-0.332166
-0.308919
-0.285485
-0.261879
-0.238115
-0.214208
-0.190172
-0.166022
-0.141771
-0.117435
-0.0930285
-0.0685658
-0.0440617
-0.0195311
0.00501121
0.0295505
0.0540721
0.078561
0.103003
0.127382
0.151685
0.175897
0.200002
0.223987
0.247837
0.271538
0.295076
0.318435
0.341603
0.364565
0.387307
0.409816
0.432079
0.45408
0.475809
0.497251
0.518393
0.539223
0.559728
0.579896
0.599715
0.619173
0.638257
0.656957
0.675262
0.693159
0.710639
0.727691
0.744305
0.76047
0.776178
0.791417
0.80618
0.820458
0.834241
0.847521
0.860292
0.872543
0.88427
0.895464
0.906118
0.916226
0.925783
0.934782
0.943218
0.951085
0.95838
0.965098
0.971234
