0.341492
0.329932
0.318323
0.306666
0.294963
0.283215
0.271424
0.259593
0.247723
0.235815
0.223872
0.211895
0.199886
0.187847
0.17578
0.163686
0.151568
0.139427
0.127264
0.115083
0.102884
0.0906703
0.0784425
0.0662029
0.0539533
0.0416955
0.0294315
0.0171631
0.00489207
-0.00737968
-0.0196503
-0.031918
-0.0441809
-0.0564371
-0.0686849
-0.0809222
-0.0931474
-0.105359
-0.117554
-0.129732
-0.14189
-0.154026
-0.16614
-0.178228
-0.19029
-0.202323
-0.214325
-0.226296
-0.238232
-0.250132
-0.261995
-0.273818
-0.2856
-0.297339
-0.309033
-0.32068
-0.33228
-0.343829
-0.355326
-0.36677
-0.378159
-0.389491
-0.400764
-0.411977
-0.423128
-0.434215
-0.445236
-0.456191
-0.467077
-0.477892
-0.488636
-0.499306
-0.5099
-0.520418
-0.530858
-0.541218
-0.551496
-0.561691
-0.571802
-0.581826
-0.591763
-0.60161
-0.611367
-0.621032
-0.630604
-0.64008
-0.649461
-0.658743
-0.667926
-0.677009
-0.685989
-0.694866
-0.703639
-0.712306
-0.720865
-0.729316
-0.737657
-0.745887
-0.754004
-0.762008
-0.769898
-0.777671
-0.785327
-0.792865
-0.800284
-0.807582
-0.814758
-0.821812
-0.828742
-0.835547
-0.842226
-0.848779
-0.855203
-0.861499
-0.867665
-0.873701
-0.879604
-0.885376
-0.891014
-0.896518
-0.901887
-0.90712
-0.912216
-0.917175
-0.921996
-0.926678
-0.931221
-0.935623
-0.939885
-0.944004
-0.947982
-0.951817
-0.955509
-0.959056
-0.96246
-0.965718
-0.968831
-0.971798
-0.974618
-0.977292
-0.979819
-0.982198
-0.984429
-0.986512
-0.988447
-0.990232
-0.991869
-0.993356
-0.994693
-0.995881
-0.996919
-0.997806
-0.998543
-0.99913
-0.999567
-0.999853
-0.999988
-0.999973
-0.999807
-0.99949
-0.999023
-0.998406
-0.997638
-0.99672
-0.995652
-0.994434
-0.993066
-0.991549
-0.989882
-0.988067
-0.986102
-0.983989
-0.981728
-0.979319
-0.976762
-0.974059
-0.971208
-0.968212
-0.965069
-0.961781
-0.958349
-0.954772
-0.951051
-0.947187
-0.943181
-0.939032
-0.934742
-0.930311
-0.92574
-0.92103
-0.916181
-0.911194
-0.90607
-0.900809
-0.895413
-0.889882
-0.884217
-0.878418
-0.872488
-0.866426
-0.860233
-0.853911
-0.847461
-0.840882
-0.834177
-0.827347
-0.820392
-0.813313
-0.806112
-0.798789
-0.791347
-0.783785
-0.776105
-0.768308
-0.760395
-0.752368
-0.744227
-0.735975
-0.727612
-0.719139
-0.710557
-0.701869
-0.693075
-0.684177
-0.675176
-0.666073
-0.656869
-0.647567
-0.638167
-0.628671
-0.619081
-0.609397
-0.599621
-0.589756
-0.579801
-0.569759
-0.559631
-0.549419
-0.539124
-0.528748
-0.518293
-0.507759
-0.497149
-0.486464
-0.475705
-0.464876
-0.453976
-0.443007
-0.431972
-0.420872
-0.409709
-0.398484
-0.387198
-0.375855
-0.364455
-0.353
-0.341492
-0.329932
-0.318323
-0.306666
-0.294963
-0.283215
-0.271424
-0.259593
-0.247723
-0.235815
-0.223872
-0.211895
-0.199886
-0.187847
-0.17578
-0.163686
-0.151568
-0.139427
-0.127264
-0.115083
-0.102884
-0.0906703
-0.0784425
-0.0662029
-0.0539533
-0.0416955
-0.0294315
-0.0171631
-0.00489207
0.00737968
0.0196503
0.031918
0.0441809
0.0564371
0.0686849
0.0809222
0.0931474
0.105359
0.117554
0.129732
0.14189
0.154026
0.16614
0.178228
0.19029
0.202323
0.214325
0.226296
0.238232
0.250132
0.261995
0.273818
0.2856
0.297339
0.309033
0.32068
0.33228
0.343829
0.355326
0.36677
0.378159
0.389491
0.400764
0.411977
0.423128
0.434215
0.445236
0.456191
0.467077
0.477892
0.488636
0.499306
0.5099
0.520418
0.530858
0.541218
0.551496
0.561691
0.571802
0.581826
0.591763
0.60161
0.611367
0.621032
0.630604
0.64008
0.649461
0.658743
0.667926
0.677009
0.685989
0.694866
0.703639
0.712306
0.720865
0.729316
0.737657
0.745887
0.754004
0.762008
0.769898
0.777671
0.785327
0.792865
0.800284
0.807582
0.814758
0.821812
0.828742
0.835547
0.842226
0.848779
0.855203
0.861499
0.867665
0.873701
0.879604
0.885376
0.891014
0.896518
0.901887
0.90712
0.912216
0.917175
0.921996
0.926678
0.931221
0.935623
0.939885
0.944004
0.947982
0.951817
0.955509
0.959056
0.96246
0.965718
0.968831
0.971798
0.974618
0.977292
0.979819
0.982198
0.984429
0.986512
0.988447
0.990232
0.991869
0.993356
0.994693
0.995881
0.996919
0.997806
0.998543
0.99913
0.999567
0.999853
0.999988
0.999973
0.999807
0.99949
0.999023
0.998406
0.997638
0.99672
0.995652
0.994434
0.993066
0.991549
0.989882
0.988067
0.986102
0.983989
0.981728
0.979319
0.976762
0.974059
0.971208
0.968212
0.965069
0.961781
0.958349
0.954772
0.951051
0.947187
0.943181
0.939032
0.934742
0.930311
0.92574
0.92103
0.916181
0.911194
0.90607
0.900809
0.895413
0.889882
0.884217
0.878418
0.872488
0.866426
0.860233
0.853911
0.847461
0.840882
0.834177
0.827347
0.820392
0.813313
0.806112
0.798789
0.791347
0.783785
0.776105
0.768308
0.760395
0.752368
0.744227
0.735975
0.727612
0.719139
0.710557
0.701869
0.693075
0.684177
0.675176
0.666073
0.656869
0.647567
0.638167
0.628671
0.619081
0.609397
0.599621
0.589756
0.579801
0.569759
0.559631
0.549419
0.539124
0.528748
0.518293
0.507759
0.497149
0.486464
0.475705
0.464876
0.453976
0.443007
0.431972
0.420872
0.409709
0.398484
0.387198
0.375855
0.364455
0.353
