-0.783988
-0.768517
-0.752583
-0.736196
-0.719366
-0.702102
-0.684416
-0.666317
-0.647816
-0.628926
-0.609656
-0.59002
-0.570028
-0.549693
-0.529026
-0.508041
-0.48675
-0.465165
-0.443301
-0.421169
-0.398784
-0.376158
-0.353306
-0.330241
-0.306978
-0.283529
-0.259909
-0.236133
-0.212215
-0.188169
-0.164009
-0.139751
-0.115409
-0.0909965
-0.0665297
-0.0420228
-0.0174906
0.0070521
0.0315906
0.05611
0.0805957
0.105033
0.129407
0.153703
0.177906
0.202002
0.225976
0.249815
0.273503
0.297026
0.32037
0.343521
0.366465
0.389189
0.411678
0.433919
0.455899
0.477604
0.499022
0.520138
0.540942
0.56142
0.581559
0.601348
0.620775
0.639829
0.658496
0.676767
0.69463
0.712075
0.729091
0.745668
0.761796
0.777465
0.792665
0.807388
0.821625
0.835366
0.848605
0.861332
0.873541
0.885223
0.896372
0.906981
0.917044
0.926555
0.935507
0.943896
0.951716
0.958963
0.965632
0.97172
0.977222
0.982136
0.986458
0.990186
0.993318
0.995851
0.997784
0.999116
0.999846
0.999975
0.9995
0.998424
0.996746
0.994468
0.991591
0.988117
0.984047
0.979385
0.974132
0.968293
0.961871
0.954869
0.947292
0.939144
0.930431
0.921157
0.911329
0.900951
0.890031
0.878575
0.866589
0.854081
0.841059
0.827531
0.813503
0.798986
0.783988
0.768517
0.752583
0.736196
0.719366
0.702102
0.684416
0.666317
0.647816
0.628926
0.609656
0.59002
0.570028
0.549693
0.529026
0.508041
0.48675
0.465165
0.443301
0.421169
0.398784
0.376158
0.353306
0.330241
0.306978
0.283529
0.259909
0.236133
0.212215
0.188169
0.164009
0.139751
0.115409
0.0909965
0.0665297
0.0420228
0.0174906
-0.0070521
-0.0315906
-0.05611
-0.0805957
-0.105033
-0.129407
-0.153703
-0.177906
-0.202002
-0.225976
-0.249815
-0.273503
-0.297026
-0.32037
-0.343521
-0.366465
-0.389189
-0.411678
-0.433919
-0.455899
-0.477604
-0.499022
-0.520138
-0.540942
-0.56142
-0.581559
-0.601348
-0.620775
-0.639829
-0.658496
-0.676767
-0.69463
-0.712075
-0.729091
-0.745668
-0.761796
-0.777465
-0.792665
-0.807388
-0.821625
-0.835366
-0.848605
-0.861332
-0.873541
-0.885223
-0.896372
-0.906981
-0.917044
-0.926555
-0.935507
-0.943896
-0.951716
-0.958963
-0.965632
-0.97172
-0.977222
-0.982136
-0.986458
-0.990186
-0.993318
-0.995851
-0.997784
-0.999116
-0.999846
-0.999975
-0.9995
-0.998424
-0.996746
-0.994468
-0.991591
-0.988117
-0.984047
-0.979385
-0.974132
-0.968293
-0.961871
-0.954869
-0.947292
-0.939144
-0.930431
-0.921157
-0.911329
-0.900951
-0.890031
-0.878575
-0.866589
-0.854081
-0.841059
-0.827531
-0.813503
-0.798986
