-0.289998
-0.266424
-0.24269
-0.218809
-0.194797
-0.170667
-0.146435
-0.122114
-0.0977194
-0.0732662
-0.0487688
-0.0242421
0.000299179
0.0248403
0.0493665
0.0738629
0.0983149
0.122708
0.147026
0.171257
0.195384
0.219393
0.24327
0.267001
0.290571
0.313966
0.337171
0.360174
0.38296
0.405515
0.427825
0.449878
0.47166
0.493158
0.514359
0.53525
0.555819
0.576053
0.595939
0.615467
0.634624
0.653399
0.67178
0.689757
0.707318
0.724453
0.741152
0.757404
0.7732
0.78853
0.803386
0.817757
0.831636
0.845013
0.857882
0.870234
0.882062
0.893359
0.904117
0.914331
0.923994
0.9331
0.941645
0.949622
0.957027
0.963856
0.970104
0.975767
0.980843
0.985329
0.98922
0.992516
0.995214
0.997312
0.99881
0.999706
1
0.999691
0.998781
0.997268
0.995155
0.992443
0.989132
0.985226
0.980727
0.975636
0.969958
0.963696
0.956853
0.949434
0.941443
0.932885
0.923765
0.914088
0.903861
0.89309
0.88178
0.869939
0.857575
0.844693
0.831303
0.817412
0.803029
0.788162
0.77282
0.757013
0.74075
0.724041
0.706895
0.689324
0.671337
0.652946
0.634162
0.614996
0.595459
0.575563
0.555321
0.534745
0.513846
0.492638
0.471133
0.449344
0.427285
0.404968
0.382407
0.359616
0.336608
0.313398
0.289998
0.266424
0.24269
0.218809
0.194797
0.170667
0.146435
0.122114
0.0977194
0.0732662
0.0487688
0.0242421
-0.000299179
-0.0248403
-0.0493665
-0.0738629
-0.0983149
-0.122708
-0.147026
-0.171257
-0.195384
-0.219393
-0.24327
-0.267001
-0.290571
-0.313966
-0.337171
-0.360174
-0.38296
-0.405515
-0.427825
-0.449878
-0.47166
-0.493158
-0.514359
-0.53525
-0.555819
-0.576053
-0.595939
-0.615467
-0.634624
-0.653399
-0.67178
-0.689757
-0.707318
-0.724453
-0.741152
-0.757404
-0.7732
-0.78853
-0.803386
-0.817757
-0.831636
-0.845013
-0.857882
-0.870234
-0.882062
-0.893359
-0.904117
-0.914331
-0.923994
-0.9331
-0.941645
-0.949622
-0.957027
-0.963856
-0.970104
-0.975767
-0.980843
-0.985329
-0.98922
-0.992516
-0.995214
-0.997312
-0.99881
-0.999706
-1
-0.999691
-0.998781
-0.997268
-0.995155
-0.992443
-0.989132
-0.985226
-0.980727
-0.975636
-0.969958
-0.963696
-0.956853
-0.949434
-0.941443
-0.932885
-0.923765
-0.914088
-0.903861
-0.89309
-0.88178
-0.869939
-0.857575
-0.844693
-0.831303
-0.817412
-0.803029
-0.788162
-0.77282
-0.757013
-0.74075
-0.724041
-0.706895
-0.689324
-0.671337
-0.652946
-0.634162
-0.614996
-0.595459
-0.575563
-0.555321
-0.534745
-0.513846
-0.492638
-0.471133
-0.449344
-0.427285
-0.404968
-0.382407
-0.359616
-0.336608
-0.313398
