-0.198023
-0.222019
-0.245881
-0.269594
-0.293146
-0.316521
-0.339705
-0.362684
-0.385445
-0.407974
-0.430257
-0.452281
-0.474032
-0.495498
-0.516666
-0.537522
-0.558054
-0.578251
-0.598099
-0.617586
-0.636702
-0.655434
-0.673772
-0.691703
-0.709218
-0.726305
-0.742956
-0.759158
-0.774904
-0.790182
-0.804985
-0.819302
-0.833127
-0.846449
-0.859261
-0.871556
-0.883326
-0.894564
-0.905263
-0.915416
-0.925019
-0.934064
-0.942546
-0.950461
-0.957803
-0.964568
-0.970752
-0.976352
-0.981363
-0.985783
-0.989609
-0.99284
-0.995472
-0.997504
-0.998936
-0.999766
-0.999994
-0.999619
-0.998642
-0.997064
-0.994885
-0.992107
-0.988731
-0.98476
-0.980195
-0.975041
-0.969298
-0.962972
-0.956066
-0.948584
-0.94053
-0.93191
-0.922729
-0.912992
-0.902704
-0.891874
-0.880505
-0.868607
-0.856185
-0.843248
-0.829802
-0.815857
-0.80142
-0.786501
-0.771108
-0.75525
-0.738937
-0.72218
-0.704987
-0.687369
-0.669338
-0.650903
-0.632077
-0.612869
-0.593293
-0.573359
-0.553079
-0.532467
-0.511533
-0.490292
-0.468755
-0.446936
-0.424848
-0.402504
-0.379917
-0.357101
-0.334071
-0.310839
-0.28742
-0.263828
-0.240077
-0.216181
-0.192155
-0.168013
-0.14377
-0.119441
-0.0950392
-0.0705804
-0.0460792
-0.0215502
0.00299178
0.027532
0.0520555
0.0765478
0.100994
0.125379
0.149689
0.173909
0.198023
0.222019
0.245881
0.269594
0.293146
0.316521
0.339705
0.362684
0.385445
0.407974
0.430257
0.452281
0.474032
0.495498
0.516666
0.537522
0.558054
0.578251
0.598099
0.617586
0.636702
0.655434
0.673772
0.691703
0.709218
0.726305
0.742956
0.759158
0.774904
0.790182
0.804985
0.819302
0.833127
0.846449
0.859261
0.871556
0.883326
0.894564
0.905263
0.915416
0.925019
0.934064
0.942546
0.950461
0.957803
0.964568
0.970752
0.976352
0.981363
0.985783
0.989609
0.99284
0.995472
0.997504
0.998936
0.999766
0.999994
0.999619
0.998642
0.997064
0.994885
0.992107
0.988731
0.98476
0.980195
0.975041
0.969298
0.962972
0.956066
0.948584
0.94053
0.93191
0.922729
0.912992
0.902704
0.891874
0.880505
0.868607
0.856185
0.843248
0.829802
0.815857
0.80142
0.786501
0.771108
0.75525
0.738937
0.72218
0.704987
0.687369
0.669338
0.650903
0.632077
0.612869
0.593293
0.573359
0.553079
0.532467
0.511533
0.490292
0.468755
0.446936
0.424848
0.402504
0.379917
0.357101
0.334071
0.310839
0.28742
0.263828
0.240077
0.216181
0.192155
0.168013
0.14377
0.119441
0.0950392
0.0705804
0.0460792
0.0215502
-0.00299178
-0.027532
-0.0520555
-0.0765478
-0.100994
-0.125379
-0.149689
-0.173909
