-0.998022
-0.996179
-0.993736
-0.990694
-0.987056
-0.982823
-0.977998
-0.972584
-0.966584
-0.960001
-0.952841
-0.945107
-0.936803
-0.927935
-0.918508
-0.908528
-0.898
-0.886932
-0.875329
-0.863199
-0.850549
-0.837387
-0.82372
-0.809557
-0.794907
-0.779778
-0.764178
-0.748119
-0.731609
-0.714659
-0.697277
-0.679476
-0.661266
-0.642657
-0.623661
-0.60429
-0.584554
-0.564466
-0.544039
-0.523283
-0.502213
-0.480839
-0.459177
-0.437237
-0.415035
-0.392582
-0.369893
-0.346981
-0.32386
-0.300544
-0.277046
-0.253382
-0.229566
-0.205611
-0.181532
-0.157344
-0.133061
-0.108698
-0.0842695
-0.0597902
-0.0352749
-0.0107383
0.0138047
0.0383394
0.062851
0.0873248
0.111746
0.1361
0.160372
0.184547
0.208611
0.232549
0.256348
0.279992
0.303467
0.32676
0.349855
0.37274
0.3954
0.417823
0.439993
0.461899
0.483526
0.504862
0.525894
0.546609
0.566995
0.587039
0.60673
0.626055
0.645003
0.663563
0.681723
0.699472
0.7168
0.733696
0.750151
0.766153
0.781694
0.796764
0.811354
0.825455
0.839059
0.852158
0.864743
0.876808
0.888344
0.899345
0.909805
0.919716
0.929073
0.937871
0.946104
0.953767
0.960856
0.967365
0.973292
0.978633
0.983384
0.987543
0.991107
0.994074
0.996442
0.99821
0.999377
0.999941
0.999904
0.999264
0.998022
0.996179
0.993736
0.990694
0.987056
0.982823
0.977998
0.972584
0.966584
0.960001
0.952841
0.945107
0.936803
0.927935
0.918508
0.908528
0.898
0.886932
0.875329
0.863199
0.850549
0.837387
0.82372
0.809557
0.794907
0.779778
0.764178
0.748119
0.731609
0.714659
0.697277
0.679476
0.661266
0.642657
0.623661
0.60429
0.584554
0.564466
0.544039
0.523283
0.502213
0.480839
0.459177
0.437237
0.415035
0.392582
0.369893
0.346981
0.32386
0.300544
0.277046
0.253382
0.229566
0.205611
0.181532
0.157344
0.133061
0.108698
0.0842695
0.0597902
0.0352749
0.0107383
-0.0138047
-0.0383394
-0.062851
-0.0873248
-0.111746
-0.1361
-0.160372
-0.184547
-0.208611
-0.232549
-0.256348
-0.279992
-0.303467
-0.32676
-0.349855
-0.37274
-0.3954
-0.417823
-0.439993
-0.461899
-0.483526
-0.504862
-0.525894
-0.546609
-0.566995
-0.587039
-0.60673
-0.626055
-0.645003
-0.663563
-0.681723
-0.699472
-0.7168
-0.733696
-0.750151
-0.766153
-0.781694
-0.796764
-0.811354
-0.825455
-0.839059
-0.852158
-0.864743
-0.876808
-0.888344
-0.899345
-0.909805
-0.919716
-0.929073
-0.937871
-0.946104
-0.953767
-0.960856
-0.967365
-0.973292
-0.978633
-0.983384
-0.987543
-0.991107
-0.994074
-0.996442
-0.99821
-0.999377
-0.999941
-0.999904
-0.999264
