  0.00638844   -0.0403545   -0.0693375   -0.0880118    -0.106827    -0.122904    -0.134189    -0.140588    -0.141925    -0.138131    -0.129344    -0.115882   -0.0982319   -0.0770316   -0.0530471   -0.0271454 -0.000262514    0.0266298    0.0525597    0.0765899    0.0978519     0.115577     0.129126     0.138007       0.1419     0.140665     0.134345     0.123171     0.107544    0.0880431    0.0650241    0.0433529
  -0.03694 0.00239139  0.0400582  0.0670674  0.0884506   0.107081   0.122132    0.13274   0.138543   0.139339   0.135099   0.125977   0.112301  0.0945669  0.0734145  0.0496087  0.0240099 -0.0024566 -0.0288344   -0.05417 -0.0775477 -0.0981227  -0.115151  -0.128018  -0.136258  -0.139573  -0.137843  -0.131132  -0.119681  -0.103909  -0.084261 -0.0627214
-0.0674163  0.0408194   0.130105   0.193764   0.247881   0.294665   0.330986   0.355275   0.366723   0.364918   0.349924   0.322283   0.282993   0.233475   0.175519    0.11122  0.0429002 -0.0269698  -0.095865  -0.161295  -0.220896  -0.272513  -0.314281   -0.34469  -0.362641  -0.367485  -0.359047  -0.337632  -0.304014  -0.259429  -0.204951  -0.148662
-0.0891014  0.0685213   0.194767    0.28567   0.364034   0.431619   0.483742   0.518285   0.534101   0.530613   0.507948   0.466924   0.409024   0.336341   0.251502   0.157573  0.0579484 -0.0437702  -0.143907  -0.238842  -0.325145  -0.399697  -0.459802  -0.503289  -0.528586  -0.534778  -0.521642  -0.489653  -0.439966  -0.374408  -0.294515  -0.212956
 -0.109788   0.092353   0.252375    0.36734   0.467034    0.55297   0.619015   0.662563   0.682174    0.67713   0.647613   0.594689   0.520272    0.42705   0.318394    0.19823  0.0709022 -0.0589887  -0.186748  -0.307757  -0.417643  -0.512435  -0.588705  -0.643699  -0.675427  -0.682744  -0.665385  -0.623976  -0.560016  -0.475855  -0.373443  -0.269323
 -0.126517   0.112843   0.300863   0.435734   0.553155   0.654335   0.731915   0.782895   0.805593   0.799174   0.763872   0.700961   0.612715   0.502325   0.373779   0.231724  0.0812933 -0.0720752  -0.222839  -0.365548  -0.495046  -0.606651  -0.696331  -0.760843  -0.797857  -0.806033  -0.785078  -0.735748  -0.659825  -0.560104  -0.438874  -0.315955
 -0.138674   0.129254   0.338476   0.488379   0.619282    0.73205   0.818362    0.87493   0.899895   0.892334   0.852522   0.781898   0.683014   0.559444   0.415654   0.256842  0.0887464 -0.0825567  -0.250876  -0.410128  -0.554557  -0.678942  -0.778789  -0.850489  -0.891449  -0.900191  -0.876397  -0.820928  -0.735787  -0.624109  -0.488443  -0.351168
 -0.145818   0.140994   0.363856   0.523373   0.663028   0.783307   0.875231   0.935344   0.961672   0.953243   0.910361   0.834576   0.728627   0.596344   0.442507   0.272677  0.0929919 -0.0900543  -0.269846  -0.439884  -0.594024  -0.726694    -0.8331  -0.909395  -0.952823  -0.961813   -0.93604  -0.876437  -0.785156  -0.665557  -0.520358  -0.373688
 -0.147692   0.147638   0.376085    0.53945    0.68281   0.806254   0.900467   0.961951   0.988692   0.979699   0.935296   0.857089   0.747905    0.61169   0.453366   0.278657  0.0938764 -0.0942972  -0.279063  -0.453742  -0.612022  -0.748182  -0.857301  -0.935434  -0.979759  -0.988672  -0.961853  -0.900269  -0.806147   -0.68295  -0.533467  -0.382703
 -0.144229   0.148946   0.374722   0.536031   0.677913    0.80006   0.893158   0.953792   0.979979   0.970746   0.926427   0.848625   0.740152   0.604928    0.44784   0.274566   0.091368 -0.0951319  -0.278194    -0.4512    -0.6079  -0.742628  -0.850516  -0.927664  -0.971284  -0.979799  -0.952901  -0.891563  -0.798001   -0.67566  -0.527294  -0.377885
 -0.135552    0.14487   0.359815   0.513238   0.648515    0.76495   0.853568   0.911159   0.935846   0.926707   0.884075    0.80949   0.705648   0.576302   0.426127   0.260551  0.0855573 -0.0925283   -0.26727  -0.432351  -0.581807  -0.710234  -0.812992  -0.886365  -0.927704  -0.935513   -0.90951  -0.850634  -0.761014  -0.643949  -0.502063   -0.35941
 -0.121977   0.135559   0.331904   0.471895   0.595678   0.702193   0.783127   0.835595   0.857889   0.849175    0.80977   0.741098    0.64564   0.526847   0.389013   0.237119  0.0766543 -0.0865805  -0.246686  -0.397876  -0.534685   -0.65217  -0.746083  -0.813031  -0.850594  -0.857415  -0.833246  -0.778961  -0.696522  -0.588965  -0.458687  -0.327945
 -0.103992   0.121348   0.291996   0.413497   0.521311   0.614056   0.684382   0.729831   0.748926   0.740952   0.706198    0.64592   0.562297   0.458351   0.337839   0.205117  0.0649809 -0.0775035  -0.217187   -0.34902  -0.468239  -0.570535   -0.65221  -0.710312  -0.742742  -0.748328  -0.726866  -0.679134  -0.606856  -0.512693  -0.398733  -0.284627
-0.0822495   0.102751   0.241535   0.340154   0.428103   0.503727   0.560902   0.597688   0.612895   0.605949   0.577102   0.527397   0.458631   0.373289   0.274455   0.165701  0.0509589 -0.0656253  -0.179838   -0.28755   -0.38487  -0.468279  -0.534764  -0.581921  -0.608046  -0.612194  -0.594216  -0.554762  -0.495256  -0.417892  -0.324367  -0.231022
-0.0575339   0.080441   0.182345   0.254517   0.319422   0.375191   0.417149   0.443944   0.454712   0.449045   0.427148   0.389813   0.338389   0.274735   0.201151   0.120297  0.0350951 -0.0513752  -0.135989  -0.215687   -0.28759  -0.349099   -0.39799  -0.432497  -0.451372  -0.453934  -0.440089  -0.410339  -0.365757  -0.307987  -0.238278  -0.169067
 -0.030739  0.0552233   0.116564   0.159681   0.199196   0.233094    0.25832   0.274154   0.280095   0.275911   0.261756    0.23814   0.205917   0.166251   0.120577  0.0705447  0.0179629 -0.0352682 -0.0872246  -0.136029  -0.179916  -0.217301  -0.246832  -0.267442  -0.278386  -0.279268  -0.270057  -0.251085  -0.223038   -0.18695  -0.143577  -0.101001
-0.00283305   0.0280096   0.0465701   0.0590734   0.0717713   0.0825735   0.0901542   0.0944552   0.0953543   0.0928059   0.0869032   0.0778596   0.0660019   0.0517588    0.035645   0.0182429 0.000181401  -0.0178866  -0.0353082  -0.0514536  -0.0657394  -0.0776491  -0.0867525  -0.0927203   -0.095337   -0.094508  -0.0902632  -0.0827561  -0.0722578  -0.0591569  -0.0436862  -0.0292856
   0.0251753 -0.000216377    -0.025107    -0.043669   -0.0582478   -0.0709318     -0.08127   -0.0886572   -0.0928326    -0.093654   -0.0910905   -0.0852347   -0.0762983   -0.0646042   -0.0505752   -0.0347183   -0.0176066  0.000141461    0.0178844     0.034981    0.0508133     0.064809    0.0764624    0.0853522    0.0911572    0.0936675    0.0927924    0.0885636    0.0811338    0.0707746    0.0577832    0.0434888
 0.0522737 -0.0284345 -0.0958766  -0.144833  -0.186162  -0.221873  -0.249757  -0.268565  -0.277664  -0.276729  -0.265792  -0.245248  -0.215841  -0.178632  -0.134968 -0.0864247 -0.0347583  0.0181644  0.0704306   0.120151   0.165529   0.204925   0.236914    0.26034   0.274357   0.278458   0.272494   0.256682   0.231593   0.198148   0.157164   0.114691
 0.0774828  -0.055625  -0.163181  -0.240763  -0.307347  -0.364796  -0.409217  -0.438767  -0.452461  -0.449802  -0.430887  -0.396398  -0.347582  -0.286204  -0.214482  -0.135008 -0.0506537  0.0355309   0.120431   0.200979   0.274263   0.337634   0.388802   0.425918    0.44764   0.453184   0.442348   0.415524   0.373682    0.31836   0.250865   0.181749
 0.0998915  -0.080805  -0.224588   -0.32799  -0.417424  -0.494534  -0.553887   -0.59311  -0.610904  -0.606619  -0.580408  -0.533221  -0.466761  -0.383432  -0.286244  -0.178711 -0.0647183  0.0516132   0.166079   0.274543   0.373084    0.45814   0.526639   0.576103   0.604745    0.61153   0.596213   0.559347   0.502265   0.427066   0.335498   0.242237
   0.11869  -0.103065  -0.277877  -0.403363  -0.512415  -0.606398  -0.678538  -0.726016  -0.747267   -0.74151  -0.708953  -0.650772   -0.56907  -0.466801  -0.347661  -0.215955 -0.0764439    0.06583   0.205725   0.338184    0.45842   0.562088   0.645441   0.705465   0.739993   0.747775    0.72853   0.682955   0.612695   0.520336   0.408006    0.29397
  0.133198  -0.121599  -0.321123  -0.464158  -0.588885  -0.696345  -0.778665  -0.832683  -0.856623  -0.849601  -0.811873  -0.744802  -0.650812  -0.533299  -0.396512  -0.245394 -0.0854066  0.0776676   0.237935   0.389602   0.527188   0.645721   0.740915   0.809331   0.848495   0.856993   0.834516   0.781878    0.70098     0.5948   0.465768   0.335079
  0.142893  -0.135739  -0.352763  -0.508177  -0.644072  -0.761125  -0.850649  -0.909254  -0.935017  -0.926986  -0.885451  -0.811913  -0.709031  -0.580523  -0.431032  -0.265964 -0.0912824  0.0866981   0.261545   0.426939   0.576903   0.706015   0.809611   0.883945   0.926331   0.935236   0.910341   0.852542    0.76393   0.647766   0.506695   0.364077
  0.147423  -0.144972  -0.371653  -0.533829   -0.67598  -0.798396  -0.891888  -0.952963  -0.979618  -0.970867  -0.927026   -0.84968  -0.741624  -0.606764  -0.449974  -0.276921 -0.0938591   0.092595   0.275703   0.448846   0.605766   0.740793   0.849045   0.926611   0.970686   0.979679   0.953263   0.892394    0.79927   0.677321   0.529309   0.379916
  0.146625  -0.148966  -0.377111  -0.540187  -0.683456   -0.80681  -0.900892  -0.962229  -0.988813  -0.979658  -0.935096  -0.856737  -0.747413  -0.611076  -0.452653   -0.27787 -0.0930435  0.0951454   0.279895   0.454529   0.612735   0.748796   0.857792   0.935786   0.979959   0.988712   0.961732   0.899991   0.805722   0.682395   0.532793   0.382024
 0.140527 -0.147576 -0.368939 -0.527021 -0.666231 -0.786064 -0.877335 -0.936717 -0.962269 -0.953042 -0.909369 -0.832829 -0.726188 -0.593301 -0.438971 -0.268775 -0.088865 0.0942569  0.273972  0.443785  0.597559  0.729735  0.835537   0.91114  0.953813  0.962012  0.935441  0.875061  0.783053  0.662806   0.51702  0.370325
   0.12935  -0.140852  -0.347433  -0.494807  -0.624926  -0.736908   -0.82207   -0.87735  -0.900947   -0.89198  -0.850775  -0.778821  -0.678717  -0.554084  -0.409424  -0.249967 -0.0814747  0.0899618   0.258147   0.417002   0.560785   0.684301   0.783083   0.853563   0.893194   0.900541   0.875341   0.818504   0.732083   0.619261    0.48256   0.345241
  0.113498  -0.129038  -0.313369   -0.44471  -0.561035  -0.661118  -0.737092  -0.786273  -0.807062   -0.79868  -0.761432  -0.696664  -0.606716   -0.49484  -0.365079  -0.222124 -0.0711398  0.0824152   0.232991   0.375147   0.503743   0.614133   0.702327   0.765137   0.800292   0.806523   0.783604   0.732364   0.654653   0.553334    0.43066   0.307679
 0.0935445  -0.112559  -0.267979   -0.37854  -0.476866  -0.561434  -0.625474  -0.666779  -0.684008  -0.676514  -0.644569  -0.589327  -0.512786  -0.417711  -0.307539  -0.186252 -0.0582336  0.0718899   0.199415   0.319733   0.428495    0.52177   0.596186   0.649056   0.678466   0.683355   0.663546   0.619754   0.553563   0.467409   0.363194   0.258997
 0.0702816 -0.0919538  -0.212881  -0.298706  -0.375483  -0.441474  -0.491272  -0.523209  -0.536258  -0.529923  -0.504436  -0.460716  -0.400346  -0.325506  -0.238901  -0.143662 -0.0432302  0.0587638   0.158634   0.252771   0.337771   0.410564   0.468519   0.509539   0.532144   0.535515   0.519532   0.484771   0.432489   0.364612   0.282621   0.200966
 0.0438103 -0.0702059  -0.152817  -0.210099  -0.262227  -0.307013  -0.340419  -0.361441   -0.36942  -0.364046  -0.345515  -0.314495  -0.272109  -0.219888   -0.15972 -0.0937794 -0.0244492  0.0457648   0.114325   0.178753    0.23672   0.286131   0.325202   0.352518   0.367094   0.368401   0.356394   0.331506   0.294636   0.247144   0.190037   0.133629
