  0.665215   0.582221   0.475439   0.351539   0.214998  0.0707961 -0.0759642  -0.220002    -0.3561  -0.479324   -0.58523  -0.670019  -0.730597  -0.764626  -0.770766  -0.749152  -0.701573  -0.630492   -0.53692  -0.419057  -0.274151  -0.103627  0.0823199   0.265488   0.426593   0.553585   0.645057   0.706723   0.744701   0.761014   0.754095   0.719918
  0.584197   0.503773   0.402708   0.287196   0.161392  0.0298528  -0.102776  -0.231716   -0.35229  -0.460127  -0.551343  -0.622666  -0.671483  -0.695873  -0.694868  -0.668914  -0.619976  -0.550424  -0.460933  -0.349395  -0.213183 -0.0543567    0.11629   0.280839   0.421592   0.528875   0.603338   0.651596   0.679528   0.688477   0.676436   0.639606
   0.482023      0.4071    0.315421    0.212488    0.101986  -0.0121228   -0.125813   -0.234984   -0.335669   -0.424216   -0.497441   -0.552722   -0.588017   -0.601894   -0.593789   -0.564446   -0.515928   -0.450435   -0.368279   -0.267121   -0.144551 -0.00318468    0.145978     0.28595    0.401257    0.484947    0.539706    0.572811    0.589691    0.590963    0.574248    0.536107
  0.362415    0.29571   0.216736   0.130109  0.0389058 -0.0536423  -0.144281  -0.229733  -0.306888  -0.372943  -0.425531  -0.462772  -0.483272  -0.486137  -0.471229   -0.43956  -0.393222   -0.33416  -0.262314  -0.175201 -0.0707129  0.0480774   0.170359   0.280692   0.366383   0.423454   0.456528   0.473284   0.478503   0.472056   0.451275   0.413207
  0.229705   0.173632   0.110219  0.0430299 -0.0255754 -0.0932171  -0.157527  -0.216172  -0.267006  -0.308183  -0.338232  -0.356089  -0.361052  -0.352803  -0.331631  -0.298783    -0.2563  -0.205806   -0.14687 -0.0769522   0.005675  0.0975933   0.188573   0.265278   0.318254   0.346642   0.356836   0.356638   0.350009   0.336076   0.311983   0.275366
   0.0886923    0.0452777 -0.000280675   -0.0456032   -0.0891309    -0.129421    -0.165078    -0.194795    -0.217472    -0.232281    -0.238707    -0.236533    -0.225782    -0.206716    -0.180047    -0.147207    -0.110115   -0.0700142   -0.0261185    0.0240762    0.0818558     0.143579     0.199969     0.240273      0.25862     0.257298     0.244243     0.227098     0.208861     0.187946     0.161412     0.127569
-0.0555263 -0.0847127   -0.11077  -0.132588  -0.149465  -0.160947  -0.166662  -0.166378  -0.160078  -0.147984  -0.130554  -0.108428 -0.0823504  -0.053158 -0.0219551  0.0096902  0.0400499  0.0683084   0.095577   0.124234   0.155078   0.184375   0.204136   0.206583   0.189637   0.158654   0.122822  0.0893489  0.0601633  0.0330231 0.00500692 -0.0248382
  -0.197739   -0.211642   -0.217257   -0.214781   -0.204397   -0.186656   -0.162222   -0.131947  -0.0968979   -0.058339  -0.0176827   0.0235958   0.0640574    0.102322    0.136931    0.166237    0.188768    0.204162    0.213818    0.219902    0.222695    0.218508    0.200925    0.165427      0.1138   0.0542745 -0.00303907  -0.0516293  -0.0907088   -0.123094    -0.15158   -0.176349
 -0.332807  -0.330923  -0.315892  -0.289211  -0.251941  -0.205619   -0.15192 -0.0927476 -0.0302151   0.033416  0.0958292   0.154768   0.208151   0.254105   0.290869   0.316777   0.330664   0.332639   0.324333   0.307623   0.282264   0.244743   0.190453    0.11829  0.0338487 -0.0520668   -0.12879  -0.190742  -0.238303  -0.274763  -0.302691  -0.321489
 -0.455849  -0.438245  -0.403109  -0.353187  -0.290379  -0.217149  -0.136124 -0.0501924  0.0375635   0.123967   0.205882   0.280351   0.344726   0.396708   0.434298   0.455871   0.460612   0.449094   0.423126   0.384226    0.33163   0.262131   0.173094  0.0668757 -0.0473289  -0.156529   -0.24989  -0.322964  -0.377291   -0.41651  -0.442869  -0.455015
  -0.562418   -0.529725   -0.475752   -0.404393   -0.318314    -0.22082   -0.115396 -0.00580981    0.103999    0.210053    0.308508    0.395815    0.468855    0.524983    0.562039    0.578495    0.573916    0.549319    0.506624    0.446937    0.369004    0.270035    0.149468   0.0130318   -0.126808   -0.255346   -0.361971   -0.443531   -0.502662   -0.543221   -0.567054   -0.572101
 -0.648645  -0.602041  -0.531178  -0.440955  -0.334712  -0.216474 -0.0904583  0.0388239   0.166716   0.288585   0.400019   0.497004   0.576063   0.634304   0.669478   0.680215   0.666474   0.629679   0.571794    0.49347   0.393009   0.268144   0.120401 -0.0413208  -0.201741  -0.344973  -0.461014  -0.548113  -0.609906  -0.650327  -0.670754  -0.668502
 -0.711366  -0.652528  -0.567325  -0.461491  -0.338913  -0.204199 -0.0621444  0.0821575   0.223503   0.356773   0.477145   0.580287   0.662488   0.720718   0.752719   0.757329   0.734903   0.687223   0.616223    0.52208   0.402712   0.256458  0.0868812   -0.09428  -0.269482  -0.422234  -0.543493   -0.63297  -0.695161  -0.733941  -0.750185  -0.740682
 -0.748188   -0.67923  -0.582746  -0.465108  -0.330617  -0.184296 -0.0313481   0.122738   0.272401    0.41222    0.53714   0.642667   0.724994    0.78106   0.808686   0.806957   0.776617   0.719741   0.638164   0.531584   0.397615    0.23526   0.049985  -0.144058  -0.327701  -0.484437  -0.606496  -0.695051  -0.755306  -0.790958  -0.802363  -0.785903
 -0.757507  -0.680903  -0.576595  -0.451391  -0.309853   -0.15724 0.00102548   0.159264   0.311759   0.452987   0.577845   0.681845   0.761222      0.813   0.835161   0.827075   0.789848   0.725776   0.636533   0.521351   0.377627    0.20506  0.0108145  -0.189064  -0.374464  -0.529438  -0.647759  -0.732026  -0.787996  -0.819087  -0.825148  -0.802258
 -0.738497  -0.656991  -0.548605  -0.420375  -0.276961  -0.123668  0.0340724   0.190595   0.340244   0.477595   0.597689    0.69621   0.769584   0.815031   0.830773   0.816493   0.773625   0.704605   0.610892   0.491281   0.343041   0.166569 -0.0295433  -0.227927  -0.408231  -0.555617  -0.665631  -0.742253  -0.791646  -0.816865  -0.817248  -0.788673
 -0.691097  -0.607622  -0.499103  -0.372576  -0.232632 -0.0844129   0.066843   0.215704   0.356784   0.484968   0.595629   0.684796    0.74922   0.786432   0.794967   0.774841   0.727768   0.656243   0.561462   0.441823   0.294553   0.120715 -0.0699805  -0.259439  -0.427768  -0.561773  -0.658994  -0.724742  -0.765435  -0.783659  -0.778231  -0.744908
-0.616084   -0.5337  -0.42911 -0.309103 -0.178015 -0.040621 0.0982399  0.233579  0.360491   0.47437  0.571111  0.647246  0.699988   0.72728  0.728037  0.702615  0.652954  0.581528  0.489219  0.374075  0.233357 0.0687488 -0.109243 -0.282405 -0.432004 -0.547031 -0.627233 -0.679181 -0.709357 -0.719737 -0.708576 -0.671624
 -0.515263  -0.437103  -0.340543  -0.231834  -0.114877 0.00612032   0.126913   0.243153   0.350618   0.445405   0.524102   0.583892   0.622572    0.63859   0.631288   0.601363   0.550918   0.482315   0.396081   0.289955   0.161313  0.0124139  -0.145763  -0.295507  -0.419971  -0.510876  -0.570362  -0.606115  -0.624405   -0.62642  -0.609831  -0.570544
 -0.391744  -0.320948  -0.236436  -0.143598 -0.0457291  0.0537076   0.151238   0.243341   0.326659   0.398161   0.455282   0.495982   0.518744    0.52259   0.507328   0.473976    0.42473   0.361742   0.285139   0.192402  0.0811159 -0.0459135  -0.177576   -0.29732  -0.390941  -0.453408  -0.489335   -0.50724  -0.512832   -0.50633  -0.484857  -0.444715
  -0.250165   -0.189767   -0.121043   -0.048208   0.0261982   0.0996095    0.169471    0.233246    0.288594    0.333502    0.366366    0.386022    0.391707    0.383066    0.360389     0.32498    0.279043     0.22442    0.160793   0.0854598 -0.00366075   -0.103251   -0.202449   -0.286575   -0.344809    -0.37577   -0.386436   -0.385732   -0.378412   -0.363625   -0.338073   -0.298725
 -0.0966767   -0.049429 0.000298352   0.0497356   0.0972056    0.141154    0.180061    0.212494    0.237244     0.25341    0.260428    0.258064    0.246347    0.225563    0.196472    0.160617    0.120109   0.0763781   0.0286451  -0.0258675   -0.088769   -0.156293   -0.218275   -0.262635    -0.28258   -0.280552   -0.265562   -0.246407   -0.226554   -0.204097    -0.17553   -0.138735
  0.0614265   0.0932754    0.121619    0.145295    0.163561    0.175942    0.182028    0.181563    0.174529    0.161177    0.142012     0.11774   0.0891807   0.0572462   0.0231346  -0.0114426  -0.0445703  -0.0753165   -0.104905   -0.136043    -0.16974   -0.201912    -0.22359   -0.225968   -0.206695   -0.171928   -0.132179  -0.0955831  -0.0641157  -0.0349665 -0.00466641   0.0278283
  0.216407   0.231329   0.236956   0.233769   0.221987   0.202237   0.175241   0.141931   0.103482  0.0612846  0.0168847 -0.0281054 -0.0721182  -0.113657  -0.151142  -0.182774  -0.206934  -0.223244  -0.233309  -0.239606  -0.242463  -0.237684  -0.217994  -0.178357  -0.120987 -0.0553674 0.00711452  0.0594222   0.101111   0.135663   0.166286   0.192919
  0.360903   0.358239    0.34099   0.311191   0.270014   0.219154   0.160431   0.095925  0.0279403 -0.0410613  -0.108567  -0.172135  -0.229525  -0.278726  -0.317847  -0.345092  -0.359217  -0.360413  -0.350565  -0.331777  -0.303683  -0.262223  -0.202233  -0.122698 -0.0302048  0.0630182   0.145313   0.211028   0.261155   0.299595   0.329133   0.348687
  0.488618    0.46862   0.429479   0.374615   0.306094   0.226603   0.138975  0.0463335 -0.0479952  -0.140595  -0.228102   -0.30736  -0.375554  -0.430248  -0.469328  -0.491081  -0.494693  -0.480894  -0.451741  -0.408854  -0.351224  -0.275181  -0.177933 -0.0624651  0.0607017   0.177255   0.275785   0.352164   0.408648   0.449341   0.476515    0.48822
    0.59469    0.558448    0.499394    0.422117    0.329484    0.225047    0.112524 -0.00406103   -0.120513   -0.232613   -0.336297    -0.42783   -0.503944    -0.56188   -0.599392    -0.61492   -0.608105   -0.580161   -0.533202    -0.46831   -0.383928   -0.276975   -0.147119 -0.00109299     0.14724    0.282146    0.392871     0.47685    0.537418    0.578714    0.602462    0.606009
  0.675724    0.62502   0.548816   0.452631   0.340008   0.215211  0.0826784 -0.0528427  -0.186468  -0.313357  -0.428914   -0.52898  -0.609967  -0.668908   -0.70351  -0.712427  -0.695748  -0.655098  -0.592558  -0.508657  -0.401395  -0.268411  -0.111767  0.0584723   0.225768    0.37359   0.492165   0.580477   0.642766    0.68308   0.702582   0.698074
  0.729611   0.666748   0.576714   0.465725   0.337852   0.197889  0.0508097 -0.0981112  -0.243501   -0.38009  -0.502939  -0.607629  -0.690392  -0.748165  -0.778699  -0.780901  -0.755286  -0.703814  -0.628456  -0.529199   -0.40371  -0.250409 -0.0735639   0.113935   0.293568   0.448599   0.570508   0.659797   0.721445   0.759304    0.77397   0.761833
   0.75529   0.682932    0.58276   0.461456    0.32345   0.173878  0.0180499  -0.138441  -0.289942  -0.430964  -0.556409  -0.661768  -0.743237  -0.797773   -0.82325  -0.818859  -0.785509  -0.725408  -0.640362  -0.529844  -0.391282  -0.223888 -0.0338867   0.163575   0.348701   0.505121   0.625815   0.712747   0.771471   0.805537   0.814974   0.795882
  0.752575   0.673621   0.567227   0.440305   0.297477   0.144022 -0.0146195  -0.172747  -0.324646  -0.464809  -0.588175  -0.690312  -0.767519  -0.816887  -0.836486  -0.825815  -0.786128  -0.719805   -0.62843  -0.511003  -0.364801  -0.189814  0.0060767   0.206066   0.389804   0.541842   0.656873   0.738245   0.791906   0.820994   0.824982   0.799797
   0.72208   0.639563   0.530967   0.403201   0.260898   0.109284 -0.0462683  -0.200168  -0.346847  -0.480987  -0.597747  -0.692935  -0.763091  -0.805544  -0.818629  -0.802161  -0.757693  -0.687687  -0.593462  -0.473592   -0.32529  -0.149289  0.0451948   0.240334    0.41595   0.558048   0.663212   0.736053   0.782712   0.805815   0.804296   0.774038
