   0.183894    0.265689    0.337725    0.397603    0.443122     0.47267    0.485055    0.479652    0.456953    0.418826    0.367129    0.301226    0.217767       0.115 -0.00169192   -0.119428   -0.224285    -0.30871   -0.373117   -0.421443   -0.456058   -0.476313   -0.480282   -0.466807   -0.436145    -0.38958   -0.328945    -0.25646   -0.174715  -0.0866671  0.00458694   0.0953455
  0.268281   0.368886   0.455844   0.526395   0.577934   0.608597   0.617114   0.603126   0.567756   0.513348   0.441361   0.350065   0.235874   0.099247 -0.0501504  -0.195461  -0.321258  -0.420916  -0.496401  -0.552272  -0.590457  -0.609614  -0.607537   -0.58328  -0.537592  -0.472352  -0.390069  -0.293729  -0.186779 -0.0730947  0.0433404   0.157712
  0.342972   0.458751   0.557488   0.636163   0.691858    0.72253    0.72687   0.704803   0.658041   0.589317   0.499642   0.386252   0.245457  0.0799065 -0.0967966  -0.264429  -0.406619  -0.517908  -0.601745  -0.663142  -0.703518  -0.720885  -0.712835  -0.678673   -0.61961  -0.538054  -0.437096  -0.320383  -0.192092 -0.0568802  0.0805279   0.214379
  0.405272    0.53204   0.638989   0.722943   0.780782   0.810353   0.810359   0.781011   0.724545   0.643989   0.539866   0.408479   0.246166  0.0576756  -0.139946  -0.323841  -0.477285  -0.596186  -0.685349  -0.750057  -0.791164  -0.806109  -0.792374   -0.74954  -0.679235  -0.584309  -0.468323  -0.335454  -0.190458 -0.0386044   0.114811   0.263305
  0.452951   0.586123   0.697416   0.783614   0.841503   0.868902    0.86457   0.828995   0.764862   0.675382   0.560569   0.415929   0.237962  0.0333429  -0.178054  -0.371567  -0.530728  -0.652953  -0.744223  -0.809896  -0.850234  -0.862204  -0.843272  -0.793309    -0.7143   -0.60943  -0.482604  -0.338376  -0.181911 -0.0189016   0.144978   0.302749
  0.484342   0.619089   0.730692   0.816004   0.871835   0.896052   0.887522   0.846991   0.777493   0.682307   0.560941   0.408267   0.221074 0.00772281  -0.209812  -0.405961  -0.565098  -0.686226  -0.776279  -0.840502  -0.878572  -0.887107  -0.863645  -0.808343   -0.72347  -0.612431  -0.479335  -0.328953  -0.166671 0.00160158   0.170017   0.331355
  0.498406   0.629803   0.737628   0.818914   0.870614   0.890721    0.87825   0.834181   0.761792   0.664309   0.540756   0.385559   0.195912 -0.0184533  -0.234266   -0.42596   -0.57929  -0.694865  -0.780331  -0.840669   -0.87501  -0.879746   -0.85256   -0.79388  -0.706173  -0.592951  -0.458382  -0.307282  -0.145063  0.0223644   0.189191   0.348217
  0.494689   0.617838    0.71783   0.792002   0.837557   0.852699   0.836625   0.790522   0.717791   0.621498   0.500221   0.348139   0.162938 -0.0446498  -0.250883  -0.431081  -0.572858  -0.678429  -0.755943  -0.809999  -0.839228  -0.839892  -0.809878  -0.749865  -0.662442  -0.551112  -0.419954  -0.273651  -0.117442  0.0429773   0.202052   0.352854
  0.473118   0.583235   0.671432    0.73549   0.772971    0.78236    0.76308   0.716484    0.64598   0.554371   0.439838   0.296506   0.122605 -0.0705066  -0.259419  -0.421172  -0.545709  -0.636879  -0.703169   -0.74867  -0.771516  -0.767918  -0.736022  -0.676753  -0.592754  -0.487401  -0.364531  -0.228515  -0.084221  0.0630846   0.208316   0.345052
  0.433697   0.526197   0.598807   0.649903   0.677512   0.680473   0.658466   0.612967    0.54728    0.46384    0.36048    0.23144  0.0755565 -0.0955388  -0.259524  -0.395994  -0.497746  -0.570339  -0.622395  -0.657305  -0.672662  -0.664705  -0.631929  -0.575518    -0.4981  -0.402791  -0.293028  -0.172696 -0.0460977  0.0821346   0.207602   0.324601
   0.376396    0.447033    0.500595    0.536188    0.552396    0.548479    0.524393    0.481697    0.423473    0.351681    0.263833    0.154465   0.0231107   -0.118628   -0.250298   -0.354968   -0.428857   -0.479253   -0.514579   -0.537233    -0.54423   -0.531979   -0.499451   -0.448104   -0.380449   -0.299198   -0.207235   -0.107791 -0.00442221   0.0990746    0.199188    0.291156
  0.301557   0.346702   0.378391   0.396502   0.400273   0.389419   0.364188   0.326167   0.278092   0.221326   0.153096  0.0684547 -0.0322308  -0.137726   -0.23033  -0.297574  -0.339581  -0.365155  -0.382015  -0.391256  -0.389375  -0.373174  -0.342241  -0.298264  -0.243511  -0.180145  -0.110355 -0.0365709  0.0385663   0.112278   0.182112   0.244495
   0.210824    0.227889    0.235892    0.235425    0.226436    0.209113    0.183986    0.152609    0.117226   0.0784965   0.0334431  -0.0220926  -0.0867898   -0.150244   -0.198499   -0.224429    -0.23223   -0.231717   -0.229308   -0.224614   -0.213824   -0.194397   -0.166607   -0.132281  -0.0932921  -0.0511343 -0.00719233   0.0370301   0.0799437    0.119941    0.155745    0.185232
   0.108004   0.0958918   0.0797266   0.0606887   0.0394433   0.0166348 -0.00694595  -0.0298649   -0.050499  -0.0689697  -0.0882997   -0.111569   -0.136503    -0.15413   -0.155165   -0.138358   -0.111709  -0.0853235  -0.0638312  -0.0454033  -0.0262388 -0.00465946   0.0184007   0.0411197   0.0621402   0.0807177   0.0963406    0.108512    0.116786    0.120822    0.120571    0.115572
-0.000922582 -0.0415665 -0.0809507  -0.117442    -0.1497  -0.176664  -0.197327  -0.210458  -0.215164  -0.212337  -0.204842  -0.194458  -0.178115  -0.148904  -0.102836 -0.0445496  0.0147888  0.0654896   0.104938   0.136164   0.162654   0.185139   0.202135   0.211962   0.213849   0.207829   0.194285   0.173755   0.146963   0.114856  0.0786001  0.0394812
 -0.108924  -0.175802  -0.236207  -0.288136  -0.329659  -0.359355  -0.376053    -0.3788   -0.36748  -0.343678  -0.309896  -0.266531  -0.209978  -0.135868 -0.0456683  0.0505489   0.139237   0.211631   0.267099   0.309561   0.341985   0.364192   0.374288   0.370827   0.353643   0.323521   0.281714   0.229765   0.169523   0.103164  0.0330043 -0.0380171
 -0.209568  -0.299127  -0.377468  -0.442242  -0.491038  -0.522137  -0.534266  -0.526793  -0.500361   -0.45713  -0.399099  -0.325322  -0.231941   -0.11732  0.0118844   0.140908   0.254553   0.345252   0.414178   0.465869   0.502697   0.523671   0.526607   0.510339   0.475276   0.422903   0.355269   0.274837   0.184477  0.0874713 -0.0128267  -0.112058
 -0.298189   -0.40613  -0.498799  -0.573527  -0.627531  -0.658866  -0.666209  -0.649263  -0.609371  -0.549135  -0.469988  -0.369773  -0.244582 -0.0954513   0.066325   0.222114   0.355681   0.460777   0.540177   0.598844   0.638543   0.657578   0.653569   0.625641   0.574731    0.50294   0.413009   0.308195   0.192243  0.0693711 -0.0561757  -0.178919
 -0.372042  -0.493707  -0.596836  -0.678489  -0.735626   -0.76615  -0.768736  -0.743414  -0.692136  -0.617831  -0.521362  -0.399513  -0.248459 -0.0716902   0.115538   0.291548   0.439602   0.554852   0.641495   0.704771   0.745845   0.762414   0.751973   0.713942   0.649727   0.561944   0.453903     0.3295   0.193186   0.049922 -0.0953346  -0.236279
 -0.42969 -0.560274 -0.669857 -0.755337 -0.813524 -0.842249  -0.84023 -0.807802 -0.747428  -0.66226 -0.552602 -0.414345 -0.243841 -0.046746  0.158432    0.3478  0.504647  0.625614  0.716149  0.781626  0.822608  0.836276  0.820074  0.773718  0.699017  0.598992  0.477384  0.338565  0.187504 0.0296983 -0.129379 -0.282862
 -0.470291  -0.604913  -0.716877  -0.803046    -0.8602  -0.886176  -0.879776  -0.841617  -0.774568  -0.681894  -0.563367  -0.414153  -0.230863 -0.0210273   0.194339   0.389989   0.549792   0.671961   0.763007   0.828272   0.867718   0.878105   0.856907   0.804137   0.721933   0.613609   0.483183   0.335334   0.175356 0.00907377  -0.157742  -0.317902
 -0.493226  -0.626985  -0.737249  -0.820987  -0.875063  -0.897398  -0.886921    -0.8445    -0.7733  -0.676591  -0.553636  -0.399053  -0.209814 0.00499412   0.222631   0.417401    0.57431   0.693201   0.781424   0.844109    0.88062   0.887409   0.862068   0.804903   0.718301    0.60574    0.47137   0.320001   0.157054 -0.0115362  -0.179919  -0.340822
 -0.498102  -0.626167  -0.730742  -0.809026   -0.85808  -0.875986  -0.861838  -0.816718  -0.743976  -0.646767  -0.523881  -0.369582  -0.181303  0.0306564   0.242656   0.429473    0.57779   0.689083   0.771281    0.82912   0.861389    0.86436   0.835826   0.776373   0.688553    0.57588   0.442482   0.293124   0.133156 -0.0315909  -0.195405  -0.351177
 -0.484912  -0.602665  -0.697771  -0.767775  -0.810038  -0.822874  -0.805573  -0.759394  -0.687746  -0.593561  -0.475198  -0.326776  -0.146278  0.0551565   0.253845   0.425947   0.560303   0.659969   0.733168   0.784071   0.810936    0.80999   0.779304   0.719726   0.633877    0.52518   0.397594   0.255663   0.104473 -0.0504596  -0.203772  -0.348764
 -0.454185  -0.557373  -0.639574  -0.698769  -0.732715  -0.740019  -0.720192  -0.674624  -0.606661  -0.518905  -0.409344  -0.272167  -0.105976  0.0776506   0.255844   0.407009   0.522545    0.60698   0.668534   0.710662   0.731154   0.726326     0.6946   0.637054   0.556282   0.455494   0.338334   0.208964  0.0720209 -0.0674936   -0.20476  -0.333725
 -0.407041  -0.491936  -0.558262  -0.604509  -0.628911  -0.630419  -0.608783  -0.565472  -0.503651  -0.425496  -0.328698  -0.207723  -0.061846  0.0973362   0.248594   0.373358   0.465897    0.53205   0.579733   0.611564   0.624943   0.616407    0.58479   0.531355    0.45858   0.369345   0.266846   0.154714  0.0369674 -0.0820862  -0.198345  -0.306622
  -0.345186    -0.40872   -0.456774   -0.488401   -0.502377   -0.498035   -0.475371   -0.435884   -0.382438   -0.316709   -0.236172   -0.135771  -0.0154807    0.113504    0.232359    0.326212     0.39241    0.437889    0.469979    0.490362    0.496144     0.48421    0.453842    0.406451    0.344303    0.269846    0.185713   0.0948714 0.000577942  -0.0937117   -0.184761   -0.268435
 -0.270855  -0.310731  -0.338777  -0.354641  -0.357686   -0.34765  -0.324778  -0.290541  -0.247403  -0.196476   -0.13511 -0.0589124  0.0314441   0.125569   0.207725   0.267276    0.30474   0.327902   0.343238   0.351437   0.349413   0.334512   0.306492   0.266857   0.217583   0.160594  0.0978685  0.0316004 -0.0358324   -0.10195  -0.164499  -0.220547
 -0.186734  -0.201512  -0.208535  -0.208064  -0.200068  -0.184701  -0.162447  -0.134698  -0.103427 -0.0691407  -0.029165  0.0200757  0.0772324   0.133095   0.175584    0.19868   0.206057   0.206063   0.204093   0.199811   0.190053   0.172724   0.148065   0.117617   0.082998   0.045538 0.00648651 -0.0328128 -0.0709476  -0.106504  -0.138292  -0.164688
-0.0958642 -0.0850103 -0.0707568 -0.0539659 -0.0352183 -0.0150759 0.00575561  0.0260136   0.044288  0.0606931  0.0778342  0.0983382   0.120229   0.135811   0.137097   0.122903  0.0999254  0.0767775  0.0575702  0.0409624  0.0238247 0.00469359 -0.0157144 -0.0358728 -0.0545864 -0.0711639 -0.0851299   -0.09604  -0.103499  -0.107208  -0.107087  -0.102876
-0.00152971   0.0345643    0.069579    0.102082    0.130904    0.155094     0.17375    0.185785    0.190402    0.188333     0.18202    0.173046    0.158881    0.133619   0.0936549   0.0426836 -0.00981737  -0.0552835   -0.091033   -0.119367   -0.143265   -0.163507   -0.178926   -0.188066   -0.190198   -0.185294   -0.173669   -0.155796   -0.132309   -0.104038  -0.0720109  -0.0373463
 0.0928601    0.15289     0.2074   0.254441   0.292295   0.319658   0.335465   0.338842   0.329635   0.309167   0.279628     0.2415    0.19179   0.126598  0.0468277 -0.0390781  -0.119205  -0.185346  -0.236346  -0.275381  -0.305177  -0.325798   -0.33567  -0.333463  -0.318935  -0.292727  -0.255932  -0.209921  -0.156337 -0.0971074 -0.0343324  0.0295333
