  0.418214   0.316062   0.200993   0.078767 -0.0463758  -0.169862  -0.287229  -0.394209  -0.486936  -0.562084  -0.616955  -0.649479  -0.658302  -0.643161  -0.605335  -0.547285   -0.47085  -0.375167  -0.257055  -0.115328  0.0436506   0.204581   0.348732   0.462777   0.543955   0.597808   0.631315   0.647472   0.644784     0.6203   0.572853   0.502831
  0.318817    0.22958   0.130883  0.0275309 -0.0768836  -0.178545  -0.273769  -0.359092  -0.431431    -0.4882  -0.527358    -0.5474  -0.547432  -0.527542  -0.489194  -0.434769  -0.365781  -0.281028   -0.17735 -0.0540228  0.0822264   0.216717   0.332769   0.419976   0.478109   0.513867    0.53401    0.54075   0.532091   0.505148   0.459074   0.394685
  0.207897   0.134803   0.056047 -0.0246945  -0.104606  -0.180765  -0.250405  -0.310987  -0.360324  -0.396661  -0.418692  -0.425529   -0.41677  -0.392852  -0.355367  -0.306538  -0.247492  -0.176733 -0.0912401 0.00922678    0.11782   0.221009   0.304765   0.361981   0.394967   0.411338    0.41739    0.41447   0.400155   0.371729   0.328696   0.272269
  0.0894624   0.0351549  -0.0208138  -0.0760259   -0.128545   -0.176451   -0.217989    -0.25164   -0.276192   -0.290784   -0.294892   -0.288276   -0.271044   -0.243962   -0.208697   -0.167227   -0.120258  -0.0660527 -0.00183448   0.0721405    0.149152    0.217309    0.265743    0.290899    0.297547    0.293939     0.28568    0.273207    0.253754    0.224872    0.186435    0.140011
-0.0322055 -0.0657637  -0.096922  -0.124609  -0.147838  -0.165759  -0.177694  -0.183198  -0.182077  -0.174397  -0.160434  -0.140604  -0.115521 -0.0862545 -0.0544834 -0.0218727  0.0113225  0.0470151   0.087637   0.132446   0.175093   0.205755   0.217115   0.209302   0.189371   0.165914   0.143643   0.122068  0.0981801  0.0698869  0.0374364 0.00269238
  -0.152709   -0.164306   -0.169527   -0.168689   -0.161788   -0.149076   -0.130977   -0.108134  -0.0813818  -0.0517073  -0.0201767   0.0121493   0.0441771   0.0745704    0.101699    0.124272    0.142494    0.158384    0.173941    0.187965    0.194706    0.186763     0.16064    0.120141   0.0743502    0.031893 -0.00358492   -0.033483   -0.060942  -0.0876241   -0.112916   -0.134724
 -0.267695  -0.256909  -0.236005  -0.206672  -0.169891  -0.127005 -0.0795256 -0.0291624  0.0222551  0.0728517    0.12081   0.164464   0.202279     0.2327   0.254206   0.265926   0.268515   0.264028   0.253959   0.236691   0.207282   0.161022  0.0983585  0.0266367 -0.0433577  -0.103281  -0.150683  -0.187824  -0.217862  -0.241969  -0.259188  -0.267272
 -0.373005  -0.340228  -0.293954  -0.237185  -0.171853  -0.100344 -0.0251996  0.0508642   0.125089   0.194779   0.257431   0.310836   0.353071   0.382422   0.397527    0.39797   0.384833   0.360131   0.324798   0.276862   0.212366   0.129461  0.0325216 -0.0678308  -0.159499  -0.234722  -0.292336  -0.335377   -0.36691  -0.387572  -0.396096  -0.390161
 -0.464835  -0.411249  -0.341278  -0.259124  -0.167602 -0.0700521  0.0300411   0.129057   0.223406   0.309671   0.384753   0.445978   0.491107   0.518325   0.526484   0.515633   0.487243   0.443218   0.383898   0.307026   0.209772  0.0932172 -0.0344943   -0.15985  -0.269878  -0.357684  -0.423429  -0.470818  -0.502706  -0.519173  -0.518691  -0.498951
  -0.53986  -0.467401  -0.376258  -0.271688  -0.157281 -0.0372143  0.0842117   0.202601   0.313665   0.413387   0.498183   0.565014   0.611403   0.635502   0.636417   0.614661   0.572042   0.510282   0.429117   0.326083   0.199584  0.0535908  -0.100277  -0.246105  -0.370518  -0.467736   -0.53924  -0.589263   -0.62035  -0.632019  -0.622539  -0.589701
  -0.595345    -0.50663   -0.397604   -0.274391   -0.141229 -0.00298372    0.135386    0.268869     0.39263    0.502199     0.59364    0.663653    0.709617    0.729718    0.723346    0.691463    0.636146    0.558876     0.45879    0.333313    0.182138   0.0119834   -0.162479    -0.32351   -0.457817   -0.560937   -0.635611   -0.686447   -0.715588   -0.722017   -0.703869   -0.659108
 -0.629215  -0.527444  -0.404462  -0.267051  -0.119946  0.0314788   0.181784   0.325524   0.457493   0.572931    0.66769   0.738333   0.782187   0.797539   0.784087   0.743208   0.677174   0.587168   0.471767   0.328375   0.157987 -0.0301774  -0.218927  -0.389343  -0.528687  -0.633969  -0.709082  -0.758846  -0.784939  -0.785857  -0.759672  -0.704588
 -0.640068  -0.528908  -0.396401  -0.249759 -0.0940379  0.0650699   0.221846   0.370607   0.505969    0.62305   0.717646   0.786308    0.82641   0.836404    0.81631    0.76787   0.693469   0.593956   0.467396    0.31127   0.127837 -0.0715234  -0.267727  -0.441352  -0.580659  -0.684224   -0.75696  -0.803747  -0.825762  -0.821079  -0.787768  -0.724316
-0.627148 -0.510615 -0.373375 -0.222833 -0.064179 0.0967874  0.254278  0.402579  0.536326  0.650699   0.74159   0.80567  0.840458  0.844632  0.818535  0.764213  0.684086  0.578636  0.445493  0.282301 0.0924904 -0.110818  -0.30733 -0.477798 -0.611889 -0.709798 -0.777318 -0.819257 -0.836273 -0.826079 -0.786796 -0.717214
 -0.590314  -0.472657  -0.335707  -0.186816 -0.0311095    0.12572    0.27803   0.420292   0.547358   0.654655    0.73833   0.795298   0.823325   0.821366   0.790081   0.731754   0.648752   0.541182   0.406318   0.242041  0.0528154  -0.146967  -0.336508  -0.497399  -0.621082  -0.709419  -0.768945  -0.804277  -0.815526  -0.800095  -0.756186  -0.682924
 -0.530071  -0.415666  -0.284145  -0.142538 0.00428814   0.150968   0.292216   0.422902   0.538298   0.634255   0.707328   0.754802   0.774782   0.766547   0.731059   0.670761   0.587891   0.482172    0.35061   0.191379 0.00981242  -0.178921  -0.354224   -0.49918  -0.607374  -0.682377  -0.731327  -0.758501  -0.763417  -0.743195  -0.696164  -0.621825
 -0.447717  -0.340971  -0.220015 -0.0912683  0.0408504   0.171512      0.296   0.409787   0.508757   0.589358   0.648697   0.684546    0.69543   0.680991   0.642466   0.582378   0.502754   0.402932   0.279732    0.13167 -0.0352228  -0.205491  -0.359454  -0.482351  -0.570287  -0.628564  -0.664726  -0.682511  -0.680766  -0.656374  -0.607862  -0.535175
 -0.345607  -0.250837   -0.14543 -0.0348846  0.0770017   0.186135   0.288564   0.380558    0.45879   0.520462   0.563359   0.585843   0.586926   0.566637   0.526455   0.468891   0.395681   0.305772   0.195884   0.064939 -0.0804982  -0.225191  -0.351116  -0.446363  -0.509904  -0.548707  -0.570426  -0.577998  -0.569533   -0.54178  -0.493564  -0.425365
  -0.227413   -0.148681  -0.0634331    0.024051    0.110749    0.193482    0.269241     0.33526    0.389155    0.429007    0.453387    0.461322     0.45236    0.426927    0.386692    0.334061    0.270385    0.194224    0.102305 -0.00596184   -0.123642   -0.236264   -0.328255   -0.391228    -0.42726   -0.444758   -0.451071   -0.448068   -0.433127   -0.403033   -0.357029   -0.296191
-0.0981995 -0.0390772  0.0220688  0.0824285   0.139888   0.192334   0.237841    0.27474   0.301703   0.317786   0.322412    0.31532    0.29662   0.267123   0.228624   0.183315   0.132077  0.0731037 0.00327152  -0.077426  -0.161889  -0.237024  -0.290511  -0.318043  -0.324821  -0.320273  -0.310968  -0.297509  -0.276663  -0.245469  -0.203685  -0.152983
 0.0358446  0.0725517    0.10665   0.136968   0.162402   0.182009   0.195042   0.201013   0.199716   0.191223   0.175842   0.154036   0.126473  0.0943139  0.0594008  0.0236015  -0.012744 -0.0517437 -0.0962019  -0.145468  -0.192557  -0.226411  -0.238671   -0.22943  -0.206762  -0.180544  -0.156133  -0.132814  -0.106961 -0.0760898 -0.0405041 -0.0023904
  0.168008   0.180524   0.185922   0.184722   0.176891   0.162707    0.14264   0.117406  0.0879268  0.0552913  0.0206732 -0.0147639  -0.049827 -0.0830565  -0.112654   -0.13718  -0.156867  -0.174018  -0.190941   -0.20632  -0.213637  -0.204494   -0.17499  -0.129613  -0.078809 -0.0323064 0.00604763  0.0381864  0.0678597  0.0969168   0.124544   0.148192
  0.291833    0.27959   0.256095   0.223495   0.182839   0.135611  0.0834753   0.028311 -0.0278764 -0.0830369   -0.13519  -0.182527  -0.223386  -0.256081  -0.278949  -0.291054  -0.293187  -0.287707  -0.276285   -0.25701  -0.224215  -0.172644  -0.103046 -0.0239822  0.0523633   0.116937   0.167519   0.207055   0.239172    0.26501   0.283337   0.291422
  0.401783   0.365466   0.314339   0.252019   0.180588   0.102663   0.021016 -0.0614002  -0.141595  -0.216657  -0.283891   -0.34093  -0.385719  -0.416423  -0.431596  -0.430848  -0.415468  -0.387731  -0.348589  -0.295673   -0.22451  -0.133245 -0.0271527  0.0816833       0.18   0.259792   0.320443   0.365665   0.398783   0.420236   0.428478   0.420774
  0.493623   0.435064    0.35885    0.26984   0.171057  0.0661207 -0.0412203   -0.14708   -0.24762    -0.3392  -0.418532  -0.482793  -0.529626   -0.55713  -0.564135  -0.550802   -0.51883  -0.470292  -0.405401  -0.321503  -0.215551 -0.0891141  0.0483955   0.182037   0.298062    0.38975   0.457974   0.506994   0.539726   0.555957   0.553926   0.531033
  0.564442   0.486415   0.388665   0.277047   0.155381   0.028124  -0.100167  -0.224845  -0.341393  -0.445595  -0.533712  -0.602583  -0.649645   -0.67301  -0.671824  -0.646766  -0.599854   -0.53287  -0.445327  -0.334442    -0.1987 -0.0429109   0.119924   0.272705   0.401709   0.501641   0.574723   0.625582   0.656669   0.667185    0.65523   0.618437
   0.612454     0.51843    0.403412    0.273999    0.134637 -0.00957241   -0.153455   -0.291797   -0.419588   -0.532213   -0.625629   -0.696462   -0.742046   -0.760573   -0.751528   -0.716058   -0.656403   -0.574008   -0.467743   -0.334827   -0.175271  0.00319919    0.184628    0.350446    0.487404    0.591724    0.666839    0.717594    0.745935    0.750538     0.72943    0.680543
  0.636756   0.530669   0.403117   0.261179   0.109749 -0.0456348  -0.199391  -0.345944  -0.479989  -0.596689  -0.691855   -0.76203  -0.804544  -0.817733  -0.801423  -0.757171  -0.687352   -0.59304  -0.472541  -0.323169  -0.146385  0.0475835   0.240498   0.413004   0.552741   0.657516   0.731833   0.780612   0.805259   0.803985   0.774802   0.715987
  0.637144   0.523214   0.388123   0.239186  0.0815449 -0.0790376  -0.236786  -0.385978  -0.521214   -0.63762  -0.731017  -0.797992   -0.83597  -0.843488  -0.820707  -0.769523  -0.692364  -0.589918  -0.460006  -0.300114  -0.113023  0.0889866   0.286103   0.458866   0.596199   0.697543   0.768315   0.813356   0.833506   0.826572   0.790609   0.724276
  0.614056    0.49664   0.359121   0.208795   0.050858  -0.108918   -0.26478  -0.411073  -0.542502  -0.654336  -0.742559   -0.80393  -0.836059  -0.837733  -0.809434  -0.753322    -0.6718  -0.565158  -0.430818  -0.266503 -0.0761711   0.126342    0.32038   0.487056   0.616952   0.711146   0.775787   0.815482   0.830478   0.818253   0.776967   0.705689
 0.568584  0.452055  0.317195  0.171028 0.0186103 -0.134487 -0.282747 -0.420785 -0.543609 -0.646801 -0.726656  -0.78022 -0.805378 -0.801205 -0.768482 -0.709555 -0.626717 -0.519862 -0.386104 -0.223473 -0.036927  0.158661  0.342535  0.497055  0.614782  0.698395  0.754563  0.787495  0.796841  0.779836  0.734809   0.66126
   0.50249   0.391124    0.26385   0.127173 -0.0141693  -0.155014  -0.290277  -0.415046  -0.524807   -0.61562  -0.684221  -0.728055  -0.745353  -0.735512  -0.699581  -0.640008  -0.558896   -0.45575  -0.327483  -0.172488 0.00346564   0.185014   0.352051   0.488809   0.590095   0.660095   0.705757    0.73075   0.734133   0.712999   0.665902   0.592785
