-0.00135506 -0.0687617  -0.134084  -0.194624  -0.248144  -0.292688  -0.326654  -0.348842  -0.358448  -0.355003  -0.338494  -0.309786  -0.270825  -0.223615  -0.168167  -0.101706 -0.0215033  0.0698826   0.162079   0.240932   0.296618    0.32879   0.344383   0.350762   0.350598   0.341968   0.321833   0.288999   0.244592   0.190952   0.130515  0.0655438
-0.0652833  -0.104709  -0.140461  -0.171204  -0.195759  -0.213234  -0.223003  -0.224738   -0.21837  -0.204015  -0.182086  -0.153655  -0.120547 -0.0843404 -0.0446196 0.00135842  0.0557581    0.11568    0.17181   0.212948   0.233218   0.235455   0.227814   0.217138   0.205054   0.189125   0.166534   0.136564   0.100566  0.0606656  0.0187329 -0.0235859
 -0.126852  -0.136871  -0.141762  -0.141597    -0.1363  -0.126073  -0.111291 -0.0925114  -0.070399 -0.0456532 -0.0190969  0.0080306  0.0340882  0.0579821  0.0805406   0.104374   0.131004   0.157296   0.175331   0.177268   0.161389    0.13361   0.103011  0.0756666  0.0520978  0.0294465 0.00521653 -0.0208055 -0.0470942 -0.0718138 -0.0937259  -0.111863
 -0.183836  -0.164087  -0.137939  -0.106872 -0.0719139 -0.0343558 0.00444192  0.0430589  0.0801163   0.114359   0.144582   0.169426   0.187491   0.198209    0.20279   0.203617   0.201515   0.193227   0.172514    0.13518  0.0837262  0.0269366 -0.0255144 -0.0685398  -0.102741  -0.131296   -0.15629  -0.177424  -0.193053  -0.201698  -0.202797  -0.196097
  -0.234176   -0.185372    -0.12913  -0.0682842 -0.00492905   0.0586031    0.120015    0.177073    0.227736    0.270238    0.303036    0.324697    0.334118    0.331272     0.31771      0.2955    0.264744    0.222175    0.163463   0.0882069   0.0030377  -0.0807109   -0.153118   -0.210269   -0.253866   -0.287293   -0.312148    -0.32763   -0.332034   -0.324293   -0.304539   -0.273244
 -0.276052  -0.199958  -0.115655 -0.0272286  0.0622342   0.149444   0.231251   0.304688   0.367126    0.41635   0.450538   0.468234    0.46867   0.452363   0.421148   0.376705   0.318404   0.243093   0.148504  0.0380453  -0.077761  -0.185441  -0.275187  -0.344398  -0.395816  -0.432908  -0.456726  -0.465997  -0.459017  -0.435167  -0.395275  -0.340516
 -0.307951  -0.207316 -0.0979979  0.0148132   0.127151   0.234887   0.334132   0.421294    0.49325   0.547418   0.581759   0.594851   0.586285   0.557107   0.509366   0.444295   0.360556   0.255224   0.128176 -0.0134934  -0.155751  -0.283471  -0.387312  -0.466083  -0.523466  -0.562884  -0.584804  -0.587526  -0.569411  -0.530314  -0.471724   -0.39548
 -0.328714  -0.207173 -0.0767886  0.0563314   0.187484   0.311854   0.424949   0.522686   0.601558   0.658711   0.691963   0.699975   0.682715   0.641717   0.579173   0.495824   0.389671   0.258123   0.103206 -0.0645543  -0.228121  -0.371265  -0.485452   -0.57094  -0.632217  -0.672533  -0.691757  -0.687824  -0.659224   -0.60629  -0.531118  -0.436141
 -0.337559  -0.199504 -0.0527627  0.0958557   0.241084   0.377589   0.500445   0.605218   0.688151   0.746216   0.777169   0.779804   0.754466   0.703122   0.628029   0.529406    0.40467   0.251655  0.0744672   -0.11332  -0.292285  -0.445684  -0.566096  -0.655213  -0.718159  -0.757899  -0.773711  -0.763251  -0.725191  -0.660326  -0.571283  -0.460998
  -0.33408  -0.184504 -0.0267079   0.132032   0.286077   0.429772   0.557931   0.665936    0.74991   0.806766   0.834279   0.831418   0.798895   0.739042   0.654096    0.54375   0.404928   0.235975  0.0429209  -0.158104  -0.346002  -0.504116  -0.626395  -0.715893   -0.77819  -0.815866  -0.827655  -0.811018  -0.764855  -0.690391  -0.590681  -0.469055
  -0.318199   -0.162529 0.000599774    0.163694     0.32095    0.466595    0.595373    0.702649     0.78457    0.838103    0.861124    0.852817    0.814239    0.747998    0.656238    0.538137    0.390242    0.211461  0.00953155   -0.197456   -0.387485    -0.54457    -0.66423   -0.750774   -0.810054   -0.844208   -0.851478   -0.829223   -0.776593   -0.695189    -0.58839   -0.459798
 -0.290114  -0.134049  0.0284416   0.189901   0.344574   0.486782   0.611393   0.713928   0.790701   0.838849   0.856429   0.842876   0.799552   0.729257   0.633962   0.512365   0.360762   0.178655 -0.0248075  -0.230224  -0.415432  -0.565666  -0.678175  -0.758401  -0.812311  -0.841555  -0.843947  -0.816811   -0.75956  -0.674111  -0.564059  -0.433145
 -0.250289 -0.0996471  0.0561351   0.209898   0.356149   0.489514   0.605186   0.699008   0.767609   0.808404   0.819712   0.801246   0.754629   0.682755   0.587358   0.466706   0.316961   0.138225 -0.0592806  -0.255517  -0.428936  -0.566512  -0.667368  -0.737971  -0.784257  -0.807338  -0.804641  -0.773508  -0.713627   -0.62718  -0.517865  -0.389431
 -0.199547  -0.060124  0.0829162   0.222987   0.355066   0.474299   0.576388   0.657671   0.715226   0.746856   0.751213   0.728307   0.679975   0.609103   0.517131   0.401945   0.259693  0.0910537 -0.0930215  -0.272528  -0.427277  -0.546505  -0.631372  -0.689255  -0.725891   -0.74176  -0.733919  -0.699798  -0.639387  -0.555087  -0.450583  -0.329496
 -0.139284 -0.0167026   0.107754   0.228367   0.340781   0.440867   0.525018   0.590221   0.634131   0.655037    0.65199   0.625304   0.576971   0.509773   0.424794   0.319586   0.190396  0.0384647   -0.12486  -0.280277  -0.409727  -0.505256  -0.570208  -0.612708  -0.638033  -0.645907  -0.633052   -0.59708  -0.538339  -0.459401  -0.363799   -0.25489
-0.0717128  0.0287771   0.129224   0.225074    0.31283   0.389269   0.451638   0.497713   0.525835    0.53486   0.524284   0.494726   0.448268   0.387482   0.313026   0.222173   0.111392 -0.0175004  -0.153096  -0.277502  -0.375603    -0.4428  -0.484675  -0.509795  -0.522647  -0.522071  -0.504548  -0.468027  -0.413265  -0.342926   -0.26023  -0.168144
3.98488e-05  0.0738412   0.145592   0.212173   0.271107   0.320235   0.357789    0.38244     0.3933   0.389848   0.372054   0.340827    0.29826     0.2466   0.186012    0.11356  0.0260971 -0.0739642   -0.17553  -0.262889  -0.324701  -0.360141  -0.376888   -0.38349  -0.383282   -0.37418   -0.35261  -0.317029  -0.268622  -0.210025  -0.143972 -0.0729196
  0.0721396    0.115667    0.155178    0.189183     0.21635    0.235693    0.246518    0.248462    0.241448     0.22561    0.201395    0.169966    0.133337   0.0933087   0.0495085 -0.00110182  -0.0610907   -0.127461   -0.189894   -0.235679   -0.257962   -0.259867   -0.250772   -0.238652   -0.225406   -0.208127   -0.183432   -0.150433   -0.110693  -0.0666683  -0.0204472   0.0261274
   0.140566    0.151615    0.156875    0.156565    0.150575    0.139141     0.12268    0.101811   0.0772774   0.0498535   0.0204447 -0.00958318  -0.0383976  -0.0647519   -0.089563   -0.115811   -0.145305   -0.174556   -0.194556   -0.196346    -0.17801   -0.146454   -0.112162  -0.0820098  -0.0563499  -0.0316732 -0.00504421   0.0237121   0.0527615   0.0799874    0.104054    0.123828
  0.201752   0.179762   0.150539   0.115963  0.0771548  0.0355592 -0.0073195 -0.0499105 -0.0906931  -0.128289   -0.16138  -0.188466  -0.207996  -0.219351  -0.223944  -0.224516  -0.221986  -0.212566  -0.189101  -0.146919 -0.0891306 -0.0259462  0.0317024  0.0784121   0.115306   0.146213    0.17344   0.196474   0.213352   0.222421   0.223149   0.215185
    0.25305    0.199176    0.137031   0.0700025 0.000388247   -0.069237   -0.136357   -0.198531   -0.253535   -0.299455   -0.334625   -0.357486   -0.366849   -0.362751   -0.347006   -0.321944   -0.287559   -0.240016    -0.17445  -0.0907023  0.00337331   0.0949159    0.173138    0.234284    0.280757    0.316452    0.342959    0.359167    0.363115     0.35369    0.331162    0.295994
  0.292856   0.209813   0.117878  0.0217351 -0.0752606  -0.169531  -0.257672  -0.336487  -0.403157  -0.455318  -0.491032  -0.508758  -0.507719  -0.488588  -0.453461  -0.404137  -0.339727   -0.25661  -0.152452 -0.0315105   0.094161   0.209755   0.305074   0.378027   0.432069   0.470968   0.495597   0.504358    0.49539   0.468143   0.423648   0.363165
  0.320408   0.212151   0.094771 -0.0259982  -0.145902  -0.260525   -0.36573   -0.45771  -0.533172  -0.589407  -0.624286  -0.636347  -0.625253  -0.592252  -0.539606  -0.468521  -0.377326   -0.26281  -0.125214  0.0271455   0.178694    0.31334   0.421791   0.503553   0.562923   0.603425   0.625251   0.626417   0.605229   0.561687   0.497513   0.414703
  0.335465   0.206821  0.0691631 -0.0709701  -0.208616  -0.338714  -0.456567  -0.557919  -0.639137  -0.697278  -0.730105  -0.736294  -0.715934  -0.670773  -0.603142   -0.51364  -0.399932  -0.259343 -0.0945603  0.0825471   0.253614   0.401866   0.519151   0.606489   0.668835   0.709391   0.727715   0.721527   0.689335   0.631661    0.55083   0.449472
  0.338056     0.1944  0.0421388   -0.11163  -0.261444  -0.401799  -0.527628  -0.634395   -0.71827  -0.776185  -0.805885  -0.806218  -0.777683  -0.722442  -0.642807   -0.53879  -0.407512  -0.246894 -0.0618399   0.132812   0.316651    0.47279   0.594423   0.683987   0.746933   0.786075   0.800383   0.787354   0.745731   0.676515   0.582537   0.466932
  0.328407   0.175414   0.014503  -0.146927  -0.303125  -0.448356   -0.57738  -0.685549   -0.76898  -0.824599   -0.85021  -0.844872  -0.809455  -0.746445  -0.658068  -0.543776  -0.400263  -0.226071 -0.0280402   0.176651   0.366304   0.524484   0.645916   0.734354   0.795572   0.831924   0.841837   0.822669   0.773426   0.695532   0.592218   0.466983
  0.306976   0.150453 -0.0130444  -0.176077  -0.332819  -0.477522  -0.604963  -0.710558  -0.790513  -0.841858  -0.862539   -0.85185  -0.810992   -0.74268  -0.648986  -0.528843  -0.378636  -0.197536 0.00598689   0.213082   0.401541   0.555939   0.672697   0.756753   0.814015   0.846307   0.851571   0.827108   0.772213   0.688682   0.580016   0.449939
 0.274538  0.120279  -0.03978 -0.198419 -0.349955 -0.488831 -0.610038 -0.709219 -0.782809 -0.828052 -0.843105 -0.827521 -0.782782 -0.711733 -0.616228 -0.494729 -0.343435 -0.162155 0.0393548  0.241264   0.42165  0.566635  0.674459  0.751068  0.802305  0.829401  0.829886  0.801097  0.742639  0.656607  0.546646  0.416565
  0.232233  0.0858687 -0.0649197  -0.213391  -0.354211  -0.482218  -0.592795  -0.681972  -0.746542  -0.784062  -0.792968  -0.773083  -0.726115  -0.654941  -0.561129  -0.442731  -0.295897  -0.121063  0.0710905   0.260476   0.426241   0.556552   0.651526    0.71791   0.761275   0.782215   0.777934   0.745898   0.686036   0.600667   0.493445   0.368123
  0.181561  0.0484014 -0.0876516  -0.220577  -0.345582  -0.458085  -0.554032  -0.629982  -0.683202   -0.71165  -0.714097  -0.690641  -0.643156  -0.574443  -0.485735  -0.374743  -0.237703   -0.07566   0.100172   0.270175   0.415319   0.526236   0.604922    0.65868   0.692607   0.706643   0.697763   0.663655   0.604571   0.522971   0.422387   0.306378
  0.124337 0.00920016  -0.107196  -0.219767  -0.324436   -0.41737  -0.495217  -0.555196  -0.595145  -0.613494  -0.609396  -0.583223   -0.53694  -0.473176  -0.392783  -0.293216  -0.170932 -0.0275448   0.125605   0.270077   0.389349   0.476861   0.536413   0.575601   0.598867   0.605494    0.59234   0.557398   0.501235   0.426361   0.336057   0.233561
 0.0626223 -0.0303293  -0.122861  -0.211009  -0.291559  -0.361563  -0.418499  -0.460338  -0.485572  -0.493161  -0.482667  -0.454722  -0.411315  -0.354807  -0.285637  -0.201095 -0.0979876  0.0215593   0.146491   0.260208   0.349297   0.410241   0.448504   0.471707   0.483471   0.482451     0.4655   0.430987   0.379777   0.314338   0.237579   0.152305
