  0.812956   0.808389   0.773723   0.710836    0.62124   0.508665   0.377633   0.233092  0.0802365 -0.0754942  -0.228513  -0.373286  -0.504571  -0.617637   -0.70841  -0.773541  -0.810525  -0.818025  -0.796298  -0.747117  -0.672573  -0.573183  -0.447151  -0.292635  -0.112447  0.0823683   0.273835   0.443425   0.579303    0.67918   0.747812   0.788692
  0.810786   0.800149   0.759338    0.69055   0.595729   0.478905   0.344762   0.198321  0.0448176  -0.110291  -0.261435  -0.403142  -0.530283   -0.63828  -0.723233  -0.781986  -0.812263  -0.813038  -0.784919  -0.729921  -0.650052  -0.545438  -0.413983  -0.254216 -0.0701864    0.12549    0.31395   0.477149   0.604862   0.696557   0.757961   0.792555
  0.778552   0.762341    0.71698   0.644913   0.548442    0.43175   0.299505   0.156617 0.00816351  -0.140581   -0.28427  -0.417694  -0.536028  -0.635013  -0.711068  -0.761341  -0.783872  -0.777971  -0.744576  -0.685865  -0.603701  -0.497824  -0.365913  -0.206896 -0.0258804   0.163431   0.341978    0.49283   0.607721    0.68789   0.739839   0.766914
  0.717789   0.696661   0.648456   0.575791   0.481237   0.368978   0.243496   0.109406 -0.0285546  -0.165491  -0.296473  -0.416749  -0.521969   -0.60835  -0.672759  -0.712754  -0.726757  -0.714441  -0.677032  -0.616796  -0.535387  -0.432175  -0.304694  -0.152293  0.0190628   0.195096   0.357231   0.490256   0.588152   0.653884   0.694503   0.713091
  0.630905   0.605662    0.55639   0.485789   0.396607   0.292879   0.178735  0.0583281 -0.0641191  -0.184268  -0.297785  -0.400547  -0.488838  -0.559488  -0.609927  -0.638211  -0.643199  -0.624935  -0.584893  -0.525342  -0.447671  -0.350905  -0.232518    -0.0923  0.0631584    0.21952   0.359366   0.469743   0.547096    0.59601   0.623833   0.633271
  0.521145    0.49272   0.444175   0.378206   0.297637   0.206205   0.107541 0.00518438 -0.0973099  -0.196316  -0.288256  -0.369783  -0.437951  -0.490317  -0.524966  -0.540522  -0.536323  -0.512783  -0.471566  -0.414866   -0.34376  -0.256959  -0.151972  -0.029027   0.104897   0.235924   0.348418   0.432153   0.486163   0.516489   0.530514   0.530465
  0.392522   0.361951   0.315894   0.256948    0.18791   0.112085  0.0324728 -0.0481287  -0.126961  -0.201242  -0.268278  -0.325622  -0.371202  -0.403392     -0.421  -0.423269  -0.410038  -0.382077   -0.34118  -0.289387  -0.227421  -0.153732 -0.0659485  0.0352705   0.142812   0.243766   0.324839   0.378903   0.407617   0.418258    0.41798   0.408447
  0.249704   0.218095   0.176193   0.126401   0.071392  0.0139162 -0.0437643 -0.0996956  -0.152015  -0.198885  -0.238595  -0.269681  -0.291026  -0.301876  -0.301808  -0.290709  -0.268926  -0.237556  -0.198458  -0.153445  -0.102863 -0.0449528  0.0224519  0.0982839   0.175555   0.242784   0.289506   0.311944   0.314324   0.304895   0.290324   0.271653
  0.0978586   0.0663552   0.0301231 -0.00871344  -0.0477061  -0.0847542   -0.118418   -0.147657   -0.171572   -0.189337   -0.200284   -0.203991   -0.200329   -0.189447   -0.171705   -0.147639   -0.118092  -0.0844476  -0.0485627  -0.0119576   0.0254131   0.0654504    0.110039    0.157742    0.201949    0.233023    0.243705    0.233706    0.209664    0.180508    0.152171    0.125037
 -0.0575244  -0.0877834   -0.117037   -0.143514    -0.16508   -0.180361   -0.188792   -0.190282   -0.184927   -0.172946   -0.154735   -0.130926    -0.10239  -0.0701701  -0.0353955 0.000767351   0.0370107    0.071714    0.103089    0.129963    0.152771    0.173488    0.193648    0.211498    0.221044     0.21484    0.189095    0.147019   0.0974255   0.0495945  0.00851724  -0.0261003
   -0.210831    -0.238752    -0.259969     -0.27313    -0.276489     -0.26945    -0.252342    -0.226028    -0.191599    -0.150303    -0.103591   -0.0531288 -0.000748939     0.051645     0.102195     0.149148     0.190778     0.225285     0.251016     0.267187     0.274607     0.275256     0.270259      0.25761     0.232148      0.18889     0.127648    0.0550173   -0.0183358   -0.0831123    -0.135446    -0.176296
 -0.356525  -0.381099   -0.39351  -0.392877  -0.377905  -0.348799   -0.30677  -0.253604  -0.191342  -0.122224 -0.0486991  0.0265942   0.100925   0.171599   0.236098   0.292143   0.337654   0.370718   0.389874   0.394757   0.386521   0.367076   0.337101    0.29441    0.23486   0.156109  0.0615838 -0.0389774  -0.133439   -0.21282   -0.27452  -0.320128
   -0.48935   -0.509683   -0.512834   -0.498422   -0.465657   -0.415534   -0.350102   -0.272003   -0.184158  -0.0897127  0.00796877    0.105372    0.198967    0.285367    0.361482    0.424593    0.472337    0.502761    0.514646    0.508062    0.484463    0.445625    0.391752    0.320559     0.22907    0.117672 -0.00672067   -0.131577   -0.243733   -0.334852   -0.403691   -0.452409
 -0.604514  -0.619854  -0.613615  -0.585936  -0.536556  -0.467224  -0.380748  -0.280535  -0.170277 -0.0539162  0.0643921   0.180384   0.289857   0.388855    0.47383   0.541719   0.589965    0.61664   0.620817   0.602995    0.56488   0.508044   0.432215   0.335086   0.214962   0.074942 -0.0748223  -0.219462   -0.34526  -0.444826  -0.518316  -0.568376
 -0.697838  -0.707598  -0.692168  -0.652207  -0.587987  -0.501942  -0.397541  -0.278826  -0.150137 -0.0160664   0.118588   0.248967    0.37035   0.478355   0.569102   0.639296    0.68628   0.708222    0.70452   0.676087   0.624815   0.552021   0.456964   0.337403   0.192982   0.029402  -0.140318  -0.299512  -0.434407  -0.538816  -0.614282  -0.663838
 -0.765872  -0.769647  -0.745546  -0.694726  -0.617969  -0.518306  -0.399738  -0.266807   -0.12434  0.0225811   0.168693   0.308719   0.437591   0.550659   0.643856   0.713774   0.757753   0.774127   0.762641   0.724587   0.661981   0.575836    0.46497   0.327293   0.163799 -0.0174193  -0.200952  -0.368937  -0.508033   -0.61347  -0.688119  -0.735295
 -0.805957  -0.803545  -0.771597  -0.711722  -0.625176  -0.515473  -0.387014  -0.244681 -0.0936156  0.0607987   0.213026   0.357567   0.489189   0.603148   0.695336   0.762362    0.80166   0.811793   0.792866   0.746509   0.674787   0.578375   0.455698    0.30489   0.128255 -0.0640244  -0.254703  -0.425359  -0.563548  -0.666078   -0.73706  -0.779992
 -0.816263  -0.807678   -0.76898  -0.702172  -0.608929  -0.493139  -0.359452  -0.212917 -0.0588021  0.0974098   0.250117   0.393797   0.523251   0.633815   0.721496   0.783048   0.816098   0.819496   0.793706   0.740639   0.662342   0.559131   0.429095   0.270651  0.0873218  -0.108992  -0.299827  -0.466838  -0.598913  -0.694568  -0.759051  -0.795955
 -0.795811  -0.781289  -0.737177  -0.665801  -0.569213  -0.451552  -0.317561   -0.17227 -0.0208704   0.131265   0.278678   0.416034   0.538361   0.641254   0.720991   0.774597   0.799989   0.796349   0.764494   0.706551   0.624477   0.518225   0.385606   0.225369  0.0421139  -0.150964  -0.334815  -0.491815   -0.61259  -0.697475   -0.75275  -0.782014
  -0.744534   -0.724528   -0.676534   -0.603144   -0.506743   -0.391595   -0.262365   -0.123863   0.0190028    0.161177    0.297556    0.423195    0.533546    0.624639    0.693172    0.736561    0.753101    0.742347    0.705443    0.644665    0.561815    0.456475    0.326247    0.170236 -0.00604492   -0.188552   -0.358304   -0.499025   -0.603487   -0.673945   -0.717575   -0.737869
 -0.663396  -0.638558  -0.588388   -0.51568  -0.423112   -0.31493  -0.195528 -0.0692952  0.0593436   0.185851   0.305678    0.41447   0.508288   0.583761   0.638147   0.669364   0.676157   0.658483    0.61778   0.556396   0.475911   0.375536   0.252726   0.106965 -0.0554966  -0.220225  -0.368972  -0.487461  -0.571006  -0.623841  -0.653843  -0.664229
-0.554574 -0.525752 -0.475262 -0.406037 -0.320984 -0.224155 -0.119479  -0.01073 0.0983338  0.203877  0.302091  0.389397  0.462633  0.519175  0.556958  0.574497  0.571045  0.546971  0.503965   0.44436  0.369445   0.27806  0.167584 0.0379108 -0.104146 -0.244246 -0.365569 -0.456499 -0.515245 -0.547986 -0.562997 -0.563004
 -0.421664  -0.389896  -0.341078  -0.278177  -0.204224  -0.122887 -0.0374386  0.0491279    0.13388   0.213845   0.286119   0.348058   0.397419   0.432442   0.451837   0.454779    0.44107   0.411484   0.367903   0.312553   0.246357   0.167796  0.0742643 -0.0338897  -0.149479  -0.258777  -0.347126  -0.406194   -0.43733  -0.448465  -0.447848  -0.437499
 -0.269784  -0.236306   -0.19123   -0.13741 -0.0778583 -0.0156603  0.0467251   0.107218   0.163834   0.214592   0.257628   0.291352   0.314547   0.326399    0.32645   0.314576   0.291139   0.257293   0.215037   0.166388   0.111834  0.0495357 -0.0229826  -0.104867  -0.188785    -0.2622   -0.31334  -0.337681  -0.339748  -0.328852  -0.312725  -0.292518
  -0.10548    -0.0717 -0.0324082 0.00983617  0.0522162  0.0923927   0.128835   0.160461   0.186319   0.205511   0.217304   0.221236   0.217175   0.205287   0.185969   0.159805   0.127701  0.0911444  0.0521624  0.0124589 -0.0279572 -0.0711789   -0.11941  -0.171267   -0.21956  -0.253544  -0.264983  -0.253463  -0.226487   -0.19422  -0.163404  -0.134258
  0.0636606    0.096229    0.127885    0.156544    0.179753    0.196037    0.204851     0.20615    0.200056      0.1868    0.166812    0.140786    0.109674   0.0746185   0.0368486 -0.00237177  -0.0416324  -0.0791784   -0.113052   -0.141954    -0.16637   -0.188539   -0.210252   -0.229625   -0.239953   -0.232858   -0.204104    -0.15742   -0.102856  -0.0508454 -0.00676678   0.0300428
   0.229645    0.259498    0.282031    0.295773    0.298767     0.29046    0.271298    0.242267    0.204556    0.159516    0.108723   0.0539901 -0.00269126  -0.0592593    -0.11371   -0.164158   -0.208752   -0.245552   -0.272766   -0.289566   -0.296904   -0.297039   -0.291239   -0.277206   -0.249088   -0.201333   -0.133917  -0.0544677   0.0250053   0.0943521    0.149771    0.192685
   0.38481   0.410591    0.42302   0.421303   0.404071   0.371684   0.325544   0.267616   0.200103   0.125419  0.0462082 -0.0346842   -0.11432  -0.189814  -0.258477  -0.317888  -0.365837  -0.400289  -0.419699  -0.423748   -0.41379  -0.391974  -0.358983  -0.312248  -0.247102  -0.161097  -0.058362  0.0500482   0.150801   0.234482   0.298932   0.346186
  0.522464    0.54308   0.544992   0.528077   0.491588   0.436756   0.365859   0.281755   0.187565  0.0866506 -0.0173942  -0.120822  -0.219881  -0.310989  -0.390891  -0.456732   -0.50604  -0.536773  -0.547702   -0.53901  -0.512373   -0.46972  -0.411136  -0.333953  -0.234929  -0.114791  0.0184735   0.150987    0.26871   0.363293   0.434181   0.483889
  0.637284   0.651969   0.643496    0.61236   0.558431   0.483733   0.391317   0.284807   0.168109  0.0453829 -0.0789864  -0.200513  -0.314792  -0.417696  -0.505538  -0.575151    -0.6239  -0.649821  -0.652039  -0.631216  -0.589256  -0.527788  -0.446333  -0.342278  -0.213939 -0.0650992  0.0928596   0.243898   0.373823   0.475586   0.550139   0.600373
  0.725424   0.733745   0.715487   0.671681   0.602793   0.511536   0.401606   0.277242   0.142967 0.00356711   -0.13597  -0.270605   -0.39546  -0.506031  -0.598348  -0.669053  -0.715455   -0.73574  -0.729411   -0.69756   -0.64223  -0.564702  -0.463991  -0.337661  -0.185609 -0.0144154   0.161711   0.325239   0.462319   0.567368   0.642735   0.691602
  0.784411   0.786232   0.759152   0.704661   0.623776   0.519783   0.396872   0.259729   0.113311 -0.0371688  -0.186318  -0.328745  -0.459294  -0.573256  -0.666531  -0.735704  -0.778128    -0.7922  -0.777805  -0.736407  -0.670111  -0.579821  -0.464111  -0.320815  -0.151345  0.0352786   0.222637   0.392372    0.53143   0.635825   0.709179    0.75488
