  0.890243   0.831851   0.742222   0.630239   0.493103   0.317948    0.10081  -0.134739  -0.350116  -0.522194  -0.653861   -0.75762  -0.838363   -0.89231  -0.914513  -0.903098  -0.858757  -0.783394  -0.679767   -0.55158  -0.403452  -0.240741 -0.0693289   0.104589   0.274726   0.434934   0.579423   0.702969   0.801119   0.870246   0.908218    0.91187
  0.831625   0.774807   0.688978   0.582611    0.45255   0.286098  0.0800895  -0.141713  -0.342216  -0.500635  -0.621244  -0.716403  -0.790321  -0.838968  -0.857618  -0.844677  -0.800946  -0.728295  -0.629371  -0.507706  -0.367686  -0.214375 -0.0533169   0.109668    0.26869      0.418   0.552203   0.666447   0.756615    0.81937   0.852798   0.853978
 0.742344  0.689163  0.610146  0.513202  0.394913  0.243201  0.055764 -0.144298 -0.322626  -0.46145 -0.566318 -0.649128 -0.713329 -0.754762  -0.76905 -0.754921  -0.71327 -0.645883 -0.555202 -0.444458 -0.317645  -0.17935 -0.034573  0.111453  0.253451  0.386289  0.505165  0.605783  0.684516  0.738446  0.765961   0.76442
  0.623318   0.575813    0.50647   0.422567   0.320533   0.189281  0.0274474  -0.143225  -0.292201  -0.405444  -0.489856  -0.556641  -0.608334  -0.640682  -0.649763  -0.634704  -0.596506  -0.536811  -0.457763  -0.362173  -0.253486  -0.135635 -0.0128838   0.110333   0.229563   0.340495   0.439121   0.521876   0.585778   0.628447   0.648677   0.644074
   0.474215    0.434403    0.377713    0.310552    0.229287    0.124174 -0.00500639   -0.138407   -0.250509   -0.332007   -0.391342   -0.438637   -0.475175   -0.496611   -0.499664   -0.483988   -0.450682   -0.401174   -0.337214   -0.261062   -0.175467  -0.0835296   0.0114259    0.105968    0.196681    0.280285    0.353758    0.414446    0.460164    0.489189    0.500813    0.492931
  0.295692   0.265502   0.224737   0.178243   0.122418  0.0493155 -0.0398068  -0.127728  -0.195512  -0.239688  -0.270102  -0.295034  -0.314127  -0.323111  -0.319637  -0.303987  -0.277304  -0.240706  -0.195445  -0.143111 -0.0855974 -0.0249901  0.0365194   0.096709   0.153403   0.204553    0.24831   0.283092   0.307651   0.321034   0.323069   0.312225
 0.0942755  0.0753865  0.0536411  0.0313779 0.00519257 -0.0304694 -0.0727326  -0.108196  -0.126195  -0.129659  -0.129045  -0.129893  -0.130093  -0.125847  -0.116007  -0.101474 -0.0833274 -0.0622834 -0.0390089 -0.0143106  0.0109104  0.0357363  0.0592696  0.0806609  0.0991369    0.11403   0.124801   0.131062   0.132592    0.12929   0.121475   0.108668
  -0.115284    -0.12166   -0.122548   -0.118632    -0.11285   -0.107839  -0.0993969  -0.0792955  -0.0461732 -0.00894491   0.0224701   0.0457989   0.0645876   0.0817363   0.0971032    0.109291    0.117395     0.12115    0.120522    0.115554    0.106412   0.0934234   0.0770574   0.0579064   0.0366626   0.0140938 -0.00898475  -0.0317381  -0.0533427  -0.0730299  -0.0900734     -0.1036
 -0.314669  -0.308053  -0.288278  -0.258716  -0.221578  -0.176387   -0.11817 -0.0446477  0.0363815   0.111097   0.170949   0.216844   0.253269   0.282011   0.301753   0.310756   0.308338   0.294685   0.270389   0.236337   0.193744   0.144147  0.0893403  0.0313045 -0.0278628  -0.086023  -0.141074  -0.191026  -0.234077  -0.268648  -0.293651  -0.307043
  -0.490141   -0.470969   -0.432492   -0.379934   -0.314648   -0.233229   -0.130371 -0.00959016    0.113194    0.220335    0.304883    0.370473    0.422173    0.460693    0.483736    0.489324    0.476999    0.447357    0.401563    0.341271    0.268645    0.186308   0.0972372  0.00465193  -0.0881015   -0.177671   -0.260818   -0.334539   -0.396175   -0.443452   -0.474927   -0.487878
 -0.636163  -0.605708  -0.551305  -0.479343  -0.390343  -0.278349  -0.137906  0.0224128   0.179858   0.313755   0.418644   0.500452   0.564661    0.61104   0.636481   0.638828   0.617825   0.574428   0.510294   0.427731    0.32971   0.219769   0.101886 -0.0196801  -0.140535   -0.25631  -0.362821  -0.456219  -0.533135  -0.590734  -0.627232  -0.639643
 -0.752333  -0.712361    -0.6449  -0.557198   -0.44903  -0.312294  -0.141452  0.0506591   0.235655   0.390512   0.511185   0.605569   0.679456   0.731786   0.758769   0.758127   0.729797   0.675037   0.595911   0.495263   0.376714   0.244546   0.103541 -0.0412071  -0.184466  -0.321057  -0.446044   -0.55491  -0.643729  -0.709229  -0.749349  -0.760988
 -0.838747  -0.791188   -0.71348  -0.613625  -0.490723  -0.334899  -0.140649   0.075596    0.28095   0.450799   0.582563   0.685819   0.766518   0.822843   0.850453    0.84702   0.812666   0.748901   0.658108   0.543544   0.409332   0.260323   0.101906 -0.0601941  -0.220119  -0.372088  -0.510608  -0.630674  -0.727954  -0.798868  -0.841173  -0.851652
-0.894299 -0.841108 -0.756057 -0.647752 -0.514666 -0.345537 -0.135068 0.0973489  0.315522  0.494119   0.63211  0.740423   0.82497  0.883243  0.910508  0.904462  0.865411  0.795059  0.696015  0.571828  0.426971   0.26668 0.0967503 -0.076676 -0.247331 -0.409047 -0.555978 -0.682815 -0.784983 -0.858718 -0.901698 -0.910606
 -0.917499  -0.860674  -0.771367  -0.658529  -0.520072  -0.343753  -0.124674   0.115507   0.338599   0.519468   0.658677   0.768118    0.85345   0.911566   0.937504   0.929075   0.886754   0.812375   0.708684   0.579391   0.429152   0.263401  0.0881297 -0.0903263  -0.265518  -0.431113  -0.581126  -0.710135  -0.813489  -0.887376  -0.929485  -0.936476
-0.907551 -0.849162 -0.758825 -0.645531 -0.506701 -0.329558 -0.109781  0.129487  0.349433  0.526034  0.661426  0.768039  0.851073   0.90693  0.930605  0.920098  0.876037  0.800323  0.695734  0.566008   0.41582  0.250602 0.0763267 -0.100707 -0.274101 -0.437589  -0.58526 -0.711778 -0.812582 -0.883949 -0.923668 -0.928483
 -0.864805  -0.806962  -0.718861  -0.609206   -0.47502  -0.303453 -0.0909202   0.138787   0.347638   0.513587    0.64027   0.740201   0.817935   0.869516   0.890072   0.877866   0.833658   0.759345   0.657638   0.532169    0.38746   0.228746  0.0617651  -0.107448  -0.272778  -0.428249  -0.568241  -0.687696  -0.782306  -0.848575  -0.884467  -0.886931
 -0.790802  -0.735597  -0.652916  -0.550862   -0.42617  -0.266381 -0.0687737    0.14307   0.333278   0.482578   0.595973   0.685611   0.755236   0.800675   0.817369   0.803906   0.761148   0.690922   0.595773   0.479095   0.345096   0.198623  0.0449711  -0.110306  -0.261596  -0.403431  -0.530685  -0.638759  -0.723756   -0.78253  -0.813299  -0.813323
 -0.688218  -0.637646  -0.563372  -0.472608  -0.361918  -0.219681 -0.0441415   0.142183   0.306873   0.434127   0.530136    0.60624    0.66524   0.702896   0.715124   0.700891   0.661129   0.597527   0.512375   0.408706   0.290259    0.16132  0.0265517  -0.109176  -0.240959  -0.364032  -0.473948  -0.566735  -0.639047  -0.688203  -0.712736   -0.71032
 -0.560759  -0.516648  -0.453467  -0.377274  -0.284584  -0.165041 -0.0179139   0.136157   0.269377   0.369986   0.445138   0.504959     0.5512   0.579712   0.587033   0.572543   0.537214   0.482536   0.410459   0.323545   0.224932   0.118188 0.00717267  -0.104101  -0.211613  -0.311476  -0.400082  -0.474227  -0.531241  -0.569003  -0.586413  -0.581644
 -0.413034  -0.376977  -0.327173  -0.268303  -0.196965  -0.104436 0.00896113    0.12521   0.222144   0.292473   0.344052   0.385427   0.417239   0.435576   0.437725   0.423503   0.393884   0.350105   0.293708    0.22669   0.151474  0.0707832 -0.0124656 -0.0952637  -0.174619  -0.247663  -0.311755   -0.36458  -0.404235  -0.429237  -0.438896  -0.431946
  -0.25038  -0.223682  -0.189053  -0.149636  -0.102228 -0.0400569  0.0355123   0.109737   0.166883   0.204389   0.230531   0.251965   0.268197   0.275697   0.272596   0.259156   0.236317   0.205021   0.166341   0.121643  0.0725425  0.0208205 -0.0316533  -0.082983  -0.131314  -0.174898  -0.212161  -0.241757  -0.262619  -0.273957  -0.275516  -0.266636
 -0.0786768  -0.0623017  -0.0441009  -0.0255598 -0.00379512   0.0257702   0.0607799   0.0902985     0.10559    0.108917    0.108678    0.109396    0.109463    0.105854   0.0976152   0.0854419    0.070209   0.0525259   0.0329626   0.0121983 -0.00901127  -0.0298947   -0.049697  -0.0677031  -0.0832623  -0.0958123   -0.104899   -0.110195   -0.111511   -0.108776   -0.102178  -0.0916889
   0.09587    0.10133   0.102445  0.0994398  0.0947746   0.090666  0.0838509  0.0675961   0.040481 0.00950945 -0.0171031 -0.0371272 -0.0532283 -0.0678152 -0.0808938 -0.0913599 -0.0984364  -0.101867  -0.101607 -0.0976868 -0.0902393 -0.0795294 -0.0659445 -0.0499762 -0.0322018 -0.0132635 0.00615443  0.0253494  0.0436274  0.0603363  0.0748529  0.0865718
  0.266952   0.261299   0.245289   0.220845   0.189919   0.152285   0.103891  0.0424506 -0.0260912 -0.0902421  -0.142266  -0.182308  -0.213996  -0.239033  -0.256479   -0.26486  -0.263524  -0.252579  -0.232505  -0.204041  -0.168206   -0.12629 -0.0798086 -0.0304431  0.0200227  0.0697647   0.116985   0.159978   0.197189   0.227268   0.249178   0.261704
   0.428385    0.411825    0.379267    0.334269    0.278199      0.2084    0.120177   0.0157708  -0.0917204   -0.186732   -0.262287     -0.3209   -0.367028   -0.401612   -0.422795   -0.428787   -0.419087   -0.394161   -0.354999   -0.303021   -0.240093   -0.168486  -0.0907882 -0.00980963   0.0715234    0.150271    0.223588    0.288824    0.343623    0.385986    0.414498    0.427377
  0.574336   0.547466   0.499538   0.435611   0.356424   0.256982   0.132119 -0.0114789  -0.154035  -0.276473  -0.372828  -0.447894  -0.506796  -0.549676  -0.573829  -0.577216  -0.559503  -0.521497  -0.464663  -0.391049  -0.303303  -0.204592 -0.0984865  0.0111784   0.120439   0.225347    0.32211   0.407231   0.477639   0.530753   0.564837   0.577603
  0.699528    0.66332   0.601754   0.521209   0.421767   0.296277   0.139285 -0.0383138  -0.210782  -0.356221  -0.469894  -0.558699  -0.628246  -0.677873  -0.704124  -0.704784  -0.679698  -0.629986  -0.557532  -0.464944   -0.35555  -0.233304  -0.102625  0.0317623   0.165002   0.292278    0.40899    0.51092   0.594391   0.656337   0.694761   0.706954
  0.799438     0.7552    0.68222    0.58797   0.471867   0.324864   0.141418 -0.0637639   -0.25991  -0.423095  -0.549977  -0.649312   -0.72699  -0.781569   -0.80897  -0.806879  -0.775326  -0.715705  -0.630251  -0.522034  -0.394947  -0.253584  -0.103055  0.0511983   0.203601   0.348645   0.481088   0.596143    0.68966     0.7582   0.799574   0.810753
  0.870454   0.819785    0.73803   0.633479   0.504912   0.341709    0.13844 -0.0869095  -0.299646  -0.474678  -0.610183  -0.716456  -0.799459  -0.857018  -0.884578  -0.879811  -0.842932  -0.775556  -0.680191  -0.560256  -0.420069  -0.264698 -0.0997598  0.0687839   0.234841   0.392411   0.535798    0.65982   0.760003   0.832659   0.875489    0.88525
  0.910009   0.854741   0.767166   0.656093   0.519708   0.346204   0.130457  -0.106915   -0.32855  -0.509101  -0.648331  -0.757705  -0.843033  -0.901493  -0.928216  -0.920945  -0.880073  -0.807377  -0.705548   -0.57823   -0.43001  -0.266246 -0.0928598  0.0838828   0.257594   0.421994   0.571143   0.699649   0.802877   0.877024   0.919761   0.927752
  0.916678   0.858807   0.768577   0.654998   0.515724   0.338188   0.117762  -0.123051  -0.345572  -0.525118  -0.663049  -0.771577  -0.856148  -0.913394  -0.938311  -0.928798   -0.88541  -0.810023  -0.705408  -0.575309  -0.424412  -0.258173 -0.0826038  0.0959509   0.271038   0.436329   0.585849   0.714195   0.816739   0.889697   0.930797   0.936729
