0.000453461
0.000906652
0.0013593
0.00181114
0.00226189
0.00271129
0.00315907
0.00360497
0.0040487
0.00449002
0.00492866
0.00536435
0.00579683
0.00622585
0.00665115
0.00707247
0.00748956
0.00790218
0.00831008
0.00871301
0.00911073
0.009503
0.0098896
0.0102703
0.0106448
0.011013
0.0113746
0.0117294
0.0120772
0.0124178
0.0127509
0.0130765
0.0133942
0.0137039
0.0140054
0.0142986
0.0145832
0.0148591
0.0151261
0.015384
0.0156328
0.0158722
0.0161022
0.0163225
0.016533
0.0167337
0.0169244
0.017105
0.0172753
0.0174353
0.0175849
0.017724
0.0178525
0.0179703
0.0180774
0.0181737
0.0182591
0.0183336
0.0183971
0.0184497
0.0184912
0.0185216
0.018541
0.0185494
0.0185466
0.0185327
0.0185078
0.0184718
0.0184248
0.0183667
0.0182977
0.0182177
0.0181269
0.0180252
0.0179127
0.0177896
0.0176558
0.0175114
0.0173566
0.0171914
0.017016
0.0168303
0.0166346
0.016429
0.0162135
0.0159884
0.0157537
0.0155096
0.0152562
0.0149937
0.0147222
0.014442
0.0141531
0.0138557
0.0135501
0.0132363
0.0129147
0.0125853
0.0122484
0.0119042
0.0115529
0.0111947
0.0108297
0.0104583
0.0100807
0.00969703
0.00930756
0.00891253
0.00851218
0.00810674
0.00769645
0.00728156
0.00686232
0.00643898
0.00601179
0.00558101
0.00514689
0.00470969
0.00426968
0.00382712
0.00338227
0.0029354
0.00248678
0.00203667
0.00158534
0.00113306
0.000680108
0.000226748
-0.000226748
-0.000680108
-0.00113306
-0.00158534
-0.00203667
-0.00248678
-0.0029354
-0.00338227
-0.00382712
-0.00426968
-0.00470969
-0.00514689
-0.00558101
-0.00601179
-0.00643898
-0.00686232
-0.00728156
-0.00769645
-0.00810674
-0.00851218
-0.00891253
-0.00930756
-0.00969703
-0.0100807
-0.0104583
-0.0108297
-0.0111947
-0.0115529
-0.0119042
-0.0122484
-0.0125853
-0.0129147
-0.0132363
-0.0135501
-0.0138557
-0.0141531
-0.014442
-0.0147222
-0.0149937
-0.0152562
-0.0155096
-0.0157537
-0.0159884
-0.0162135
-0.016429
-0.0166346
-0.0168303
-0.017016
-0.0171914
-0.0173566
-0.0175114
-0.0176558
-0.0177896
-0.0179127
-0.0180252
-0.0181269
-0.0182177
-0.0182977
-0.0183667
-0.0184248
-0.0184718
-0.0185078
-0.0185327
-0.0185466
-0.0185494
-0.018541
-0.0185216
-0.0184912
-0.0184497
-0.0183971
-0.0183336
-0.0182591
-0.0181737
-0.0180774
-0.0179703
-0.0178525
-0.017724
-0.0175849
-0.0174353
-0.0172753
-0.017105
-0.0169244
-0.0167337
-0.016533
-0.0163225
-0.0161022
-0.0158722
-0.0156328
-0.015384
-0.0151261
-0.0148591
-0.0145832
-0.0142986
-0.0140054
-0.0137039
-0.0133942
-0.0130765
-0.0127509
-0.0124178
-0.0120772
-0.0117294
-0.0113746
-0.011013
-0.0106448
-0.0102703
-0.0098896
-0.009503
-0.00911073
-0.00871301
-0.00831008
-0.00790218
-0.00748956
-0.00707247
-0.00665115
-0.00622585
-0.00579683
-0.00536435
-0.00492866
-0.00449002
-0.0040487
-0.00360497
-0.00315907
-0.00271129
-0.00226189
-0.00181114
-0.0013593
-0.000906652
-0.000453461
