0.00180327
0.00360547
0.00540551
0.00720232
0.00899482
0.010782
0.0125626
0.0143358
0.0161004
0.0178554
0.0195997
0.0213323
0.0230522
0.0247582
0.0264495
0.028125
0.0297836
0.0314245
0.0330466
0.0346489
0.0362305
0.0377904
0.0393278
0.0408417
0.0423311
0.0437953
0.0452333
0.0466442
0.0480273
0.0493816
0.0507065
0.052001
0.0532645
0.0544961
0.0556951
0.0568609
0.0579927
0.0590898
0.0601516
0.0611774
0.0621667
0.0631188
0.0640332
0.0649094
0.0657467
0.0665447
0.067303
0.0680211
0.0686984
0.0693348
0.0699296
0.0704827
0.0709937
0.0714622
0.071888
0.0722709
0.0726106
0.0729068
0.0731595
0.0733685
0.0735336
0.0736547
0.0737319
0.0737649
0.0737539
0.0736988
0.0735996
0.0734565
0.0732695
0.0730386
0.0727641
0.0724461
0.0720849
0.0716805
0.0712333
0.0707435
0.0702114
0.0696374
0.0690218
0.0683649
0.0676671
0.0669289
0.0661507
0.0653329
0.0644761
0.0635808
0.0626475
0.0616767
0.060669
0.0596251
0.0585456
0.0574311
0.0562822
0.0550997
0.0538843
0.0526367
0.0513576
0.0500478
0.0487081
0.0473393
0.0459422
0.0445176
0.0430664
0.0415895
0.0400877
0.038562
0.0370132
0.0354423
0.0338502
0.0322379
0.0306063
0.0289565
0.0272893
0.0256058
0.023907
0.0221939
0.0204675
0.018729
0.0169792
0.0152193
0.0134502
0.0116732
0.00988913
0.00809918
0.00630438
0.00450582
0.00270457
0.000901704
-0.000901704
-0.00270457
-0.00450582
-0.00630438
-0.00809918
-0.00988913
-0.0116732
-0.0134502
-0.0152193
-0.0169792
-0.018729
-0.0204675
-0.0221939
-0.023907
-0.0256058
-0.0272893
-0.0289565
-0.0306063
-0.0322379
-0.0338502
-0.0354423
-0.0370132
-0.038562
-0.0400877
-0.0415895
-0.0430664
-0.0445176
-0.0459422
-0.0473393
-0.0487081
-0.0500478
-0.0513576
-0.0526367
-0.0538843
-0.0550997
-0.0562822
-0.0574311
-0.0585456
-0.0596251
-0.060669
-0.0616767
-0.0626475
-0.0635808
-0.0644761
-0.0653329
-0.0661507
-0.0669289
-0.0676671
-0.0683649
-0.0690218
-0.0696374
-0.0702114
-0.0707435
-0.0712333
-0.0716805
-0.0720849
-0.0724461
-0.0727641
-0.0730386
-0.0732695
-0.0734565
-0.0735996
-0.0736988
-0.0737539
-0.0737649
-0.0737319
-0.0736547
-0.0735336
-0.0733685
-0.0731595
-0.0729068
-0.0726106
-0.0722709
-0.071888
-0.0714622
-0.0709937
-0.0704827
-0.0699296
-0.0693348
-0.0686984
-0.0680211
-0.067303
-0.0665447
-0.0657467
-0.0649094
-0.0640332
-0.0631188
-0.0621667
-0.0611774
-0.0601516
-0.0590898
-0.0579927
-0.0568609
-0.0556951
-0.0544961
-0.0532645
-0.052001
-0.0507065
-0.0493816
-0.0480273
-0.0466442
-0.0452333
-0.0437953
-0.0423311
-0.0408417
-0.0393278
-0.0377904
-0.0362305
-0.0346489
-0.0330466
-0.0314245
-0.0297836
-0.028125
-0.0264495
-0.0247582
-0.0230522
-0.0213323
-0.0195997
-0.0178554
-0.0161004
-0.0143358
-0.0125626
-0.010782
-0.00899482
-0.00720232
-0.00540551
-0.00360547
-0.00180327
