0.0142943
0.02858
0.0428486
0.0570917
0.0713006
0.0854669
0.0995821
0.113638
0.127626
0.141537
0.155364
0.169098
0.182731
0.196255
0.209661
0.222942
0.23609
0.249097
0.261955
0.274656
0.287194
0.299559
0.311746
0.323746
0.335552
0.347159
0.358557
0.369742
0.380705
0.391441
0.401942
0.412204
0.422219
0.431982
0.441487
0.450728
0.459699
0.468396
0.476813
0.484944
0.492786
0.500334
0.507582
0.514527
0.521164
0.52749
0.533501
0.539193
0.544562
0.549606
0.554322
0.558706
0.562756
0.56647
0.569846
0.572881
0.575573
0.577921
0.579924
0.581581
0.582889
0.58385
0.584461
0.584723
0.584636
0.584199
0.583413
0.582279
0.580796
0.578966
0.57679
0.57427
0.571406
0.5682
0.564655
0.560773
0.556555
0.552005
0.547125
0.541918
0.536387
0.530535
0.524366
0.517884
0.511093
0.503995
0.496597
0.488902
0.480914
0.472639
0.464082
0.455247
0.446141
0.436767
0.427133
0.417243
0.407104
0.396721
0.386102
0.375251
0.364177
0.352884
0.341381
0.329674
0.317769
0.305675
0.293398
0.280946
0.268326
0.255545
0.242612
0.229533
0.216318
0.202973
0.189507
0.175928
0.162243
0.148462
0.134591
0.120641
0.106618
0.0925314
0.0783896
0.0642009
0.0499739
0.035717
0.0214387
0.00714767
-0.00714767
-0.0214387
-0.035717
-0.0499739
-0.0642009
-0.0783896
-0.0925314
-0.106618
-0.120641
-0.134591
-0.148462
-0.162243
-0.175928
-0.189507
-0.202973
-0.216318
-0.229533
-0.242612
-0.255545
-0.268326
-0.280946
-0.293398
-0.305675
-0.317769
-0.329674
-0.341381
-0.352884
-0.364177
-0.375251
-0.386102
-0.396721
-0.407104
-0.417243
-0.427133
-0.436767
-0.446141
-0.455247
-0.464082
-0.472639
-0.480914
-0.488902
-0.496597
-0.503995
-0.511093
-0.517884
-0.524366
-0.530535
-0.536387
-0.541918
-0.547125
-0.552005
-0.556555
-0.560773
-0.564655
-0.5682
-0.571406
-0.57427
-0.57679
-0.578966
-0.580796
-0.582279
-0.583413
-0.584199
-0.584636
-0.584723
-0.584461
-0.58385
-0.582889
-0.581581
-0.579924
-0.577921
-0.575573
-0.572881
-0.569846
-0.56647
-0.562756
-0.558706
-0.554322
-0.549606
-0.544562
-0.539193
-0.533501
-0.52749
-0.521164
-0.514527
-0.507582
-0.500334
-0.492786
-0.484944
-0.476813
-0.468396
-0.459699
-0.450728
-0.441487
-0.431982
-0.422219
-0.412204
-0.401942
-0.391441
-0.380705
-0.369742
-0.358557
-0.347159
-0.335552
-0.323746
-0.311746
-0.299559
-0.287194
-0.274656
-0.261955
-0.249097
-0.23609
-0.222942
-0.209661
-0.196255
-0.182731
-0.169098
-0.155364
-0.141537
-0.127626
-0.113638
-0.0995821
-0.0854669
-0.0713006
-0.0570917
-0.0428486
-0.02858
-0.0142943
