0.00011403
0.000227992
0.000341818
0.000455439
0.000568788
0.000681797
0.000794399
0.000906526
0.00101811
0.00112909
0.00123939
0.00134895
0.0014577
0.00156559
0.00167254
0.00177848
0.00188337
0.00198713
0.0020897
0.00219102
0.00229104
0.00238968
0.0024869
0.00258263
0.00267681
0.0027694
0.00286033
0.00294955
0.00303701
0.00312265
0.00320643
0.00328829
0.00336818
0.00344606
0.00352188
0.0035956
0.00366717
0.00373655
0.00380369
0.00386856
0.00393112
0.00399132
0.00404915
0.00410455
0.0041575
0.00420796
0.00425591
0.00430131
0.00434415
0.00438439
0.00442201
0.00445698
0.00448929
0.00451892
0.00454584
0.00457005
0.00459153
0.00461027
0.00462624
0.00463946
0.0046499
0.00465756
0.00466244
0.00466453
0.00466383
0.00466035
0.00465408
0.00464503
0.0046332
0.0046186
0.00460124
0.00458114
0.00455829
0.00453272
0.00450444
0.00447347
0.00443982
0.00440353
0.00436459
0.00432306
0.00427893
0.00423225
0.00418304
0.00413133
0.00407715
0.00402053
0.00396152
0.00390013
0.00383641
0.0037704
0.00370213
0.00363166
0.00355901
0.00348423
0.00340738
0.00332848
0.0032476
0.00316477
0.00308006
0.0029935
0.00290515
0.00281507
0.00272331
0.00262991
0.00253495
0.00243847
0.00234053
0.0022412
0.00214052
0.00203857
0.00193539
0.00183106
0.00172564
0.00161918
0.00151176
0.00140343
0.00129427
0.00118433
0.00107368
0.00096239
0.000850526
0.000738153
0.000625339
0.000512152
0.000398658
0.000284926
0.000171024
5.70193e-05
-5.70193e-05
-0.000171024
-0.000284926
-0.000398658
-0.000512152
-0.000625339
-0.000738153
-0.000850526
-0.00096239
-0.00107368
-0.00118433
-0.00129427
-0.00140343
-0.00151176
-0.00161918
-0.00172564
-0.00183106
-0.00193539
-0.00203857
-0.00214052
-0.0022412
-0.00234053
-0.00243847
-0.00253495
-0.00262991
-0.00272331
-0.00281507
-0.00290515
-0.0029935
-0.00308006
-0.00316477
-0.0032476
-0.00332848
-0.00340738
-0.00348423
-0.00355901
-0.00363166
-0.00370213
-0.0037704
-0.00383641
-0.00390013
-0.00396152
-0.00402053
-0.00407715
-0.00413133
-0.00418304
-0.00423225
-0.00427893
-0.00432306
-0.00436459
-0.00440353
-0.00443982
-0.00447347
-0.00450444
-0.00453272
-0.00455829
-0.00458114
-0.00460124
-0.0046186
-0.0046332
-0.00464503
-0.00465408
-0.00466035
-0.00466383
-0.00466453
-0.00466244
-0.00465756
-0.0046499
-0.00463946
-0.00462624
-0.00461027
-0.00459153
-0.00457005
-0.00454584
-0.00451892
-0.00448929
-0.00445698
-0.00442201
-0.00438439
-0.00434415
-0.00430131
-0.00425591
-0.00420796
-0.0041575
-0.00410455
-0.00404915
-0.00399132
-0.00393112
-0.00386856
-0.00380369
-0.00373655
-0.00366717
-0.0035956
-0.00352188
-0.00344606
-0.00336818
-0.00328829
-0.00320643
-0.00312265
-0.00303701
-0.00294955
-0.00286033
-0.0027694
-0.00267681
-0.00258263
-0.0024869
-0.00238968
-0.00229104
-0.00219102
-0.0020897
-0.00198713
-0.00188337
-0.00177848
-0.00167254
-0.00156559
-0.0014577
-0.00134895
-0.00123939
-0.00112909
-0.00101811
-0.000906526
-0.000794399
-0.000681797
-0.000568788
-0.000455439
-0.000341818
-0.000227992
-0.00011403
