0.00412833
0.00825419
0.0123751
0.0164886
0.0205923
0.0246837
0.0287603
0.0328197
0.0368595
0.0408773
0.0448707
0.0488372
0.0527745
0.0566803
0.0605522
0.064388
0.0681852
0.0719417
0.0756552
0.0793235
0.0829443
0.0865156
0.0900352
0.093501
0.0969109
0.100263
0.103555
0.106785
0.109951
0.113052
0.116085
0.119049
0.121941
0.124761
0.127506
0.130175
0.132766
0.135277
0.137708
0.140057
0.142322
0.144501
0.146595
0.1486
0.150517
0.152344
0.15408
0.155724
0.157275
0.158732
0.160094
0.16136
0.16253
0.163602
0.164577
0.165454
0.166231
0.166909
0.167488
0.167966
0.168344
0.168622
0.168798
0.168874
0.168849
0.168722
0.168495
0.168168
0.16774
0.167211
0.166583
0.165855
0.165028
0.164102
0.163078
0.161957
0.160739
0.159425
0.158015
0.156511
0.154914
0.153224
0.151442
0.14957
0.147609
0.145559
0.143422
0.1412
0.138893
0.136503
0.134031
0.13148
0.12885
0.126143
0.12336
0.120504
0.117576
0.114577
0.11151
0.108376
0.105178
0.101916
0.0985942
0.095213
0.0917749
0.088282
0.0847363
0.08114
0.0774951
0.073804
0.0700687
0.0662915
0.0624748
0.0586207
0.0547315
0.0508096
0.0468574
0.0428772
0.0388713
0.0348422
0.0307923
0.026724
0.0226397
0.0185419
0.014433
0.0103154
0.00619172
0.00206432
-0.00206432
-0.00619172
-0.0103154
-0.014433
-0.0185419
-0.0226397
-0.026724
-0.0307923
-0.0348422
-0.0388713
-0.0428772
-0.0468574
-0.0508096
-0.0547315
-0.0586207
-0.0624748
-0.0662915
-0.0700687
-0.073804
-0.0774951
-0.08114
-0.0847363
-0.088282
-0.0917749
-0.095213
-0.0985942
-0.101916
-0.105178
-0.108376
-0.11151
-0.114577
-0.117576
-0.120504
-0.12336
-0.126143
-0.12885
-0.13148
-0.134031
-0.136503
-0.138893
-0.1412
-0.143422
-0.145559
-0.147609
-0.14957
-0.151442
-0.153224
-0.154914
-0.156511
-0.158015
-0.159425
-0.160739
-0.161957
-0.163078
-0.164102
-0.165028
-0.165855
-0.166583
-0.167211
-0.16774
-0.168168
-0.168495
-0.168722
-0.168849
-0.168874
-0.168798
-0.168622
-0.168344
-0.167966
-0.167488
-0.166909
-0.166231
-0.165454
-0.164577
-0.163602
-0.16253
-0.16136
-0.160094
-0.158732
-0.157275
-0.155724
-0.15408
-0.152344
-0.150517
-0.1486
-0.146595
-0.144501
-0.142322
-0.140057
-0.137708
-0.135277
-0.132766
-0.130175
-0.127506
-0.124761
-0.121941
-0.119049
-0.116085
-0.113052
-0.109951
-0.106785
-0.103555
-0.100263
-0.0969109
-0.093501
-0.0900352
-0.0865156
-0.0829443
-0.0793235
-0.0756552
-0.0719417
-0.0681852
-0.064388
-0.0605522
-0.0566803
-0.0527745
-0.0488372
-0.0448707
-0.0408773
-0.0368595
-0.0328197
-0.0287603
-0.0246837
-0.0205923
-0.0164886
-0.0123751
-0.00825419
-0.00412833
