1.65078e-05
3.30058e-05
4.9484e-05
6.59327e-05
8.23419e-05
9.8702e-05
0.000115003
0.000131235
0.000147389
0.000163455
0.000179423
0.000195284
0.000211028
0.000226646
0.000242129
0.000257466
0.00027265
0.000287671
0.00030252
0.000317189
0.000331667
0.000345948
0.000360021
0.00037388
0.000387515
0.000400918
0.000414082
0.000426998
0.000439659
0.000452058
0.000464186
0.000476036
0.000487603
0.000498877
0.000509854
0.000520526
0.000530886
0.00054093
0.00055065
0.000560041
0.000569097
0.000577813
0.000586184
0.000594204
0.00060187
0.000609175
0.000616117
0.00062269
0.000628891
0.000634716
0.000640162
0.000645225
0.000649903
0.000654192
0.00065809
0.000661594
0.000664704
0.000667416
0.000669729
0.000671642
0.000673153
0.000674262
0.000674969
0.000675271
0.00067517
0.000674666
0.000673758
0.000672448
0.000670736
0.000668622
0.00066611
0.000663199
0.000659891
0.00065619
0.000652096
0.000647612
0.000642741
0.000637487
0.000631851
0.000625837
0.00061945
0.000612692
0.000605568
0.000598082
0.000590238
0.000582042
0.000573498
0.000564611
0.000555387
0.000545831
0.000535948
0.000525745
0.000515228
0.000504403
0.000493277
0.000481855
0.000470146
0.000458156
0.000445892
0.000433361
0.000420571
0.00040753
0.000394246
0.000380726
0.000366978
0.000353011
0.000338833
0.000324452
0.000309878
0.000295118
0.000280182
0.000265078
0.000249816
0.000234405
0.000218853
0.000203171
0.000187367
0.000171452
0.000155434
0.000139323
0.000123128
0.00010686
9.05287e-05
7.41428e-05
5.77127e-05
4.1248e-05
2.47587e-05
8.25453e-06
-8.25453e-06
-2.47587e-05
-4.1248e-05
-5.77127e-05
-7.41428e-05
-9.05287e-05
-0.00010686
-0.000123128
-0.000139323
-0.000155434
-0.000171452
-0.000187367
-0.000203171
-0.000218853
-0.000234405
-0.000249816
-0.000265078
-0.000280182
-0.000295118
-0.000309878
-0.000324452
-0.000338833
-0.000353011
-0.000366978
-0.000380726
-0.000394246
-0.00040753
-0.000420571
-0.000433361
-0.000445892
-0.000458156
-0.000470146
-0.000481855
-0.000493277
-0.000504403
-0.000515228
-0.000525745
-0.000535948
-0.000545831
-0.000555387
-0.000564611
-0.000573498
-0.000582042
-0.000590238
-0.000598082
-0.000605568
-0.000612692
-0.00061945
-0.000625837
-0.000631851
-0.000637487
-0.000642741
-0.000647612
-0.000652096
-0.00065619
-0.000659891
-0.000663199
-0.00066611
-0.000668622
-0.000670736
-0.000672448
-0.000673758
-0.000674666
-0.00067517
-0.000675271
-0.000674969
-0.000674262
-0.000673153
-0.000671642
-0.000669729
-0.000667416
-0.000664704
-0.000661594
-0.00065809
-0.000654192
-0.000649903
-0.000645225
-0.000640162
-0.000634716
-0.000628891
-0.00062269
-0.000616117
-0.000609175
-0.00060187
-0.000594204
-0.000586184
-0.000577813
-0.000569097
-0.000560041
-0.00055065
-0.00054093
-0.000530886
-0.000520526
-0.000509854
-0.000498877
-0.000487603
-0.000476036
-0.000464186
-0.000452058
-0.000439659
-0.000426998
-0.000414082
-0.000400918
-0.000387515
-0.00037388
-0.000360021
-0.000345948
-0.000331667
-0.000317189
-0.00030252
-0.000287671
-0.00027265
-0.000257466
-0.000242129
-0.000226646
-0.000211028
-0.000195284
-0.000179423
-0.000163455
-0.000147389
-0.000131235
-0.000115003
-9.8702e-05
-8.23419e-05
-6.59327e-05
-4.9484e-05
-3.30058e-05
-1.65078e-05
