0.00473943
0.00947603
0.014207
0.0189294
0.0236405
0.0283375
0.0330176
0.0376779
0.0423157
0.0469282
0.0515127
0.0560664
0.0605866
0.0650705
0.0695156
0.0739191
0.0782784
0.082591
0.0868542
0.0910655
0.0952223
0.0993222
0.103363
0.107342
0.111256
0.115104
0.118884
0.122592
0.126227
0.129787
0.133269
0.136671
0.139992
0.143229
0.14638
0.149444
0.152419
0.155302
0.158093
0.160789
0.163389
0.165891
0.168295
0.170597
0.172798
0.174895
0.176888
0.178775
0.180556
0.182228
0.183792
0.185245
0.186588
0.18782
0.188939
0.189945
0.190838
0.191616
0.192281
0.19283
0.193264
0.193582
0.193785
0.193872
0.193843
0.193698
0.193437
0.193061
0.19257
0.191963
0.191241
0.190406
0.189456
0.188393
0.187218
0.185931
0.184532
0.183024
0.181406
0.179679
0.177845
0.175905
0.17386
0.17171
0.169459
0.167105
0.164652
0.162101
0.159453
0.156709
0.153872
0.150943
0.147923
0.144815
0.141621
0.138342
0.13498
0.131537
0.128016
0.124419
0.120747
0.117003
0.113189
0.109307
0.10536
0.10135
0.0972795
0.0931508
0.0889665
0.0847289
0.0804407
0.0761045
0.0717227
0.0672981
0.0628332
0.0583308
0.0537936
0.0492242
0.0446253
0.0399998
0.0353504
0.0306799
0.025991
0.0212866
0.0165694
0.0118424
0.00710826
0.00236989
-0.00236989
-0.00710826
-0.0118424
-0.0165694
-0.0212866
-0.025991
-0.0306799
-0.0353504
-0.0399998
-0.0446253
-0.0492242
-0.0537936
-0.0583308
-0.0628332
-0.0672981
-0.0717227
-0.0761045
-0.0804407
-0.0847289
-0.0889665
-0.0931508
-0.0972795
-0.10135
-0.10536
-0.109307
-0.113189
-0.117003
-0.120747
-0.124419
-0.128016
-0.131537
-0.13498
-0.138342
-0.141621
-0.144815
-0.147923
-0.150943
-0.153872
-0.156709
-0.159453
-0.162101
-0.164652
-0.167105
-0.169459
-0.17171
-0.17386
-0.175905
-0.177845
-0.179679
-0.181406
-0.183024
-0.184532
-0.185931
-0.187218
-0.188393
-0.189456
-0.190406
-0.191241
-0.191963
-0.19257
-0.193061
-0.193437
-0.193698
-0.193843
-0.193872
-0.193785
-0.193582
-0.193264
-0.19283
-0.192281
-0.191616
-0.190838
-0.189945
-0.188939
-0.18782
-0.186588
-0.185245
-0.183792
-0.182228
-0.180556
-0.178775
-0.176888
-0.174895
-0.172798
-0.170597
-0.168295
-0.165891
-0.163389
-0.160789
-0.158093
-0.155302
-0.152419
-0.149444
-0.14638
-0.143229
-0.139992
-0.136671
-0.133269
-0.129787
-0.126227
-0.122592
-0.118884
-0.115104
-0.111256
-0.107342
-0.103363
-0.0993222
-0.0952223
-0.0910655
-0.0868542
-0.082591
-0.0782784
-0.0739191
-0.0695156
-0.0650705
-0.0605866
-0.0560664
-0.0515127
-0.0469282
-0.0423157
-0.0376779
-0.0330176
-0.0283375
-0.0236405
-0.0189294
-0.014207
-0.00947603
-0.00473943
