1.81324e-06
3.6254e-06
5.4354e-06
7.24214e-06
9.04456e-06
1.08416e-05
1.26321e-05
1.44151e-05
1.61894e-05
1.79541e-05
1.97081e-05
2.14503e-05
2.31796e-05
2.48951e-05
2.65958e-05
2.82805e-05
2.99483e-05
3.15982e-05
3.32293e-05
3.48405e-05
3.64308e-05
3.79994e-05
3.95453e-05
4.10675e-05
4.25652e-05
4.40374e-05
4.54834e-05
4.69021e-05
4.82928e-05
4.96547e-05
5.09868e-05
5.22885e-05
5.3559e-05
5.47974e-05
5.60031e-05
5.71753e-05
5.83133e-05
5.94165e-05
6.04842e-05
6.15157e-05
6.25105e-05
6.34678e-05
6.43873e-05
6.52683e-05
6.61102e-05
6.69127e-05
6.76752e-05
6.83972e-05
6.90783e-05
6.97181e-05
7.03163e-05
7.08725e-05
7.13862e-05
7.18574e-05
7.22855e-05
7.26705e-05
7.3012e-05
7.33099e-05
7.3564e-05
7.37741e-05
7.39402e-05
7.4062e-05
7.41395e-05
7.41728e-05
7.41617e-05
7.41063e-05
7.40066e-05
7.38627e-05
7.36746e-05
7.34425e-05
7.31665e-05
7.28467e-05
7.24834e-05
7.20768e-05
7.16272e-05
7.11347e-05
7.05997e-05
7.00225e-05
6.94034e-05
6.87429e-05
6.80412e-05
6.7299e-05
6.65164e-05
6.56942e-05
6.48326e-05
6.39324e-05
6.29939e-05
6.20177e-05
6.10045e-05
5.99548e-05
5.88693e-05
5.77486e-05
5.65934e-05
5.54044e-05
5.41822e-05
5.29277e-05
5.16415e-05
5.03245e-05
4.89774e-05
4.7601e-05
4.61962e-05
4.47637e-05
4.33045e-05
4.18195e-05
4.03094e-05
3.87752e-05
3.72179e-05
3.56383e-05
3.40374e-05
3.24162e-05
3.07756e-05
2.91166e-05
2.74402e-05
2.57474e-05
2.40392e-05
2.23166e-05
2.05807e-05
1.88325e-05
1.70731e-05
1.53034e-05
1.35246e-05
1.17377e-05
9.94381e-06
8.14396e-06
6.33924e-06
4.53074e-06
2.71953e-06
9.0669e-07
-9.0669e-07
-2.71953e-06
-4.53074e-06
-6.33924e-06
-8.14396e-06
-9.94381e-06
-1.17377e-05
-1.35246e-05
-1.53034e-05
-1.70731e-05
-1.88325e-05
-2.05807e-05
-2.23166e-05
-2.40392e-05
-2.57474e-05
-2.74402e-05
-2.91166e-05
-3.07756e-05
-3.24162e-05
-3.40374e-05
-3.56383e-05
-3.72179e-05
-3.87752e-05
-4.03094e-05
-4.18195e-05
-4.33045e-05
-4.47637e-05
-4.61962e-05
-4.7601e-05
-4.89774e-05
-5.03245e-05
-5.16415e-05
-5.29277e-05
-5.41822e-05
-5.54044e-05
-5.65934e-05
-5.77486e-05
-5.88693e-05
-5.99548e-05
-6.10045e-05
-6.20177e-05
-6.29939e-05
-6.39324e-05
-6.48326e-05
-6.56942e-05
-6.65164e-05
-6.7299e-05
-6.80412e-05
-6.87429e-05
-6.94034e-05
-7.00225e-05
-7.05997e-05
-7.11347e-05
-7.16272e-05
-7.20768e-05
-7.24834e-05
-7.28467e-05
-7.31665e-05
-7.34425e-05
-7.36746e-05
-7.38627e-05
-7.40066e-05
-7.41063e-05
-7.41617e-05
-7.41728e-05
-7.41395e-05
-7.4062e-05
-7.39402e-05
-7.37741e-05
-7.3564e-05
-7.33099e-05
-7.3012e-05
-7.26705e-05
-7.22855e-05
-7.18574e-05
-7.13862e-05
-7.08725e-05
-7.03163e-05
-6.97181e-05
-6.90783e-05
-6.83972e-05
-6.76752e-05
-6.69127e-05
-6.61102e-05
-6.52683e-05
-6.43873e-05
-6.34678e-05
-6.25105e-05
-6.15157e-05
-6.04842e-05
-5.94165e-05
-5.83133e-05
-5.71753e-05
-5.60031e-05
-5.47974e-05
-5.3559e-05
-5.22885e-05
-5.09868e-05
-4.96547e-05
-4.82928e-05
-4.69021e-05
-4.54834e-05
-4.40374e-05
-4.25652e-05
-4.10675e-05
-3.95453e-05
-3.79994e-05
-3.64308e-05
-3.48405e-05
-3.32293e-05
-3.15982e-05
-2.99483e-05
-2.82805e-05
-2.65958e-05
-2.48951e-05
-2.31796e-05
-2.14503e-05
-1.97081e-05
-1.79541e-05
-1.61894e-05
-1.44151e-05
-1.26321e-05
-1.08416e-05
-9.04456e-06
-7.24214e-06
-5.4354e-06
-3.6254e-06
-1.81324e-06
