0.0187987
0.0375863
0.0563513
0.0750827
0.0937692
0.1124
0.130963
0.149448
0.167844
0.186139
0.204323
0.222385
0.240314
0.258099
0.275731
0.293197
0.310488
0.327594
0.344503
0.361207
0.377695
0.393958
0.409984
0.425766
0.441293
0.456557
0.471547
0.486256
0.500674
0.514793
0.528604
0.5421
0.555271
0.56811
0.58061
0.592763
0.604562
0.615999
0.627068
0.637762
0.648075
0.658001
0.667533
0.676667
0.685396
0.693715
0.70162
0.709105
0.716167
0.722801
0.729002
0.734768
0.740095
0.744979
0.749418
0.753409
0.75695
0.760039
0.762673
0.764851
0.766572
0.767835
0.768639
0.768984
0.768869
0.768295
0.767261
0.765769
0.763819
0.761413
0.758551
0.755236
0.75147
0.747254
0.742592
0.737486
0.73194
0.725956
0.719538
0.71269
0.705415
0.69772
0.689607
0.681082
0.67215
0.662817
0.653087
0.642967
0.632462
0.62158
0.610326
0.598707
0.586731
0.574403
0.561733
0.548726
0.535392
0.521738
0.507772
0.493502
0.478938
0.464087
0.448959
0.433562
0.417906
0.402001
0.385855
0.369479
0.352882
0.336074
0.319065
0.301865
0.284485
0.266935
0.249225
0.231367
0.21337
0.195246
0.177004
0.158658
0.140216
0.12169
0.103092
0.0844322
0.0657219
0.0469723
0.0281946
0.00940008
-0.00940008
-0.0281946
-0.0469723
-0.0657219
-0.0844322
-0.103092
-0.12169
-0.140216
-0.158658
-0.177004
-0.195246
-0.21337
-0.231367
-0.249225
-0.266935
-0.284485
-0.301865
-0.319065
-0.336074
-0.352882
-0.369479
-0.385855
-0.402001
-0.417906
-0.433562
-0.448959
-0.464087
-0.478938
-0.493502
-0.507772
-0.521738
-0.535392
-0.548726
-0.561733
-0.574403
-0.586731
-0.598707
-0.610326
-0.62158
-0.632462
-0.642967
-0.653087
-0.662817
-0.67215
-0.681082
-0.689607
-0.69772
-0.705415
-0.71269
-0.719538
-0.725956
-0.73194
-0.737486
-0.742592
-0.747254
-0.75147
-0.755236
-0.758551
-0.761413
-0.763819
-0.765769
-0.767261
-0.768295
-0.768869
-0.768984
-0.768639
-0.767835
-0.766572
-0.764851
-0.762673
-0.760039
-0.75695
-0.753409
-0.749418
-0.744979
-0.740095
-0.734768
-0.729002
-0.722801
-0.716167
-0.709105
-0.70162
-0.693715
-0.685396
-0.676667
-0.667533
-0.658001
-0.648075
-0.637762
-0.627068
-0.615999
-0.604562
-0.592763
-0.58061
-0.56811
-0.555271
-0.5421
-0.528604
-0.514793
-0.500674
-0.486256
-0.471547
-0.456557
-0.441293
-0.425766
-0.409984
-0.393958
-0.377695
-0.361207
-0.344503
-0.327594
-0.310488
-0.293197
-0.275731
-0.258099
-0.240314
-0.222385
-0.204323
-0.186139
-0.167844
-0.149448
-0.130963
-0.1124
-0.0937692
-0.0750827
-0.0563513
-0.0375863
-0.0187987
