2.38979e-06
4.77816e-06
7.16367e-06
9.5449e-06
1.19204e-05
1.42888e-05
1.66487e-05
1.89986e-05
2.13371e-05
2.36629e-05
2.59746e-05
2.82707e-05
3.055e-05
3.28109e-05
3.50523e-05
3.72727e-05
3.94709e-05
4.16454e-05
4.37951e-05
4.59185e-05
4.80146e-05
5.00819e-05
5.21193e-05
5.41256e-05
5.60995e-05
5.80398e-05
5.99455e-05
6.18154e-05
6.36483e-05
6.54432e-05
6.71989e-05
6.89145e-05
7.05889e-05
7.22211e-05
7.38102e-05
7.53551e-05
7.6855e-05
7.83089e-05
7.97161e-05
8.10756e-05
8.23867e-05
8.36485e-05
8.48603e-05
8.60214e-05
8.71311e-05
8.81887e-05
8.91935e-05
9.01451e-05
9.10428e-05
9.18861e-05
9.26745e-05
9.34075e-05
9.40846e-05
9.47056e-05
9.52699e-05
9.57773e-05
9.62274e-05
9.662e-05
9.69549e-05
9.72318e-05
9.74506e-05
9.76112e-05
9.77134e-05
9.77572e-05
9.77426e-05
9.76696e-05
9.75382e-05
9.73485e-05
9.71006e-05
9.67947e-05
9.64309e-05
9.60095e-05
9.55307e-05
9.49948e-05
9.44022e-05
9.37531e-05
9.30479e-05
9.22872e-05
9.14713e-05
9.06008e-05
8.9676e-05
8.86977e-05
8.76664e-05
8.65827e-05
8.54472e-05
8.42607e-05
8.30238e-05
8.17372e-05
8.04019e-05
7.90184e-05
7.75878e-05
7.61107e-05
7.45882e-05
7.30211e-05
7.14103e-05
6.97569e-05
6.80618e-05
6.6326e-05
6.45506e-05
6.27365e-05
6.0885e-05
5.89971e-05
5.70739e-05
5.51166e-05
5.31264e-05
5.11044e-05
4.90519e-05
4.69701e-05
4.48601e-05
4.27234e-05
4.05612e-05
3.83747e-05
3.61652e-05
3.39342e-05
3.16828e-05
2.94125e-05
2.71247e-05
2.48206e-05
2.25017e-05
2.01694e-05
1.7825e-05
1.54699e-05
1.31056e-05
1.07335e-05
8.35491e-06
5.97136e-06
3.58424e-06
1.19499e-06
-1.19499e-06
-3.58424e-06
-5.97136e-06
-8.35491e-06
-1.07335e-05
-1.31056e-05
-1.54699e-05
-1.7825e-05
-2.01694e-05
-2.25017e-05
-2.48206e-05
-2.71247e-05
-2.94125e-05
-3.16828e-05
-3.39342e-05
-3.61652e-05
-3.83747e-05
-4.05612e-05
-4.27234e-05
-4.48601e-05
-4.69701e-05
-4.90519e-05
-5.11044e-05
-5.31264e-05
-5.51166e-05
-5.70739e-05
-5.89971e-05
-6.0885e-05
-6.27365e-05
-6.45506e-05
-6.6326e-05
-6.80618e-05
-6.97569e-05
-7.14103e-05
-7.30211e-05
-7.45882e-05
-7.61107e-05
-7.75878e-05
-7.90184e-05
-8.04019e-05
-8.17372e-05
-8.30238e-05
-8.42607e-05
-8.54472e-05
-8.65827e-05
-8.76664e-05
-8.86977e-05
-8.9676e-05
-9.06008e-05
-9.14713e-05
-9.22872e-05
-9.30479e-05
-9.37531e-05
-9.44022e-05
-9.49948e-05
-9.55307e-05
-9.60095e-05
-9.64309e-05
-9.67947e-05
-9.71006e-05
-9.73485e-05
-9.75382e-05
-9.76696e-05
-9.77426e-05
-9.77572e-05
-9.77134e-05
-9.76112e-05
-9.74506e-05
-9.72318e-05
-9.69549e-05
-9.662e-05
-9.62274e-05
-9.57773e-05
-9.52699e-05
-9.47056e-05
-9.40846e-05
-9.34075e-05
-9.26745e-05
-9.18861e-05
-9.10428e-05
-9.01451e-05
-8.91935e-05
-8.81887e-05
-8.71311e-05
-8.60214e-05
-8.48603e-05
-8.36485e-05
-8.23867e-05
-8.10756e-05
-7.97161e-05
-7.83089e-05
-7.6855e-05
-7.53551e-05
-7.38102e-05
-7.22211e-05
-7.05889e-05
-6.89145e-05
-6.71989e-05
-6.54432e-05
-6.36483e-05
-6.18154e-05
-5.99455e-05
-5.80398e-05
-5.60995e-05
-5.41256e-05
-5.21193e-05
-5.00819e-05
-4.80146e-05
-4.59185e-05
-4.37951e-05
-4.16454e-05
-3.94709e-05
-3.72727e-05
-3.50523e-05
-3.28109e-05
-3.055e-05
-2.82707e-05
-2.59746e-05
-2.36629e-05
-2.13371e-05
-1.89986e-05
-1.66487e-05
-1.42888e-05
-1.19204e-05
-9.5449e-06
-7.16367e-06
-4.77816e-06
-2.38979e-06
