1.37579e-06
2.75076e-06
4.12408e-06
5.49494e-06
6.86251e-06
8.22598e-06
9.58454e-06
1.09374e-05
1.22837e-05
1.36226e-05
1.49534e-05
1.62753e-05
1.75874e-05
1.88891e-05
2.01794e-05
2.14577e-05
2.27231e-05
2.3975e-05
2.52125e-05
2.6435e-05
2.76417e-05
2.88318e-05
3.00048e-05
3.11598e-05
3.22961e-05
3.34132e-05
3.45103e-05
3.55867e-05
3.66419e-05
3.76752e-05
3.8686e-05
3.96737e-05
4.06376e-05
4.15773e-05
4.24921e-05
4.33815e-05
4.42449e-05
4.5082e-05
4.58921e-05
4.66747e-05
4.74295e-05
4.81559e-05
4.88535e-05
4.9522e-05
5.01608e-05
5.07697e-05
5.13482e-05
5.1896e-05
5.24128e-05
5.28983e-05
5.33521e-05
5.37741e-05
5.41639e-05
5.45214e-05
5.48463e-05
5.51384e-05
5.53975e-05
5.56235e-05
5.58163e-05
5.59757e-05
5.61017e-05
5.61941e-05
5.6253e-05
5.62782e-05
5.62698e-05
5.62278e-05
5.61521e-05
5.60429e-05
5.59002e-05
5.57241e-05
5.55147e-05
5.52721e-05
5.49964e-05
5.46879e-05
5.43467e-05
5.39731e-05
5.35671e-05
5.31292e-05
5.26595e-05
5.21583e-05
5.16259e-05
5.10627e-05
5.0469e-05
4.98451e-05
4.91914e-05
4.85083e-05
4.77963e-05
4.70556e-05
4.62869e-05
4.54904e-05
4.46668e-05
4.38165e-05
4.294e-05
4.20378e-05
4.11105e-05
4.01586e-05
3.91828e-05
3.81835e-05
3.71614e-05
3.6117e-05
3.50511e-05
3.39643e-05
3.28571e-05
3.17303e-05
3.05845e-05
2.94205e-05
2.82389e-05
2.70404e-05
2.58257e-05
2.45956e-05
2.33508e-05
2.2092e-05
2.08201e-05
1.95357e-05
1.82396e-05
1.69326e-05
1.56155e-05
1.42891e-05
1.29541e-05
1.16114e-05
1.02617e-05
8.90593e-06
7.54481e-06
6.17919e-06
4.80987e-06
3.43768e-06
2.06343e-06
6.87946e-07
-6.87946e-07
-2.06343e-06
-3.43768e-06
-4.80987e-06
-6.17919e-06
-7.54481e-06
-8.90593e-06
-1.02617e-05
-1.16114e-05
-1.29541e-05
-1.42891e-05
-1.56155e-05
-1.69326e-05
-1.82396e-05
-1.95357e-05
-2.08201e-05
-2.2092e-05
-2.33508e-05
-2.45956e-05
-2.58257e-05
-2.70404e-05
-2.82389e-05
-2.94205e-05
-3.05845e-05
-3.17303e-05
-3.28571e-05
-3.39643e-05
-3.50511e-05
-3.6117e-05
-3.71614e-05
-3.81835e-05
-3.91828e-05
-4.01586e-05
-4.11105e-05
-4.20378e-05
-4.294e-05
-4.38165e-05
-4.46668e-05
-4.54904e-05
-4.62869e-05
-4.70556e-05
-4.77963e-05
-4.85083e-05
-4.91914e-05
-4.98451e-05
-5.0469e-05
-5.10627e-05
-5.16259e-05
-5.21583e-05
-5.26595e-05
-5.31292e-05
-5.35671e-05
-5.39731e-05
-5.43467e-05
-5.46879e-05
-5.49964e-05
-5.52721e-05
-5.55147e-05
-5.57241e-05
-5.59002e-05
-5.60429e-05
-5.61521e-05
-5.62278e-05
-5.62698e-05
-5.62782e-05
-5.6253e-05
-5.61941e-05
-5.61017e-05
-5.59757e-05
-5.58163e-05
-5.56235e-05
-5.53975e-05
-5.51384e-05
-5.48463e-05
-5.45214e-05
-5.41639e-05
-5.37741e-05
-5.33521e-05
-5.28983e-05
-5.24128e-05
-5.1896e-05
-5.13482e-05
-5.07697e-05
-5.01608e-05
-4.9522e-05
-4.88535e-05
-4.81559e-05
-4.74295e-05
-4.66747e-05
-4.58921e-05
-4.5082e-05
-4.42449e-05
-4.33815e-05
-4.24921e-05
-4.15773e-05
-4.06376e-05
-3.96737e-05
-3.8686e-05
-3.76752e-05
-3.66419e-05
-3.55867e-05
-3.45103e-05
-3.34132e-05
-3.22961e-05
-3.11598e-05
-3.00048e-05
-2.88318e-05
-2.76417e-05
-2.6435e-05
-2.52125e-05
-2.3975e-05
-2.27231e-05
-2.14577e-05
-2.01794e-05
-1.88891e-05
-1.75874e-05
-1.62753e-05
-1.49534e-05
-1.36226e-05
-1.22837e-05
-1.09374e-05
-9.58454e-06
-8.22598e-06
-6.86251e-06
-5.49494e-06
-4.12408e-06
-2.75076e-06
-1.37579e-06
