0.0124543
0.0249011
0.037333
0.0497426
0.0621225
0.0744653
0.0867636
0.09901
0.111197
0.123318
0.135365
0.147331
0.159209
0.170992
0.182673
0.194244
0.2057
0.217032
0.228235
0.239302
0.250225
0.260999
0.271617
0.282072
0.292359
0.302471
0.312402
0.322147
0.331699
0.341053
0.350203
0.359144
0.36787
0.376376
0.384657
0.392709
0.400525
0.408102
0.415436
0.422521
0.429353
0.435929
0.442244
0.448295
0.454078
0.45959
0.464827
0.469786
0.474464
0.478859
0.482968
0.486787
0.490316
0.493552
0.496493
0.499137
0.501483
0.503529
0.505274
0.506718
0.507858
0.508695
0.509227
0.509456
0.50938
0.508999
0.508314
0.507326
0.506034
0.50444
0.502544
0.500348
0.497852
0.49506
0.491971
0.488588
0.484914
0.480949
0.476697
0.47216
0.467341
0.462243
0.456868
0.45122
0.445303
0.439119
0.432673
0.425969
0.419009
0.4118
0.404344
0.396646
0.388712
0.380545
0.372151
0.363534
0.3547
0.345654
0.336401
0.326948
0.317299
0.30746
0.297437
0.287237
0.276865
0.266328
0.255631
0.244782
0.233786
0.222651
0.211382
0.199987
0.188473
0.176846
0.165113
0.153282
0.141359
0.129351
0.117266
0.105111
0.0928937
0.0806205
0.068299
0.0559368
0.0435411
0.0311194
0.0186791
0.0062276
-0.0062276
-0.0186791
-0.0311194
-0.0435411
-0.0559368
-0.068299
-0.0806205
-0.0928937
-0.105111
-0.117266
-0.129351
-0.141359
-0.153282
-0.165113
-0.176846
-0.188473
-0.199987
-0.211382
-0.222651
-0.233786
-0.244782
-0.255631
-0.266328
-0.276865
-0.287237
-0.297437
-0.30746
-0.317299
-0.326948
-0.336401
-0.345654
-0.3547
-0.363534
-0.372151
-0.380545
-0.388712
-0.396646
-0.404344
-0.4118
-0.419009
-0.425969
-0.432673
-0.439119
-0.445303
-0.45122
-0.456868
-0.462243
-0.467341
-0.47216
-0.476697
-0.480949
-0.484914
-0.488588
-0.491971
-0.49506
-0.497852
-0.500348
-0.502544
-0.50444
-0.506034
-0.507326
-0.508314
-0.508999
-0.50938
-0.509456
-0.509227
-0.508695
-0.507858
-0.506718
-0.505274
-0.503529
-0.501483
-0.499137
-0.496493
-0.493552
-0.490316
-0.486787
-0.482968
-0.478859
-0.474464
-0.469786
-0.464827
-0.45959
-0.454078
-0.448295
-0.442244
-0.435929
-0.429353
-0.422521
-0.415436
-0.408102
-0.400525
-0.392709
-0.384657
-0.376376
-0.36787
-0.359144
-0.350203
-0.341053
-0.331699
-0.322147
-0.312402
-0.302471
-0.292359
-0.282072
-0.271617
-0.260999
-0.250225
-0.239302
-0.228235
-0.217032
-0.2057
-0.194244
-0.182673
-0.170992
-0.159209
-0.147331
-0.135365
-0.123318
-0.111197
-0.09901
-0.0867636
-0.0744653
-0.0621225
-0.0497426
-0.037333
-0.0249011
-0.0124543
