1.19839e-06
2.39607e-06
3.59232e-06
4.78642e-06
5.97766e-06
7.16532e-06
8.34871e-06
9.5271e-06
1.06998e-05
1.18661e-05
1.30253e-05
1.41767e-05
1.53197e-05
1.64535e-05
1.75775e-05
1.86909e-05
1.97932e-05
2.08837e-05
2.19616e-05
2.30265e-05
2.40776e-05
2.51143e-05
2.61359e-05
2.7142e-05
2.81318e-05
2.91049e-05
3.00605e-05
3.09982e-05
3.19173e-05
3.28174e-05
3.36978e-05
3.45581e-05
3.53978e-05
3.62163e-05
3.70131e-05
3.77878e-05
3.854e-05
3.92691e-05
3.99747e-05
4.06565e-05
4.13139e-05
4.19467e-05
4.25543e-05
4.31366e-05
4.36931e-05
4.42234e-05
4.47273e-05
4.52045e-05
4.56547e-05
4.60776e-05
4.64729e-05
4.68405e-05
4.718e-05
4.74914e-05
4.77744e-05
4.80288e-05
4.82545e-05
4.84514e-05
4.86193e-05
4.87582e-05
4.88679e-05
4.89485e-05
4.89997e-05
4.90217e-05
4.90144e-05
4.89777e-05
4.89119e-05
4.88167e-05
4.86924e-05
4.8539e-05
4.83566e-05
4.81453e-05
4.79052e-05
4.76365e-05
4.73393e-05
4.70138e-05
4.66602e-05
4.62787e-05
4.58695e-05
4.5433e-05
4.49693e-05
4.44787e-05
4.39615e-05
4.34181e-05
4.28487e-05
4.22537e-05
4.16334e-05
4.09883e-05
4.03186e-05
3.96249e-05
3.89074e-05
3.81668e-05
3.74033e-05
3.66174e-05
3.58097e-05
3.49806e-05
3.41305e-05
3.32601e-05
3.23698e-05
3.14601e-05
3.05316e-05
2.95849e-05
2.86205e-05
2.7639e-05
2.6641e-05
2.5627e-05
2.45977e-05
2.35538e-05
2.24957e-05
2.14242e-05
2.03399e-05
1.92435e-05
1.81355e-05
1.70167e-05
1.58878e-05
1.47493e-05
1.3602e-05
1.24466e-05
1.12838e-05
1.01142e-05
8.93857e-06
7.75759e-06
6.57198e-06
5.38244e-06
4.18968e-06
2.99442e-06
1.79737e-06
5.99242e-07
-5.99242e-07
-1.79737e-06
-2.99442e-06
-4.18968e-06
-5.38244e-06
-6.57198e-06
-7.75759e-06
-8.93857e-06
-1.01142e-05
-1.12838e-05
-1.24466e-05
-1.3602e-05
-1.47493e-05
-1.58878e-05
-1.70167e-05
-1.81355e-05
-1.92435e-05
-2.03399e-05
-2.14242e-05
-2.24957e-05
-2.35538e-05
-2.45977e-05
-2.5627e-05
-2.6641e-05
-2.7639e-05
-2.86205e-05
-2.95849e-05
-3.05316e-05
-3.14601e-05
-3.23698e-05
-3.32601e-05
-3.41305e-05
-3.49806e-05
-3.58097e-05
-3.66174e-05
-3.74033e-05
-3.81668e-05
-3.89074e-05
-3.96249e-05
-4.03186e-05
-4.09883e-05
-4.16334e-05
-4.22537e-05
-4.28487e-05
-4.34181e-05
-4.39615e-05
-4.44787e-05
-4.49693e-05
-4.5433e-05
-4.58695e-05
-4.62787e-05
-4.66602e-05
-4.70138e-05
-4.73393e-05
-4.76365e-05
-4.79052e-05
-4.81453e-05
-4.83566e-05
-4.8539e-05
-4.86924e-05
-4.88167e-05
-4.89119e-05
-4.89777e-05
-4.90144e-05
-4.90217e-05
-4.89997e-05
-4.89485e-05
-4.88679e-05
-4.87582e-05
-4.86193e-05
-4.84514e-05
-4.82545e-05
-4.80288e-05
-4.77744e-05
-4.74914e-05
-4.718e-05
-4.68405e-05
-4.64729e-05
-4.60776e-05
-4.56547e-05
-4.52045e-05
-4.47273e-05
-4.42234e-05
-4.36931e-05
-4.31366e-05
-4.25543e-05
-4.19467e-05
-4.13139e-05
-4.06565e-05
-3.99747e-05
-3.92691e-05
-3.854e-05
-3.77878e-05
-3.70131e-05
-3.62163e-05
-3.53978e-05
-3.45581e-05
-3.36978e-05
-3.28174e-05
-3.19173e-05
-3.09982e-05
-3.00605e-05
-2.91049e-05
-2.81318e-05
-2.7142e-05
-2.61359e-05
-2.51143e-05
-2.40776e-05
-2.30265e-05
-2.19616e-05
-2.08837e-05
-1.97932e-05
-1.86909e-05
-1.75775e-05
-1.64535e-05
-1.53197e-05
-1.41767e-05
-1.30253e-05
-1.18661e-05
-1.06998e-05
-9.5271e-06
-8.34871e-06
-7.16532e-06
-5.97766e-06
-4.78642e-06
-3.59232e-06
-2.39607e-06
-1.19839e-06
