1.57944e-06
3.15794e-06
4.73455e-06
6.30834e-06
7.87835e-06
9.44365e-06
1.10033e-05
1.25564e-05
1.4102e-05
1.56391e-05
1.71669e-05
1.86845e-05
2.01908e-05
2.16851e-05
2.31665e-05
2.4634e-05
2.60868e-05
2.75239e-05
2.89447e-05
3.03481e-05
3.17334e-05
3.30997e-05
3.44463e-05
3.57722e-05
3.70768e-05
3.83592e-05
3.96187e-05
4.08545e-05
4.20659e-05
4.32522e-05
4.44126e-05
4.55464e-05
4.66531e-05
4.77318e-05
4.8782e-05
4.98031e-05
5.07944e-05
5.17553e-05
5.26853e-05
5.35838e-05
5.44503e-05
5.52843e-05
5.60852e-05
5.68526e-05
5.7586e-05
5.82849e-05
5.89491e-05
5.9578e-05
6.01713e-05
6.07287e-05
6.12497e-05
6.17341e-05
6.21817e-05
6.25921e-05
6.2965e-05
6.33003e-05
6.35978e-05
6.38573e-05
6.40786e-05
6.42617e-05
6.44063e-05
6.45124e-05
6.458e-05
6.46089e-05
6.45993e-05
6.4551e-05
6.44642e-05
6.43388e-05
6.4175e-05
6.39728e-05
6.37323e-05
6.34538e-05
6.31374e-05
6.27832e-05
6.23915e-05
6.19625e-05
6.14965e-05
6.09937e-05
6.04545e-05
5.98791e-05
5.9268e-05
5.86214e-05
5.79398e-05
5.72235e-05
5.64731e-05
5.56889e-05
5.48714e-05
5.40211e-05
5.31386e-05
5.22242e-05
5.12787e-05
5.03025e-05
4.92962e-05
4.82605e-05
4.7196e-05
4.61032e-05
4.49829e-05
4.38357e-05
4.26622e-05
4.14633e-05
4.02396e-05
3.89919e-05
3.77208e-05
3.64272e-05
3.51119e-05
3.37755e-05
3.2419e-05
3.10431e-05
2.96486e-05
2.82364e-05
2.68074e-05
2.53623e-05
2.3902e-05
2.24275e-05
2.09396e-05
1.94391e-05
1.7927e-05
1.64042e-05
1.48717e-05
1.33302e-05
1.17807e-05
1.02242e-05
8.66165e-06
7.09387e-06
5.52186e-06
3.94654e-06
2.36887e-06
7.89781e-07
-7.89781e-07
-2.36887e-06
-3.94654e-06
-5.52186e-06
-7.09387e-06
-8.66165e-06
-1.02242e-05
-1.17807e-05
-1.33302e-05
-1.48717e-05
-1.64042e-05
-1.7927e-05
-1.94391e-05
-2.09396e-05
-2.24275e-05
-2.3902e-05
-2.53623e-05
-2.68074e-05
-2.82364e-05
-2.96486e-05
-3.10431e-05
-3.2419e-05
-3.37755e-05
-3.51119e-05
-3.64272e-05
-3.77208e-05
-3.89919e-05
-4.02396e-05
-4.14633e-05
-4.26622e-05
-4.38357e-05
-4.49829e-05
-4.61032e-05
-4.7196e-05
-4.82605e-05
-4.92962e-05
-5.03025e-05
-5.12787e-05
-5.22242e-05
-5.31386e-05
-5.40211e-05
-5.48714e-05
-5.56889e-05
-5.64731e-05
-5.72235e-05
-5.79398e-05
-5.86214e-05
-5.9268e-05
-5.98791e-05
-6.04545e-05
-6.09937e-05
-6.14965e-05
-6.19625e-05
-6.23915e-05
-6.27832e-05
-6.31374e-05
-6.34538e-05
-6.37323e-05
-6.39728e-05
-6.4175e-05
-6.43388e-05
-6.44642e-05
-6.4551e-05
-6.45993e-05
-6.46089e-05
-6.458e-05
-6.45124e-05
-6.44063e-05
-6.42617e-05
-6.40786e-05
-6.38573e-05
-6.35978e-05
-6.33003e-05
-6.2965e-05
-6.25921e-05
-6.21817e-05
-6.17341e-05
-6.12497e-05
-6.07287e-05
-6.01713e-05
-5.9578e-05
-5.89491e-05
-5.82849e-05
-5.7586e-05
-5.68526e-05
-5.60852e-05
-5.52843e-05
-5.44503e-05
-5.35838e-05
-5.26853e-05
-5.17553e-05
-5.07944e-05
-4.98031e-05
-4.8782e-05
-4.77318e-05
-4.66531e-05
-4.55464e-05
-4.44126e-05
-4.32522e-05
-4.20659e-05
-4.08545e-05
-3.96187e-05
-3.83592e-05
-3.70768e-05
-3.57722e-05
-3.44463e-05
-3.30997e-05
-3.17334e-05
-3.03481e-05
-2.89447e-05
-2.75239e-05
-2.60868e-05
-2.4634e-05
-2.31665e-05
-2.16851e-05
-2.01908e-05
-1.86845e-05
-1.71669e-05
-1.56391e-05
-1.4102e-05
-1.25564e-05
-1.10033e-05
-9.44365e-06
-7.87835e-06
-6.30834e-06
-4.73455e-06
-3.15794e-06
-1.57944e-06
