2.08165e-06
4.16206e-06
6.23998e-06
8.31417e-06
1.03834e-05
1.24464e-05
1.4502e-05
1.65489e-05
1.85859e-05
2.06118e-05
2.26254e-05
2.46255e-05
2.66108e-05
2.85803e-05
3.05326e-05
3.24668e-05
3.43815e-05
3.62756e-05
3.81481e-05
3.99978e-05
4.18236e-05
4.36243e-05
4.5399e-05
4.71466e-05
4.8866e-05
5.05562e-05
5.22161e-05
5.38449e-05
5.54415e-05
5.70049e-05
5.85343e-05
6.00286e-05
6.14871e-05
6.29089e-05
6.42931e-05
6.56388e-05
6.69453e-05
6.82118e-05
6.94375e-05
7.06217e-05
7.17637e-05
7.28628e-05
7.39184e-05
7.49297e-05
7.58963e-05
7.68176e-05
7.76929e-05
7.85218e-05
7.93037e-05
8.00383e-05
8.0725e-05
8.13635e-05
8.19533e-05
8.24942e-05
8.29858e-05
8.34277e-05
8.38198e-05
8.41618e-05
8.44535e-05
8.46947e-05
8.48853e-05
8.50252e-05
8.51142e-05
8.51524e-05
8.51396e-05
8.5076e-05
8.49616e-05
8.47963e-05
8.45804e-05
8.43139e-05
8.39971e-05
8.363e-05
8.32129e-05
8.27462e-05
8.22299e-05
8.16645e-05
8.10503e-05
8.03877e-05
7.9677e-05
7.89187e-05
7.81132e-05
7.7261e-05
7.63627e-05
7.54187e-05
7.44296e-05
7.33961e-05
7.23186e-05
7.1198e-05
7.00348e-05
6.88298e-05
6.75836e-05
6.6297e-05
6.49708e-05
6.36057e-05
6.22027e-05
6.07624e-05
5.92859e-05
5.77739e-05
5.62274e-05
5.46473e-05
5.30345e-05
5.139e-05
4.97148e-05
4.80099e-05
4.62763e-05
4.4515e-05
4.27271e-05
4.09137e-05
3.90759e-05
3.72146e-05
3.53312e-05
3.34266e-05
3.15021e-05
2.95587e-05
2.75976e-05
2.56201e-05
2.36272e-05
2.16202e-05
1.96003e-05
1.75687e-05
1.55266e-05
1.34752e-05
1.14158e-05
9.34948e-06
7.27762e-06
5.20141e-06
3.12209e-06
1.0409e-06
-1.0409e-06
-3.12209e-06
-5.20141e-06
-7.27762e-06
-9.34948e-06
-1.14158e-05
-1.34752e-05
-1.55266e-05
-1.75687e-05
-1.96003e-05
-2.16202e-05
-2.36272e-05
-2.56201e-05
-2.75976e-05
-2.95587e-05
-3.15021e-05
-3.34266e-05
-3.53312e-05
-3.72146e-05
-3.90759e-05
-4.09137e-05
-4.27271e-05
-4.4515e-05
-4.62763e-05
-4.80099e-05
-4.97148e-05
-5.139e-05
-5.30345e-05
-5.46473e-05
-5.62274e-05
-5.77739e-05
-5.92859e-05
-6.07624e-05
-6.22027e-05
-6.36057e-05
-6.49708e-05
-6.6297e-05
-6.75836e-05
-6.88298e-05
-7.00348e-05
-7.1198e-05
-7.23186e-05
-7.33961e-05
-7.44296e-05
-7.54187e-05
-7.63627e-05
-7.7261e-05
-7.81132e-05
-7.89187e-05
-7.9677e-05
-8.03877e-05
-8.10503e-05
-8.16645e-05
-8.22299e-05
-8.27462e-05
-8.32129e-05
-8.363e-05
-8.39971e-05
-8.43139e-05
-8.45804e-05
-8.47963e-05
-8.49616e-05
-8.5076e-05
-8.51396e-05
-8.51524e-05
-8.51142e-05
-8.50252e-05
-8.48853e-05
-8.46947e-05
-8.44535e-05
-8.41618e-05
-8.38198e-05
-8.34277e-05
-8.29858e-05
-8.24942e-05
-8.19533e-05
-8.13635e-05
-8.0725e-05
-8.00383e-05
-7.93037e-05
-7.85218e-05
-7.76929e-05
-7.68176e-05
-7.58963e-05
-7.49297e-05
-7.39184e-05
-7.28628e-05
-7.17637e-05
-7.06217e-05
-6.94375e-05
-6.82118e-05
-6.69453e-05
-6.56388e-05
-6.42931e-05
-6.29089e-05
-6.14871e-05
-6.00286e-05
-5.85343e-05
-5.70049e-05
-5.54415e-05
-5.38449e-05
-5.22161e-05
-5.05562e-05
-4.8866e-05
-4.71466e-05
-4.5399e-05
-4.36243e-05
-4.18236e-05
-3.99978e-05
-3.81481e-05
-3.62756e-05
-3.43815e-05
-3.24668e-05
-3.05326e-05
-2.85803e-05
-2.66108e-05
-2.46255e-05
-2.26254e-05
-2.06118e-05
-1.85859e-05
-1.65489e-05
-1.4502e-05
-1.24464e-05
-1.03834e-05
-8.31417e-06
-6.23998e-06
-4.16206e-06
-2.08165e-06
