1.43793e-05
2.875e-05
4.31035e-05
5.74313e-05
7.17247e-05
8.59753e-05
0.000100174
0.000114314
0.000128385
0.000142379
0.000156288
0.000170104
0.000183818
0.000197422
0.000210908
0.000224269
0.000237495
0.000250579
0.000263513
0.00027629
0.000288902
0.000301341
0.0003136
0.000325672
0.000337548
0.000349224
0.00036069
0.000371941
0.000382969
0.000393769
0.000404333
0.000414656
0.000424731
0.000434552
0.000444113
0.000453409
0.000462434
0.000471182
0.000479649
0.000487829
0.000495717
0.00050331
0.000510601
0.000517587
0.000524264
0.000530628
0.000536674
0.0005424
0.000547801
0.000552876
0.000557619
0.000562029
0.000566104
0.00056984
0.000573235
0.000576288
0.000578997
0.000581359
0.000583374
0.00058504
0.000586357
0.000587323
0.000587938
0.000588202
0.000588114
0.000587674
0.000586884
0.000585742
0.000584251
0.00058241
0.000580221
0.000577686
0.000574805
0.00057158
0.000568014
0.000564109
0.000559866
0.000555289
0.00055038
0.000545141
0.000539577
0.000533691
0.000527486
0.000520965
0.000514133
0.000506993
0.000499551
0.00049181
0.000483775
0.000475451
0.000466843
0.000457955
0.000448794
0.000439365
0.000429673
0.000419725
0.000409525
0.000399081
0.000388398
0.000377483
0.000366343
0.000354983
0.000343412
0.000331635
0.00031966
0.000307493
0.000295144
0.000282617
0.000269922
0.000257065
0.000244055
0.000230899
0.000217605
0.000204181
0.000190634
0.000176974
0.000163208
0.000149345
0.000135392
0.000121358
0.000107252
9.30818e-05
7.88559e-05
6.45828e-05
5.02712e-05
3.59295e-05
2.15663e-05
7.19019e-06
-7.19019e-06
-2.15663e-05
-3.59295e-05
-5.02712e-05
-6.45828e-05
-7.88559e-05
-9.30818e-05
-0.000107252
-0.000121358
-0.000135392
-0.000149345
-0.000163208
-0.000176974
-0.000190634
-0.000204181
-0.000217605
-0.000230899
-0.000244055
-0.000257065
-0.000269922
-0.000282617
-0.000295144
-0.000307493
-0.00031966
-0.000331635
-0.000343412
-0.000354983
-0.000366343
-0.000377483
-0.000388398
-0.000399081
-0.000409525
-0.000419725
-0.000429673
-0.000439365
-0.000448794
-0.000457955
-0.000466843
-0.000475451
-0.000483775
-0.00049181
-0.000499551
-0.000506993
-0.000514133
-0.000520965
-0.000527486
-0.000533691
-0.000539577
-0.000545141
-0.00055038
-0.000555289
-0.000559866
-0.000564109
-0.000568014
-0.00057158
-0.000574805
-0.000577686
-0.000580221
-0.00058241
-0.000584251
-0.000585742
-0.000586884
-0.000587674
-0.000588114
-0.000588202
-0.000587938
-0.000587323
-0.000586357
-0.00058504
-0.000583374
-0.000581359
-0.000578997
-0.000576288
-0.000573235
-0.00056984
-0.000566104
-0.000562029
-0.000557619
-0.000552876
-0.000547801
-0.0005424
-0.000536674
-0.000530628
-0.000524264
-0.000517587
-0.000510601
-0.00050331
-0.000495717
-0.000487829
-0.000479649
-0.000471182
-0.000462434
-0.000453409
-0.000444113
-0.000434552
-0.000424731
-0.000414656
-0.000404333
-0.000393769
-0.000382969
-0.000371941
-0.00036069
-0.000349224
-0.000337548
-0.000325672
-0.0003136
-0.000301341
-0.000288902
-0.00027629
-0.000263513
-0.000250579
-0.000237495
-0.000224269
-0.000210908
-0.000197422
-0.000183818
-0.000170104
-0.000156288
-0.000142379
-0.000128385
-0.000114314
-0.000100174
-8.59753e-05
-7.17247e-05
-5.74313e-05
-4.31035e-05
-2.875e-05
-1.43793e-05
