0.0108495
0.0216925
0.0325226
0.0433332
0.0541179
0.0648702
0.0755838
0.0862522
0.0968691
0.107428
0.117923
0.128347
0.138695
0.148959
0.159135
0.169215
0.179195
0.189067
0.198826
0.208467
0.217983
0.227368
0.236618
0.245726
0.254688
0.263497
0.272148
0.280637
0.288959
0.297107
0.305078
0.312867
0.320469
0.327879
0.335093
0.342107
0.348916
0.355517
0.361905
0.368078
0.37403
0.379758
0.38526
0.390531
0.395569
0.40037
0.404932
0.409253
0.413328
0.417157
0.420736
0.424063
0.427138
0.429957
0.432519
0.434822
0.436866
0.438648
0.440168
0.441426
0.442419
0.443148
0.443612
0.443811
0.443745
0.443413
0.442816
0.441955
0.44083
0.439441
0.43779
0.435876
0.433703
0.43127
0.428579
0.425632
0.422431
0.418977
0.415273
0.411321
0.407123
0.402681
0.397999
0.393079
0.387924
0.382537
0.376922
0.371081
0.365019
0.358738
0.352243
0.345537
0.338625
0.331511
0.324198
0.316691
0.308996
0.301115
0.293055
0.284819
0.276414
0.267843
0.259112
0.250226
0.24119
0.232011
0.222692
0.213241
0.203662
0.193961
0.184145
0.174218
0.164188
0.154059
0.143838
0.133531
0.123144
0.112684
0.102156
0.0915675
0.0809241
0.0702323
0.0594985
0.0487292
0.0379307
0.0271096
0.0162722
0.00542515
-0.00542515
-0.0162722
-0.0271096
-0.0379307
-0.0487292
-0.0594985
-0.0702323
-0.0809241
-0.0915675
-0.102156
-0.112684
-0.123144
-0.133531
-0.143838
-0.154059
-0.164188
-0.174218
-0.184145
-0.193961
-0.203662
-0.213241
-0.222692
-0.232011
-0.24119
-0.250226
-0.259112
-0.267843
-0.276414
-0.284819
-0.293055
-0.301115
-0.308996
-0.316691
-0.324198
-0.331511
-0.338625
-0.345537
-0.352243
-0.358738
-0.365019
-0.371081
-0.376922
-0.382537
-0.387924
-0.393079
-0.397999
-0.402681
-0.407123
-0.411321
-0.415273
-0.418977
-0.422431
-0.425632
-0.428579
-0.43127
-0.433703
-0.435876
-0.43779
-0.439441
-0.44083
-0.441955
-0.442816
-0.443413
-0.443745
-0.443811
-0.443612
-0.443148
-0.442419
-0.441426
-0.440168
-0.438648
-0.436866
-0.434822
-0.432519
-0.429957
-0.427138
-0.424063
-0.420736
-0.417157
-0.413328
-0.409253
-0.404932
-0.40037
-0.395569
-0.390531
-0.38526
-0.379758
-0.37403
-0.368078
-0.361905
-0.355517
-0.348916
-0.342107
-0.335093
-0.327879
-0.320469
-0.312867
-0.305078
-0.297107
-0.288959
-0.280637
-0.272148
-0.263497
-0.254688
-0.245726
-0.236618
-0.227368
-0.217983
-0.208467
-0.198826
-0.189067
-0.179195
-0.169215
-0.159135
-0.148959
-0.138695
-0.128347
-0.117923
-0.107428
-0.0968691
-0.0862522
-0.0755838
-0.0648702
-0.0541179
-0.0433332
-0.0325226
-0.0216925
-0.0108495
