  0.886078   0.906946   0.877303   0.833337   0.790178    0.71956   0.589345   0.400875   0.183275 -0.0327757  -0.230107  -0.403624  -0.553012  -0.677846  -0.776416  -0.846365   -0.88558  -0.892759  -0.867667  -0.811213  -0.725454  -0.613418  -0.479396  -0.327569  -0.164851 0.00503771   0.174552   0.334633   0.489632   0.620889   0.729496    0.80773
  0.916595   0.933211   0.898533   0.852858   0.808457   0.732624   0.593226   0.394804   0.169091 -0.0526417  -0.253852  -0.430166  -0.581592  -0.707695  -0.806633  -0.875946   -0.91349     -0.918  -0.889331  -0.828516  -0.737774  -0.620299  -0.480624  -0.323005  -0.154865  0.0204086   0.194484   0.358177   0.516992   0.649875   0.758789   0.837869
  0.914154   0.925632   0.887619   0.841795   0.797292   0.719036    0.57585   0.374715   0.148813 -0.0708124    -0.2687  -0.441407  -0.589348  -0.712125  -0.807829  -0.873977  -0.908468  -0.910118  -0.878878  -0.815868  -0.723392  -0.604694  -0.464386  -0.306648  -0.139144  0.0351878   0.207577   0.368865   0.525946   0.655454   0.760682   0.838087
  0.878403   0.884784   0.844995   0.799967   0.756762   0.679427    0.53784   0.340877   0.122501 -0.0872187  -0.274521  -0.437208  -0.576175  -0.691078  -0.779992  -0.840487  -0.870579  -0.869212  -0.836435  -0.773424  -0.682482  -0.566791  -0.430879  -0.278691  -0.117885  0.0492372   0.213588   0.366742   0.516216   0.637563   0.735449   0.808163
  0.810246   0.812042   0.770992   0.727668   0.687933    0.61482   0.479488   0.293089  0.0899154  -0.102014  -0.271487  -0.417852  -0.542488  -0.645075  -0.723712  -0.776108  -0.800473  -0.795925  -0.762618  -0.701744  -0.615531  -0.506987  -0.380391  -0.239316 -0.0911325  0.0626198   0.212673   0.352237   0.487971   0.596869   0.683928   0.747976
  0.711203   0.707876   0.665616    0.62586   0.592034   0.525591   0.400482   0.231107  0.0511532  -0.114975    -0.2595  -0.383455  -0.488585   -0.57455  -0.639524  -0.681445  -0.698799  -0.690925  -0.658089  -0.601466  -0.523127  -0.425798  -0.313347   -0.18885 -0.0590614  0.0751779   0.205057   0.325255   0.441751   0.533782    0.60638   0.657945
  0.581759   0.571563   0.529373   0.496079   0.469835   0.411664   0.301045    0.15596 0.00766371  -0.124769  -0.237587  -0.333407  -0.414161   -0.47945  -0.527599  -0.556882   -0.56614  -0.554973  -0.523759  -0.473614  -0.406372  -0.324366  -0.230888  -0.128386 -0.0226828  0.0859818   0.190153   0.284862    0.37774   0.447855   0.502345   0.539404
  0.421956   0.403852   0.364767   0.340696   0.322729   0.274636   0.183919  0.0711191 -0.0372913  -0.128894  -0.204084  -0.266769  -0.318896  -0.360021  -0.388722  -0.403704  -0.404231  -0.390193  -0.362065   -0.32085  -0.268058  -0.205505  -0.135761 -0.0604744  0.0156592  0.0931714   0.166278   0.230164   0.295345   0.338995   0.372151   0.394508
  0.235363   0.210534   0.177996   0.164567   0.155261   0.120087  0.0553974  -0.017703 -0.0795214  -0.124902  -0.158108     -0.184  -0.204428  -0.218964  -0.226536  -0.226362  -0.218171  -0.202145  -0.178827  -0.149044  -0.113893 -0.0745586 -0.0327469  0.0108386    0.05277  0.0946802   0.132032   0.161761   0.194936   0.209836   0.219241   0.227161
   0.0322324   0.00338568   -0.0202922   -0.0230762   -0.0232301   -0.0422568    -0.075797    -0.104216    -0.115671    -0.112175    -0.101395   -0.0888638   -0.0762946   -0.0633419   -0.0493651   -0.0341372   -0.0178606 -0.000992569    0.0158973    0.0322128    0.0473496    0.0608298    0.0719279    0.0809387    0.0858816    0.0895814     0.088413    0.0828266    0.0807433    0.0671271    0.0517102    0.0450016
   -0.172256    -0.202581    -0.216565    -0.209359    -0.200065     -0.20094    -0.200989    -0.183406    -0.144393   -0.0926145   -0.0386483    0.0115148    0.0563017    0.0959214     0.130551     0.159861     0.183193     0.199848     0.209266     0.211121     0.205335     0.192165      0.17192      0.14584      0.11359    0.0788752    0.0393184 -0.000951205   -0.0386419   -0.0792038    -0.118548    -0.140312
 -0.363332  -0.393568  -0.398006  -0.381577   -0.36317  -0.346021  -0.313524  -0.252214   -0.16599 -0.0694952   0.024261   0.109006   0.183321   0.247259   0.300542   0.342314   0.371508    0.38722   0.388924   0.376569     0.3506   0.311976   0.262013   0.202783   0.135684  0.0648391  -0.010225 -0.0829424  -0.153395  -0.218813  -0.279263  -0.316024
 -0.530945  -0.560243  -0.555724  -0.530949  -0.504427  -0.471057  -0.409297  -0.309005  -0.181143 -0.0455857  0.0827075   0.197366   0.297156   0.381991   0.451172   0.503376   0.537182   0.551519   0.545912   0.520572   0.476418   0.415041   0.338669   0.250073   0.152298  0.0495601 -0.0563694  -0.157773  -0.256259  -0.343746  -0.421467  -0.472131
 -0.670343  -0.698067   -0.68534  -0.653335   -0.62009   -0.57296  -0.486173  -0.352787  -0.190041 -0.0221967   0.134366   0.273381   0.393849   0.495561   0.577456   0.637813    0.67492   0.687586   0.675391   0.638782   0.579092    0.49845   0.399858   0.286663   0.163338  0.0340524 -0.0973151  -0.222491  -0.343765  -0.449555  -0.540661  -0.603014
  -0.779866   -0.805342   -0.785217   -0.747327   -0.708883   -0.650496   -0.543061   -0.382815   -0.192423 0.000430843     0.17854    0.335962     0.47197    0.586263    0.677471    0.743552    0.782579    0.793279      0.7753    0.729296    0.656943    0.560809    0.444524    0.311876    0.168506   0.0184752    -0.13261   -0.276042   -0.414851   -0.534428   -0.635267    -0.70635
-0.858584 -0.881073 -0.854438 -0.812151 -0.770063 -0.702878 -0.579222 -0.398549 -0.188033 0.0222699   0.21496  0.384635  0.530874  0.653304  0.750305  0.819597  0.859108  0.867534  0.844599  0.791135  0.709091  0.601366  0.472071  0.325292  0.167579 0.0028038 -0.162083 -0.318021 -0.469029 -0.597558 -0.704503 -0.781132
 -0.905379  -0.924143  -0.892014  -0.846908  -0.802758  -0.729311  -0.594072  -0.399713  -0.176903  0.0430328   0.243142   0.418762   0.569797   0.695818   0.795018   0.864965    0.90352   0.909392   0.882394     0.8235    0.73486   0.619596   0.482141   0.326733   0.160571 -0.0127733   -0.18534  -0.347913  -0.505579   -0.63816  -0.747428  -0.826489
 -0.919235  -0.933619   -0.89717  -0.850891  -0.806289  -0.729257  -0.587358  -0.386386  -0.159391  0.0621734   0.262416   0.437585   0.587915   0.712938   0.810726   0.878785   0.914983   0.918096   0.888026   0.825856   0.733858   0.615263   0.474664   0.316296   0.147744 -0.0278436  -0.201809  -0.365074  -0.523682   -0.65544  -0.763123   -0.84163
 -0.899832  -0.909322  -0.869872  -0.824093  -0.780655  -0.702825  -0.559401  -0.359086  -0.136119  0.0790557   0.272184   0.440562   0.584745   0.704244   0.797082   0.860789   0.893322   0.893563    0.86151   0.798316   0.706291   0.588659   0.450006   0.294413   0.129572 -0.0419012   -0.21097  -0.369011  -0.522827  -0.648981  -0.751199  -0.826284
 -0.847903  -0.852156  -0.811132  -0.767509  -0.726804   -0.65099  -0.511224  -0.318807  -0.107928  0.0930795   0.272113   0.427612   0.560437   0.670093   0.754623   0.811675   0.839367   0.836727    0.80385   0.741917   0.653191   0.540774   0.409081   0.261887   0.106716 -0.0544439  -0.212504  -0.359608  -0.503072   -0.61906   -0.71212  -0.781066
 -0.765329  -0.764192  -0.723075  -0.683185  -0.646684  -0.575626   -0.44457  -0.267006 -0.0758352   0.103739   0.262206   0.399207   0.515873   0.611722    0.68489   0.733225   0.755075    0.74965   0.717137   0.658703   0.576484   0.473345    0.35337   0.219896   0.080003 -0.0650189  -0.206357  -0.337208  -0.465135  -0.566765  -0.647304  -0.707618
 -0.655094  -0.648607  -0.608885  -0.574169  -0.543192  -0.479457  -0.361848  -0.205554 -0.0410019   0.110649   0.242823   0.356374   0.452664   0.531241   0.590403   0.628274   0.643492   0.635478   0.604505   0.551681    0.47894   0.388808   0.284888   0.169957  0.0503986 -0.0732439  -0.192752   -0.30262  -0.410387  -0.493986  -0.559092  -0.608594
  -0.521182    -0.50958   -0.472688   -0.444401   -0.420067    -0.36596   -0.266048   -0.136673 -0.00468681    0.113561    0.214664    0.300661    0.373094    0.431561    0.474578    0.500616    0.508652    0.498338    0.470024    0.424721    0.364087    0.290218    0.206109    0.113875   0.0189727  -0.0788216   -0.172181   -0.257095   -0.340806   -0.403352   -0.450673   -0.487574
 -0.368433  -0.352136  -0.319406  -0.298571   -0.28176  -0.239236  -0.160633 -0.0628523  0.0317977   0.112367   0.178746   0.234081    0.28004   0.316282     0.3416   0.354865   0.355428   0.343188   0.318556    0.28241   0.236074   0.181139    0.11988  0.0536777 -0.0131389 -0.0815506  -0.145386  -0.202278  -0.258908  -0.298141  -0.325966  -0.348932
  -0.202369   -0.181964   -0.154581    -0.14195   -0.133269   -0.103865  -0.0494115   0.0132401   0.0671331    0.107113    0.136368    0.159041    0.176864    0.189573    0.196275    0.196287    0.189358    0.175633    0.155574    0.129891   0.0995294   0.0655131   0.0293191 -0.00845981  -0.0447757  -0.0813321   -0.113337    -0.14015   -0.167652   -0.182154   -0.189477   -0.197679
 -0.0289893 -0.00521587   0.0158315   0.0198024   0.0200382   0.0352588    0.063596   0.0888542    0.100042   0.0979867   0.0890606   0.0782524   0.0672964   0.0560115    0.043857   0.0306154   0.0164439  0.00173078  -0.0130311  -0.0273216  -0.0406127  -0.0524806  -0.0623017  -0.0702916  -0.0747942   -0.078174  -0.0771919  -0.0729559   -0.070337  -0.0595826  -0.0461406  -0.0392809
   0.145438     0.17172    0.185673    0.180838     0.17262     0.17311    0.174305    0.161256    0.129334   0.0853196   0.0385352 -0.00536425  -0.0447039  -0.0795743   -0.110146   -0.136163   -0.157064   -0.172234   -0.181165   -0.183547   -0.179287   -0.168577   -0.151671   -0.129583   -0.102109  -0.0721906  -0.0382564 -0.00312583   0.0295207   0.0651416   0.0988633    0.120537
  0.314606   0.342452   0.348803   0.335335   0.318966   0.304706   0.278712   0.227828   0.153954  0.0695701 -0.0133833 -0.0887877  -0.155089  -0.212284  -0.260169   -0.29802  -0.324896  -0.339974  -0.342751  -0.333138  -0.311481  -0.278582  -0.235558  -0.184191  -0.125734  -0.063598 0.00206162  0.0668172   0.128312    0.18751   0.240295      0.276
  0.472403   0.500809    0.49932   0.477716   0.453788   0.425283   0.373042    0.28617   0.173013   0.051305 -0.0648206  -0.169003  -0.259868  -0.337321  -0.400787  -0.449106  -0.480985  -0.495426  -0.491949  -0.470689  -0.432418  -0.378517  -0.310932  -0.232141  -0.144815 -0.0527064  0.0423042   0.134347   0.222463   0.303104   0.373044   0.421482
  0.613143   0.641053   0.631792   0.602846   0.572199   0.530479   0.453899    0.33418   0.185815  0.0311773  -0.113918  -0.243108  -0.355252  -0.450165  -0.526921   -0.58396   -0.61969  -0.632973  -0.623367  -0.591229  -0.537726  -0.464772  -0.375067  -0.271702  -0.158661 -0.0399107  0.0810194    0.19702   0.308573   0.407747   0.492302    0.55173
  0.731716   0.758119   0.741461   0.706172     0.6699    0.61652   0.518377   0.370102   0.191879 0.00991665   -0.15889  -0.308418  -0.437794  -0.546738   -0.63401  -0.697708  -0.735998  -0.747642  -0.732255  -0.690399  -0.623599  -0.534228  -0.425647  -0.301442  -0.166773 -0.0256737   0.116809   0.252563   0.383544    0.49764   0.593763    0.66206
  0.823775   0.847828   0.824331   0.783915   0.743412   0.680336   0.564104   0.392596   0.190994 -0.0116772  -0.198092   -0.36257  -0.504512  -0.623554  -0.718187   -0.78624  -0.825706   -0.83529  -0.814678  -0.764618  -0.686935  -0.584379  -0.460846   -0.32029  -0.168861  -0.010507   0.148367   0.298989   0.444643   0.569537   0.673792   0.748457
