  0.485512   0.569578   0.639432   0.677607   0.678157   0.659264   0.637214   0.603368   0.535222   0.421905   0.273409   0.110444 -0.0489854  -0.195048  -0.324218  -0.435447  -0.527754  -0.599621   -0.64932   -0.67539  -0.677019  -0.654156  -0.607634   -0.53928  -0.451046  -0.347218  -0.230123  -0.104833  0.0240896   0.149847   0.277965   0.385488
  0.572754    0.66749   0.743287   0.779645   0.774566   0.751599   0.725764   0.682528   0.596271   0.458439   0.283696  0.0962201 -0.0846907  -0.249193  -0.393995  -0.518058  -0.620185  -0.698566  -0.751237  -0.776604  -0.773902  -0.743156  -0.685635  -0.603333   -0.49889   -0.37735  -0.240829 -0.0964311  0.0513978   0.195505   0.341086   0.460648
  0.639175   0.741288   0.820402   0.853438     0.8429   0.816886   0.788207    0.73697   0.635659   0.478397    0.28382  0.0786051  -0.117305  -0.294348  -0.449564  -0.581975  -0.690225  -0.772284  -0.826023   -0.84977  -0.842834  -0.805314  -0.738872   -0.64559   -0.52872  -0.393829  -0.242866 -0.0845138  0.0768593   0.234053   0.391931   0.519248
  0.682397   0.788516   0.867908   0.896252   0.880904   0.852901   0.822149   0.764592   0.652032   0.481214   0.273843  0.0581844  -0.145755  -0.328981  -0.488994  -0.624949  -0.735395  -0.818156  -0.871012  -0.892273  -0.881343  -0.838395  -0.765417  -0.664521  -0.539423  -0.396056  -0.236095 -0.0694652  0.0995556   0.264202   0.428765   0.559089
  0.701317   0.807541    0.88391   0.906762   0.887462   0.858166   0.826075   0.764402   0.644986    0.46684   0.253951  0.0354113  -0.169278  -0.352039  -0.511006  -0.645535  -0.754144   -0.83458  -0.884605  -0.902573  -0.888005  -0.841142  -0.764223  -0.659335  -0.530465  -0.383851  -0.220534 -0.0517481   0.118823   0.285138   0.450255   0.578713
  0.695633   0.797386   0.867841   0.884887   0.862099   0.831884    0.79957   0.736482   0.614703   0.435344   0.224215  0.0105207  -0.187447  -0.362967  -0.514975  -0.643081   -0.74581  -0.820903  -0.866181  -0.880099  -0.862318  -0.813139  -0.734986  -0.629822    -0.5018  -0.357216  -0.196386 -0.0316755   0.134357   0.296348   0.455665   0.577702
   0.664975    0.757861    0.820324    0.830958     0.80455    0.774077    0.743238     0.68143    0.561353    0.386638    0.184614  -0.0163347   -0.200019   -0.361538   -0.500743     -0.6175   -0.710367   -0.777149   -0.815806   -0.824956   -0.804421   -0.754554   -0.677897   -0.576172   -0.453694   -0.316263   -0.164019 -0.00932061    0.146054    0.297403    0.445049    0.556286
  0.608831   0.689584   0.742181   0.744979    0.71488   0.685628   0.658135   0.599702   0.484906   0.320748   0.135476 -0.0446577   -0.20655  -0.347483   -0.46823  -0.568871  -0.648022  -0.703628  -0.733877  -0.737613  -0.714835  -0.665951  -0.593521  -0.498974   -0.38666  -0.261499  -0.123903  0.0150563   0.153617   0.287927   0.418801   0.514409
  0.527235   0.593462   0.633591   0.626906   0.594064   0.568118   0.545324   0.491719   0.385862    0.23871  0.0782096 -0.0730789  -0.205987  -0.320135  -0.417122  -0.497179  -0.559021  -0.600828  -0.621096   -0.61896  -0.594606  -0.548495  -0.483083  -0.399535  -0.301858  -0.194287 -0.0769107  0.0403741   0.156197   0.267545   0.376706   0.451482
  0.421281   0.470398   0.494889   0.478104   0.444715   0.423999   0.406474   0.359129   0.266602   0.143523   0.015789 -0.0991803  -0.196666  -0.278557  -0.347119  -0.402692  -0.444155  -0.470011  -0.479151  -0.471048  -0.446075  -0.404727  -0.349243  -0.280528   -0.20185  -0.117145 -0.0250029  0.0646199   0.152343    0.23574   0.317796   0.367433
  0.293533   0.322465   0.328939   0.303124   0.271852   0.257526   0.245473   0.206437   0.132357  0.0403536 -0.0475443  -0.120063  -0.177046  -0.222426  -0.258974  -0.287129  -0.306004   -0.31452  -0.312023  -0.298347  -0.274043  -0.239594  -0.196954  -0.146635  -0.091084 -0.0337733  0.0285366  0.0854645   0.140533    0.19216   0.241777   0.264141
   0.148919    0.155074    0.143096    0.110547   0.0835151   0.0759215   0.0696979   0.0415896 -0.00910648  -0.0643489   -0.107376   -0.133493   -0.146902   -0.153287   -0.155789   -0.154963   -0.150228   -0.140983   -0.127065   -0.108672  -0.0865047  -0.0609796  -0.0337144 -0.00464396    0.024426   0.0512597   0.0799125    0.101111    0.120197    0.137583    0.150967    0.146102
-0.00460802 -0.0221296 -0.0511562 -0.0879075   -0.10953  -0.110558  -0.110417  -0.125215  -0.149041  -0.164325   -0.16032  -0.138848  -0.108079 -0.0751517 -0.0434735 -0.0137309  0.0143057  0.0407246  0.0652006  0.0871854   0.105878   0.120952    0.13121   0.137359   0.138118   0.133177   0.126082   0.110817   0.092533  0.0747856  0.0509276  0.0200534
 -0.157062  -0.197131   -0.24089  -0.279788  -0.295545  -0.290369  -0.283549  -0.283802  -0.279564  -0.254659  -0.204532  -0.137126 -0.0641056   0.006231  0.0703039   0.127296   0.177069   0.219207    0.25292   0.277344   0.291625    0.29553   0.288376   0.271411   0.243993   0.207801   0.165355   0.114894  0.0603115 0.00828808 -0.0508871  -0.106145
 -0.298948  -0.358944  -0.414959  -0.454533  -0.464307  -0.453358  -0.440074  -0.426016  -0.394784  -0.332081  -0.239345  -0.130066 -0.0188698   0.085081   0.178142   0.259389   0.328334   0.384088   0.425448   0.451274   0.460702   0.453578   0.429797   0.390975   0.337327   0.272066   0.197039   0.114241  0.0267066 -0.0570122  -0.147457  -0.225021
  -0.423435   -0.500011   -0.565831    -0.60494   -0.608751   -0.592554   -0.573524   -0.546496   -0.490914   -0.394587   -0.264542   -0.119131   0.0246415    0.157072    0.274574    0.376157    0.461021    0.527861    0.575118     0.60143    0.605949    0.588598    0.549845    0.491533    0.414848     0.32402    0.220759    0.109764 -0.00589048   -0.117254   -0.233859   -0.330794
 -0.526738  -0.616317  -0.689411  -0.726967  -0.724942  -0.704171  -0.680391  -0.642246   -0.56573  -0.440908  -0.279886  -0.105083  0.0647554   0.219731   0.356444   0.473889   0.571003   0.646132   0.697429   0.723362   0.723131   0.696728   0.645147   0.570377   0.474517   0.362498   0.236116   0.102007 -0.0362428  -0.170143  -0.307459  -0.419841
 -0.607073  -0.705998  -0.783666  -0.818527  -0.810909  -0.786389  -0.758955  -0.711675  -0.617922  -0.470199  -0.285086 -0.0881869   0.100708   0.271862   0.422192   0.550724   0.656187   0.736648   0.790048   0.814748   0.810011   0.775906   0.713879    0.62601   0.515165   0.386806   0.242742  0.0911883 -0.0638602  -0.214572  -0.367036  -0.490229
 -0.663418  -0.767949  -0.847357  -0.878363  -0.865521  -0.838194  -0.808224   -0.75382  -0.646689  -0.481957      -0.28 -0.0686388   0.132018   0.312752   0.470912     0.6056   0.715389   0.798144   0.851675   0.874294   0.865354   0.824996   0.755043   0.657619   0.536176    0.39658   0.240472  0.0774558 -0.0884246  -0.249928  -0.411836  -0.540893
 -0.694945  -0.801258  -0.879518  -0.905585  -0.888024  -0.858908   -0.82754  -0.768094  -0.651638  -0.476071  -0.264799 -0.0468359   0.158129   0.341731    0.50185   0.637699   0.747751   0.829752   0.881458   0.901197   0.888432   0.843372   0.768143   0.664843   0.537351   0.391774   0.229436  0.0610934  -0.109496  -0.275665  -0.441135  -0.571094
 -0.701088  -0.805331  -0.879608  -0.899802   -0.87817  -0.848332  -0.816716   -0.75441  -0.632891  -0.452902  -0.240027 -0.0234124   0.178384   0.358155   0.514391   0.646446   0.752751   0.831012   0.879016   0.895166   0.879056   0.830954   0.753206   0.647819    0.51894   0.372719   0.210073  0.0425781  -0.126519  -0.291235  -0.454296  -0.580324
  -0.681826    -0.78023   -0.847838   -0.861432   -0.836515   -0.807035   -0.776319   -0.713412   -0.591234   -0.413345   -0.206577 0.000840146    0.192155    0.361582    0.508273     0.63175    0.730455    0.802142    0.844706    0.856684    0.837814    0.788417    0.710971     0.60732    0.481726    0.340165    0.183103   0.0225369   -0.138949   -0.296224    -0.45099   -0.568488
 -0.637909  -0.726919  -0.785414  -0.791915  -0.764614  -0.736559  -0.707854  -0.646621  -0.528201  -0.358844  -0.165661  0.0250593   0.198975    0.35193   0.483771   0.594204   0.681741    0.74426   0.779845   0.787219   0.766272   0.717366   0.643024   0.544858   0.427091   0.295311   0.149512 0.00168328  -0.146354  -0.290496  -0.431375  -0.536087
-0.570936 -0.647333   -0.6946 -0.693775 -0.665077 -0.639461 -0.613804 -0.556458 -0.446077 -0.291373 -0.118757 0.0483725  0.198603  0.329557  0.441783   0.53518  0.608384  0.659477  0.686797  0.689299  0.667032  0.620386  0.551834  0.462702  0.357018  0.239783  0.110517 -0.019231 -0.148469 -0.274267 -0.396168 -0.484307
 -0.483327  -0.544351  -0.578683  -0.570559  -0.541503  -0.519252   -0.49757  -0.446184   -0.34783  -0.213371 -0.0675605  0.0699373   0.191052   0.295272   0.383828   0.456813   0.513038   0.550858   0.568925   0.566466   0.543684   0.500983     0.4407   0.363822   0.274042   0.175588  0.0675279 -0.0394502  -0.145218  -0.248126  -0.346643  -0.415023
 -0.378249  -0.421695  -0.441849  -0.426723  -0.398357  -0.380275  -0.363352  -0.319783  -0.237013  -0.127657 -0.0139224  0.0889743   0.176597   0.250316      0.312   0.361936    0.39915    0.42233   0.430491   0.423159   0.400686   0.363473   0.313637   0.251792   0.181161   0.105047  0.0220978 -0.0582437  -0.136718  -0.213016  -0.284589  -0.330739
   -0.2595  -0.283797  -0.289046  -0.267464  -0.240813  -0.227553  -0.216002  -0.181825  -0.117628 -0.0373295  0.0402186   0.104795   0.155758   0.196313   0.228895   0.253977   0.270836   0.278537   0.276498   0.264559   0.243206   0.212826   0.175238   0.130663  0.0817319  0.0307097  -0.024131 -0.0749321  -0.123277  -0.170208  -0.212249    -0.2345
 -0.131374  -0.135642  -0.125798 -0.0985376  -0.074564 -0.0666083 -0.0608466 -0.0372936 0.00600884  0.0543467  0.0929052   0.116829   0.129291   0.135215   0.137518   0.136839   0.132733   0.124677   0.112512  0.0963959  0.0769356  0.0544873   0.030506 0.00481023 -0.0206507 -0.0447378 -0.0694879 -0.0889117  -0.105381  -0.121248  -0.132238  -0.129788
 0.0015045  0.0174143  0.0419965  0.0739534  0.0943776  0.0967409  0.0965112   0.108588   0.129426   0.144057   0.142235   0.124642  0.0981513  0.0692293  0.0411698  0.0147551 -0.0101677 -0.0336882 -0.0555412 -0.0752508 -0.0921153  -0.105821  -0.115329  -0.121216  -0.122287  -0.118569  -0.112333 -0.0996787 -0.0836761 -0.0679043 -0.0474481  -0.020385
    0.13433    0.169837     0.20828     0.24377    0.259901    0.256599    0.250387     0.25054     0.24816    0.228562    0.186428    0.127951    0.063462 0.000739715  -0.0566665   -0.107862     -0.1527   -0.190836   -0.221587   -0.244178   -0.257837   -0.262304   -0.256995   -0.242861   -0.219503   -0.188114   -0.151117   -0.106844  -0.0589445  -0.0121079   0.0390541   0.0897589
  0.262286   0.316129   0.367039   0.404762   0.416036   0.407196   0.395206   0.383424   0.357929   0.304817   0.223886   0.126629  0.0264743  -0.067777  -0.152453  -0.226579  -0.289713  -0.341087  -0.379623   -0.40428   -0.41424  -0.409307  -0.389373  -0.355728  -0.308787  -0.250859  -0.184443  -0.110145 -0.0320836  0.0441214   0.124151   0.196662
   0.380755    0.451013    0.512511    0.551122    0.557163     0.54307    0.525713    0.502453    0.454785    0.370062    0.253238    0.120719  -0.0114711   -0.133838   -0.242725   -0.337105   -0.416255    -0.47901    -0.52394    -0.54977   -0.555671   -0.541517   -0.507678   -0.455739    -0.38691   -0.304538   -0.211103    -0.10946 -0.00407077   0.0987608    0.204769    0.296441
