  0.200842   0.277072   0.344755    0.40907   0.458535   0.479149   0.475919   0.466183   0.455951   0.432805   0.380817   0.296216   0.188823   0.073329 -0.0387471  -0.141395  -0.232396  -0.310911  -0.376069  -0.426735   -0.46156   -0.47972  -0.480298  -0.463722  -0.430383  -0.381039  -0.318635  -0.244781  -0.160039 -0.0727818  0.0185818   0.109793
  0.287619   0.381517   0.465824   0.541819   0.594042   0.611026   0.603601   0.590206   0.571881   0.531171   0.452034   0.334849   0.194247  0.0479407 -0.0914552  -0.217795  -0.328857  -0.423605  -0.500839  -0.559048  -0.596678  -0.612716  -0.606413  -0.578434  -0.529338  -0.461041  -0.376481  -0.278316  -0.168212  -0.056152    0.06172   0.176007
   0.36407    0.47217   0.569988   0.655038   0.708131   0.720746   0.709418   0.692967   0.667212   0.610316   0.506848   0.361358   0.192681  0.0208629  -0.140833  -0.286321  -0.413438  -0.520997  -0.607513  -0.671162  -0.710235  -0.723572  -0.710618  -0.672246  -0.609164  -0.524395   -0.42071  -0.301809  -0.170314 -0.0374646   0.102605   0.235818
    0.42746    0.545662    0.653577    0.744706    0.796572    0.804319    0.789682    0.770827    0.738426    0.667295    0.543295    0.374865    0.184242 -0.00691718   -0.185121   -0.344526    -0.48311   -0.599587   -0.692255   -0.759039   -0.798144   -0.808294    -0.78916    -0.74177      -0.667    -0.56879   -0.449748   -0.314414   -0.166226  -0.0174255    0.139733    0.287172
  0.475345   0.599393   0.713768   0.807509   0.856081   0.858901   0.841661   0.820892   0.782791   0.700046   0.560186   0.374982   0.169231 -0.0344762  -0.222815  -0.390388  -0.535415  -0.656585  -0.752043  -0.819541  -0.857255  -0.863844  -0.839211    -0.7845  -0.700748  -0.592597  -0.462547  -0.315609  -0.156056 0.00321878   0.171871   0.328351
  0.505943   0.631753   0.748445   0.841014   0.884669   0.882801   0.863412   0.841072   0.798611   0.707528   0.557031   0.361637   0.147972 -0.0610637  -0.252756  -0.422399  -0.568576  -0.690015  -0.784779   -0.85052  -0.885446  -0.888204  -0.858915   -0.79885  -0.709069  -0.594902  -0.458495    -0.3052  -0.140119   0.023901   0.198099    0.35785
  0.518585   0.641885   0.756115   0.844004   0.881628   0.875103   0.853649   0.830288   0.785338   0.689525   0.533715   0.334827     0.1207 -0.0861536  -0.274164  -0.439603  -0.581518  -0.698731  -0.789279  -0.850792  -0.881575  -0.880314  -0.847338  -0.784032   -0.69135  -0.575337  -0.437352  -0.283269  -0.118746   0.044312    0.21768   0.374536
  0.513399    0.62918   0.736109    0.81648   0.846926   0.835239    0.81185   0.788558   0.743259   0.646155   0.490159   0.294523  0.0876064  -0.109352  -0.286547  -0.441484  -0.573741  -0.682257  -0.765099  -0.819953  -0.845291  -0.839874  -0.804274  -0.739868  -0.647596  -0.533862  -0.399258  -0.250076 -0.0921031  0.0641546   0.230011    0.37798
 0.490264  0.593082  0.688649  0.758999  0.780491  0.762961  0.738406  0.716706   0.67292  0.577499  0.426339  0.240934  0.049154 -0.130112 -0.289426 -0.427701 -0.545038 -0.640501 -0.712245 -0.758099 -0.776766 -0.767135  -0.73004   -0.6667 -0.578272 -0.470805 -0.344751 -0.206072   -0.0604 0.0828167  0.234697  0.368285
  0.448287   0.533386   0.614427   0.671854   0.682178   0.658781   0.634621   0.615922    0.57489    0.48389   0.342899   0.175123 0.00655934  -0.147361  -0.282027  -0.397791  -0.495225  -0.573522   -0.63099  -0.665699  -0.676641  -0.662901  -0.625527  -0.565574  -0.484379  -0.387273  -0.274888  -0.152195 -0.0244635  0.0992813   0.231392   0.345301
  0.386556   0.450605   0.514181   0.555241   0.552736   0.524644   0.502751   0.487855    0.45043   0.366936   0.242074  0.0996153 -0.0378712  -0.159333    -0.2632  -0.351184  -0.424244  -0.481722  -0.522157  -0.543957  -0.546451  -0.528995  -0.492738  -0.438719  -0.368024  -0.285633  -0.191656 -0.0903315   0.013831   0.112242   0.219345   0.308241
  0.305511   0.346287   0.389238   0.410789   0.395251   0.364592   0.346476   0.335589   0.302818   0.230644   0.128289  0.0185158 -0.0809229  -0.163912    -0.2319  -0.287791  -0.332864  -0.366644  -0.387985  -0.395714  -0.389546  -0.369133  -0.335652  -0.290199  -0.233208  -0.169786 -0.0984738 -0.0235097  0.0517471   0.120269   0.197339   0.256444
    0.207875     0.223641     0.243067     0.243428     0.216195     0.185258     0.171737      0.16488     0.138367    0.0817628   0.00787075   -0.0631283    -0.119254    -0.159492    -0.188106    -0.209004    -0.223731    -0.232044    -0.233187    -0.226463    -0.212002    -0.189731    -0.160864    -0.126391   -0.0861481   -0.0451512 -0.000191533    0.0444402    0.0864424     0.122108     0.164577     0.190749
  0.0987282   0.0882821   0.0825273   0.0619679   0.0252796 -0.00414901  -0.0128481  -0.0155071  -0.0338407  -0.0710768   -0.112071    -0.14043   -0.150385   -0.145862   -0.133637   -0.118435   -0.102033  -0.0844606  -0.0653993  -0.0446605  -0.0227867 5.96694e-05   0.0225967   0.0442202    0.065277   0.0817382   0.0976443    0.109606    0.115799    0.117177     0.12195    0.114234
-0.0151738 -0.0518421 -0.0826025  -0.122273  -0.166027  -0.192812  -0.196767  -0.194959  -0.203529  -0.218994  -0.224986  -0.209593  -0.173253  -0.124465 -0.0721631 -0.0217159  0.0249095  0.0673921   0.105596   0.139198   0.167281   0.189462   0.204431   0.212122   0.212735   0.204053   0.189839   0.168693   0.138819   0.105972  0.0724516  0.0318024
  -0.126668    -0.18792   -0.241814   -0.298014   -0.346701   -0.370138   -0.369515   -0.363131   -0.361257   -0.354393   -0.325767   -0.268198   -0.188024   -0.097817 -0.00829302   0.0747212    0.149121    0.214303    0.269693    0.314479    0.347428    0.367934    0.374766    0.368341    0.348707    0.315664    0.272246    0.219362    0.155423   0.0899425   0.0202659  -0.0510201
 -0.229591  -0.312318  -0.386327  -0.456219  -0.507993  -0.527553  -0.522547   -0.51181  -0.499813  -0.471722  -0.410908  -0.314884  -0.195391 -0.0684941  0.0537211    0.16517   0.263683   0.348405   0.418365   0.472304   0.508748   0.526862   0.525606    0.50572   0.467308   0.411861   0.341896   0.260155   0.165902  0.0708823 -0.0307239  -0.129325
 -0.319637  -0.419825  -0.510313  -0.590942  -0.644081  -0.659314  -0.650183  -0.635617  -0.614522  -0.567396  -0.478165  -0.348843  -0.195949 -0.0383861   0.110836   0.245591   0.363729   0.464191   0.545665   0.606508   0.645067   0.660303   0.651433   0.619383   0.564492     0.4895   0.396779   0.290212   0.170468  0.0502788 -0.0778879  -0.199542
  -0.394293   -0.507532   -0.610563   -0.698817   -0.751586   -0.762116   -0.749234   -0.731537   -0.702692   -0.639259   -0.526119   -0.369501    -0.18998 -0.00856901    0.161275    0.313607    0.446385    0.558399    0.648061    0.713416    0.752694    0.764698    0.748918    0.706403     0.63777    0.546705    0.435595    0.309004    0.169143   0.0290538   -0.119846   -0.259473
 -0.452178  -0.573917  -0.685387  -0.777987  -0.828605  -0.834161   -0.81803  -0.797974  -0.762816  -0.686035  -0.553893  -0.376486  -0.177622  0.0203616    0.20405     0.3679    0.51006   0.629226   0.723596    0.79099   0.829581   0.838069   0.816207   0.765149   0.685734   0.582436   0.457583    0.31623   0.161914 0.00771554  -0.155903  -0.307863
 -0.492393  -0.618021  -0.733723  -0.827278  -0.873976  -0.874418   -0.85565  -0.834033  -0.794034  -0.707017   -0.56107  -0.369722  -0.159122  0.0478959   0.238448   0.407598   0.553754   0.675576   0.771118   0.838056   0.874574   0.879323   0.852308   0.794769    0.70769   0.596211   0.462439   0.311841   0.148931 -0.0133466  -0.185517  -0.343895
 -0.514248  -0.639147  -0.754829  -0.845937  -0.887049  -0.882388  -0.861679  -0.839316  -0.796001  -0.702028  -0.547722  -0.349537  -0.134991  0.0734101   0.263788   0.431991   0.576752    0.69674   0.789944   0.853981   0.887107   0.887983    0.85685   0.795009   0.703516   0.588034   0.450306   0.296102   0.130591 -0.0336687  -0.208097  -0.366931
 -0.517324   -0.63696  -0.748417  -0.833775   -0.86782  -0.858236  -0.836343  -0.814054  -0.769013  -0.671523  -0.514492  -0.316694  -0.106022  0.0961706   0.279438   0.440567   0.578659   0.692446   0.779921   0.838731   0.867269   0.864252   0.830146   0.766273   0.673709   0.558454    0.42179   0.269628   0.107532 -0.0526795  -0.223048  -0.376492
 -0.501651  -0.611694  -0.714892  -0.791413  -0.817163  -0.803003  -0.780721  -0.759313  -0.714182  -0.616708  -0.462642  -0.272398 -0.0732309   0.115428   0.284945   0.433161   0.559582   0.663046   0.741623   0.793077   0.815995   0.809196   0.773356    0.70977   0.619491   0.508646   0.377996   0.233399  0.0805829 -0.0697592  -0.229912  -0.372383
 -0.467835  -0.564308  -0.655516  -0.720433  -0.736957  -0.718736  -0.696869  -0.677118  -0.633527  -0.539595  -0.394065  -0.218254 -0.0377949   0.130507   0.280143   0.410087   0.520264   0.609662   0.676501   0.718739   0.735207   0.724874   0.688596   0.627598   0.542868   0.440442   0.320531   0.188731  0.0507198 -0.0843118   -0.22846    -0.3548
    -0.41711    -0.496525    -0.572446    -0.623413    -0.630113    -0.608489    -0.587829    -0.570448    -0.529974    -0.442979    -0.311246    -0.156222 -0.000993069     0.140869     0.265215     0.372189      0.46214     0.534241     0.586924      0.61842     0.627844      0.61435     0.578945     0.522739     0.446622     0.356318     0.251479     0.137242     0.019023   -0.0958161    -0.218751    -0.324392
 -0.351308  -0.410796  -0.468686  -0.503861  -0.500496   -0.47625  -0.457542   -0.44316  -0.407267  -0.330352  -0.217176  -0.088543  0.0358444   0.146139   0.240701   0.320839   0.387313   0.439511   0.476135   0.495749   0.497788   0.481621   0.448369   0.398987   0.334233   0.259315   0.173339  0.0807914 -0.0133614  -0.103857  -0.201135  -0.282259
 -0.272809  -0.310221  -0.347986  -0.366099   -0.35279  -0.326797  -0.310718  -0.299857   -0.26984  -0.205785  -0.115257 -0.0176646   0.071386   0.146128   0.207488   0.257893   0.298487   0.328895   0.348137    0.35516   0.349741   0.331485   0.301587   0.260814   0.209764    0.15294  0.0889331  0.0214211 -0.0452625  -0.108145  -0.176251  -0.229923
  -0.184453   -0.198432   -0.214709   -0.215106   -0.192332   -0.165531   -0.152667   -0.145717   -0.122658  -0.0737791 -0.00917299   0.0538512    0.104348    0.140835    0.166776    0.185626    0.198872    0.206393    0.207556    0.201735    0.189053    0.169368    0.143906    0.113215   0.0777139   0.0410372  0.00131259  -0.0387228  -0.0755279   -0.108524   -0.144995   -0.169277
  -0.08943 -0.0794685 -0.0736751 -0.0563381 -0.0249184  0.0017139  0.0108995   0.013694  0.0289597  0.0608905  0.0972393   0.123421   0.133541   0.130454   0.120036   0.106649  0.0920698  0.0764306  0.0594733  0.0410185  0.0215321 0.00112966 -0.0189769 -0.0384762 -0.0571449 -0.0723491 -0.0863548 -0.0974669  -0.103065  -0.104981  -0.108497  -0.102516
0.00883414  0.0423619   0.070019   0.104475   0.143392   0.168889   0.174078   0.172617   0.179526   0.193352   0.200139   0.188537   0.157909   0.115355  0.0689542  0.0238174 -0.0180596 -0.0562934 -0.0907583   -0.12118  -0.146767  -0.167149  -0.181174  -0.188777  -0.189938  -0.183122  -0.170899   -0.15269  -0.126876 -0.0976396 -0.0680824 -0.0320521
  0.106783   0.162651   0.211196   0.261512   0.306502   0.329966   0.330982   0.325295   0.323587   0.318827   0.295817   0.246843   0.176564  0.0960805   0.015379 -0.0598738  -0.127534  -0.186982  -0.237709  -0.278999  -0.309761  -0.329387  -0.336823  -0.332254  -0.315868  -0.287273  -0.249269  -0.202396  -0.146097 -0.0867737 -0.0252112  0.0395809
