  0.389109   0.471699   0.545769   0.599704   0.618819   0.609932    0.59276   0.572031   0.531218   0.452425   0.334461   0.192068  0.0438941 -0.0968223  -0.223873  -0.335234   -0.43004  -0.507162  -0.565075  -0.602257  -0.617569  -0.610571  -0.581396  -0.531447  -0.461891  -0.376036  -0.276575  -0.166688 -0.0503844   0.064166   0.183268   0.289911
   0.47923   0.575022   0.659107   0.715307   0.730083   0.716269   0.695627   0.668207   0.612235   0.509584   0.363169   0.192296  0.0182149  -0.145125  -0.291613  -0.419319  -0.527239   -0.61394  -0.677602  -0.716475  -0.729388  -0.715897  -0.676513  -0.612837  -0.526558  -0.421995  -0.301544  -0.170215 -0.0325158   0.102951   0.243104   0.365433
   0.552034    0.657485    0.748711      0.8051    0.814855    0.796705    0.773479    0.740292    0.671048    0.548249    0.378769    0.185649 -0.00806322   -0.188166   -0.348825    -0.48827   -0.605399   -0.698545   -0.765653   -0.804811   -0.814859    -0.79536   -0.747194   -0.672084   -0.572213   -0.452694   -0.315636   -0.167593  -0.0134452    0.137985    0.294137    0.427834
  0.604733   0.716256   0.811423   0.865702   0.870113   0.848539   0.823531   0.785534   0.705468   0.567115   0.380819   0.172407 -0.0340333  -0.224463  -0.393507  -0.539644  -0.661738  -0.757953  -0.826076  -0.864101  -0.870914  -0.846107  -0.790891  -0.707053  -0.597199   -0.46701  -0.318342  -0.158858 0.00613659   0.168004   0.334642   0.474887
  0.635577   0.749473   0.844854   0.894894   0.894146   0.870012    0.84376   0.802131   0.714342   0.565671    0.36927   0.152906 -0.0589588  -0.252882  -0.424181  -0.571687    -0.6943  -0.790081  -0.856735  -0.892228  -0.895536  -0.866292  -0.805989  -0.716443  -0.600516  -0.464394  -0.309413  -0.144246  0.0255693   0.192131   0.363278   0.504791
  0.644014    0.75596   0.847586   0.891875   0.886295   0.860022   0.833017   0.789437    0.69749     0.5439   0.344178   0.127377 -0.0823572  -0.272701  -0.439945  -0.583381  -0.701993  -0.793801  -0.856502  -0.888106  -0.887714  -0.855018  -0.791739  -0.699671  -0.581781  -0.444684  -0.288838  -0.124077    0.04442   0.209853   0.379044   0.516513
  0.629963   0.735019   0.819454   0.856897   0.846315   0.818035   0.791212   0.747805     0.6552   0.501827   0.305496  0.0959219   -0.10394  -0.283529  -0.440388  -0.574331   -0.68445  -0.768777  -0.825075  -0.851473  -0.847237  -0.812128  -0.748059  -0.656684  -0.541094  -0.407895  -0.256876 -0.0985718   0.062539   0.220745   0.381466   0.509962
  0.592983   0.686554   0.761212   0.790332   0.773993   0.744239   0.719165   0.677964   0.587668   0.439364   0.253264  0.0588162  -0.123329   -0.28504  -0.425306  -0.544461  -0.641699  -0.715119  -0.762637  -0.782574    -0.7744  -0.737961  -0.675313  -0.587859  -0.478869  -0.354311  -0.214004 -0.0679367  0.0797679   0.224282    0.37064   0.485378
  0.532415   0.611119   0.673558    0.69212    0.66948   0.639712   0.618142   0.580552   0.495073   0.356856   0.188248  0.0170525  -0.139614  -0.276582  -0.394335  -0.493657  -0.573839  -0.633114  -0.669637  -0.682005  -0.669919  -0.633337  -0.574362  -0.494149  -0.395952  -0.284906  -0.160989 -0.0328766  0.0954441   0.219867   0.346645   0.442463
  0.448285   0.509646   0.556772   0.562485     0.5342   0.506577   0.489765   0.456581   0.378602   0.256146   0.112721 -0.0271949  -0.151084  -0.257014  -0.346868  -0.421781  -0.481151  -0.523423  -0.547086  -0.551083  -0.535371  -0.500039  -0.447114  -0.377583  -0.294233  -0.201773 -0.0993747 0.00493115   0.108117   0.206821   0.308846   0.380513
  0.342094   0.383619   0.412042   0.403787   0.371854   0.348469   0.336911   0.308897   0.241841   0.141426  0.0307313 -0.0706672  -0.155534  -0.225163  -0.282652  -0.329398  -0.364936  -0.388017  -0.397545  -0.392865  -0.374202  -0.341763  -0.297416  -0.241954  -0.177395  -0.108316 -0.0320601  0.0429384   0.115814   0.184399    0.25624    0.29974
   0.217381      0.2364    0.243742    0.222191    0.189167    0.171388    0.165142    0.143543   0.0914307   0.0191033  -0.0525027   -0.109848     -0.1512   -0.180861   -0.202927   -0.218998   -0.228799   -0.231462    -0.22637   -0.213301   -0.192746   -0.164981    -0.13169  -0.0932854  -0.0511136 -0.00915863   0.0368515   0.0783868     0.11684    0.152252    0.189027    0.202601
   0.0801975    0.0747811    0.0606049    0.0278007  -0.00411741   -0.0157729   -0.0166997   -0.0302529    -0.063708    -0.103375    -0.131823    -0.142092      -0.1378    -0.125923    -0.111358   -0.0958679   -0.0794138   -0.0615655   -0.0422167    -0.021583 -0.000390827    0.0210493    0.0412829     0.060458    0.0776193    0.0902894     0.103068     0.109059     0.110687     0.111277     0.110112    0.0940804
-0.0611538  -0.091196  -0.125537  -0.167108  -0.196451  -0.202017  -0.197599   -0.20175  -0.214203  -0.219065  -0.203212  -0.166285   -0.11686 -0.0642134 -0.0138545  0.0323202  0.0740904   0.111426   0.143926   0.170955   0.191598   0.205523   0.211588   0.210528   0.201669   0.184623    0.16318   0.133695  0.0983697  0.0640618  0.0250254 -0.0191009
   -0.197667    -0.250598     -0.30272    -0.350801    -0.376686    -0.376394    -0.366758    -0.361028    -0.352039     -0.32258    -0.264132    -0.182615   -0.0910376 -0.000576408    0.0828304     0.157201     0.222058     0.276923     0.320919     0.353027     0.372198      0.37807     0.369913     0.348918     0.314836     0.269275     0.214996     0.151937    0.0818913     0.014321   -0.0597585    -0.129844
 -0.321735  -0.394462  -0.461564  -0.514245  -0.536096  -0.530228  -0.515776   -0.50066   -0.47148  -0.410291  -0.313163   -0.19178 -0.0629609  0.0606409   0.172858   0.271689   0.356427   0.426184   0.479659   0.515497   0.532566   0.530469   0.508949   0.469476   0.412443    0.34096   0.257192   0.163935   0.063241 -0.0343204  -0.138811  -0.232028
  -0.42836  -0.517155  -0.596243  -0.651751  -0.669126  -0.658036  -0.639425  -0.616056  -0.568966  -0.479937  -0.349447  -0.194295 -0.0344239   0.116505   0.252309   0.371043    0.47182   0.553389   0.614091   0.652299   0.666837   0.657283   0.623853   0.568178    0.49138   0.397607   0.288862   0.169906  0.0437046 -0.0792633  -0.208721   -0.32132
  -0.514896   -0.615826   -0.703738   -0.760238    -0.77276   -0.756939   -0.734984   -0.704744   -0.642458   -0.530114   -0.372349   -0.190322 -0.00633099     0.16545     0.31905     0.45266    0.565256    0.655292    0.720823    0.760015    0.771688    0.755411    0.711837    0.642696    0.549777    0.438005    0.309327    0.169936   0.0238501   -0.119075   -0.267793   -0.395161
-0.579998 -0.689055 -0.782461 -0.838015 -0.845382 -0.825468 -0.801067 -0.765384 -0.690765 -0.559949 -0.381432 -0.179889 0.0208684  0.206669  0.371969  0.515173  0.635167  0.730177   0.79805  0.836817  0.845333  0.823179  0.771386  0.691753  0.586598  0.461475  0.318155  0.164044  0.003929 -0.153039 -0.315182 -0.452162
 -0.622769  -0.735874  -0.831328   -0.88397  -0.885987  -0.862742  -0.836836  -0.797155   -0.71318  -0.568989  -0.376568  -0.163173  0.0467434   0.239533   0.410286   0.557679   0.680557   0.776987   0.844689   0.881634   0.886749   0.859648   0.801685   0.714682   0.601346   0.467721   0.315236   0.152354 -0.0157589  -0.180657   -0.35022  -0.491461
 -0.642505   -0.75553  -0.849555  -0.897395  -0.894015  -0.868301  -0.841851  -0.799663  -0.709468  -0.557247  -0.358027  -0.140644  0.0707038   0.263387   0.433308   0.579468   0.700715   0.795029   0.860087   0.893874   0.895428   0.864412   0.802444   0.711315   0.593995   0.456835   0.300807    0.13521 -0.0347432  -0.201406   -0.37224  -0.512418
 -0.638862  -0.747713  -0.836902  -0.878211  -0.869566  -0.842319  -0.816291  -0.773135  -0.680007  -0.525297  -0.326523  -0.113055  0.0920397    0.27761   0.440521   0.580135   0.695344   0.784115   0.844168   0.873575   0.871519   0.837724   0.774013   0.682083   0.565052   0.429361   0.275462   0.113194 -0.0524361  -0.214765  -0.380699   -0.51466
 -0.612092  -0.712834  -0.793961  -0.827247   -0.81365  -0.785858  -0.761194  -0.718634  -0.625944  -0.474345  -0.283211 -0.0813851   0.110033   0.281773   0.431776   0.559789   0.664789   0.744804   0.797679   0.821643   0.816053   0.780705   0.717558   0.628159   0.515653   0.386347   0.240147  0.0870891 -0.0682272  -0.220334  -0.375376  -0.498249
 -0.563193  -0.652185  -0.722317  -0.746377   -0.72832  -0.700988   -0.67858  -0.638154  -0.549253  -0.406245  -0.229663 -0.0467744   0.124047   0.275748   0.407419   0.519202   0.610198   0.678564   0.722349   0.740003   0.731082   0.695458   0.635159   0.551523    0.44761   0.329365   0.196149  0.0578366 -0.0815516  -0.217934  -0.356481   -0.46382
 -0.493938  -0.567964  -0.624567   -0.63853  -0.616666  -0.590782  -0.571439  -0.534609  -0.452711  -0.323463  -0.167813 -0.0104731   0.133576   0.259755   0.368336   0.459849   0.533551   0.587797    0.62091   0.631616   0.619686   0.585074   0.529803   0.454952   0.363388   0.260478   0.145062  0.0264938 -0.0919285  -0.207657  -0.324701  -0.412626
   -0.40683   -0.463215   -0.504242   -0.507605   -0.482724   -0.459223   -0.443645   -0.411742   -0.339806    -0.22899   -0.099898   0.0262066    0.138278    0.234374     0.31594    0.383876     0.43762    0.475786     0.49703    0.500401    0.485892    0.453544    0.405298    0.341938    0.266033    0.182177   0.0887319 -0.00580675  -0.0989828   -0.189875   -0.281186   -0.346519
 -0.305019  -0.341724  -0.365693  -0.358334  -0.331335  -0.311066  -0.299817  -0.273994   -0.21462   -0.12624 -0.0283724  0.0619389   0.137983   0.200522   0.252126   0.294029   0.325872   0.346579   0.355185     0.3511   0.334538   0.305622   0.266144   0.216565   0.159062   0.097291  0.0291948 -0.0378975  -0.102459   -0.16523  -0.227508  -0.267887
 -0.192185  -0.207882  -0.213927  -0.196113   -0.16797  -0.151667  -0.145154  -0.126344 -0.0816759 -0.0189268  0.0441777  0.0954322     0.1327   0.159424   0.179199   0.193554   0.202347   0.204845   0.200503   0.189109   0.171092   0.146654   0.117371  0.0833657  0.0463423 0.00888922 -0.0313979  -0.068618  -0.102233  -0.134614  -0.165607  -0.179573
 -0.072404 -0.0665254 -0.0544318 -0.0268021  0.0014674  0.0132113  0.0147548  0.0258767  0.0542207  0.0890675    0.11513   0.125478   0.122623   0.112563  0.0997944  0.0860841  0.0715076  0.0557075  0.0385749  0.0202838 0.00146242 -0.0176147 -0.0356437 -0.0528471  -0.068052 -0.0798342 -0.0908555 -0.0968584 -0.0983128 -0.0991311 -0.0977204 -0.0847713
 0.0500002  0.0772303   0.107032   0.143482   0.170846    0.17761   0.174137   0.177163   0.188152    0.19384   0.181925   0.150991   0.108113  0.0616322  0.0167824 -0.0244975 -0.0619155  -0.095443  -0.124748  -0.149275   -0.16822  -0.181247   -0.18737   -0.18715  -0.179987  -0.165673  -0.147028    -0.1216 -0.0908377 -0.0600645  -0.026305  0.0130952
  0.170593   0.218192   0.264639   0.308574   0.334041     0.3356   0.327232   0.322036   0.315276   0.291614   0.242151   0.171046  0.0896909 0.00847113 -0.0668359  -0.134192    -0.1931  -0.243144  -0.283562  -0.313438  -0.331822  -0.338328  -0.332325  -0.314688  -0.285417  -0.245522  -0.197888  -0.141946 -0.0800769 -0.0188313  0.0460609   0.110497
  0.284997   0.351285    0.41268   0.462493   0.485179   0.481478   0.468481   0.455253   0.431018   0.378865   0.293625   0.184908    0.06802  -0.044995  -0.148034  -0.239034  -0.317304  -0.382056  -0.432127  -0.466274  -0.483432  -0.483181  -0.465268  -0.430853  -0.380532  -0.316495  -0.241601  -0.157156 -0.0664262   0.023078   0.116773   0.203903
