  0.874325   0.808448   0.752049   0.661275    0.49724   0.276528  0.0433296  -0.171164  -0.357826  -0.518115   -0.65374  -0.763772  -0.845712  -0.897005  -0.915871  -0.901637  -0.854817  -0.777101  -0.671299  -0.541235  -0.391609  -0.227825 -0.0558355   0.118311   0.287633   0.448302   0.588524   0.714563   0.809528   0.867157   0.919803   0.917597
  0.815379   0.752849   0.699887   0.612833   0.455259   0.244939  0.0251465  -0.174964  -0.348008  -0.496227  -0.621438  -0.722659  -0.797444  -0.843374  -0.858829  -0.843248  -0.797191  -0.722321  -0.621345  -0.497912  -0.356483  -0.202166 -0.0405705   0.122632   0.280843   0.430689   0.560583   0.677689   0.764269   0.816198   0.864417   0.859221
  0.727286   0.668878   0.621357   0.542049    0.39619   0.202921 0.00423798  -0.173881  -0.326572  -0.456994  -0.566977  -0.655471  -0.720144  -0.758807  -0.770063  -0.753492   -0.70969  -0.640238  -0.547646  -0.435261  -0.307145  -0.167923 -0.0226605   0.123558   0.264767   0.398153   0.512817   0.616483   0.691241   0.735637   0.776925   0.768737
   0.609005    0.556935    0.517985    0.449168    0.319124    0.149663  -0.0197502    -0.16813   -0.293872   -0.400954   -0.491029   -0.562949   -0.614584   -0.644074   -0.650314   -0.633056   -0.592921   -0.531355   -0.450585    -0.35353   -0.243698   -0.125053 -0.00191552    0.121419    0.239858    0.351258    0.445913    0.531509    0.591688    0.625343    0.658898    0.647355
  0.458639   0.417512   0.390077   0.333146   0.223479  0.0859809 -0.0452822   -0.15624   -0.24872  -0.327143  -0.392782  -0.444425  -0.480249  -0.498828  -0.499415   -0.48196  -0.447087  -0.396056   -0.33071  -0.253412  -0.166955 -0.0744602   0.020702   0.115232   0.205135   0.289109   0.358963   0.422135   0.464997   0.484575   0.510712   0.495032
  0.278864   0.252543   0.237827   0.195012   0.112366  0.0159745 -0.0686026  -0.135294  -0.188976  -0.234039  -0.271262  -0.299459  -0.317244  -0.323714  -0.318527  -0.301838  -0.274241  -0.236732  -0.190668  -0.137712 -0.0797795 -0.0189597  0.0425239   0.102574   0.158504   0.210036   0.250666   0.287959   0.310224   0.315056   0.332046   0.313063
  0.0792408   0.0684676   0.0663077   0.0415244 -0.00653866  -0.0540576  -0.0858346   -0.103648   -0.114781    -0.12328   -0.129443   -0.132229   -0.130792   -0.124809   -0.114364  -0.0997951  -0.0816215  -0.0604981  -0.0371882  -0.0125342   0.0125724   0.0372276   0.0605203   0.0817082   0.0996081    0.115012    0.123421    0.132592    0.131697     0.12366    0.127595    0.108788
  -0.125552    -0.12171   -0.111574   -0.115025     -0.1237    -0.11875  -0.0957909  -0.0636448  -0.0313892 -0.00260188   0.0228103   0.0456429    0.066152   0.0840641   0.0988867    0.110125    0.117381    0.120395    0.119057    0.113416    0.103675   0.0901898   0.0734341   0.0540765   0.0325458   0.0105892   -0.013798  -0.0334913  -0.0576205  -0.0769365  -0.0881633   -0.103534
 -0.319527  -0.301814  -0.279682   -0.26145  -0.231074  -0.175359  -0.100263 -0.0208682  0.0523599   0.116351    0.17151   0.218344   0.256521   0.285204   0.303527   0.310869   0.306974   0.291984   0.266441   0.231268   0.187737    0.13742  0.0821339  0.0238958 -0.0352837 -0.0928846  -0.148098  -0.195507   -0.24049  -0.270878  -0.295451  -0.307291
  -0.490464   -0.459668    -0.42656   -0.388939   -0.323755   -0.222867   -0.101551   0.0195571    0.128872     0.22384    0.305146    0.373011    0.426568    0.464478    0.485548     0.48906    0.474894    0.443564    0.396203    0.334522     0.26075    0.177554   0.0879439 -0.00486219  -0.0974315   -0.186626   -0.268912   -0.341055   -0.403541   -0.444683   -0.479097   -0.489312
-0.632897 -0.590539 -0.548221 -0.494374 -0.399764 -0.260672 -0.100486 0.0554671  0.194792  0.315478  0.418467  0.503728  0.569925  0.615294  0.638375  0.638374    0.6153  0.569988  0.504074  0.419942  0.320632  0.209732 0.0912624 -0.030554 -0.151084 -0.266695 -0.371499 -0.464298 -0.541003 -0.591328 -0.632985 -0.642643
 -0.746037  -0.694198  -0.644687  -0.577588  -0.458609  -0.288213 -0.0967073  0.0869108   0.249869   0.390753   0.510735   0.609558   0.685493   0.736431   0.760708   0.757483    0.72688   0.670005   0.588914   0.486539   0.366579   0.233368   0.091737 -0.0532828  -0.196092  -0.332689  -0.455251  -0.564313  -0.652083  -0.709172  -0.756556  -0.765227
  -0.82974  -0.770636  -0.715941  -0.638369  -0.499873  -0.305005  -0.089789   0.114217   0.294345    0.44983   0.582046   0.690527   0.773225   0.827773   0.852363   0.846141   0.809336    0.74328    0.65036   0.533934   0.398211   0.248091  0.0890257 -0.0733529  -0.232709  -0.384811  -0.520281  -0.641186  -0.736752  -0.798089  -0.849813  -0.856641
 -0.882863  -0.818746    -0.7609  -0.675732  -0.522836  -0.310688 -0.0797092   0.137141   0.327766   0.492089   0.631636   0.745757   0.832159   0.888306   0.912314   0.903345   0.861726   0.788962   0.687683    0.56155   0.415121   0.253684  0.0831026 -0.0905957  -0.260577  -0.422531  -0.565893  -0.694127  -0.794016  -0.857212  -0.911575  -0.916011
    -0.904  -0.837208  -0.778308   -0.68863  -0.526872   -0.30513 -0.0667604    0.15507   0.349277   0.516474   0.658287   0.773905   0.860876   0.916584   0.939141   0.927752   0.882831   0.806003   0.700044   0.568784   0.416966   0.250074  0.0741703  -0.104541  -0.278975  -0.444902  -0.590952  -0.721858  -0.822456  -0.885192  -0.940268  -0.942076
  -0.89246  -0.825409  -0.767584  -0.676638  -0.511864  -0.288543 -0.0513996   0.167392    0.35816   0.522186   0.661138   0.774073   0.858468   0.911724   0.932013   0.918616   0.872018   0.793903   0.687095   0.555453   0.403736   0.237423  0.0625564  -0.114707  -0.287288  -0.451188  -0.594646  -0.723489   -0.82116  -0.881167  -0.934969  -0.934076
-0.848664 -0.783777 -0.729118  -0.64019 -0.478356 -0.261528 -0.034181  0.173664  0.354097  0.509024  0.640094  0.746264  0.825033  0.873911  0.891199  0.876279  0.829687  0.753109  0.649312  0.522047  0.375914   0.21619 0.0486814 -0.120727 -0.285217 -0.441166 -0.576848 -0.698972 -0.790186 -0.845294 -0.895877 -0.892316
-0.774196 -0.713817 -0.664299 -0.580604  -0.42756  -0.22506 -0.015727  0.173659  0.337237  0.477465  0.595915  0.691483  0.761779  0.804514  0.818176   0.80227   0.75737  0.685096  0.588062  0.469773  0.334506  0.187144 0.0330471 -0.122383 -0.272838   -0.4152 -0.538202 -0.649192 -0.730652  -0.77887 -0.824406 -0.818305
 -0.671746  -0.618059  -0.575471  -0.500033   -0.36131  -0.180458 0.00329535   0.167378   0.308188    0.42865   0.530198    0.61171   0.670993   0.706038   0.715581   0.699266   0.657679   0.592322   0.505557    0.40052   0.281007   0.151334  0.0162183  -0.119617  -0.250597  -0.374228  -0.480103  -0.575948   -0.64471  -0.684295  -0.723139  -0.714718
 -0.545017  -0.499962  -0.465843   -0.40139  -0.282001  -0.129334  0.0221986   0.155047   0.268001   0.364342   0.445318   0.509828   0.555954   0.582045   0.587124   0.570989   0.534218    0.47814    0.40478   0.316791   0.217352   0.110054 -0.0011967  -0.112527    -0.2193  -0.319729  -0.404652  -0.481889  -0.535467  -0.564989  -0.595735    -0.5853
  -0.39859  -0.363795  -0.339379   -0.28824    -0.1925 -0.0735355  0.0402996   0.137112   0.218127   0.286865   0.344344   0.389519   0.420823   0.437015   0.437446   0.422074   0.391449   0.346676   0.289374   0.221612   0.145842  0.0647966 -0.0185684   -0.10137  -0.180076  -0.253675  -0.314576  -0.370412  -0.406871  -0.425262    -0.4468  -0.434728
 -0.237757   -0.21448  -0.200649  -0.164672  -0.096042 -0.0150792   0.056944   0.114222   0.160369   0.199021   0.230923   0.255133   0.270482   0.276191   0.271958   0.257905   0.234532   0.202683   0.163508   0.118424  0.0690603  0.0171973  -0.035269 -0.0865492  -0.134344  -0.178453   -0.21313  -0.245548   -0.26357  -0.270165  -0.281717  -0.268443
-0.0683304 -0.0574123  -0.054667 -0.0351525 0.00388754  0.0439221  0.0715303  0.0872037  0.0968156   0.103983   0.109157   0.111525   0.110364   0.105384  0.0966402  0.0844137  0.0691381   0.051364  0.0317334  0.0109559 -0.0102173 -0.0310235 -0.0506949 -0.0686004 -0.0837563 -0.0967807  -0.103981  -0.111809  -0.110742  -0.105304  -0.106452  -0.092456
  0.103566    0.10173  0.0932909  0.0956378   0.103677   0.101336  0.0835314  0.0570336  0.0297627 0.00518728 -0.0165544 -0.0361134 -0.0537417 -0.0692319 -0.0821701  -0.092128 -0.0987544  -0.101811  -0.101188 -0.0969084 -0.0891256 -0.0781231 -0.0642885 -0.0481722 -0.0301415 -0.0116106 0.00892578  0.0259706  0.0460882  0.0633636  0.0726611  0.0868725
  0.271718   0.257195   0.237877   0.222971   0.199718   0.155087  0.0925133  0.0248019 -0.0383658  -0.093796  -0.141668  -0.182447  -0.215905  -0.241345  -0.258011   -0.26534  -0.263078  -0.251307  -0.230453   -0.20127  -0.164813  -0.122399 -0.0755586 -0.0260029  0.0245627  0.0739792    0.12151   0.162812   0.201253   0.229741   0.249148   0.263061
    0.43005    0.403366    0.373865    0.342246    0.288542    0.203233   0.0981513 -0.00832592   -0.105107   -0.189389   -0.261661   -0.322186   -0.370266   -0.404736   -0.424526   -0.428962   -0.417893   -0.391719   -0.351389   -0.298357   -0.234543   -0.162251  -0.0840978 -0.00289379   0.0783792    0.156895    0.229703    0.293769    0.349143    0.387814     0.41663    0.429742
   0.57284   0.534955   0.496341   0.449153   0.366937   0.244033   0.100243 -0.0411519   -0.16805  -0.278138  -0.372197   -0.45028  -0.511244  -0.553499  -0.575698   -0.57708  -0.557604  -0.517974  -0.459624  -0.384661  -0.295796  -0.196239 -0.0895975  0.0203199   0.129363   0.234141   0.329593   0.414108   0.484415   0.531872   0.569053    0.58089
  0.694927   0.647209   0.600883   0.539823   0.432065   0.276016  0.0987143 -0.0724924  -0.224922  -0.356834   -0.46928    -0.5621  -0.633744  -0.682256  -0.706062  -0.704341  -0.677162  -0.625508  -0.551247  -0.457063  -0.346359  -0.223135 -0.0918589  0.0427992   0.175671   0.302923   0.417572    0.51948   0.602178   0.656707   0.700908   0.711047
  0.791882   0.736086   0.683702   0.610972   0.481589   0.298031  0.0936105   -0.10122  -0.273664  -0.422631  -0.549401  -0.653604  -0.733339  -0.786355  -0.810908  -0.806145  -0.772245  -0.710435  -0.622947  -0.512944  -0.384403  -0.241965 -0.0908002  0.0637316    0.21563   0.360758   0.490458   0.606076   0.698181   0.757799   0.807438   0.815505
  0.860236   0.798355   0.741782   0.660061   0.513728   0.309253  0.0851006  -0.126286  -0.312502  -0.473146  -0.609664  -0.721486   -0.80643  -0.862033  -0.886445  -0.878813  -0.839418  -0.769684  -0.672132  -0.550287  -0.408554  -0.252051 -0.0864601  0.0823603   0.247795   0.405554   0.545616    0.67077    0.76894   0.831514   0.884783   0.890466
  0.897562   0.831697   0.773075   0.685349   0.527247   0.309242  0.0735363  -0.146741  -0.340022  -0.506558  -0.647896  -0.763293  -0.850374  -0.906556  -0.929944  -0.919719  -0.876253  -0.801117  -0.697027  -0.567744  -0.417942   -0.25303 -0.0789986  0.0980088   0.271001   0.435688   0.581053    0.71122   0.811899     0.8752   0.930111   0.933258
  0.902319   0.835002   0.776576   0.685806   0.521607    0.29812  0.0594514  -0.161824   -0.35526  -0.521691  -0.662736  -0.777532  -0.863602  -0.918332  -0.939853  -0.927406   -0.88144  -0.803616  -0.696748  -0.564697  -0.412238  -0.244874 -0.0686878   0.110113   0.284415   0.450081   0.595504   0.725958   0.825578   0.887199   0.941877   0.942442
