 -0.0820508  -0.0413631 -0.00361031   0.0259479   0.0587968    0.101829    0.142001    0.162957    0.166933    0.170798    0.185124    0.203819    0.212407    0.201364    0.171315    0.129346   0.0830859   0.0373897 -0.00559957  -0.0454509  -0.0817351   -0.114223   -0.142314   -0.164645   -0.181633    -0.19178   -0.194309    -0.19074   -0.181158   -0.161898   -0.138292   -0.112817
-0.0378252  0.0309281  0.0932833   0.146333   0.200235   0.256846   0.301085   0.320514   0.322139   0.322516    0.32726    0.32592   0.304058   0.256045   0.187314   0.108426  0.0286932 -0.0464509  -0.114649  -0.175167  -0.227207  -0.270131  -0.302947  -0.324309  -0.334451  -0.332242  -0.317378   -0.29221  -0.256522  -0.209464   -0.15604   -0.10004
0.00777088   0.102071   0.186837   0.261437   0.334391   0.402586   0.449334   0.466479   0.465653    0.46257   0.457609   0.436268   0.384707   0.301445   0.196533  0.0835948 -0.0267233  -0.128604  -0.219551  -0.298553  -0.364469  -0.416277  -0.452632  -0.472251  -0.475184  -0.460691  -0.428984  -0.383121  -0.322605  -0.249472  -0.168161 -0.0836197
  0.053014   0.169537   0.273683   0.367037   0.456437   0.533847   0.581361   0.595511   0.592307   0.585968   0.571475   0.530832   0.451399   0.335926   0.198665  0.0557742 -0.0811517  -0.206102  -0.316522  -0.411155  -0.488562  -0.547383  -0.585957  -0.603134   -0.59874  -0.572496  -0.525095  -0.460174  -0.377037  -0.280486  -0.174179 -0.0641576
 0.0962821   0.230963   0.350604   0.459295   0.562071    0.64589   0.692292   0.702946   0.697637   0.688303   0.664686   0.606125   0.501727   0.358296   0.193683  0.0259854  -0.132636  -0.276164  -0.402073  -0.508915  -0.595013  -0.658719  -0.698117  -0.712235  -0.700659  -0.663634   -0.60223  -0.520592  -0.417878  -0.301354  -0.173861 -0.0424279
   0.136194    0.284107    0.414743    0.535019    0.647564    0.734547    0.778076    0.785062    0.777959    0.765814    0.733751    0.659411    0.533959    0.367833    0.181789 -0.00473188   -0.179373   -0.336312   -0.473155   -0.588335   -0.680008   -0.746284   -0.785088   -0.795615    -0.77729   -0.730807   -0.657592   -0.562224   -0.443619   -0.311267   -0.167272  -0.0192207
  0.171469   0.326936   0.463912   0.591703   0.709757   0.796509   0.835796   0.839117   0.830322   0.815493   0.776099   0.688867   0.547052   0.364202   0.163306 -0.0354174  -0.219811  -0.384479  -0.527283   -0.64661  -0.740522  -0.806954  -0.843751  -0.850265   -0.82587  -0.771543  -0.689162  -0.583533   -0.45321  -0.309832  -0.154658 0.00484071
  0.200772   0.357967   0.496721   0.627379   0.746225   0.829658   0.863677   0.863147   0.852506   0.835316   0.790244   0.693549   0.540485   0.347284   0.138569 -0.0652663  -0.252722   -0.41909  -0.562614  -0.681712  -0.774406  -0.838549  -0.871934  -0.874173  -0.844514  -0.784245  -0.695678   -0.58352  -0.446119  -0.296999   -0.13622  0.0292347
     0.223   0.376529   0.512296    0.64053    0.75557   0.833083   0.860721   0.855764    0.84316   0.824386    0.77568    0.67309   0.513991   0.317044   0.107888 -0.0936305  -0.277195  -0.439059  -0.577948  -0.692367  -0.780356  -0.839772  -0.868388  -0.866202  -0.832174  -0.768113  -0.676499  -0.561695  -0.422289  -0.272853  -0.112072  0.0532942
  0.237709   0.382467   0.509857   0.630237   0.737466   0.806578    0.82625   0.816174   0.801961   0.782797   0.732471   0.627358   0.467432   0.273588  0.0716713  -0.119889  -0.292522  -0.443664  -0.572583  -0.677902   -0.75775  -0.810033  -0.832639  -0.825906  -0.788564  -0.722962  -0.631499  -0.518129  -0.381975  -0.237554 -0.0825122  0.0761601
  0.244898    0.37541    0.48859   0.596303   0.692191   0.750001   0.759813   0.744418   0.729575   0.711227   0.660896   0.556411   0.401047   0.217501  0.0307361  -0.143196  -0.297964  -0.432327  -0.546098  -0.638037  -0.706442  -0.749301  -0.764816   -0.75345  -0.714078   -0.64918  -0.561135  -0.453527  -0.325711  -0.191616 -0.0483359  0.0969999
 0.244129   0.35435  0.447926  0.539077  0.620029  0.663183   0.66165  0.641654  0.627468  0.610717  0.561595   0.46101  0.316046  0.150333 -0.013344 -0.162224 -0.292555 -0.404449 -0.498225 -0.572811  -0.62673 -0.658147 -0.665684 -0.649826 -0.609869 -0.548002 -0.466742 -0.369355 -0.254653 -0.136371 -0.010931  0.115059
  0.234023   0.318099   0.387945   0.459235   0.521328   0.546725   0.533505    0.51042   0.497967   0.483073   0.436374    0.34349   0.215261  0.0749721  -0.058089  -0.175141  -0.275162  -0.359545  -0.429061  -0.482854  -0.519714  -0.538139  -0.537111  -0.517324  -0.478305  -0.422025  -0.350986  -0.268115   -0.17114 -0.0741874  0.0277927   0.129338
   0.212922    0.266321    0.309744     0.35809    0.397554    0.403293    0.379375    0.354968    0.344806    0.331813    0.289218     0.20844    0.103385  -0.0044598   -0.100391   -0.179998   -0.244946   -0.297787   -0.339692   -0.370069   -0.388029   -0.392538    -0.38284   -0.360121   -0.323672   -0.275699   -0.218239   -0.153692  -0.0789704 -0.00826608   0.0655185    0.138356
  0.180236   0.200412   0.215833   0.238529   0.252689   0.238569   0.205853   0.181626   0.173867   0.163016   0.126765  0.0626483  -0.013473  -0.083228    -0.1372  -0.175435  -0.202106  -0.220771  -0.232965  -0.238396  -0.236573  -0.226963  -0.209099  -0.184695    -0.1526  -0.115477 -0.0746023 -0.0314368  0.0169481  0.0578303   0.099795   0.140544
    0.13732    0.123725    0.110482    0.105828   0.0938123   0.0611654   0.0218238 -0.00119594 -0.00660356  -0.0147323  -0.0422284  -0.0857845   -0.128771   -0.156887   -0.166299   -0.161344   -0.148444   -0.132001    -0.11388  -0.0941124  -0.0726709   -0.049475  -0.0244961 0.000310224   0.0262567   0.0505705   0.0725941   0.0922958    0.111413    0.120659    0.128548    0.135066
    0.087278    0.0410598 -0.000413561   -0.0325301   -0.0697412    -0.118617    -0.162561    -0.183724    -0.186792    -0.191474    -0.208269    -0.228772    -0.236579    -0.221995    -0.186716    -0.139043   -0.0873324   -0.0366662    0.0108114    0.0547344    0.0946443     0.130232     0.160952     0.184975     0.203309     0.213683     0.215697      0.21102     0.199734     0.177272     0.150567      0.12238
 0.0339952 -0.0422945  -0.110218  -0.168199  -0.228233  -0.290622  -0.337385  -0.356207  -0.356887  -0.357592  -0.362676  -0.359383  -0.332236  -0.276324  -0.198583  -0.110826  -0.022999  0.0593136   0.133759   0.199642   0.256054   0.302319   0.337314   0.359537   0.369424   0.365591   0.347716   0.319015   0.278176   0.225442   0.165583   0.104048
-0.0189302  -0.121583  -0.212842  -0.293692  -0.373339  -0.446409  -0.494349  -0.510369  -0.508631  -0.505228  -0.498622   -0.47239  -0.412454  -0.318615  -0.202588 -0.0791744  0.0404772   0.150475   0.248347   0.333092   0.403425   0.458301   0.496135   0.515745   0.517028   0.499493   0.463008   0.411857   0.343995   0.263682   0.173897  0.0820317
-0.0688133  -0.193229  -0.303688  -0.403497  -0.499086  -0.579947  -0.627467  -0.640225  -0.636119  -0.628863  -0.611378  -0.564227  -0.475058   -0.34816  -0.199448 -0.0461127  0.0999088    0.23263   0.349562   0.449439   0.530684   0.591893   0.631167   0.647553     0.6406   0.610485   0.557509    0.48649   0.395269   0.291108   0.175905  0.0580193
 -0.113945  -0.254913  -0.379825  -0.494179  -0.601745  -0.687411  -0.732928  -0.742014  -0.735696  -0.725073  -0.697974  -0.632616  -0.518649   -0.36452  -0.189663 -0.0130008   0.153181   0.303023   0.434117   0.544996   0.633867    0.69901   0.738337   0.751056   0.736537   0.695413    0.62857   0.540989   0.430714   0.307239   0.171859   0.033157
 -0.153281  -0.305223  -0.439539  -0.563774  -0.679138  -0.766515  -0.808483  -0.813594  -0.805311  -0.791902  -0.756655  -0.676184   -0.54239   -0.36746  -0.173585   0.019289   0.198977   0.359966   0.500024    0.61755   0.710603   0.777223   0.815218   0.823957     0.8027   0.752443   0.674639   0.574256   0.449576    0.31187    0.16192 0.00815927
  -0.18607  -0.343215  -0.481777  -0.611114  -0.729953  -0.815893  -0.852854  -0.853824  -0.843893  -0.828308  -0.786477  -0.694228  -0.545938  -0.357031  -0.151618  0.0500671   0.236384   0.402373    0.54606   0.665782    0.75952    0.82516    0.86047   0.865018   0.837968    0.78065   0.694975   0.585809   0.451588   0.305054    0.14633 -0.0164335
 -0.211636  -0.368171  -0.505827  -0.635456  -0.753404  -0.834803   -0.86545  -0.862259  -0.851052  -0.833916  -0.787149  -0.686661  -0.529476  -0.333666  -0.124374  0.0786176   0.264637   0.429459   0.571446   0.688936   0.779901   0.842166   0.873523   0.873774   0.841991   0.779823   0.689502   0.575716   0.436963   0.287142   0.125541 -0.0400597
 -0.229348  -0.379563  -0.511281  -0.636464  -0.749229  -0.823145  -0.846382  -0.839152  -0.827082  -0.809038  -0.759078  -0.654064  -0.493761  -0.298228 -0.0927186    0.10415   0.283067   0.440694   0.575788   0.686755    0.77163   0.828258   0.854532   0.850503   0.815168    0.75046   0.658808   0.544612   0.406401   0.258826   0.100242 -0.0620752
 -0.238702   -0.37715   -0.49815  -0.614347  -0.717842  -0.781602  -0.796592  -0.785589  -0.773096  -0.754803  -0.703474  -0.597755  -0.440159  -0.252004 -0.0577407   0.125858   0.291174   0.435883   0.559181   0.659598   0.735304   0.784245   0.804486   0.796331   0.758731   0.693845   0.604191   0.493749   0.361094   0.221146  0.0713257 -0.0817887
  -0.23941  -0.361082  -0.466986  -0.569992  -0.660474  -0.711772  -0.717976  -0.703598  -0.691134  -0.673256  -0.622416   -0.51982  -0.370637  -0.196669 -0.0206835   0.142999   0.288732   0.415285   0.522323   0.608555   0.672353   0.711836   0.725312    0.71333   0.674826   0.612115   0.527703   0.425019   0.302717   0.175469  0.0398307  -0.098529
 -0.231462  -0.331958  -0.418937   -0.50503  -0.579226  -0.616209  -0.613402  -0.596169  -0.584184  -0.567369  -0.518857  -0.423092  -0.287715  -0.134226  0.0171195   0.154968   0.275849   0.379669   0.466577   0.535507    0.58509   0.613688   0.619911   0.604535    0.56652   0.508251   0.432133   0.340922   0.233395    0.12345 0.00689567  -0.111704
 -0.215147  -0.290835  -0.355747  -0.421811  -0.477041  -0.498374  -0.486657  -0.467191   -0.45612  -0.440976  -0.396544  -0.311071  -0.194394 -0.0669314  0.0543032   0.161336   0.252994   0.330329   0.393966   0.443102   0.476677   0.493356   0.492102   0.473889   0.437736   0.386016   0.320944   0.244501   0.155636  0.0669683 -0.0262889  -0.120842
 -0.191053  -0.239202  -0.279698  -0.323346  -0.357618  -0.362527   -0.34232  -0.321327  -0.311573  -0.298644  -0.259896  -0.187806 -0.0940482 0.00278116  0.0895248   0.161873   0.220996    0.26905   0.307116   0.334682   0.351035   0.355194   0.346507   0.326114   0.293131   0.249829   0.198154   0.139243  0.0722519 0.00806669 -0.0585245  -0.125613
 -0.160056  -0.178925  -0.193536  -0.213198  -0.225271  -0.213572  -0.185609  -0.163855  -0.155766  -0.145514  -0.113853 -0.0577574 0.00969431  0.0723944   0.121513    0.15656   0.181009   0.198047   0.209165   0.214166   0.212707   0.204193   0.188388   0.166553    0.13793   0.104613  0.0682022  0.0289529 -0.0137423 -0.0511283 -0.0886449  -0.125839
   -0.123283    -0.112174     -0.10038   -0.0953505   -0.0847758   -0.0568932   -0.0222001 -0.000464615   0.00568038    0.0128801    0.0362975    0.0743734     0.113089     0.139396      0.14911     0.145587     0.134479     0.119884     0.103655    0.0859094     0.066691    0.0458128     0.023461  0.000971691   -0.0222542   -0.0443844   -0.0642152   -0.0823819    -0.099242    -0.108476    -0.115557    -0.121519
