0
0
0
0
0
0
0
0
0
0
0
1.27382e+125
-1.33457e+127
6.92479e+128
-2.37248e+130
6.03728e+131
-1.21705e+133
2.02439e+134
-2.85749e+135
3.49375e+136
-3.75848e+137
3.60157e+138
-3.10492e+139
2.42797e+140
-1.73399e+141
1.1376e+142
-6.89034e+142
3.86975e+143
-2.02284e+144
9.87479e+144
-4.51511e+145
1.93879e+146
-7.83684e+146
2.98832e+147
-1.07703e+148
3.67532e+148
-1.18939e+149
3.65549e+149
-1.06839e+150
2.97309e+150
-7.88605e+150
1.99586e+151
-4.82419e+151
1.1146e+152
-2.46355e+152
5.21273e+152
-1.05663e+153
2.05309e+153
-3.82614e+153
6.84244e+153
-1.1748e+154
1.93735e+154
-3.06985e+154
4.67569e+154
-6.84753e+154
9.64512e+154
-1.30701e+155
1.70429e+155
-2.13888e+155
2.58393e+155
-3.00529e+155
3.3655e+155
-3.62915e+155
3.76858e+155
-3.76858e+155
3.62915e+155
-3.3655e+155
3.00529e+155
-2.58393e+155
2.13888e+155
-1.70429e+155
1.30701e+155
-9.64512e+154
6.84753e+154
-4.67569e+154
3.06985e+154
-1.93735e+154
1.1748e+154
-6.84244e+153
3.82614e+153
-2.05309e+153
1.05663e+153
-5.21273e+152
2.46355e+152
-1.1146e+152
4.82419e+151
-1.99586e+151
7.88605e+150
-2.97309e+150
1.06839e+150
-3.65549e+149
1.18939e+149
-3.67532e+148
1.07703e+148
-2.98832e+147
7.83684e+146
-1.93879e+146
4.51511e+145
-9.87479e+144
2.02284e+144
-3.86975e+143
6.89034e+142
-1.1376e+142
1.73399e+141
-2.42797e+140
3.10492e+139
-3.60157e+138
3.75848e+137
-3.49375e+136
2.85749e+135
-2.02439e+134
1.21705e+133
-6.03728e+131
2.37248e+130
-6.92479e+128
1.33457e+127
-1.27382e+125
1
1
1
1
1
1
1
1
1
1
1
1
1
1
1
1
1
1
1
1
1
1
-1.27382e+125
1.33457e+127
-6.92479e+128
2.37248e+130
-6.03728e+131
1.21705e+133
-2.02439e+134
2.85749e+135
-3.49375e+136
3.75848e+137
-3.60157e+138
3.10492e+139
-2.42797e+140
1.73399e+141
-1.1376e+142
6.89034e+142
-3.86975e+143
2.02284e+144
-9.87479e+144
4.51511e+145
-1.93879e+146
7.83684e+146
-2.98832e+147
1.07703e+148
-3.67532e+148
1.18939e+149
-3.65549e+149
1.06839e+150
-2.97309e+150
7.88605e+150
-1.99586e+151
4.82419e+151
-1.1146e+152
2.46355e+152
-5.21273e+152
1.05663e+153
-2.05309e+153
3.82614e+153
-6.84244e+153
1.1748e+154
-1.93735e+154
3.06985e+154
-4.67569e+154
6.84753e+154
-9.64512e+154
1.30701e+155
-1.70429e+155
2.13888e+155
-2.58393e+155
3.00529e+155
-3.3655e+155
3.62915e+155
-3.76858e+155
3.76858e+155
-3.62915e+155
3.3655e+155
-3.00529e+155
2.58393e+155
-2.13888e+155
1.70429e+155
-1.30701e+155
9.64512e+154
-6.84753e+154
4.67569e+154
-3.06985e+154
1.93735e+154
-1.1748e+154
6.84244e+153
-3.82614e+153
2.05309e+153
-1.05663e+153
5.21273e+152
-2.46355e+152
1.1146e+152
-4.82419e+151
1.99586e+151
-7.88605e+150
2.97309e+150
-1.06839e+150
3.65549e+149
-1.18939e+149
3.67532e+148
-1.07703e+148
2.98832e+147
-7.83684e+146
1.93879e+146
-4.51511e+145
9.87479e+144
-2.02284e+144
3.86975e+143
-6.89034e+142
1.1376e+142
-1.73399e+141
2.42797e+140
-3.10492e+139
3.60157e+138
-3.75848e+137
3.49375e+136
-2.85749e+135
2.02439e+134
-1.21705e+133
6.03728e+131
-2.37248e+130
6.92479e+128
-1.33457e+127
1.27382e+125
0
0
0
0
0
0
0
0
0
0
0
