0
0
0
0
0
0
0
0
0
6.69972e+129
-7.28663e+131
3.92628e+133
-1.39741e+135
3.69543e+136
-7.7446e+137
1.33972e+139
-1.96744e+140
2.50369e+141
-2.80443e+142
2.79929e+143
-2.51484e+144
2.05019e+145
-1.52714e+146
1.04543e+147
-6.61029e+147
3.87738e+148
-2.11787e+149
1.08084e+150
-5.16904e+150
2.32275e+151
-9.83041e+151
3.92688e+152
-1.48345e+153
5.30898e+153
-1.80285e+154
5.8177e+154
-1.78637e+155
5.22575e+155
-1.45806e+156
3.8842e+156
-9.88876e+156
2.40813e+157
-5.61393e+157
1.2538e+158
-2.68454e+158
5.51394e+158
-1.08709e+159
2.05832e+159
-3.74476e+159
6.54932e+159
-1.10157e+160
1.78256e+160
-2.77611e+160
4.1623e+160
-6.00977e+160
8.35835e+160
-1.12001e+161
1.44627e+161
-1.80001e+161
2.15958e+161
-2.49793e+161
2.78581e+161
-2.99581e+161
3.10664e+161
-3.10664e+161
2.99581e+161
-2.78581e+161
2.49793e+161
-2.15958e+161
1.80001e+161
-1.44627e+161
1.12001e+161
-8.35835e+160
6.00977e+160
-4.1623e+160
2.77611e+160
-1.78256e+160
1.10157e+160
-6.54932e+159
3.74476e+159
-2.05832e+159
1.08709e+159
-5.51394e+158
2.68454e+158
-1.2538e+158
5.61393e+157
-2.40813e+157
9.88876e+156
-3.8842e+156
1.45806e+156
-5.22575e+155
1.78637e+155
-5.8177e+154
1.80285e+154
-5.30898e+153
1.48345e+153
-3.92688e+152
9.83041e+151
-2.32275e+151
5.16904e+150
-1.08084e+150
2.11787e+149
-3.87738e+148
6.61029e+147
-1.04543e+147
1.52714e+146
-2.05019e+145
2.51484e+144
-2.79929e+143
2.80443e+142
-2.50369e+141
1.96744e+140
-1.33972e+139
7.7446e+137
-3.69543e+136
1.39741e+135
-3.92628e+133
7.28663e+131
-6.69972e+129
1
1
1
1
1
1
1
1
1
1
1
1
1
1
1
1
1
1
-6.69972e+129
7.28663e+131
-3.92628e+133
1.39741e+135
-3.69543e+136
7.7446e+137
-1.33972e+139
1.96744e+140
-2.50369e+141
2.80443e+142
-2.79929e+143
2.51484e+144
-2.05019e+145
1.52714e+146
-1.04543e+147
6.61029e+147
-3.87738e+148
2.11787e+149
-1.08084e+150
5.16904e+150
-2.32275e+151
9.83041e+151
-3.92688e+152
1.48345e+153
-5.30898e+153
1.80285e+154
-5.8177e+154
1.78637e+155
-5.22575e+155
1.45806e+156
-3.8842e+156
9.88876e+156
-2.40813e+157
5.61393e+157
-1.2538e+158
2.68454e+158
-5.51394e+158
1.08709e+159
-2.05832e+159
3.74476e+159
-6.54932e+159
1.10157e+160
-1.78256e+160
2.77611e+160
-4.1623e+160
6.00977e+160
-8.35835e+160
1.12001e+161
-1.44627e+161
1.80001e+161
-2.15958e+161
2.49793e+161
-2.78581e+161
2.99581e+161
-3.10664e+161
3.10664e+161
-2.99581e+161
2.78581e+161
-2.49793e+161
2.15958e+161
-1.80001e+161
1.44627e+161
-1.12001e+161
8.35835e+160
-6.00977e+160
4.1623e+160
-2.77611e+160
1.78256e+160
-1.10157e+160
6.54932e+159
-3.74476e+159
2.05832e+159
-1.08709e+159
5.51394e+158
-2.68454e+158
1.2538e+158
-5.61393e+157
2.40813e+157
-9.88876e+156
3.8842e+156
-1.45806e+156
5.22575e+155
-1.78637e+155
5.8177e+154
-1.80285e+154
5.30898e+153
-1.48345e+153
3.92688e+152
-9.83041e+151
2.32275e+151
-5.16904e+150
1.08084e+150
-2.11787e+149
3.87738e+148
-6.61029e+147
1.04543e+147
-1.52714e+146
2.05019e+145
-2.51484e+144
2.79929e+143
-2.80443e+142
2.50369e+141
-1.96744e+140
1.33972e+139
-7.7446e+137
3.69543e+136
-1.39741e+135
3.92628e+133
-7.28663e+131
6.69972e+129
0
0
0
0
0
0
0
0
0
