0
0
2.23549e+146
-2.74361e+148
1.66998e+150
-6.72129e+151
2.01217e+153
-4.77914e+154
9.38e+155
-1.56469e+157
2.26439e+158
-2.88787e+159
3.286e+160
-3.36942e+161
3.13912e+162
-2.6756e+163
2.09862e+164
-1.52241e+165
1.02593e+166
-6.44684e+166
3.79045e+167
-2.09148e+168
1.08592e+169
-5.31833e+169
2.46222e+170
-1.07972e+171
4.49266e+171
-1.77672e+172
6.68819e+172
-2.39977e+173
8.21769e+173
-2.6888e+174
8.4152e+174
-2.52174e+175
7.24217e+175
-1.995e+176
5.27555e+176
-1.34019e+177
3.27296e+177
-7.68894e+177
1.73863e+178
-3.78617e+178
7.94466e+178
-1.60709e+179
3.1354e+179
-5.90217e+179
1.07243e+180
-1.88155e+180
3.18862e+180
-5.22108e+180
8.26254e+180
-1.26408e+181
1.87003e+181
-2.67565e+181
3.70342e+181
-4.95957e+181
6.42722e+181
-8.06121e+181
9.78649e+181
-1.15014e+182
1.30859e+182
-1.44151e+182
1.5375e+182
-1.58785e+182
1.58785e+182
-1.5375e+182
1.44151e+182
-1.30859e+182
1.15014e+182
-9.78649e+181
8.06121e+181
-6.42722e+181
4.95957e+181
-3.70342e+181
2.67565e+181
-1.87003e+181
1.26408e+181
-8.26254e+180
5.22108e+180
-3.18862e+180
1.88155e+180
-1.07243e+180
5.90217e+179
-3.1354e+179
1.60709e+179
-7.94466e+178
3.78617e+178
-1.73863e+178
7.68894e+177
-3.27296e+177
1.34019e+177
-5.27555e+176
1.995e+176
-7.24217e+175
2.52174e+175
-8.4152e+174
2.6888e+174
-8.21769e+173
2.39977e+173
-6.68819e+172
1.77672e+172
-4.49266e+171
1.07972e+171
-2.46222e+170
5.31833e+169
-1.08592e+169
2.09148e+168
-3.79045e+167
6.44684e+166
-1.02593e+166
1.52241e+165
-2.09862e+164
2.6756e+163
-3.13912e+162
3.36942e+161
-3.286e+160
2.88787e+159
-2.26439e+158
1.56469e+157
-9.38e+155
4.77914e+154
-2.01217e+153
6.72129e+151
-1.66998e+150
2.74361e+148
-2.23549e+146
1
1
1
1
-2.23549e+146
2.74361e+148
-1.66998e+150
6.72129e+151
-2.01217e+153
4.77914e+154
-9.38e+155
1.56469e+157
-2.26439e+158
2.88787e+159
-3.286e+160
3.36942e+161
-3.13912e+162
2.6756e+163
-2.09862e+164
1.52241e+165
-1.02593e+166
6.44684e+166
-3.79045e+167
2.09148e+168
-1.08592e+169
5.31833e+169
-2.46222e+170
1.07972e+171
-4.49266e+171
1.77672e+172
-6.68819e+172
2.39977e+173
-8.21769e+173
2.6888e+174
-8.4152e+174
2.52174e+175
-7.24217e+175
1.995e+176
-5.27555e+176
1.34019e+177
-3.27296e+177
7.68894e+177
-1.73863e+178
3.78617e+178
-7.94466e+178
1.60709e+179
-3.1354e+179
5.90217e+179
-1.07243e+180
1.88155e+180
-3.18862e+180
5.22108e+180
-8.26254e+180
1.26408e+181
-1.87003e+181
2.67565e+181
-3.70342e+181
4.95957e+181
-6.42722e+181
8.06121e+181
-9.78649e+181
1.15014e+182
-1.30859e+182
1.44151e+182
-1.5375e+182
1.58785e+182
-1.58785e+182
1.5375e+182
-1.44151e+182
1.30859e+182
-1.15014e+182
9.78649e+181
-8.06121e+181
6.42722e+181
-4.95957e+181
3.70342e+181
-2.67565e+181
1.87003e+181
-1.26408e+181
8.26254e+180
-5.22108e+180
3.18862e+180
-1.88155e+180
1.07243e+180
-5.90217e+179
3.1354e+179
-1.60709e+179
7.94466e+178
-3.78617e+178
1.73863e+178
-7.68894e+177
3.27296e+177
-1.34019e+177
5.27555e+176
-1.995e+176
7.24217e+175
-2.52174e+175
8.4152e+174
-2.6888e+174
8.21769e+173
-2.39977e+173
6.68819e+172
-1.77672e+172
4.49266e+171
-1.07972e+171
2.46222e+170
-5.31833e+169
1.08592e+169
-2.09148e+168
3.79045e+167
-6.44684e+166
1.02593e+166
-1.52241e+165
2.09862e+164
-2.6756e+163
3.13912e+162
-3.36942e+161
3.286e+160
-2.88787e+159
2.26439e+158
-1.56469e+157
9.38e+155
-4.77914e+154
2.01217e+153
-6.72129e+151
1.66998e+150
-2.74361e+148
2.23549e+146
0
0
