0
0
0
0
4.25036e+141
-5.04681e+143
2.97118e+145
-1.1563e+147
3.34627e+148
-7.68065e+149
1.45639e+151
-2.34638e+152
3.27857e+153
-4.03589e+154
4.43121e+155
-4.38291e+156
3.93756e+157
-3.23524e+158
2.44534e+159
-1.70887e+160
1.10894e+161
-6.70814e+161
3.79533e+162
-2.01444e+163
1.00572e+164
-4.73435e+164
2.10595e+165
-8.86938e+165
3.54299e+166
-1.34458e+167
4.85503e+167
-1.67023e+168
5.48136e+168
-1.71803e+169
5.14832e+169
-1.47647e+170
4.05605e+170
-1.06825e+171
2.69942e+171
-6.54963e+171
1.52688e+172
-3.42223e+172
7.37876e+172
-1.53131e+173
3.06035e+173
-5.89259e+173
1.0936e+174
-1.95707e+174
3.37839e+174
-5.6275e+174
9.04821e+174
-1.40468e+175
2.10608e+175
-3.05041e+175
4.26899e+175
-5.77375e+175
7.54804e+175
-9.53937e+175
1.16566e+176
-1.37734e+176
1.57387e+176
-1.73935e+176
1.85917e+176
-1.92212e+176
1.92212e+176
-1.85917e+176
1.73935e+176
-1.57387e+176
1.37734e+176
-1.16566e+176
9.53937e+175
-7.54804e+175
5.77375e+175
-4.26899e+175
3.05041e+175
-2.10608e+175
1.40468e+175
-9.04821e+174
5.6275e+174
-3.37839e+174
1.95707e+174
-1.0936e+174
5.89259e+173
-3.06035e+173
1.53131e+173
-7.37876e+172
3.42223e+172
-1.52688e+172
6.54963e+171
-2.69942e+171
1.06825e+171
-4.05605e+170
1.47647e+170
-5.14832e+169
1.71803e+169
-5.48136e+168
1.67023e+168
-4.85503e+167
1.34458e+167
-3.54299e+166
8.86938e+165
-2.10595e+165
4.73435e+164
-1.00572e+164
2.01444e+163
-3.79533e+162
6.70814e+161
-1.10894e+161
1.70887e+160
-2.44534e+159
3.23524e+158
-3.93756e+157
4.38291e+156
-4.43121e+155
4.03589e+154
-3.27857e+153
2.34638e+152
-1.45639e+151
7.68065e+149
-3.34627e+148
1.1563e+147
-2.97118e+145
5.04681e+143
-4.25036e+141
1
1
1
1
1
1
1
1
-4.25036e+141
5.04681e+143
-2.97118e+145
1.1563e+147
-3.34627e+148
7.68065e+149
-1.45639e+151
2.34638e+152
-3.27857e+153
4.03589e+154
-4.43121e+155
4.38291e+156
-3.93756e+157
3.23524e+158
-2.44534e+159
1.70887e+160
-1.10894e+161
6.70814e+161
-3.79533e+162
2.01444e+163
-1.00572e+164
4.73435e+164
-2.10595e+165
8.86938e+165
-3.54299e+166
1.34458e+167
-4.85503e+167
1.67023e+168
-5.48136e+168
1.71803e+169
-5.14832e+169
1.47647e+170
-4.05605e+170
1.06825e+171
-2.69942e+171
6.54963e+171
-1.52688e+172
3.42223e+172
-7.37876e+172
1.53131e+173
-3.06035e+173
5.89259e+173
-1.0936e+174
1.95707e+174
-3.37839e+174
5.6275e+174
-9.04821e+174
1.40468e+175
-2.10608e+175
3.05041e+175
-4.26899e+175
5.77375e+175
-7.54804e+175
9.53937e+175
-1.16566e+176
1.37734e+176
-1.57387e+176
1.73935e+176
-1.85917e+176
1.92212e+176
-1.92212e+176
1.85917e+176
-1.73935e+176
1.57387e+176
-1.37734e+176
1.16566e+176
-9.53937e+175
7.54804e+175
-5.77375e+175
4.26899e+175
-3.05041e+175
2.10608e+175
-1.40468e+175
9.04821e+174
-5.6275e+174
3.37839e+174
-1.95707e+174
1.0936e+174
-5.89259e+173
3.06035e+173
-1.53131e+173
7.37876e+172
-3.42223e+172
1.52688e+172
-6.54963e+171
2.69942e+171
-1.06825e+171
4.05605e+170
-1.47647e+170
5.14832e+169
-1.71803e+169
5.48136e+168
-1.67023e+168
4.85503e+167
-1.34458e+167
3.54299e+166
-8.86938e+165
2.10595e+165
-4.73435e+164
1.00572e+164
-2.01444e+163
3.79533e+162
-6.70814e+161
1.10894e+161
-1.70887e+160
2.44534e+159
-3.23524e+158
3.93756e+157
-4.38291e+156
4.43121e+155
-4.03589e+154
3.27857e+153
-2.34638e+152
1.45639e+151
-7.68065e+149
3.34627e+148
-1.1563e+147
2.97118e+145
-5.04681e+143
4.25036e+141
0
0
0
0
