0
0
0
0
0
0
0
0
0
0
0
0
0
0
0
0
0
0
0
0
0
0
0
0
0
0
0
0
0
0
0
0
3.42894e+75
-2.15545e+77
6.66757e+78
-1.35293e+80
2.02534e+81
-2.38529e+82
2.3015e+83
-1.87073e+84
1.30727e+85
-7.97572e+85
4.30012e+86
-2.06877e+87
8.95186e+87
-3.50712e+88
1.25093e+89
-4.08141e+89
1.22303e+90
-3.37768e+90
8.62322e+90
-2.04045e+91
4.48513e+91
-9.17663e+91
1.75065e+92
-3.11872e+92
5.1949e+92
-8.09998e+92
1.18334e+93
-1.62103e+93
2.08359e+93
-2.51413e+93
2.84894e+93
-3.03253e+93
3.03253e+93
-2.84894e+93
2.51413e+93
-2.08359e+93
1.62103e+93
-1.18334e+93
8.09998e+92
-5.1949e+92
3.11872e+92
-1.75065e+92
9.17663e+91
-4.48513e+91
2.04045e+91
-8.62322e+90
3.37768e+90
-1.22303e+90
4.08141e+89
-1.25093e+89
3.50712e+88
-8.95186e+87
2.06877e+87
-4.30012e+86
7.97572e+85
-1.30727e+85
1.87073e+84
-2.3015e+83
2.38529e+82
-2.02534e+81
1.35293e+80
-6.66757e+78
2.15545e+77
-3.42894e+75
1
1
1
1
1
1
1
1
1
1
1
1
1
1
1
1
1
1
1
1
1
1
1
1
1
1
1
1
1
1
1
1
1
1
1
1
1
1
1
1
1
1
1
1
1
1
1
1
1
1
1
1
1
1
1
1
1
1
1
1
1
1
1
1
-3.42894e+75
2.15545e+77
-6.66757e+78
1.35293e+80
-2.02534e+81
2.38529e+82
-2.3015e+83
1.87073e+84
-1.30727e+85
7.97572e+85
-4.30012e+86
2.06877e+87
-8.95186e+87
3.50712e+88
-1.25093e+89
4.08141e+89
-1.22303e+90
3.37768e+90
-8.62322e+90
2.04045e+91
-4.48513e+91
9.17663e+91
-1.75065e+92
3.11872e+92
-5.1949e+92
8.09998e+92
-1.18334e+93
1.62103e+93
-2.08359e+93
2.51413e+93
-2.84894e+93
3.03253e+93
-3.03253e+93
2.84894e+93
-2.51413e+93
2.08359e+93
-1.62103e+93
1.18334e+93
-8.09998e+92
5.1949e+92
-3.11872e+92
1.75065e+92
-9.17663e+91
4.48513e+91
-2.04045e+91
8.62322e+90
-3.37768e+90
1.22303e+90
-4.08141e+89
1.25093e+89
-3.50712e+88
8.95186e+87
-2.06877e+87
4.30012e+86
-7.97572e+85
1.30727e+85
-1.87073e+84
2.3015e+83
-2.38529e+82
2.02534e+81
-1.35293e+80
6.66757e+78
-2.15545e+77
3.42894e+75
0
0
0
0
0
0
0
0
0
0
0
0
0
0
0
0
0
0
0
0
0
0
0
0
0
0
0
0
0
0
0
0
