0
0
0
0
0
0
0
0
0
0
0
0
0
0
0
0
0
0
3.81762e+108
-3.46638e+110
1.55651e+112
-4.60792e+113
1.01166e+115
-1.75675e+116
2.51307e+117
-3.04576e+118
3.1921e+119
-2.93849e+120
2.40531e+121
-1.76815e+122
1.1768e+123
-7.13978e+123
3.97165e+124
-2.03568e+125
9.65529e+125
-4.25364e+126
1.74632e+127
-6.70067e+127
2.40917e+128
-8.13532e+128
2.58547e+129
-7.74767e+129
2.19281e+130
-5.87069e+130
1.48879e+131
-3.58079e+131
8.17746e+131
-1.775e+132
3.66547e+132
-7.20739e+132
1.35046e+133
-2.41292e+133
4.11374e+133
-6.69591e+133
1.04108e+134
-1.54686e+134
2.19731e+134
-2.98507e+134
3.87945e+134
-4.82448e+134
5.7423e+134
-6.54259e+134
7.13667e+134
-7.45349e+134
7.45349e+134
-7.13667e+134
6.54259e+134
-5.7423e+134
4.82448e+134
-3.87945e+134
2.98507e+134
-2.19731e+134
1.54686e+134
-1.04108e+134
6.69591e+133
-4.11374e+133
2.41292e+133
-1.35046e+133
7.20739e+132
-3.66547e+132
1.775e+132
-8.17746e+131
3.58079e+131
-1.48879e+131
5.87069e+130
-2.19281e+130
7.74767e+129
-2.58547e+129
8.13532e+128
-2.40917e+128
6.70067e+127
-1.74632e+127
4.25364e+126
-9.65529e+125
2.03568e+125
-3.97165e+124
7.13978e+123
-1.1768e+123
1.76815e+122
-2.40531e+121
2.93849e+120
-3.1921e+119
3.04576e+118
-2.51307e+117
1.75675e+116
-1.01166e+115
4.60792e+113
-1.55651e+112
3.46638e+110
-3.81762e+108
1
1
1
1
1
1
1
1
1
1
1
1
1
1
1
1
1
1
1
1
1
1
1
1
1
1
1
1
1
1
1
1
1
1
1
1
-3.81762e+108
3.46638e+110
-1.55651e+112
4.60792e+113
-1.01166e+115
1.75675e+116
-2.51307e+117
3.04576e+118
-3.1921e+119
2.93849e+120
-2.40531e+121
1.76815e+122
-1.1768e+123
7.13978e+123
-3.97165e+124
2.03568e+125
-9.65529e+125
4.25364e+126
-1.74632e+127
6.70067e+127
-2.40917e+128
8.13532e+128
-2.58547e+129
7.74767e+129
-2.19281e+130
5.87069e+130
-1.48879e+131
3.58079e+131
-8.17746e+131
1.775e+132
-3.66547e+132
7.20739e+132
-1.35046e+133
2.41292e+133
-4.11374e+133
6.69591e+133
-1.04108e+134
1.54686e+134
-2.19731e+134
2.98507e+134
-3.87945e+134
4.82448e+134
-5.7423e+134
6.54259e+134
-7.13667e+134
7.45349e+134
-7.45349e+134
7.13667e+134
-6.54259e+134
5.7423e+134
-4.82448e+134
3.87945e+134
-2.98507e+134
2.19731e+134
-1.54686e+134
1.04108e+134
-6.69591e+133
4.11374e+133
-2.41292e+133
1.35046e+133
-7.20739e+132
3.66547e+132
-1.775e+132
8.17746e+131
-3.58079e+131
1.48879e+131
-5.87069e+130
2.19281e+130
-7.74767e+129
2.58547e+129
-8.13532e+128
2.40917e+128
-6.70067e+127
1.74632e+127
-4.25364e+126
9.65529e+125
-2.03568e+125
3.97165e+124
-7.13978e+123
1.1768e+123
-1.76815e+122
2.40531e+121
-2.93849e+120
3.1921e+119
-3.04576e+118
2.51307e+117
-1.75675e+116
1.01166e+115
-4.60792e+113
1.55651e+112
-3.46638e+110
3.81762e+108
0
0
0
0
0
0
0
0
0
0
0
0
0
0
0
0
0
0
