0
0
0
0
0
0
0
0
0
0
0
0
0
2.42193e+120
-2.44076e+122
1.21775e+124
-4.01008e+125
9.80436e+126
-1.89819e+128
3.03109e+129
-4.10565e+130
4.81501e+131
-4.96631e+132
4.56076e+133
-3.76634e+134
2.81991e+135
-1.92732e+136
1.20949e+137
-7.0039e+137
3.7588e+138
-1.87659e+139
8.74468e+139
-3.81466e+140
1.56188e+141
-6.01643e+141
2.185e+142
-7.49574e+142
2.43322e+143
-7.48574e+143
2.18573e+144
-6.06506e+144
1.60129e+145
-4.02692e+145
9.65568e+145
-2.20951e+146
4.82927e+146
-1.00896e+147
2.0164e+147
-3.85725e+147
7.06696e+147
-1.24073e+148
2.08845e+148
-3.37187e+148
5.22386e+148
-7.76867e+148
1.10937e+149
-1.52162e+149
2.00516e+149
-2.53919e+149
3.09051e+149
-3.61592e+149
4.06737e+149
-4.39902e+149
4.57478e+149
-4.57478e+149
4.39902e+149
-4.06737e+149
3.61592e+149
-3.09051e+149
2.53919e+149
-2.00516e+149
1.52162e+149
-1.10937e+149
7.76867e+148
-5.22386e+148
3.37187e+148
-2.08845e+148
1.24073e+148
-7.06696e+147
3.85725e+147
-2.0164e+147
1.00896e+147
-4.82927e+146
2.20951e+146
-9.65568e+145
4.02692e+145
-1.60129e+145
6.06506e+144
-2.18573e+144
7.48574e+143
-2.43322e+143
7.49574e+142
-2.185e+142
6.01643e+141
-1.56188e+141
3.81466e+140
-8.74468e+139
1.87659e+139
-3.7588e+138
7.0039e+137
-1.20949e+137
1.92732e+136
-2.81991e+135
3.76634e+134
-4.56076e+133
4.96631e+132
-4.81501e+131
4.10565e+130
-3.03109e+129
1.89819e+128
-9.80436e+126
4.01008e+125
-1.21775e+124
2.44076e+122
-2.42193e+120
1
1
1
1
1
1
1
1
1
1
1
1
1
1
1
1
1
1
1
1
1
1
1
1
1
1
-2.42193e+120
2.44076e+122
-1.21775e+124
4.01008e+125
-9.80436e+126
1.89819e+128
-3.03109e+129
4.10565e+130
-4.81501e+131
4.96631e+132
-4.56076e+133
3.76634e+134
-2.81991e+135
1.92732e+136
-1.20949e+137
7.0039e+137
-3.7588e+138
1.87659e+139
-8.74468e+139
3.81466e+140
-1.56188e+141
6.01643e+141
-2.185e+142
7.49574e+142
-2.43322e+143
7.48574e+143
-2.18573e+144
6.06506e+144
-1.60129e+145
4.02692e+145
-9.65568e+145
2.20951e+146
-4.82927e+146
1.00896e+147
-2.0164e+147
3.85725e+147
-7.06696e+147
1.24073e+148
-2.08845e+148
3.37187e+148
-5.22386e+148
7.76867e+148
-1.10937e+149
1.52162e+149
-2.00516e+149
2.53919e+149
-3.09051e+149
3.61592e+149
-4.06737e+149
4.39902e+149
-4.57478e+149
4.57478e+149
-4.39902e+149
4.06737e+149
-3.61592e+149
3.09051e+149
-2.53919e+149
2.00516e+149
-1.52162e+149
1.10937e+149
-7.76867e+148
5.22386e+148
-3.37187e+148
2.08845e+148
-1.24073e+148
7.06696e+147
-3.85725e+147
2.0164e+147
-1.00896e+147
4.82927e+146
-2.20951e+146
9.65568e+145
-4.02692e+145
1.60129e+145
-6.06506e+144
2.18573e+144
-7.48574e+143
2.43322e+143
-7.49574e+142
2.185e+142
-6.01643e+141
1.56188e+141
-3.81466e+140
8.74468e+139
-1.87659e+139
3.7588e+138
-7.0039e+137
1.20949e+137
-1.92732e+136
2.81991e+135
-3.76634e+134
4.56076e+133
-4.96631e+132
4.81501e+131
-4.10565e+130
3.03109e+129
-1.89819e+128
9.80436e+126
-4.01008e+125
1.21775e+124
-2.44076e+122
2.42193e+120
0
0
0
0
0
0
0
0
0
0
0
0
0
