0
0
0
0
0
0
0
0
0
0
0
0
0
0
0
0
0
0
0
1.66464e+106
-1.47826e+108
6.49033e+109
-1.87823e+111
4.02991e+112
-6.83711e+113
9.55326e+114
-1.13059e+116
1.1567e+117
-1.03916e+118
8.29867e+118
-5.9498e+119
3.86098e+120
-2.28322e+121
1.23754e+122
-6.17839e+122
2.85335e+123
-1.22355e+124
4.88756e+124
-1.82403e+125
6.3761e+125
-2.09248e+126
6.46023e+126
-1.87982e+127
5.16406e+127
-1.34131e+128
3.29855e+128
-7.68967e+128
1.70126e+129
-3.57565e+129
7.14593e+129
-1.35908e+130
2.46172e+130
-4.24951e+130
6.99534e+130
-1.09872e+131
1.64733e+131
-2.35875e+131
3.22663e+131
-4.21817e+131
5.27139e+131
-6.29869e+131
7.19742e+131
-7.86616e+131
8.2233e+131
-8.2233e+131
7.86616e+131
-7.19742e+131
6.29869e+131
-5.27139e+131
4.21817e+131
-3.22663e+131
2.35875e+131
-1.64733e+131
1.09872e+131
-6.99534e+130
4.24951e+130
-2.46172e+130
1.35908e+130
-7.14593e+129
3.57565e+129
-1.70126e+129
7.68967e+128
-3.29855e+128
1.34131e+128
-5.16406e+127
1.87982e+127
-6.46023e+126
2.09248e+126
-6.3761e+125
1.82403e+125
-4.88756e+124
1.22355e+124
-2.85335e+123
6.17839e+122
-1.23754e+122
2.28322e+121
-3.86098e+120
5.9498e+119
-8.29867e+118
1.03916e+118
-1.1567e+117
1.13059e+116
-9.55326e+114
6.83711e+113
-4.02991e+112
1.87823e+111
-6.49033e+109
1.47826e+108
-1.66464e+106
1
1
1
1
1
1
1
1
1
1
1
1
1
1
1
1
1
1
1
1
1
1
1
1
1
1
1
1
1
1
1
1
1
1
1
1
1
1
-1.66464e+106
1.47826e+108
-6.49033e+109
1.87823e+111
-4.02991e+112
6.83711e+113
-9.55326e+114
1.13059e+116
-1.1567e+117
1.03916e+118
-8.29867e+118
5.9498e+119
-3.86098e+120
2.28322e+121
-1.23754e+122
6.17839e+122
-2.85335e+123
1.22355e+124
-4.88756e+124
1.82403e+125
-6.3761e+125
2.09248e+126
-6.46023e+126
1.87982e+127
-5.16406e+127
1.34131e+128
-3.29855e+128
7.68967e+128
-1.70126e+129
3.57565e+129
-7.14593e+129
1.35908e+130
-2.46172e+130
4.24951e+130
-6.99534e+130
1.09872e+131
-1.64733e+131
2.35875e+131
-3.22663e+131
4.21817e+131
-5.27139e+131
6.29869e+131
-7.19742e+131
7.86616e+131
-8.2233e+131
8.2233e+131
-7.86616e+131
7.19742e+131
-6.29869e+131
5.27139e+131
-4.21817e+131
3.22663e+131
-2.35875e+131
1.64733e+131
-1.09872e+131
6.99534e+130
-4.24951e+130
2.46172e+130
-1.35908e+130
7.14593e+129
-3.57565e+129
1.70126e+129
-7.68967e+128
3.29855e+128
-1.34131e+128
5.16406e+127
-1.87982e+127
6.46023e+126
-2.09248e+126
6.3761e+125
-1.82403e+125
4.88756e+124
-1.22355e+124
2.85335e+123
-6.17839e+122
1.23754e+122
-2.28322e+121
3.86098e+120
-5.9498e+119
8.29867e+118
-1.03916e+118
1.1567e+117
-1.13059e+116
9.55326e+114
-6.83711e+113
4.02991e+112
-1.87823e+111
6.49033e+109
-1.47826e+108
1.66464e+106
0
0
0
0
0
0
0
0
0
0
0
0
0
0
0
0
0
0
0
