0
0
0
0
0
0
0
0
0
0
0
0
0
0
0
0
0
0
0
0
0
0
0
0
0
0
0
0
0
0
0
0
0
0
0
0
0
0
0
0
4.48095e+56
-2.10136e+58
4.82283e+59
-7.21954e+60
7.92612e+61
-6.80393e+62
4.75445e+63
-2.78017e+64
1.38793e+65
-6.00564e+65
2.27905e+66
-7.65625e+66
2.29421e+67
-6.17014e+67
1.49701e+68
-3.29056e+68
6.57602e+68
-1.19834e+69
1.99608e+69
-3.04518e+69
4.2616e+69
-5.4776e+69
6.47228e+69
-7.03441e+69
7.03441e+69
-6.47228e+69
5.4776e+69
-4.2616e+69
3.04518e+69
-1.99608e+69
1.19834e+69
-6.57602e+68
3.29056e+68
-1.49701e+68
6.17014e+67
-2.29421e+67
7.65625e+66
-2.27905e+66
6.00564e+65
-1.38793e+65
2.78017e+64
-4.75445e+63
6.80393e+62
-7.92612e+61
7.21954e+60
-4.82283e+59
2.10136e+58
-4.48095e+56
1
1
1
1
1
1
1
1
1
1
1
1
1
1
1
1
1
1
1
1
1
1
1
1
1
1
1
1
1
1
1
1
1
1
1
1
1
1
1
1
1
1
1
1
1
1
1
1
1
1
1
1
1
1
1
1
1
1
1
1
1
1
1
1
1
1
1
1
1
1
1
1
1
1
1
1
1
1
1
1
-4.48095e+56
2.10136e+58
-4.82283e+59
7.21954e+60
-7.92612e+61
6.80393e+62
-4.75445e+63
2.78017e+64
-1.38793e+65
6.00564e+65
-2.27905e+66
7.65625e+66
-2.29421e+67
6.17014e+67
-1.49701e+68
3.29056e+68
-6.57602e+68
1.19834e+69
-1.99608e+69
3.04518e+69
-4.2616e+69
5.4776e+69
-6.47228e+69
7.03441e+69
-7.03441e+69
6.47228e+69
-5.4776e+69
4.2616e+69
-3.04518e+69
1.99608e+69
-1.19834e+69
6.57602e+68
-3.29056e+68
1.49701e+68
-6.17014e+67
2.29421e+67
-7.65625e+66
2.27905e+66
-6.00564e+65
1.38793e+65
-2.78017e+64
4.75445e+63
-6.80393e+62
7.92612e+61
-7.21954e+60
4.82283e+59
-2.10136e+58
4.48095e+56
0
0
0
0
0
0
0
0
0
0
0
0
0
0
0
0
0
0
0
0
0
0
0
0
0
0
0
0
0
0
0
0
0
0
0
0
0
0
0
0
