0
0
0
0
0
0
0
0
0
0
0
0
0
0
0
0
0
0
0
0
0
0
0
0
0
0
0
0
0
0
0
0
0
0
0
0
1.23955e+66
-6.80241e+67
1.83272e+69
-3.23116e+70
4.19222e+71
-4.26798e+72
3.55022e+73
-2.48086e+74
1.48607e+75
-7.74847e+75
3.55902e+76
-1.45393e+77
5.32407e+77
-1.75887e+78
5.27053e+78
-1.43907e+79
3.59413e+79
-8.2379e+79
1.73768e+80
-3.38141e+80
6.08253e+80
-1.01317e+81
1.56504e+81
-2.24457e+81
2.99177e+81
-3.70888e+81
4.27878e+81
-4.59534e+81
4.59534e+81
-4.27878e+81
3.70888e+81
-2.99177e+81
2.24457e+81
-1.56504e+81
1.01317e+81
-6.08253e+80
3.38141e+80
-1.73768e+80
8.2379e+79
-3.59413e+79
1.43907e+79
-5.27053e+78
1.75887e+78
-5.32407e+77
1.45393e+77
-3.55902e+76
7.74847e+75
-1.48607e+75
2.48086e+74
-3.55022e+73
4.26798e+72
-4.19222e+71
3.23116e+70
-1.83272e+69
6.80241e+67
-1.23955e+66
1
1
1
1
1
1
1
1
1
1
1
1
1
1
1
1
1
1
1
1
1
1
1
1
1
1
1
1
1
1
1
1
1
1
1
1
1
1
1
1
1
1
1
1
1
1
1
1
1
1
1
1
1
1
1
1
1
1
1
1
1
1
1
1
1
1
1
1
1
1
1
1
-1.23955e+66
6.80241e+67
-1.83272e+69
3.23116e+70
-4.19222e+71
4.26798e+72
-3.55022e+73
2.48086e+74
-1.48607e+75
7.74847e+75
-3.55902e+76
1.45393e+77
-5.32407e+77
1.75887e+78
-5.27053e+78
1.43907e+79
-3.59413e+79
8.2379e+79
-1.73768e+80
3.38141e+80
-6.08253e+80
1.01317e+81
-1.56504e+81
2.24457e+81
-2.99177e+81
3.70888e+81
-4.27878e+81
4.59534e+81
-4.59534e+81
4.27878e+81
-3.70888e+81
2.99177e+81
-2.24457e+81
1.56504e+81
-1.01317e+81
6.08253e+80
-3.38141e+80
1.73768e+80
-8.2379e+79
3.59413e+79
-1.43907e+79
5.27053e+78
-1.75887e+78
5.32407e+77
-1.45393e+77
3.55902e+76
-7.74847e+75
1.48607e+75
-2.48086e+74
3.55022e+73
-4.26798e+72
4.19222e+71
-3.23116e+70
1.83272e+69
-6.80241e+67
1.23955e+66
0
0
0
0
0
0
0
0
0
0
0
0
0
0
0
0
0
0
0
0
0
0
0
0
0
0
0
0
0
0
0
0
0
0
0
0
