0
0
0
0
0
0
0
0
0
0
0
0
0
0
0
0
0
0
0
0
0
0
0
0
0
0
0
0
0
0
0
0
0
0
0
0
0
0
2.35677e+61
-1.19928e+63
2.99181e+64
-4.87663e+65
5.84051e+66
-5.47983e+67
4.19373e+68
-2.69142e+69
1.47791e+70
-7.05045e+70
2.95698e+71
-1.10068e+72
3.66436e+72
-1.09804e+73
2.97721e+73
-7.3366e+73
1.64927e+74
-3.39283e+74
6.40413e+74
-1.1116e+75
1.77762e+75
-2.62294e+75
3.57546e+75
-4.50699e+75
5.25721e+75
-5.67729e+75
5.67729e+75
-5.25721e+75
4.50699e+75
-3.57546e+75
2.62294e+75
-1.77762e+75
1.1116e+75
-6.40413e+74
3.39283e+74
-1.64927e+74
7.3366e+73
-2.97721e+73
1.09804e+73
-3.66436e+72
1.10068e+72
-2.95698e+71
7.05045e+70
-1.47791e+70
2.69142e+69
-4.19373e+68
5.47983e+67
-5.84051e+66
4.87663e+65
-2.99181e+64
1.19928e+63
-2.35677e+61
1
1
1
1
1
1
1
1
1
1
1
1
1
1
1
1
1
1
1
1
1
1
1
1
1
1
1
1
1
1
1
1
1
1
1
1
1
1
1
1
1
1
1
1
1
1
1
1
1
1
1
1
1
1
1
1
1
1
1
1
1
1
1
1
1
1
1
1
1
1
1
1
1
1
1
1
-2.35677e+61
1.19928e+63
-2.99181e+64
4.87663e+65
-5.84051e+66
5.47983e+67
-4.19373e+68
2.69142e+69
-1.47791e+70
7.05045e+70
-2.95698e+71
1.10068e+72
-3.66436e+72
1.09804e+73
-2.97721e+73
7.3366e+73
-1.64927e+74
3.39283e+74
-6.40413e+74
1.1116e+75
-1.77762e+75
2.62294e+75
-3.57546e+75
4.50699e+75
-5.25721e+75
5.67729e+75
-5.67729e+75
5.25721e+75
-4.50699e+75
3.57546e+75
-2.62294e+75
1.77762e+75
-1.1116e+75
6.40413e+74
-3.39283e+74
1.64927e+74
-7.3366e+73
2.97721e+73
-1.09804e+73
3.66436e+72
-1.10068e+72
2.95698e+71
-7.05045e+70
1.47791e+70
-2.69142e+69
4.19373e+68
-5.47983e+67
5.84051e+66
-4.87663e+65
2.99181e+64
-1.19928e+63
2.35677e+61
0
0
0
0
0
0
0
0
0
0
0
0
0
0
0
0
0
0
0
0
0
0
0
0
0
0
0
0
0
0
0
0
0
0
0
0
0
0
