4.26419e+167
-1.11568e+169
2.41239e+170
-4.43679e+171
7.08491e+172
-9.97826e+173
1.25487e+175
-1.42332e+176
1.46807e+177
-1.38652e+178
1.20611e+179
-9.71239e+179
7.27188e+180
-5.08181e+181
3.32595e+182
-2.04479e+183
1.18412e+184
-6.47445e+184
3.34989e+185
-1.64339e+186
7.65808e+186
-3.39539e+187
1.43454e+188
-5.78349e+188
2.22785e+189
-8.2095e+189
2.89708e+190
-9.80078e+190
3.1815e+191
-9.91873e+191
2.9723e+192
-8.56795e+192
2.37749e+193
-6.35493e+193
1.63729e+194
-4.06837e+194
9.75512e+194
-2.25833e+195
5.05006e+195
-1.09133e+196
2.28007e+196
-4.60733e+196
9.00785e+196
-1.70457e+197
3.12299e+197
-5.54145e+197
9.52567e+197
-1.58673e+198
2.56183e+198
-4.00995e+198
6.08639e+198
-8.95978e+198
1.27946e+199
-1.77265e+199
2.38313e+199
-3.10927e+199
3.93738e+199
-4.83993e+199
5.77555e+199
-6.69121e+199
7.52663e+199
-8.22058e+199
8.71823e+199
-8.97818e+199
8.97818e+199
-8.71823e+199
8.22058e+199
-7.52663e+199
6.69121e+199
-5.77555e+199
4.83993e+199
-3.93738e+199
3.10927e+199
-2.38313e+199
1.77265e+199
-1.27946e+199
8.95978e+198
-6.08639e+198
4.00995e+198
-2.56183e+198
1.58673e+198
-9.52567e+197
5.54145e+197
-3.12299e+197
1.70457e+197
-9.00785e+196
4.60733e+196
-2.28007e+196
1.09133e+196
-5.05006e+195
2.25833e+195
-9.75512e+194
4.06837e+194
-1.63729e+194
6.35493e+193
-2.37749e+193
8.56795e+192
-2.9723e+192
9.91873e+191
-3.1815e+191
9.80078e+190
-2.89708e+190
8.2095e+189
-2.22785e+189
5.78349e+188
-1.43454e+188
3.39539e+187
-7.65808e+186
1.64339e+186
-3.34989e+185
6.47445e+184
-1.18412e+184
2.04479e+183
-3.32595e+182
5.08181e+181
-7.27188e+180
9.71239e+179
-1.20611e+179
1.38652e+178
-1.46807e+177
1.42332e+176
-1.25487e+175
9.97826e+173
-7.08491e+172
4.43679e+171
-2.41239e+170
1.11565e+169
-4.13754e+167
-4.13754e+167
1.11565e+169
-2.41239e+170
4.43679e+171
-7.08491e+172
9.97826e+173
-1.25487e+175
1.42332e+176
-1.46807e+177
1.38652e+178
-1.20611e+179
9.71239e+179
-7.27188e+180
5.08181e+181
-3.32595e+182
2.04479e+183
-1.18412e+184
6.47445e+184
-3.34989e+185
1.64339e+186
-7.65808e+186
3.39539e+187
-1.43454e+188
5.78349e+188
-2.22785e+189
8.2095e+189
-2.89708e+190
9.80078e+190
-3.1815e+191
9.91873e+191
-2.9723e+192
8.56795e+192
-2.37749e+193
6.35493e+193
-1.63729e+194
4.06837e+194
-9.75512e+194
2.25833e+195
-5.05006e+195
1.09133e+196
-2.28007e+196
4.60733e+196
-9.00785e+196
1.70457e+197
-3.12299e+197
5.54145e+197
-9.52567e+197
1.58673e+198
-2.56183e+198
4.00995e+198
-6.08639e+198
8.95978e+198
-1.27946e+199
1.77265e+199
-2.38313e+199
3.10927e+199
-3.93738e+199
4.83993e+199
-5.77555e+199
6.69121e+199
-7.52663e+199
8.22058e+199
-8.71823e+199
8.97818e+199
-8.97818e+199
8.71823e+199
-8.22058e+199
7.52663e+199
-6.69121e+199
5.77555e+199
-4.83993e+199
3.93738e+199
-3.10927e+199
2.38313e+199
-1.77265e+199
1.27946e+199
-8.95978e+198
6.08639e+198
-4.00995e+198
2.56183e+198
-1.58673e+198
9.52567e+197
-5.54145e+197
3.12299e+197
-1.70457e+197
9.00785e+196
-4.60733e+196
2.28007e+196
-1.09133e+196
5.05006e+195
-2.25833e+195
9.75512e+194
-4.06837e+194
1.63729e+194
-6.35493e+193
2.37749e+193
-8.56795e+192
2.9723e+192
-9.91873e+191
3.1815e+191
-9.80078e+190
2.89708e+190
-8.2095e+189
2.22785e+189
-5.78349e+188
1.43454e+188
-3.39539e+187
7.65808e+186
-1.64339e+186
3.34989e+185
-6.47445e+184
1.18412e+184
-2.04479e+183
3.32595e+182
-5.08181e+181
7.27188e+180
-9.71239e+179
1.20611e+179
-1.38652e+178
1.46807e+177
-1.42332e+176
1.25487e+175
-9.97826e+173
7.08491e+172
-4.43679e+171
2.41239e+170
-1.11568e+169
4.26419e+167
