1.51418e+175
-2.87596e+176
4.73599e+177
-6.88011e+178
8.92707e+179
-1.04494e+181
1.11254e+182
-1.0849e+183
9.74667e+183
-8.10801e+184
6.27291e+185
-4.53098e+186
3.06592e+187
-1.94934e+188
1.16774e+189
-6.60689e+189
3.53828e+190
-1.79722e+191
8.67384e+191
-3.98425e+192
1.7445e+193
-7.29105e+193
2.91252e+194
-1.11334e+195
4.07705e+195
-1.43176e+196
4.82636e+196
-1.56307e+197
4.86752e+197
-1.45863e+198
4.20926e+198
-1.17054e+199
3.13877e+199
-8.12059e+199
2.02821e+200
-4.89286e+200
1.14065e+201
-2.57089e+201
5.60457e+201
-1.18225e+202
2.41405e+202
-4.77324e+202
9.1423e+202
-1.69672e+203
3.05216e+203
-5.32309e+203
9.00315e+203
-1.47708e+204
2.35118e+204
-3.63191e+204
5.44544e+204
-7.92605e+204
1.12015e+205
-1.5373e+205
2.04908e+205
-2.65296e+205
3.33675e+205
-4.07734e+205
4.84091e+205
-5.58478e+205
6.26093e+205
-6.82096e+205
7.22173e+205
-7.43082e+205
7.43082e+205
-7.22173e+205
6.82096e+205
-6.26093e+205
5.58478e+205
-4.84091e+205
4.07734e+205
-3.33675e+205
2.65296e+205
-2.04908e+205
1.5373e+205
-1.12015e+205
7.92605e+204
-5.44544e+204
3.63191e+204
-2.35118e+204
1.47708e+204
-9.00315e+203
5.32309e+203
-3.05216e+203
1.69672e+203
-9.1423e+202
4.77324e+202
-2.41405e+202
1.18225e+202
-5.60457e+201
2.57089e+201
-1.14065e+201
4.89286e+200
-2.02821e+200
8.12059e+199
-3.13877e+199
1.17054e+199
-4.20926e+198
1.45863e+198
-4.86752e+197
1.56307e+197
-4.82636e+196
1.43176e+196
-4.07705e+195
1.11334e+195
-2.91252e+194
7.29105e+193
-1.7445e+193
3.98425e+192
-8.67384e+191
1.79722e+191
-3.53828e+190
6.60689e+189
-1.16774e+189
1.94934e+188
-3.06592e+187
4.53098e+186
-6.27291e+185
8.10801e+184
-9.74667e+183
1.0849e+183
-1.11254e+182
1.04494e+181
-8.92707e+179
6.88011e+178
-4.73599e+177
2.87572e+176
-1.44866e+175
-1.44866e+175
2.87572e+176
-4.73599e+177
6.88011e+178
-8.92707e+179
1.04494e+181
-1.11254e+182
1.0849e+183
-9.74667e+183
8.10801e+184
-6.27291e+185
4.53098e+186
-3.06592e+187
1.94934e+188
-1.16774e+189
6.60689e+189
-3.53828e+190
1.79722e+191
-8.67384e+191
3.98425e+192
-1.7445e+193
7.29105e+193
-2.91252e+194
1.11334e+195
-4.07705e+195
1.43176e+196
-4.82636e+196
1.56307e+197
-4.86752e+197
1.45863e+198
-4.20926e+198
1.17054e+199
-3.13877e+199
8.12059e+199
-2.02821e+200
4.89286e+200
-1.14065e+201
2.57089e+201
-5.60457e+201
1.18225e+202
-2.41405e+202
4.77324e+202
-9.1423e+202
1.69672e+203
-3.05216e+203
5.32309e+203
-9.00315e+203
1.47708e+204
-2.35118e+204
3.63191e+204
-5.44544e+204
7.92605e+204
-1.12015e+205
1.5373e+205
-2.04908e+205
2.65296e+205
-3.33675e+205
4.07734e+205
-4.84091e+205
5.58478e+205
-6.26093e+205
6.82096e+205
-7.22173e+205
7.43082e+205
-7.43082e+205
7.22173e+205
-6.82096e+205
6.26093e+205
-5.58478e+205
4.84091e+205
-4.07734e+205
3.33675e+205
-2.65296e+205
2.04908e+205
-1.5373e+205
1.12015e+205
-7.92605e+204
5.44544e+204
-3.63191e+204
2.35118e+204
-1.47708e+204
9.00315e+203
-5.32309e+203
3.05216e+203
-1.69672e+203
9.1423e+202
-4.77324e+202
2.41405e+202
-1.18225e+202
5.60457e+201
-2.57089e+201
1.14065e+201
-4.89286e+200
2.02821e+200
-8.12059e+199
3.13877e+199
-1.17054e+199
4.20926e+198
-1.45863e+198
4.86752e+197
-1.56307e+197
4.82636e+196
-1.43176e+196
4.07705e+195
-1.11334e+195
2.91252e+194
-7.29105e+193
1.7445e+193
-3.98425e+192
8.67384e+191
-1.79722e+191
3.53828e+190
-6.60689e+189
1.16774e+189
-1.94934e+188
3.06592e+187
-4.53098e+186
6.27291e+185
-8.10801e+184
9.74667e+183
-1.0849e+183
1.11254e+182
-1.04494e+181
8.92707e+179
-6.88011e+178
4.73599e+177
-2.87596e+176
1.51418e+175
