0
0
0
0
0
0
0
0
0
0
0
0
0
0
0
0
0
0
0
0
0
0
0
0
0
0
0
0
0
0
0
0
0
0
0
0
0
0
0
0
0
0
0
0
0
0
0
0
0
0
0
0
0
0
4.02474e+23
-7.62945e+24
6.8525e+25
-3.87616e+26
1.54809e+27
-4.63835e+27
1.08118e+28
-2.00637e+28
3.00802e+28
-3.67553e+28
3.67553e+28
-3.00802e+28
2.00637e+28
-1.08118e+28
4.63835e+27
-1.54809e+27
3.87616e+26
-6.8525e+25
7.62945e+24
-4.02474e+23
1
1
1
1
1
1
1
1
1
1
1
1
1
1
1
1
1
1
1
1
1
1
1
1
1
1
1
1
1
1
1
1
1
1
1
1
1
1
1
1
1
1
1
1
1
1
1
1
1
1
1
1
1
1
1
1
1
1
1
1
1
1
1
1
1
1
1
1
1
1
1
1
1
1
1
1
1
1
1
1
1
1
1
1
1
1
1
1
1
1
1
1
1
1
1
1
1
1
1
1
1
1
1
1
1
1
1
1
-4.02474e+23
7.62945e+24
-6.8525e+25
3.87616e+26
-1.54809e+27
4.63835e+27
-1.08118e+28
2.00637e+28
-3.00802e+28
3.67553e+28
-3.67553e+28
3.00802e+28
-2.00637e+28
1.08118e+28
-4.63835e+27
1.54809e+27
-3.87616e+26
6.8525e+25
-7.62945e+24
4.02474e+23
0
0
0
0
0
0
0
0
0
0
0
0
0
0
0
0
0
0
0
0
0
0
0
0
0
0
0
0
0
0
0
0
0
0
0
0
0
0
0
0
0
0
0
0
0
0
0
0
0
0
0
0
0
0
