0
0
0
0
0
0
0
0
1.53649e+132
-1.70176e+134
9.33944e+135
-3.38614e+137
9.12355e+138
-1.94846e+140
3.43539e+141
-5.14299e+142
6.67305e+143
-7.62258e+144
7.76073e+145
-7.11294e+146
5.91702e+147
-4.49829e+148
3.14352e+149
-2.02947e+150
1.21574e+151
-6.78323e+151
3.53697e+152
-1.72869e+153
7.94054e+153
-3.43608e+154
1.40376e+155
-5.42477e+155
1.98654e+156
-6.90458e+156
2.28108e+157
-7.17286e+157
2.14945e+158
-6.14523e+158
1.67795e+159
-4.37994e+159
1.09393e+160
-2.6164e+160
5.99706e+160
-1.31824e+161
2.78073e+161
-5.63234e+161
1.09604e+162
-2.05016e+162
3.68792e+162
-6.38257e+162
1.06317e+163
-1.70513e+163
2.63393e+163
-3.9199e+163
5.62196e+163
-7.77225e+163
1.03597e+164
-1.33159e+164
1.65077e+164
-1.97406e+164
2.27739e+164
-2.53491e+164
2.72246e+164
-2.82135e+164
2.82135e+164
-2.72246e+164
2.53491e+164
-2.27739e+164
1.97406e+164
-1.65077e+164
1.33159e+164
-1.03597e+164
7.77225e+163
-5.62196e+163
3.9199e+163
-2.63393e+163
1.70513e+163
-1.06317e+163
6.38257e+162
-3.68792e+162
2.05016e+162
-1.09604e+162
5.63234e+161
-2.78073e+161
1.31824e+161
-5.99706e+160
2.6164e+160
-1.09393e+160
4.37994e+159
-1.67795e+159
6.14523e+158
-2.14945e+158
7.17286e+157
-2.28108e+157
6.90458e+156
-1.98654e+156
5.42477e+155
-1.40376e+155
3.43608e+154
-7.94054e+153
1.72869e+153
-3.53697e+152
6.78323e+151
-1.21574e+151
2.02947e+150
-3.14352e+149
4.49829e+148
-5.91702e+147
7.11294e+146
-7.76073e+145
7.62258e+144
-6.67305e+143
5.14299e+142
-3.43539e+141
1.94846e+140
-9.12355e+138
3.38614e+137
-9.33944e+135
1.70176e+134
-1.53649e+132
1
1
1
1
1
1
1
1
1
1
1
1
1
1
1
1
-1.53649e+132
1.70176e+134
-9.33944e+135
3.38614e+137
-9.12355e+138
1.94846e+140
-3.43539e+141
5.14299e+142
-6.67305e+143
7.62258e+144
-7.76073e+145
7.11294e+146
-5.91702e+147
4.49829e+148
-3.14352e+149
2.02947e+150
-1.21574e+151
6.78323e+151
-3.53697e+152
1.72869e+153
-7.94054e+153
3.43608e+154
-1.40376e+155
5.42477e+155
-1.98654e+156
6.90458e+156
-2.28108e+157
7.17286e+157
-2.14945e+158
6.14523e+158
-1.67795e+159
4.37994e+159
-1.09393e+160
2.6164e+160
-5.99706e+160
1.31824e+161
-2.78073e+161
5.63234e+161
-1.09604e+162
2.05016e+162
-3.68792e+162
6.38257e+162
-1.06317e+163
1.70513e+163
-2.63393e+163
3.9199e+163
-5.62196e+163
7.77225e+163
-1.03597e+164
1.33159e+164
-1.65077e+164
1.97406e+164
-2.27739e+164
2.53491e+164
-2.72246e+164
2.82135e+164
-2.82135e+164
2.72246e+164
-2.53491e+164
2.27739e+164
-1.97406e+164
1.65077e+164
-1.33159e+164
1.03597e+164
-7.77225e+163
5.62196e+163
-3.9199e+163
2.63393e+163
-1.70513e+163
1.06317e+163
-6.38257e+162
3.68792e+162
-2.05016e+162
1.09604e+162
-5.63234e+161
2.78073e+161
-1.31824e+161
5.99706e+160
-2.6164e+160
1.09393e+160
-4.37994e+159
1.67795e+159
-6.14523e+158
2.14945e+158
-7.17286e+157
2.28108e+157
-6.90458e+156
1.98654e+156
-5.42477e+155
1.40376e+155
-3.43608e+154
7.94054e+153
-1.72869e+153
3.53697e+152
-6.78323e+151
1.21574e+151
-2.02947e+150
3.14352e+149
-4.49829e+148
5.91702e+147
-7.11294e+146
7.76073e+145
-7.62258e+144
6.67305e+143
-5.14299e+142
3.43539e+141
-1.94846e+140
9.12355e+138
-3.38614e+137
9.33944e+135
-1.70176e+134
1.53649e+132
0
0
0
0
0
0
0
0
