0
0
0
0
0
0
0
0
0
0
0
0
0
0
0
0
0
0
0
0
0
0
0
0
0
0
0
0
0
0
0
0
0
0
0
0
0
0
0
1.02765e+59
-5.02427e+60
1.20325e+62
-1.88125e+63
2.15923e+64
-1.93971e+65
1.41995e+66
-8.70798e+66
4.56448e+67
-2.07629e+68
8.29363e+68
-2.93665e+69
9.2882e+69
-2.64063e+70
6.78326e+70
-1.58129e+71
3.35745e+71
-6.51256e+71
1.15704e+72
-1.88675e+72
2.82881e+72
-3.90501e+72
4.96863e+72
-5.83166e+72
6.31704e+72
-6.31704e+72
5.83166e+72
-4.96863e+72
3.90501e+72
-2.82881e+72
1.88675e+72
-1.15704e+72
6.51256e+71
-3.35745e+71
1.58129e+71
-6.78326e+70
2.64063e+70
-9.2882e+69
2.93665e+69
-8.29363e+68
2.07629e+68
-4.56448e+67
8.70798e+66
-1.41995e+66
1.93971e+65
-2.15923e+64
1.88125e+63
-1.20325e+62
5.02427e+60
-1.02765e+59
1
1
1
1
1
1
1
1
1
1
1
1
1
1
1
1
1
1
1
1
1
1
1
1
1
1
1
1
1
1
1
1
1
1
1
1
1
1
1
1
1
1
1
1
1
1
1
1
1
1
1
1
1
1
1
1
1
1
1
1
1
1
1
1
1
1
1
1
1
1
1
1
1
1
1
1
1
1
-1.02765e+59
5.02427e+60
-1.20325e+62
1.88125e+63
-2.15923e+64
1.93971e+65
-1.41995e+66
8.70798e+66
-4.56448e+67
2.07629e+68
-8.29363e+68
2.93665e+69
-9.2882e+69
2.64063e+70
-6.78326e+70
1.58129e+71
-3.35745e+71
6.51256e+71
-1.15704e+72
1.88675e+72
-2.82881e+72
3.90501e+72
-4.96863e+72
5.83166e+72
-6.31704e+72
6.31704e+72
-5.83166e+72
4.96863e+72
-3.90501e+72
2.82881e+72
-1.88675e+72
1.15704e+72
-6.51256e+71
3.35745e+71
-1.58129e+71
6.78326e+70
-2.64063e+70
9.2882e+69
-2.93665e+69
8.29363e+68
-2.07629e+68
4.56448e+67
-8.70798e+66
1.41995e+66
-1.93971e+65
2.15923e+64
-1.88125e+63
1.20325e+62
-5.02427e+60
1.02765e+59
0
0
0
0
0
0
0
0
0
0
0
0
0
0
0
0
0
0
0
0
0
0
0
0
0
0
0
0
0
0
0
0
0
0
0
0
0
0
0
