0
0
0
0
0
0
0
0
0
0
0
0
0
0
0
0
0
0
0
0
7.25848e+103
-6.30095e+105
2.70357e+107
-7.64401e+108
1.60195e+110
-2.65392e+111
3.61995e+112
-4.18086e+113
4.17314e+114
-3.65652e+115
2.84711e+116
-1.9896e+117
1.25802e+118
-7.24625e+118
3.82427e+119
-1.85838e+120
8.35069e+120
-3.48281e+121
1.35262e+122
-4.90585e+122
1.66594e+123
-5.30887e+123
1.59086e+124
-4.49108e+124
1.19639e+125
-3.01197e+125
7.17577e+125
-1.61978e+126
3.46811e+126
-7.05038e+126
1.3621e+127
-2.50283e+127
4.37726e+127
-7.29131e+127
1.15744e+128
-1.75188e+128
2.52946e+128
-3.4853e+128
4.58451e+128
-5.75855e+128
6.90884e+128
-7.91868e+128
8.67195e+128
-9.07483e+128
9.07483e+128
-8.67195e+128
7.91868e+128
-6.90884e+128
5.75855e+128
-4.58451e+128
3.4853e+128
-2.52946e+128
1.75188e+128
-1.15744e+128
7.29131e+127
-4.37726e+127
2.50283e+127
-1.3621e+127
7.05038e+126
-3.46811e+126
1.61978e+126
-7.17577e+125
3.01197e+125
-1.19639e+125
4.49108e+124
-1.59086e+124
5.30887e+123
-1.66594e+123
4.90585e+122
-1.35262e+122
3.48281e+121
-8.35069e+120
1.85838e+120
-3.82427e+119
7.24625e+118
-1.25802e+118
1.9896e+117
-2.84711e+116
3.65652e+115
-4.17314e+114
4.18086e+113
-3.61995e+112
2.65392e+111
-1.60195e+110
7.64401e+108
-2.70357e+107
6.30095e+105
-7.25848e+103
1
1
1
1
1
1
1
1
1
1
1
1
1
1
1
1
1
1
1
1
1
1
1
1
1
1
1
1
1
1
1
1
1
1
1
1
1
1
1
1
-7.25848e+103
6.30095e+105
-2.70357e+107
7.64401e+108
-1.60195e+110
2.65392e+111
-3.61995e+112
4.18086e+113
-4.17314e+114
3.65652e+115
-2.84711e+116
1.9896e+117
-1.25802e+118
7.24625e+118
-3.82427e+119
1.85838e+120
-8.35069e+120
3.48281e+121
-1.35262e+122
4.90585e+122
-1.66594e+123
5.30887e+123
-1.59086e+124
4.49108e+124
-1.19639e+125
3.01197e+125
-7.17577e+125
1.61978e+126
-3.46811e+126
7.05038e+126
-1.3621e+127
2.50283e+127
-4.37726e+127
7.29131e+127
-1.15744e+128
1.75188e+128
-2.52946e+128
3.4853e+128
-4.58451e+128
5.75855e+128
-6.90884e+128
7.91868e+128
-8.67195e+128
9.07483e+128
-9.07483e+128
8.67195e+128
-7.91868e+128
6.90884e+128
-5.75855e+128
4.58451e+128
-3.4853e+128
2.52946e+128
-1.75188e+128
1.15744e+128
-7.29131e+127
4.37726e+127
-2.50283e+127
1.3621e+127
-7.05038e+126
3.46811e+126
-1.61978e+126
7.17577e+125
-3.01197e+125
1.19639e+125
-4.49108e+124
1.59086e+124
-5.30887e+123
1.66594e+123
-4.90585e+122
1.35262e+122
-3.48281e+121
8.35069e+120
-1.85838e+120
3.82427e+119
-7.24625e+118
1.25802e+118
-1.9896e+117
2.84711e+116
-3.65652e+115
4.17314e+114
-4.18086e+113
3.61995e+112
-2.65392e+111
1.60195e+110
-7.64401e+108
2.70357e+107
-6.30095e+105
7.25848e+103
0
0
0
0
0
0
0
0
0
0
0
0
0
0
0
0
0
0
0
0
