-2.75382e+171
6.05288e+172
-1.13049e+174
1.83342e+175
-2.62281e+176
3.35081e+177
-3.86141e+178
4.04702e+179
-3.88433e+180
3.4343e+181
-2.81121e+182
2.13988e+183
-1.52053e+184
1.01202e+185
-6.32821e+185
3.72774e+186
-2.07366e+187
1.09173e+188
-5.45053e+188
2.58524e+189
-1.16687e+190
5.01953e+190
-2.06079e+191
8.08523e+191
-3.03501e+192
1.09123e+193
-3.76187e+193
1.24463e+194
-3.95559e+194
1.20858e+195
-3.55276e+195
1.00554e+196
-2.74203e+196
7.20864e+196
-1.82811e+197
4.47468e+197
-1.05769e+198
2.41546e+198
-5.33201e+198
1.13819e+199
-2.35044e+199
4.69739e+199
-9.08849e+199
1.70294e+200
-3.09109e+200
5.43698e+200
-9.26946e+200
1.53218e+201
-2.45601e+201
3.81861e+201
-5.76002e+201
8.43077e+201
-1.19759e+202
1.65127e+202
-2.2103e+202
2.87256e+202
-3.62508e+202
4.44264e+202
-5.28783e+202
6.11307e+202
-6.86456e+202
7.48789e+202
-7.93441e+202
8.16751e+202
-8.16751e+202
7.93441e+202
-7.48789e+202
6.86456e+202
-6.11307e+202
5.28783e+202
-4.44264e+202
3.62508e+202
-2.87256e+202
2.2103e+202
-1.65127e+202
1.19759e+202
-8.43077e+201
5.76002e+201
-3.81861e+201
2.45601e+201
-1.53218e+201
9.26946e+200
-5.43698e+200
3.09109e+200
-1.70294e+200
9.08849e+199
-4.69739e+199
2.35044e+199
-1.13819e+199
5.33201e+198
-2.41546e+198
1.05769e+198
-4.47468e+197
1.82811e+197
-7.20864e+196
2.74203e+196
-1.00554e+196
3.55276e+195
-1.20858e+195
3.95559e+194
-1.24463e+194
3.76187e+193
-1.09123e+193
3.03501e+192
-8.08523e+191
2.06079e+191
-5.01953e+190
1.16687e+190
-2.58524e+189
5.45053e+188
-1.09173e+188
2.07366e+187
-3.72774e+186
6.32821e+185
-1.01202e+185
1.52053e+184
-2.13988e+183
2.81121e+182
-3.4343e+181
3.88433e+180
-4.04702e+179
3.86141e+178
-3.35081e+177
2.62281e+176
-1.83342e+175
1.13049e+174
-6.05258e+172
2.65306e+171
2.65306e+171
-6.05258e+172
1.13049e+174
-1.83342e+175
2.62281e+176
-3.35081e+177
3.86141e+178
-4.04702e+179
3.88433e+180
-3.4343e+181
2.81121e+182
-2.13988e+183
1.52053e+184
-1.01202e+185
6.32821e+185
-3.72774e+186
2.07366e+187
-1.09173e+188
5.45053e+188
-2.58524e+189
1.16687e+190
-5.01953e+190
2.06079e+191
-8.08523e+191
3.03501e+192
-1.09123e+193
3.76187e+193
-1.24463e+194
3.95559e+194
-1.20858e+195
3.55276e+195
-1.00554e+196
2.74203e+196
-7.20864e+196
1.82811e+197
-4.47468e+197
1.05769e+198
-2.41546e+198
5.33201e+198
-1.13819e+199
2.35044e+199
-4.69739e+199
9.08849e+199
-1.70294e+200
3.09109e+200
-5.43698e+200
9.26946e+200
-1.53218e+201
2.45601e+201
-3.81861e+201
5.76002e+201
-8.43077e+201
1.19759e+202
-1.65127e+202
2.2103e+202
-2.87256e+202
3.62508e+202
-4.44264e+202
5.28783e+202
-6.11307e+202
6.86456e+202
-7.48789e+202
7.93441e+202
-8.16751e+202
8.16751e+202
-7.93441e+202
7.48789e+202
-6.86456e+202
6.11307e+202
-5.28783e+202
4.44264e+202
-3.62508e+202
2.87256e+202
-2.2103e+202
1.65127e+202
-1.19759e+202
8.43077e+201
-5.76002e+201
3.81861e+201
-2.45601e+201
1.53218e+201
-9.26946e+200
5.43698e+200
-3.09109e+200
1.70294e+200
-9.08849e+199
4.69739e+199
-2.35044e+199
1.13819e+199
-5.33201e+198
2.41546e+198
-1.05769e+198
4.47468e+197
-1.82811e+197
7.20864e+196
-2.74203e+196
1.00554e+196
-3.55276e+195
1.20858e+195
-3.95559e+194
1.24463e+194
-3.76187e+193
1.09123e+193
-3.03501e+192
8.08523e+191
-2.06079e+191
5.01953e+190
-1.16687e+190
2.58524e+189
-5.45053e+188
1.09173e+188
-2.07366e+187
3.72774e+186
-6.32821e+185
1.01202e+185
-1.52053e+184
2.13988e+183
-2.81121e+182
3.4343e+181
-3.88433e+180
4.04702e+179
-3.86141e+178
3.35081e+177
-2.62281e+176
1.83342e+175
-1.13049e+174
6.05288e+172
-2.75382e+171
