1.00015
1.00004
0.999981
0.999978
0.999992
1
1
1
1
1
1
1
1
1
1
1
1
1
1
1
1
1
1
1
1
1
1
1
1
1
1
1
1
1
1
1
1
1
1
1
1
1
1
1
1
1
1
1
1
1
1
1
1
1
1
1
1
1
1
1
1
1
1
1
1
1
1
1
1
1
1
1
1
1
1
1
1
1
1
1
1
1
1
1
1
1
1
0.999998
0.999997
0.999999
1.00001
1.00002
1.00002
0.999985
0.999896
0.999805
0.999847
1.00019
1.00085
1.00147
1.00119
0.999052
0.994858
0.990278
0.98931
0.997129
1.017
1.04627
1.07362
1.08007
1.04463
0.952925
0.804794
0.61684
0.417871
0.239089
0.103562
0.0198092
-0.0180998
-0.0250203
-0.0173046
-0.00712383
-0.000409455
0.0019934
0.00173861
0.000722128
4.10761e-06
-0.000214296
-0.00014881
-3.65826e-05
1.89189e-05
2.17539e-05
7.6134e-06
-1.5425e-06
-2.8441e-06
-1.0791e-06
1.86835e-07
3.59941e-07
1.18788e-07
-3.53068e-08
-4.3204e-08
-9.01002e-09
6.56634e-09
4.45441e-09
7.15235e-11
-9.64059e-10
-3.18604e-10
1.12771e-10
9.95226e-11
2.91003e-12
-1.98391e-11
-5.28622e-12
2.81838e-12
1.63448e-12
-2.36038e-13
-3.58521e-13
-1.44603e-14
6.53754e-14
1.18156e-14
-1.052e-14
-3.34405e-15
1.54687e-15
7.30337e-16
-2.14322e-16
-1.40249e-16
2.90988e-17
2.48968e-17
-4.09036e-18
-4.18415e-18
6.3173e-19
6.72345e-19
-1.13477e-19
-1.10041e-19
3.37618e-20
8.01063e-20
3.67442e-20
-3.11232e-19
-8.12167e-19
2.60612e-19
5.12014e-18
8.23721e-18
-1.27597e-17
-6.96808e-17
-6.5141e-17
2.46836e-16
8.25555e-16
3.29339e-16
-3.60579e-15
-8.8176e-15
5.49118e-16
4.4794e-14
8.74174e-14
-3.93928e-14
-4.96095e-13
-8.27804e-13
5.99002e-13
5.01419e-12
7.6856e-12
-6.26628e-12
-4.67134e-11
-7.10314e-11
4.86876e-11
4.00339e-10
6.50555e-10
-2.36039e-10
-3.10638e-09
-5.75894e-09
-4.18077e-10
2.10389e-08
4.74016e-08
2.60832e-08
-1.14619e-07
-3.45511e-07
-3.62472e-07
3.84919e-07
2.08277e-06
3.37624e-06
7.81886e-07
-9.03974e-06
-2.28553e-05
-2.39327e-05
1.45801e-05
0.000103946
0.000195299
0.000152957
-0.000190087
-0.000852902
-0.00146679
-0.00118893
0.000948233
0.00514238
0.00972209
0.0106897
0.00287141
-0.0170016
-0.0462689
-0.0736161
-0.0800675
-0.0446337
0.0470753
0.195206
0.38316
0.582129
0.760911
0.896438
0.980191
1.0181
1.02502
1.0173
1.00712
1.00041
0.998007
0.998261
0.999278
0.999996
1.00021
