1
1
1
1
1
1
1
1
1
1
1
1
1
1
1
1
1
1
1
1
1
1
1
1
1
1
1
1
1
1
1
1
1
1
1
1
1
1
1
1
1
0.999999
0.999998
0.999998
1
1.00001
1.00002
1
0.999937
0.999854
0.999869
1.00016
1.00076
1.00127
1.00077
0.998238
0.993813
0.990174
0.992701
1.00702
1.03398
1.06445
1.07801
1.04853
0.955654
0.796679
0.591579
0.377055
0.192068
0.0626113
-0.0061925
-0.0274416
-0.0224574
-0.0101344
-0.00107049
0.0022927
0.0019828
0.000697661
-0.000106915
-0.000259353
-0.000123409
-1.8661e-07
3.17451e-05
1.58556e-05
-3.79355e-07
-4.00068e-06
-1.58288e-06
3.0539e-07
4.72522e-07
9.53221e-08
-7.24888e-08
-4.22675e-08
3.436e-09
9.62265e-09
1.59849e-09
-1.56782e-09
-6.25795e-10
1.88501e-10
1.48941e-10
-1.35174e-11
-2.89376e-11
-7.4983e-13
5.04595e-12
5.17657e-13
-8.32023e-13
-1.24605e-13
1.342e-13
2.22748e-14
-2.15579e-14
-3.20324e-15
3.44944e-15
3.42828e-16
-5.40359e-16
-1.30665e-17
8.027e-17
-5.85452e-18
-1.07778e-17
2.13312e-18
1.20238e-18
-4.66249e-19
-8.75025e-20
7.65262e-20
-2.49377e-21
-9.351e-21
2.21915e-21
6.84682e-22
-3.81929e-22
1.19296e-22
-1.71403e-22
-1.13189e-21
-9.97734e-23
8.21922e-21
1.39413e-20
-3.71572e-20
-1.61156e-19
-4.9591e-21
1.11516e-18
1.92592e-18
-4.24767e-18
-2.01931e-17
-7.38291e-18
1.17618e-16
2.56444e-16
-2.77158e-16
-2.08645e-15
-2.13038e-15
8.5578e-15
2.84677e-14
3.79964e-15
-1.55138e-13
-3.17046e-13
2.46649e-13
2.19734e-12
2.97138e-12
-5.67866e-12
-2.6551e-11
-2.41994e-11
8.34364e-11
2.8691e-10
1.83973e-10
-9.73736e-10
-2.8589e-09
-1.52103e-09
9.53689e-09
2.66845e-08
1.56642e-08
-7.84977e-08
-2.32332e-07
-1.84456e-07
5.15497e-07
1.83302e-06
2.06824e-06
-2.20808e-06
-1.23387e-05
-1.96534e-05
-1.46971e-06
6.26863e-05
0.000146228
0.00013121
-0.000156359
-0.000755282
-0.00127376
-0.000772092
0.00176157
0.00618701
0.00982564
0.00729868
-0.00702133
-0.0339799
-0.064449
-0.0780125
-0.0485333
0.044346
0.203321
0.408421
0.622945
0.807932
0.937389
1.00619
1.02744
1.02246
1.01013
1.00107
0.997707
0.998017
0.999302
1.00011
1.00026
1.00012
1
0.999968
0.999984
1
1
1
1
1
1
1
1
1
1
1
1
1
1
1
1
1
1
1
1
1
1
1
1
1
1
1
1
1
1
1
1
1
1
1
1
1
1
1
1
1
1
1
1
