-2.54501e-17
3.24941e-19
-3.31501e-21
2.63951e-23
-1.58112e-25
6.70416e-28
-1.7943e-30
2.27992e-33
0
0
0
0
2.27992e-33
-2.46921e-31
1.08947e-29
-2.26759e-28
1.1192e-27
4.70002e-26
-9.00304e-25
4.26165e-25
1.47588e-22
-1.12207e-21
-1.20365e-20
1.83863e-19
4.50576e-19
-1.77064e-17
1.15773e-17
1.23611e-15
-2.78344e-15
-6.84863e-14
2.05581e-13
3.17229e-12
-9.65771e-12
-1.25998e-10
3.10178e-10
4.28177e-09
-6.08312e-09
-1.2089e-07
1.541e-08
2.68012e-06
3.49224e-06
-4.21879e-05
-0.00012695
0.000363096
0.00228309
0.000755907
-0.0198168
-0.0512196
0.0112212
0.311529
0.766133
1.04107
1.03189
0.98716
1.00239
0.999713
1.00002
0.999998
1
1
1
1
1
1
1
1
1
1
1
1
1
1
1
1
1
1
1
1
1
1
1
1
1
1
1
1
1
1
1
1
1
1
1
1
1
1
1
1
1
1
1
1
1
0.999997
0.999997
1.00004
1.00013
0.999637
0.997717
0.999244
1.01982
1.05122
0.988779
0.688471
0.233867
-0.0410696
-0.0318943
0.0128403
-0.00238846
0.00028725
-2.49805e-05
1.66075e-06
-8.71797e-08
3.68683e-09
-1.27183e-10
3.60438e-12
-8.41557e-14
1.61715e-15
