0.999958
0.999906
0.99993
0.999974
1
1.00001
1.00001
1
0.999999
0.999998
0.999999
1
1
1
1
1
1
1
1
1
1
1
1
1
1
1
1
1
1
1
1
1
1
1
1
1
1
1
1
1
1
1
1
1
1
1
1
1
1
1
1
1
1
1
1
1
1
1
1
1
1
1
1
1
1
1
1
1
1
1
1
1
1
1
1
1
1
1
1
0.999999
0.999998
0.999999
1
1.00001
1.00001
1
0.999974
0.99993
0.999906
0.999958
1.00014
1.00045
1.00071
1.0006
0.999729
0.997929
0.995627
0.994148
0.995629
1.0023
1.01514
1.03227
1.04776
1.05168
1.03192
0.977432
0.882166
0.748103
0.586095
0.413905
0.251897
0.117834
0.0225676
-0.0319222
-0.0516849
-0.0477578
-0.0322718
-0.0151433
-0.00230074
0.0043707
0.00585157
0.00437326
0.00207117
0.000271242
-0.000597224
-0.000706774
-0.000446234
-0.000143417
4.17871e-05
9.44657e-05
6.95057e-05
2.60368e-05
-3.21806e-06
-1.23548e-05
-9.24745e-06
-3.23018e-06
6.43769e-07
1.64433e-06
1.07163e-06
2.68522e-07
-1.56567e-07
-2.06436e-07
-1.00399e-07
-5.582e-09
2.82646e-08
2.15595e-08
5.97774e-09
-2.64056e-09
-3.59511e-09
-1.55655e-09
7.50281e-11
5.10142e-10
2.9678e-10
3.41215e-11
-6.47972e-11
-4.8323e-11
-1.00503e-11
7.69642e-12
7.14934e-12
1.88856e-12
-8.99404e-13
-9.93958e-13
-2.90441e-13
1.09482e-13
1.3228e-13
3.88951e-14
-1.44299e-14
-1.69709e-14
-4.58605e-15
2.0666e-15
2.13072e-15
4.28014e-16
-5.39248e-16
-5.39248e-16
4.28014e-16
2.13072e-15
2.0666e-15
-4.58605e-15
-1.69709e-14
-1.44299e-14
3.88951e-14
1.3228e-13
1.09482e-13
-2.90441e-13
-9.93958e-13
-8.99404e-13
1.88856e-12
7.14934e-12
7.69642e-12
-1.00503e-11
-4.8323e-11
-6.47972e-11
3.41215e-11
2.9678e-10
5.10142e-10
7.50281e-11
-1.55655e-09
-3.59511e-09
-2.64056e-09
5.97774e-09
2.15595e-08
2.82646e-08
-5.582e-09
-1.00399e-07
-2.06436e-07
-1.56567e-07
2.68522e-07
1.07163e-06
1.64433e-06
6.43769e-07
-3.23018e-06
-9.24745e-06
-1.23548e-05
-3.21806e-06
2.60368e-05
6.95057e-05
9.44657e-05
4.17871e-05
-0.000143417
-0.000446234
-0.000706774
-0.000597224
0.000271242
0.00207117
0.00437326
0.00585157
0.0043707
-0.00230074
-0.0151433
-0.0322718
-0.0477578
-0.0516849
-0.0319222
0.0225676
0.117834
0.251897
0.413905
0.586095
0.748103
0.882166
0.977432
1.03192
1.05168
1.04776
1.03227
1.01514
1.0023
0.995629
0.994148
0.995627
0.997929
0.999729
1.0006
1.00071
1.00045
1.00014
