-5.52787e-08
-3.37192e-07
-5.78255e-07
-2.35267e-07
1.26559e-06
3.57457e-06
4.27814e-06
-8.79378e-07
-1.44501e-05
-3.0388e-05
-2.86917e-05
1.8405e-05
0.000120112
0.000226719
0.000207115
-0.00010514
-0.000764873
-0.00150986
-0.00164702
-0.000241776
0.00326352
0.00815147
0.0117625
0.00977196
-0.00209921
-0.0251682
-0.054829
-0.0792809
-0.081368
-0.0436426
0.0449752
0.183783
0.35881
0.546313
0.720006
0.858993
0.953165
1.00418
1.02229
1.02108
1.01256
1.00439
0.999634
0.99817
0.998549
0.999394
0.999981
1.00018
1.00014
1.00005
0.999992
0.99998
0.999989
0.999999
1
1
1
1
1
1
1
1
1
1
1
1
1
1
1
1
1
1
1
1
1
1
1
1
1
1
1
1
1
1
1
1
1
1
1
1
1
1
1
1
1
1
1
1
1
1
1
1
1
1
1
1
1
1
1
1
1
1
1
1
1
1
1
1
1
1
1
1
1
1
1
1
1
1
1
1
1
1
0.999999
0.999996
0.999996
1
1.00001
1.00003
1.00003
0.999982
0.99988
0.999773
0.999793
1.00011
1.00076
1.00151
1.00165
1.00024
0.996736
0.991849
0.988237
0.990228
1.0021
1.02517
1.05483
1.07928
1.08137
1.04364
0.955025
0.816217
0.64119
0.453687
0.279994
0.141007
0.0468354
-0.00417573
-0.0222871
-0.0210786
-0.0125553
-0.00438639
0.000365739
0.00182953
0.00145124
0.000605566
1.87047e-05
-0.000177964
-0.000140617
-4.85171e-05
7.97647e-06
1.99101e-05
1.09576e-05
1.35559e-06
-2.25662e-06
-1.74809e-06
-4.06724e-07
2.425e-07
2.42365e-07
6.53489e-08
-2.9289e-08
-3.13847e-08
-7.73754e-09
4.22961e-09
3.81485e-09
6.31143e-10
-6.51919e-10
-4.14153e-10
-8.96804e-12
9.25917e-11
3.56266e-11
-8.52231e-12
-1.08255e-11
-1.60299e-12
1.87043e-12
9.00545e-13
-1.44185e-13
-2.29414e-13
-2.93124e-14
4.01829e-14
1.54511e-14
-4.67358e-15
-4.08526e-15
1.04689e-16
8.20743e-16
1.26555e-16
-1.36336e-16
-4.5553e-17
1.89611e-17
1.12091e-17
-1.8433e-18
-2.47597e-18
-1.56743e-18
-1.8978e-18
3.9254e-18
1.92007e-17
1.94915e-17
-5.40454e-17
-2.02647e-16
-1.55013e-16
6.34111e-16
2.01495e-15
1.22746e-15
-6.60745e-15
-1.91612e-14
-1.04642e-14
6.21781e-14
1.75239e-13
1.01199e-13
-5.2859e-13
-1.53901e-12
-1.0759e-12
3.99548e-12
1.2857e-11
1.15886e-11
-2.57022e-11
-1.00336e-10
-1.18097e-10
1.24039e-10
7.10749e-10
1.09132e-09
-2.01215e-10
-4.35872e-09
-8.8681e-09
-4.3247e-09
2.09811e-08
6.11857e-08
6.57584e-08
