2.31155e-30
4.72323e-29
8.74049e-29
-1.15928e-28
-8.13571e-28
-1.03413e-27
2.88261e-27
1.27733e-26
1.00349e-26
-5.66746e-26
-1.85528e-25
-6.4312e-26
9.71705e-25
2.52105e-24
-1.72567e-25
-1.51096e-23
-3.23767e-23
1.50962e-23
2.17519e-22
3.97146e-22
-3.32785e-22
-2.93577e-21
-4.70755e-21
5.44791e-21
3.74509e-20
5.45905e-20
-7.54643e-20
-4.53825e-19
-6.26207e-19
9.18925e-19
5.23536e-18
7.15267e-18
-9.90667e-18
-5.74503e-17
-8.12954e-17
9.30587e-17
5.97203e-16
9.1156e-16
-7.20296e-16
-5.83267e-15
-9.93878e-15
3.74095e-15
5.27957e-14
1.0353e-13
5.563e-15
-4.33118e-13
-1.01085e-12
-4.84623e-13
3.09346e-12
9.05768e-12
8.17179e-12
-1.75648e-11
-7.25409e-11
-9.77118e-11
5.53897e-11
4.98774e-10
9.37906e-10
3.09136e-10
-2.71483e-09
-7.36285e-09
-7.3148e-09
8.92779e-09
4.58395e-08
7.5401e-08
2.04443e-08
-2.01696e-07
-5.32605e-07
-5.8594e-07
3.22385e-07
2.56236e-06
4.94937e-06
3.77952e-06
-5.83397e-06
-2.44712e-05
-4.01263e-05
-2.46416e-05
5.29684e-05
0.000189249
0.000299179
0.000204027
-0.00028609
-0.0011715
-0.00202249
-0.00190245
0.000298822
0.00502874
0.0110059
0.0146121
0.0105699
-0.00568388
-0.0344787
-0.0688523
-0.0939843
-0.0904126
-0.0405316
0.0640931
0.217988
0.402159
0.589781
0.754811
0.879734
0.959336
0.999513
1.01253
1.01143
1.00603
1.00157
0.99947
0.999139
0.999518
0.999901
1.00007
1.00007
1.00003
0.999997
0.999992
0.999996
1
1
1
1
1
1
1
1
1
1
1
1
1
1
1
1
1
1
1
1
1
1
1
1
1
1
1
1
1
1
1
1
1
1
1
1
1
1
1
1
1
1
1
1
1
1
1
1
1
1
1
1
1
1
1
1
1
1
1
1
1
1
1
1
1
1
1
1
1
1
1
1
1
1
1
1
1
1
1
1
1
1
1
1
1
1
1
1
1
1
1
1
1
1
1
1
1
1
1
1
1
1
1
1
1
1
1
1
1
1
1
1
1
1
1
1
1
1
1
1
1
1
1
1
1
1
1
1
1
1
1
1
1
1
1
1
1
1
1
1
1
1
1
1
1
1
1
1
1
1
1
1
1
1
1
1
1
1
1
1
1
1
1
1
1
1
1
1
1
1
1
1
1
1
1
1
1
1
1
1
1
1
1
1
1
1
1
1
1
1
1
1
1
1
1
1
1
1
1
1
1
1
1
1
1
1
1
1
0.999997
0.999995
0.999996
1.00001
1.00002
1.00004
1.00002
0.999947
0.999811
0.999701
0.999796
1.00029
1.00117
1.00202
1.0019
0.999701
0.994971
0.988994
0.985388
0.98943
1.00568
1.03448
1.06885
1.09398
1.09041
1.04053
0.935907
0.782012
0.597841
0.410219
0.245189
0.120266
0.0406639
0.000486964
-0.0125282
-0.0114273
-0.0060336
-0.00157014
0.000529909
0.000860977
0.000481937
9.89216e-05
-6.58437e-05
-6.96756e-05
-2.58813e-05
2.85921e-06
8.35732e-06
3.86046e-06
-7.88253e-08
-1.00107e-06
-4.62008e-07
3.07986e-08
1.24204e-07
4.45266e-08
-1.13765e-08
-1.45824e-08
-2.61628e-09
2.40841e-09
1.35522e-09
-1.23332e-10
-3.31271e-10
-6.14868e-11
5.56164e-11
2.59217e-11
-6.0902e-12
-6.59336e-12
4.93111e-14
1.35111e-12
1.93908e-13
-2.43752e-13
-6.76995e-14
4.06963e-14
1.68433e-14
-6.56305e-15
-3.62052e-15
1.07106e-15
7.15229e-16
-1.85319e-16
-1.33062e-16
3.49106e-17
2.34169e-17
-7.07811e-18
-3.84774e-18
1.48329e-18
5.68439e-19
-3.06798e-19
-6.84183e-20
6.01362e-20
4.3277e-21
-1.07387e-20
8.37682e-22
1.65529e-21
-4.17988e-22
-1.95976e-22
1.05617e-22
1.02154e-23
-1.91292e-23
2.68254e-24
2.3909e-24
-1.01182e-24
-1.11877e-25
1.86662e-25
-3.48743e-26
-1.84038e-26
1.08044e-26
-5.78261e-28
-1.43084e-27
5.58477e-28
2.11104e-29
-8.92566e-29
2.90591e-29
2.16687e-30
-4.99823e-30
1.63496e-30
5.74434e-32
-2.53859e-31
9.78924e-32
-6.43812e-33
-1.07285e-32
5.65804e-33
-1.10419e-33
-2.56337e-34
2.69845e-34
-9.54023e-35
1.07797e-35
7.25312e-36
-5.09543e-36
1.67929e-36
-2.1823e-37
-1.00626e-37
8.24651e-38
-3.24745e-38
7.65506e-39
-2.38834e-40
-8.22286e-40
5.0867e-40
-1.98524e-40
5.6191e-41
-9.77914e-42
-8.29638e-43
1.69955e-42
-9.712e-43
4.16306e-43
-1.5331e-43
5.09442e-44
-1.56479e-44
4.52132e-45
-1.23313e-45
2.04165e-46
-2.83745e-46
6.02169e-46
2.95463e-45
1.07802e-45
-2.29838e-44
-5.64672e-44
7.6572e-44
6.29512e-43
6.68725e-43
-3.79519e-42
-1.33499e-41
3.03948e-42
1.13966e-40
2.13504e-40
-4.59793e-40
-2.64798e-39
-1.94784e-39
1.65179e-38
4.9789e-38
-2.18479e-38
-4.25278e-37
-7.3325e-37
1.64053e-36
8.939e-36
6.83626e-36
-5.1088e-35
-1.58531e-34
3.15379e-35
1.20498e-33
2.35092e-33
-3.4841e-33
-2.39553e-32
-2.71739e-32
1.06997e-31
4.1647e-31
1.7042e-31
-2.44047e-30
-6.41465e-30
