0.249646
0.440095
0.632055
0.797578
0.918345
0.98991
1.02019
1.02383
1.01566
1.00616
1.00014
0.998066
0.998356
0.999308
0.999984
1.0002
1.00015
1.00004
0.999985
0.999978
0.999991
1
1
1
1
1
1
1
1
1
1
1
1
1
1
1
1
1
1
1
1
1
1
1
1
1
1
1
1
1
1
1
1
1
1
1
1
1
1
1
1
1
1
1
1
1
1
1
1
1
1
1
1
1
1
1
1
1
1
1
1
1
1
1
1
1
1
1
1
1
1
1
1
1
1
1
1
1
1
1
1
1
0.999998
0.999996
0.999998
1.00001
1.00002
1.00003
1
0.999924
0.999818
0.999793
1.00002
1.00059
1.00132
1.00155
1.00032
0.996955
0.992152
0.988723
0.991342
1.00454
1.02924
1.05939
1.08078
1.0738
1.02011
0.910472
0.750354
0.559905
0.367945
0.202422
0.0816551
0.0100904
-0.0201907
-0.0238321
-0.0156617
-0.0061578
-0.000140006
0.00193381
0.00164409
0.00069176
1.63836e-05
-0.000200333
-0.000148038
-4.27319e-05
1.46e-05
2.15375e-05
9.20412e-06
-4.57704e-07
-2.75645e-06
-1.4004e-06
-2.17544e-08
3.50461e-07
1.7816e-07
-3.36069e-09
-4.54778e-08
-1.90713e-08
2.88919e-09
5.66721e-09
1.51406e-09
-7.42011e-10
-6.0521e-10
-3.85852e-11
1.2101e-10
4.55791e-11
-1.26596e-11
-1.31832e-11
-8.27042e-13
2.51851e-12
7.63403e-13
-3.37868e-13
-2.22791e-13
2.27335e-14
4.74877e-14
3.75308e-15
-8.42039e-15
-1.93743e-15
1.30121e-15
5.14843e-16
-1.78674e-16
-1.10063e-16
2.19367e-17
2.09809e-17
-2.40964e-18
-3.73316e-18
2.30152e-19
6.35158e-19
4.19252e-20
1.22883e-20
-1.51348e-19
-9.27234e-19
-9.53043e-19
3.30421e-18
1.15134e-17
4.77561e-18
-5.11976e-17
-1.25243e-16
1.594e-17
6.66908e-16
1.2475e-15
-8.07504e-16
-7.72411e-15
-1.16886e-14
1.31552e-14
8.18633e-14
1.06259e-13
-1.57678e-13
-8.07112e-13
-9.66857e-13
1.55258e-12
7.45752e-12
8.97056e-12
-1.27344e-11
-6.44595e-11
-8.43183e-11
8.25142e-11
5.14703e-10
7.79128e-10
-3.2594e-10
-3.6962e-09
-6.79205e-09
-1.02898e-09
2.26675e-08
5.3446e-08
3.70538e-08
-1.05178e-07
-3.60619e-07
-4.45418e-07
2.07779e-07
1.92317e-06
3.64608e-06
2.12316e-06
-6.53373e-06
-2.12636e-05
-2.86969e-05
-2.83345e-06
7.62424e-05
0.000182444
0.000207295
-1.8436e-05
-0.000593388
-0.00132311
-0.00155422
-0.000315488
0.00304511
0.00784805
0.0112767
0.0086576
-0.00453733
-0.0292427
-0.0593947
-0.0807763
-0.0738042
-0.0201088
0.0895276
