2.87114e-06
-5.20976e-06
-2.09525e-05
-3.28575e-05
-1.40906e-05
6.28828e-05
0.000186345
0.000257819
9.07468e-05
-0.00047769
-0.00134902
-0.00192211
-0.00111526
0.00207526
0.00747924
0.0126351
0.0126267
0.00178649
-0.0226916
-0.0566079
-0.0865625
-0.091987
-0.0518027
0.0466338
0.200565
0.390746
0.587356
0.760344
0.889312
0.968511
1.0054
1.01459
1.01087
1.00457
1.00042
0.99901
0.99918
0.999715
1.00004
1.0001
1.00005
1
0.999989
0.999994
1
1
1
1
1
1
1
1
1
1
1
1
1
1
1
1
1
1
1
1
1
1
1
1
1
1
1
1
1
1
1
1
1
1
1
1
1
1
1
1
1
1
1
1
1
1
1
1
1
1
1
1
1
1
1
1
1
1
1
1
1
1
1
1
1
1
1
1
1
1
1
1
1
1
1
1
1
1
1
1
1
1
1
1
1
1
1
1
1
1
1
1
1
1
1
1
1
1
1
1
1
1
1
1
1
1
1
1
1
1
1
1
1
1
1
1
1
1
1
1
1
1
1
1
1
1
1
1
1
1
1
1
1
1
1
1
1
1
1
1
1
1
1
1
1
1
1
1
1
1
1
1
1
1
1
1
1
1
1
1
1
1
1
1
1
1
1
1
1
1
1
1
1
1
1
1
1
1
1
1
1
1
1
1
1
1
1
1
1
1
1
1
1
1
1
1
1
1
1
1
1
1
1
1
1
1
1
1
1
1
0.999998
0.999996
0.999997
1.00001
1.00002
1.00003
1.00001
0.999937
0.999814
0.999742
0.999909
1.00048
1.00135
1.00192
1.00112
0.997925
0.992521
0.987365
0.987373
0.998214
1.02269
1.05661
1.08656
1.09199
1.0518
0.953366
0.799435
0.609254
0.412644
0.239656
0.110688
0.0314887
-0.00539947
-0.0145866
-0.010867
-0.00456982
-0.000415596
0.000989801
0.000819551
0.000284656
-3.64034e-05
-9.76547e-05
-4.78124e-05
-1.71436e-06
1.11208e-05
6.02621e-06
1.65056e-07
-1.37445e-06
-6.273e-07
6.78327e-08
1.70457e-07
4.55813e-08
-2.29703e-08
-1.73161e-08
-4.15754e-11
3.73231e-09
9.47974e-10
-5.6809e-10
-3.18238e-10
5.57413e-11
7.45852e-11
3.69549e-13
-1.48218e-11
-1.84605e-12
2.70413e-12
5.85923e-13
-4.77038e-13
-1.35247e-13
8.46344e-14
2.66428e-14
-1.54682e-14
-4.64014e-15
2.91792e-15
6.99349e-16
-5.56742e-16
-8.1282e-17
1.03741e-16
3.28181e-18
-1.80502e-17
1.81787e-18
2.75508e-18
-7.39718e-19
-3.25099e-19
1.81045e-19
1.64227e-20
-3.24922e-20
4.71821e-21
3.99385e-21
-1.73962e-21
-1.60321e-22
3.11594e-22
-6.5381e-23
-2.74778e-23
1.83935e-23
-1.87634e-24
-2.08531e-24
1.00017e-24
-5.62619e-26
-1.23418e-25
5.52146e-26
-4.18503e-27
-6.092e-27
3.11665e-27
-4.82795e-28
-2.18564e-28
1.63959e-28
-4.54917e-29
-7.69757e-31
6.4584e-30
-3.06118e-30
6.78755e-31
5.46444e-32
-1.16707e-31
5.48358e-32
-1.466e-32
1.08239e-33
1.24749e-33
-8.46334e-34
3.34574e-34
-9.21461e-35
1.39685e-35
2.76809e-36
-3.40145e-36
1.79576e-36
-7.33566e-37
2.5917e-37
-8.27094e-38
2.43821e-38
-6.72949e-39
1.75461e-39
-4.3495e-40
1.03002e-40
-2.33896e-41
5.10835e-42
-1.07571e-42
2.18865e-43
-4.31018e-44
8.22856e-45
-1.52492e-45
2.74656e-46
-4.81294e-47
8.21349e-48
-1.36636e-48
2.21941e-49
-3.3362e-50
6.21098e-51
-1.74015e-50
-4.02479e-50
8.96939e-50
5.84156e-49
2.48668e-49
-5.33167e-48
-1.29951e-47
2.66536e-47
1.79657e-46
9.9135e-47
-1.52981e-45
-4.00144e-45
6.48756e-45
5.06486e-44
4.12149e-44
-3.86397e-43
-1.15888e-42
1.18444e-42
1.29011e-41
1.55419e-41
-8.35223e-41
-3.07911e-40
1.05152e-40
2.90056e-39
5.03788e-39
-1.45541e-38
-7.28781e-38
-2.73029e-38
5.54662e-37
1.37549e-36
-1.72367e-36
-1.48408e-35
-1.69056e-35
8.42451e-35
3.11077e-34
-1.60237e-35
-2.47721e-33
-5.08037e-33
8.44077e-33
5.67111e-32
5.57023e-32
-3.09111e-31
-1.07108e-30
1.27952e-32
7.88391e-30
1.6707e-29
-2.11552e-29
-1.64567e-28
-2.02711e-28
7.19551e-28
2.95535e-27
1.40505e-27
-1.71395e-26
-4.65116e-26
1.42015e-26
3.39377e-25
6.43049e-25
-8.11709e-25
-5.91252e-24
-7.70691e-24
2.05532e-23
9.31886e-23
7.66961e-23
-4.03582e-22
-1.35235e-21
-5.48417e-22
6.83929e-21
1.83187e-20
6.14911e-22
-1.04276e-19
-2.3455e-19
6.8158e-20
1.46103e-18
2.87426e-18
-1.57627e-18
-1.90411e-17
-3.41179e-17
2.42247e-17
2.32351e-16
3.96099e-16
-2.95423e-16
-2.66035e-15
-4.51791e-15
2.90467e-15
2.85112e-14
5.04765e-14
-2.09724e-14
-2.83772e-13
-5.46497e-13
5.40282e-14
2.58344e-12
5.6373e-12
1.51291e-12
-2.09315e-11
-5.42261e-11
-3.58365e-11
1.42956e-10
4.73789e-10
5.09605e-10
-7.12486e-10
-3.62931e-09
-5.59451e-09
9.03712e-10
2.29787e-08
4.96175e-08
3.12713e-08
-1.04433e-07
-3.50634e-07
-4.50939e-07
1.43172e-07
1.83018e-06
3.77099e-06
