-0.000288178
0.00212732
0.00614908
0.00667938
-0.00564989
-0.0356177
-0.0683693
-0.062538
0.0321436
0.23609
0.511035
0.774162
0.951104
1.0227
1.02458
1.00688
0.997466
0.997731
0.999923
1.00042
1.00007
0.999928
0.999987
1.00001
1
0.999998
1
1
1
1
1
1
1
1
1
1
1
1
1
1
1
1
1
1
1
1
1
1
1
1
1
1
1
1
1
1
1
1
0.999999
0.999971
0.999939
1
1.0003
1.00068
1.00029
0.997873
0.993851
0.993321
1.00565
1.03562
1.06837
1.06254
0.967856
0.76391
0.488965
0.225838
0.048896
-0.022699
-0.0245844
-0.00687769
0.00253419
0.00226902
7.67161e-05
-0.000424459
-6.80516e-05
7.21379e-05
1.2509e-05
-1.27807e-05
-7.92738e-07
2.15071e-06
-3.00392e-07
-2.49691e-07
1.15513e-07
-2.71771e-09
-1.49304e-08
6.50799e-09
-9.75946e-10
-3.53809e-10
3.06697e-10
-1.28682e-10
4.01447e-11
-1.03312e-11
2.31661e-12
-4.46739e-13
-9.81442e-14
-4.25917e-13
8.62032e-13
5.54613e-12
3.62377e-12
-4.08353e-11
-1.15392e-10
9.40885e-11
1.11783e-09
1.64541e-09
-4.8532e-09
-2.23801e-08
-1.44676e-08
1.20232e-07
3.58986e-07
3.36938e-08
-2.11358e-06
-4.93217e-06
8.21924e-07
2.863e-05
6.10237e-05
-2.83954e-06
-0.000297823
-0.000678142
