0.999987
0.999926
0.99989
1.00004
1.0005
1.00097
1.00048
0.997874
0.993558
0.991576
0.999265
1.02201
1.05425
1.07321
1.04362
0.93547
0.745333
0.505601
0.271906
0.0953235
-0.00193017
-0.0314569
-0.0239035
-0.00809023
0.00128997
0.00296291
0.00133341
-5.35838e-05
-0.000348738
-0.000138019
2.51971e-05
3.94113e-05
7.18057e-06
-6.15537e-06
-3.00358e-06
5.48136e-07
6.7888e-07
7.20553e-09
-1.22154e-07
-1.41776e-08
1.99064e-08
3.45439e-09
-3.15723e-09
-5.69195e-10
5.02018e-10
6.64971e-11
-7.8665e-11
-3.11487e-12
1.14661e-11
-9.87027e-13
-1.40913e-12
3.59089e-13
1.17083e-13
-6.86374e-14
4.1359e-16
8.18933e-15
-2.10235e-15
-3.83754e-16
3.46173e-16
-6.11493e-17
-1.81791e-17
1.24579e-17
-2.41005e-18
-3.96016e-19
3.86428e-19
-1.1116e-19
7.88731e-21
7.04968e-21
-3.72695e-21
1.01325e-21
-1.34517e-22
-2.36631e-23
2.24894e-23
-9.07156e-24
2.75072e-24
-7.01871e-25
1.578e-25
-3.24596e-26
4.4844e-27
4.66441e-27
2.2417e-26
-5.60327e-26
-3.16796e-25
4.30565e-25
4.12525e-24
-1.4449e-24
-4.85249e-23
-2.97634e-23
5.04663e-22
8.38374e-22
-4.4475e-21
-1.35848e-20
2.97626e-20
1.70204e-19
-8.48733e-20
-1.73306e-18
-1.41877e-18
1.40412e-17
3.16306e-17
-7.99701e-17
-3.85235e-16
1.18796e-16
3.35405e-15
4.08683e-15
-2.02212e-14
-6.32235e-14
5.19489e-14
5.51349e-13
5.36191e-13
-2.98817e-12
-8.80214e-12
4.82722e-12
6.63581e-11
8.78433e-11
-2.55737e-10
-1.00751e-09
-3.59834e-10
5.16473e-09
1.19408e-08
-5.24314e-09
-7.43182e-08
-1.20557e-07
1.34289e-07
8.68002e-07
1.14372e-06
-1.65813e-06
-8.65065e-06
-1.11179e-05
1.2851e-05
7.35212e-05
0.000109681
-4.05407e-05
-0.000497454
-0.000972049
-0.000484082
0.002126
0.00644243
0.0084239
0.00073497
-0.0220131
-0.0542535
-0.0732098
-0.0436245
0.0645297
0.254667
0.494399
0.728094
0.904676
1.00193
1.03146
1.0239
1.00809
0.99871
0.997037
0.998667
1.00005
1.00035
1.00014
0.999975
0.999961
0.999993
1.00001
1
0.999999
0.999999
1
1
1
1
1
1
1
1
1
1
1
1
1
1
1
1
1
1
1
1
1
1
1
1
1
1
1
1
1
1
1
1
1
1
1
1
1
1
1
1
1
1
1
1
1
1
1
1
1
1
1
1
1
1
1
1
1
1
1
1
1
1
1
1
1
1
1
1
1
1
1
1
1
1
1
1
1
1
1
1
1
1
1
1
1
1
0.999999
0.999999
1
1.00001
1.00001
