0.999956
0.999994
1.00001
1.00001
1.00001
1
0.999998
0.999999
0.999999
1
1
1
1
1
1
1
1
1
1
1
1
1
1
1
1
1
1
1
1
1
1
1
1
1
1
1
1
1
1
1
1
1
1
1
1
1
1
1
1
1
1
1
1
1
1
1
1
1
1
1
1
1
1
1
1
1
1
1
1
1
1
1
1
1
1
1
0.999999
0.999999
0.999998
1
1.00001
1.00001
1.00001
0.999994
0.999956
0.999915
0.999915
1.00002
1.00027
1.00058
1.00073
1.00032
0.99903
0.996894
0.994738
0.994318
0.997967
1.00756
1.02293
1.04034
1.0518
1.04588
1.01036
0.936049
0.820508
0.67021
0.5
0.32979
0.179492
0.0639506
-0.0103627
-0.0458824
-0.0518036
-0.0403441
-0.0229267
-0.00755695
0.00203297
0.00568237
0.00526181
0.00310557
0.000970025
-0.00032382
-0.000727416
-0.000580752
-0.000265419
-1.99808e-05
8.52493e-05
8.51696e-05
4.36245e-05
6.34185e-06
-1.06438e-05
-1.13031e-05
-5.56094e-06
-5.29974e-07
1.52054e-06
1.38088e-06
5.50724e-07
-4.58672e-08
-2.1754e-07
-1.4499e-07
-3.42519e-08
2.21663e-08
2.63771e-08
1.12014e-08
-5.96543e-10
-3.83184e-09
-2.32903e-09
-3.51473e-10
4.68216e-10
3.95191e-10
1.06513e-10
-4.92723e-11
-5.95646e-11
-2.09443e-11
4.55273e-12
8.35399e-12
3.40833e-12
-3.91575e-13
-1.12374e-12
-4.92302e-13
3.8138e-14
1.47641e-13
6.47879e-14
-5.46689e-15
-1.90594e-14
-7.80864e-15
1.04007e-15
2.43415e-15
8.82601e-16
-2.7731e-16
-5.81306e-16
-2.7731e-16
8.82601e-16
2.43415e-15
1.04007e-15
-7.80864e-15
-1.90594e-14
-5.46689e-15
6.47879e-14
1.47641e-13
3.8138e-14
-4.92302e-13
-1.12374e-12
-3.91575e-13
3.40833e-12
8.35399e-12
4.55273e-12
-2.09443e-11
-5.95646e-11
-4.92723e-11
1.06513e-10
3.95191e-10
4.68216e-10
-3.51473e-10
-2.32903e-09
-3.83184e-09
-5.96543e-10
1.12014e-08
2.63771e-08
2.21663e-08
-3.42519e-08
-1.4499e-07
-2.1754e-07
-4.58672e-08
5.50724e-07
1.38088e-06
1.52054e-06
-5.29974e-07
-5.56094e-06
-1.13031e-05
-1.06438e-05
6.34185e-06
4.36245e-05
8.51696e-05
8.52493e-05
-1.99808e-05
-0.000265419
-0.000580752
-0.000727416
-0.00032382
0.000970025
0.00310557
0.00526181
0.00568237
0.00203297
-0.00755695
-0.0229267
-0.0403441
-0.0518036
-0.0458824
-0.0103627
0.0639506
0.179492
0.32979
0.5
0.67021
0.820508
0.936049
1.01036
1.04588
1.0518
1.04034
1.02293
1.00756
0.997967
0.994318
0.994738
0.996894
0.99903
1.00032
1.00073
1.00058
1.00027
1.00002
0.999915
0.999915
