1
1
1
1
1
1
1
1
1
1
1
1
0.999995
0.999976
0.999987
1.00014
1.0004
1.00005
0.997854
0.994738
0.998176
1.01953
1.05465
1.0591
0.957969
0.71176
0.38249
0.10628
-0.0234995
-0.0311723
-0.004419
0.00487541
0.00106478
-0.000827636
-5.95603e-05
0.000133933
-3.06886e-05
-6.61286e-06
6.799e-06
-2.6229e-06
6.97087e-07
-1.45297e-07
2.5125e-08
-3.72035e-09
4.81484e-10
-5.52539e-11
5.68322e-12
-5.28317e-13
4.46841e-14
-3.45721e-15
2.45786e-16
-1.61694e-17
1.08123e-18
1.14447e-18
-5.44483e-19
-2.43412e-17
-2.33488e-17
4.13487e-16
1.02376e-15
-5.51572e-15
-2.54817e-14
4.68494e-14
4.66812e-13
9.41401e-14
-6.45185e-12
-1.26106e-11
6.17679e-11
2.71208e-10
-2.37522e-10
-3.57584e-09
-4.29298e-09
2.9227e-08
1.01578e-07
-7.37761e-08
-1.07851e-06
-1.61829e-06
5.42794e-06
2.4281e-05
1.31055e-05
-0.000139213
-0.000397233
-5.1613e-05
0.00214606
0.00526237
0.00182432
-0.0195332
-0.0546514
-0.0591039
0.0420314
0.28824
0.61751
0.89372
1.0235
1.03117
1.00442
0.995125
0.998935
1.00083
1.00006
0.999866
1.00003
1.00001
0.999993
1
0.999999
1
1
1
1
1
1
1
1
1
1
1
1
1
1
1
1
1
1
1
1
1
1
1
