3.70277e-40
3.1737e-40
-2.15839e-39
-6.96248e-39
1.5379e-39
5.53252e-38
1.05849e-37
-1.83317e-37
-1.16472e-36
-1.14625e-36
5.96479e-36
2.09457e-35
2.32199e-36
-1.42991e-34
-3.22697e-34
3.02962e-34
2.88076e-33
4.11973e-33
-1.07366e-32
-5.09949e-32
-3.81406e-32
2.5689e-31
8.08141e-31
6.85418e-32
-5.1066e-30
-1.15415e-29
7.57649e-30
8.98186e-29
1.48202e-28
-2.37788e-28
-1.43907e-27
-1.68814e-27
5.07979e-27
2.13647e-26
1.64571e-26
-9.09618e-26
-2.97476e-25
-1.23534e-25
1.45369e-24
3.9235e-24
3.87846e-25
-2.13301e-23
-4.94725e-23
8.71133e-24
2.91858e-22
6.01743e-22
-2.38854e-22
-3.75863e-21
-7.1197e-21
3.87796e-21
4.58026e-20
8.25063e-20
-4.95121e-20
-5.29327e-19
-9.4003e-19
5.19141e-19
5.79695e-18
1.05242e-17
-4.26129e-18
-5.99159e-17
-1.1516e-16
2.02706e-17
5.79662e-16
1.21979e-15
1.3368e-16
-5.17526e-15
-1.23454e-14
-5.30797e-15
4.16032e-14
1.17532e-13
9.08606e-14
-2.87008e-13
-1.03264e-12
-1.17883e-12
1.50011e-12
8.1629e-12
1.27334e-11
-2.82412e-12
-5.57685e-11
-1.17116e-10
-5.82102e-11
3.02998e-10
9.10629e-10
9.93117e-10
-9.8041e-10
-5.77141e-09
-9.87283e-09
-2.88313e-09
2.68767e-08
7.16659e-08
7.67315e-08
-5.5898e-08
-3.75078e-07
-6.90514e-07
-4.30505e-07
1.11811e-06
3.88474e-06
5.67678e-06
1.81135e-06
-1.20925e-05
-3.31242e-05
-4.32276e-05
-9.95162e-06
9.25871e-05
0.000240778
0.000319547
0.000131981
-0.000486393
-0.00144854
-0.00220036
-0.00172414
0.00102351
0.00622001
0.0121827
0.0149746
0.00934672
-0.00874621
-0.0387586
-0.0729036
-0.0960783
-0.0893552
-0.0363238
0.0701503
0.223845
0.405944
0.590603
0.753021
0.876567
0.956207
0.997382
1.01164
1.01147
1.00647
1.00198
0.999679
0.999167
0.999465
0.999849
1.00004
1.00007
1.00003
1
0.999992
0.999995
0.999999
1
1
1
1
1
1
1
1
1
1
1
1
1
1
1
1
1
1
1
1
1
1
1
1
1
1
1
1
1
1
1
1
1
1
1
1
1
1
1
1
1
1
1
1
1
1
1
1
1
1
1
1
1
1
1
1
1
1
1
1
1
1
1
1
1
1
1
1
1
1
1
1
1
1
1
1
1
1
1
1
1
1
1
1
1
1
1
1
1
1
1
1
1
1
1
1
1
1
1
1
1
1
1
1
1
1
1
1
1
1
1
1
1
1
1
1
1
1
1
1
1
1
1
1
1
1
1
1
1
1
1
1
1
1
1
1
1
1
1
1
1
1
1
1
1
1
1
1
1
1
1
1
1
1
1
1
1
1
1
1
1
1
1
1
1
1
1
1
1
1
1
1
1
1
1
1
1
1
1
1
1
1
1
1
1
1
1
1
1
1
1
1
1
1
1
1
1
1
1
1
1
1
1
1
1
1
0.999999
0.999996
0.999994
0.999998
1.00001
1.00003
1.00004
1.00001
0.999907
0.999759
0.99968
0.999868
1.00049
1.00145
1.0022
1.00172
0.998976
0.99378
0.987817
0.985025
0.990653
1.00875
1.03876
1.0729
1.09608
1.08936
1.03632
0.92985
0.776155
0.594056
0.409397
0.246979
0.123433
0.0437929
0.00261765
-0.011643
-0.0114677
-0.00646998
-0.00198176
0.000320961
0.000833349
0.000535323
0.00015147
-4.39799e-05
-7.12071e-05
-3.40248e-05
-2.07768e-06
7.72649e-06
4.96413e-06
7.4771e-07
-8.61858e-07
-6.22601e-07
-8.89754e-08
1.10475e-07
7.04192e-08
3.54333e-09
-1.51345e-08
-6.65614e-09
1.04064e-09
1.87738e-09
3.86456e-10
-2.97252e-10
-1.73159e-10
1.65756e-11
4.17645e-11
6.72587e-12
-7.30333e-12
-2.9748e-12
9.2791e-13
7.82625e-13
-5.78702e-14
-1.67134e-13
-1.15423e-14
3.17715e-14
5.75927e-15
-5.65189e-15
-1.57702e-15
9.77465e-16
3.53496e-16
-1.69955e-16
-7.09478e-17
3.05008e-17
1.31361e-17
-5.71406e-18
-2.24988e-18
1.10823e-18
3.48687e-19
-2.17293e-19
-4.56694e-20
4.17568e-20
3.91768e-21
-7.60085e-21
2.34128e-22
1.25761e-21
-2.17286e-22
-1.76915e-22
6.49951e-23
1.77875e-23
-1.39283e-23
-1.56187e-25
2.2788e-24
-4.70318e-25
-2.55409e-25
1.35148e-25
6.51795e-27
-2.27574e-26
5.10411e-27
2.07941e-27
-1.38018e-27
9.59846e-29
1.78674e-28
-7.11602e-29
-3.32307e-30
1.16514e-29
-3.54523e-30
-4.42254e-31
6.76229e-31
-1.891e-31
-2.454e-32
3.6581e-32
-1.11994e-32
-5.58069e-34
1.80124e-33
-6.92841e-34
5.33374e-35
7.14869e-35
-3.97222e-35
8.65251e-36
1.29012e-36
-1.77947e-36
6.95322e-37
-1.08672e-37
-3.69289e-38
3.3164e-38
-1.24418e-38
2.2756e-39
3.8277e-40
-4.99966e-40
2.27354e-40
-6.40098e-41
7.71306e-42
3.57801e-42
-3.04828e-42
1.35855e-42
-4.37847e-43
9.90388e-44
-7.40241e-45
-7.47828e-45
5.06592e-45
-2.76907e-45
4.66204e-45
8.24809e-45
-1.18271e-44
-9.51461e-44
-1.00963e-43
5.56114e-43
1.96864e-42
-3.08957e-43
-1.61975e-41
-3.15199e-41
6.0087e-41
