-0.0161604
-0.0507013
-0.073111
-0.033097
0.112939
0.360607
0.644476
0.875247
0.999757
1.02953
1.01531
1.00013
0.996836
0.99911
1.00043
1.00023
0.999938
0.99996
1.00001
1.00001
0.999997
1
1
1
1
1
1
1
1
1
1
1
1
1
1
1
1
1
1
1
1
1
1
1
1
1
1
1
1
1
1
1
1
1
0.999993
0.99996
0.999945
1.00008
1.00044
1.00067
0.999653
0.996416
0.992893
0.996385
1.01616
1.0507
1.07311
1.0331
0.887061
0.639393
0.355524
0.124753
0.000243344
-0.0295251
-0.0153059
-0.000129654
0.00316367
0.000890023
-0.000434191
-0.000225134
6.22654e-05
4.00079e-05
-1.23286e-05
-5.30507e-06
2.75851e-06
2.57612e-07
-4.75357e-07
1.03332e-07
3.16815e-08
-2.62514e-08
6.92291e-09
1.82985e-10
-9.63743e-10
4.98133e-10
-1.72026e-10
4.72392e-11
-1.0994e-11
2.24415e-12
-3.90055e-13
5.77833e-14
-2.10393e-13
-2.99938e-13
1.34724e-12
5.56066e-12
-1.10366e-12
-5.1905e-11
-9.75316e-11
2.3354e-10
1.28477e-09
8.70517e-10
-7.97103e-09
-2.35424e-08
6.12483e-09
1.75958e-07
3.4493e-07
-3.69301e-07
-2.95543e-06
-4.41362e-06
6.96566e-06
4.00104e-05
5.46117e-05
-7.60035e-05
-0.00043791
-0.000668677
0.000347326
0.00358411
0.00710734
0.00361456
