1
1
1
1
1
1
1
1
1
0.999999
0.999986
0.999974
1.00005
1.00029
1.00033
0.999019
0.995867
0.995443
1.00905
1.04176
1.06501
1.00796
0.807094
0.487683
0.176257
-0.00254714
-0.0368618
-0.0106595
0.00472433
0.00214375
-0.000835216
-0.000220364
0.000169463
-2.04707e-05
-1.45833e-05
9.16092e-06
-3.02371e-06
7.23899e-07
-1.38435e-07
2.21534e-08
-3.04973e-09
3.67892e-10
-3.94067e-11
3.78583e-12
-3.28773e-13
2.59721e-14
-1.876e-15
1.24433e-16
-7.62035e-18
3.93334e-19
2.54131e-19
1.12898e-18
-4.44321e-18
-2.87553e-17
4.8841e-17
6.1383e-16
-1.14967e-17
-1.08422e-14
-1.63702e-14
1.51505e-13
5.01951e-13
-1.45866e-12
-9.762e-12
3.37206e-12
1.36433e-10
2.04304e-10
-1.29378e-09
-4.83681e-09
5.17502e-09
6.17812e-08
7.05297e-08
-4.54809e-07
-1.58538e-06
6.44387e-07
1.4442e-05
2.61291e-05
-4.87855e-05
-0.000288336
-0.000333121
0.000980636
0.00413299
0.00455661
-0.00905269
-0.0417626
-0.0650142
-0.00795679
0.192906
0.512317
0.823743
1.00255
1.03686
1.01066
0.995276
0.997856
1.00084
1.00022
0.999831
1.00002
1.00001
0.999991
1
0.999999
1
1
1
1
1
1
1
1
1
1
1
1
1
1
1
1
1
1
1
1
1
1
1
1
1
1
