1
1
1
1
1
1
1
1
1
1
1
1
1
1
1
1
1
1
1
1
1
1
1
1
1
0.999999
0.999999
1
1.00001
1.00001
1
0.999959
0.999902
0.999935
1.00022
1.00076
1.00099
0.999739
0.996116
0.991639
0.991915
1.00495
1.0341
1.06846
1.07886
1.02734
0.889044
0.67304
0.424801
0.204861
0.0570946
-0.0108771
-0.0227849
-0.0119502
-0.00134075
0.00215557
0.00131283
5.35532e-05
-0.000268477
-9.47545e-05
3.08463e-05
2.59563e-05
-1.54557e-06
-5.22292e-06
-2.00365e-07
9.53156e-07
5.3797e-08
-1.69466e-07
-4.16757e-10
2.87818e-08
-3.36463e-09
-4.18257e-09
1.30107e-09
3.79295e-10
-2.92245e-10
2.19177e-11
3.68225e-11
-1.52311e-11
1.1172e-13
2.10224e-12
-8.68413e-13
8.81186e-14
7.60756e-14
-4.8098e-14
1.43644e-14
-1.43761e-15
-1.0111e-15
7.557e-16
-3.25998e-16
1.10278e-16
-3.18295e-17
8.14295e-18
-1.88663e-18
4.01385e-19
-7.91799e-20
1.45875e-20
-2.52403e-21
4.12004e-22
-6.36811e-23
9.34913e-24
-1.30718e-24
1.74462e-25
-2.22712e-26
2.72417e-27
-3.19791e-28
3.60791e-29
-3.91711e-30
4.09736e-31
-4.13369e-32
4.02617e-33
-3.78932e-34
3.44913e-35
-3.0386e-36
2.59278e-37
-2.14426e-38
1.71983e-39
-1.33857e-40
1.01154e-41
-7.42578e-43
5.29816e-44
-3.67564e-45
2.48059e-46
-1.62917e-47
1.04169e-48
-6.48679e-50
3.93541e-51
-2.32682e-52
1.34117e-53
-7.53845e-55
4.13313e-56
-2.21102e-57
1.15433e-58
-5.88305e-60
2.92755e-61
-1.42276e-62
6.75425e-64
-3.13274e-65
1.41989e-66
-6.28998e-68
2.72382e-69
-1.15323e-70
4.77445e-72
-1.93316e-73
7.6561e-75
-2.9662e-76
1.12434e-77
-4.17019e-79
1.51362e-80
-5.38139e-82
1.92251e-83
1.45816e-83
-9.62475e-84
-4.98441e-82
3.51569e-83
1.58479e-80
8.30287e-81
-4.87805e-79
-5.65857e-79
1.44877e-77
2.6878e-77
-4.13437e-76
-1.09066e-75
1.12723e-74
4.00856e-74
-2.91239e-73
-1.36725e-72
7.03882e-72
4.37864e-71
-1.55509e-70
-1.32416e-69
2.99011e-69
3.78987e-68
-4.32597e-68
-1.0263e-66
1.18804e-67
2.62282e-65
2.33493e-65
-6.29133e-64
-1.2291e-63
1.40268e-62
4.46865e-62
-2.85519e-61
-1.3699e-60
5.1146e-60
3.74284e-59
-7.32486e-59
-9.3011e-58
5.24902e-58
2.11438e-56
1.44375e-56
-4.3794e-55
-8.57779e-55
8.13891e-54
2.83494e-53
-1.30719e-52
-7.49572e-52
1.63187e-51
1.71146e-50
-8.75979e-51
-3.44744e-49
-3.11942e-49
6.10608e-48
1.45364e-47
-9.23238e-47
-4.00249e-46
1.08474e-45
8.76232e-45
-6.08184e-45
-1.621e-43
-1.41654e-43
2.54321e-42
6.31942e-42
-3.23816e-41
-1.54667e-40
2.78989e-40
2.92085e-39
3.08287e-40
-4.50443e-38
-7.86166e-38
5.54545e-37
2.10267e-36
-4.68094e-36
-3.86305e-35
1.70265e-36
5.52422e-34
9.30258e-34
-6.03039e-33
-2.3266e-32
4.02114e-32
3.8048e-31
1.53005e-31
-4.64009e-30
-1.03473e-29
3.94154e-29
2.00309e-28
-1.11422e-28
-2.61477e-27
-3.56048e-27
2.38317e-26
8.594e-26
-1.06651e-25
-1.16219e-24
-1.06107e-24
1.05172e-23
3.17184e-23
-4.82605e-23
-4.21763e-22
-3.42559e-22
3.53016e-21
1.04002e-20
-1.32475e-20
-1.25408e-19
-1.301e-19
8.85927e-19
2.98264e-18
-1.725e-18
-2.95069e-17
-4.63848e-17
1.51022e-16
6.97656e-16
2.44148e-16
-5.01719e-15
-1.25236e-14
1.16328e-14
1.18481e-13
1.68821e-13
-4.87138e-13
-2.24016e-12
-1.50785e-12
1.18108e-11
3.57735e-11
2.37167e-12
-2.20321e-10
-5.019e-10
2.12057e-10
3.42217e-09
6.4338e-09
-4.71629e-09
-4.57152e-08
-7.81687e-08
5.95729e-08
5.29326e-07
9.15032e-07
-4.2891e-07
-5.21883e-06
-1.00836e-05
-5.39477e-07
4.13154e-05
9.81114e-05
6.51004e-05
-0.00022265
-0.000760947
-0.000994862
0.000260739
0.00388388
0.00836131
0.00808534
-0.00494826
-0.0340961
-0.0684602
-0.0788617
-0.0273392
0.110956
0.32696
0.575199
0.795139
0.942905
1.01088
1.02278
1.01195
1.00134
0.997844
0.998687
0.999946
1.00027
1.00009
0.999969
0.999974
1
1.00001
1
0.999999
1
1
1
1
1
1
1
1
1
1
1
1
1
1
1
1
1
1
1
1
1
1
1
1
1
1
1
1
1
1
1
1
1
1
1
1
1
1
1
1
1
1
1
1
1
1
1
1
1
1
1
1
1
1
1
1
1
1
1
1
1
1
1
1
1
1
1
1
1
1
1
1
1
1
1
1
1
1
1
1
1
1
1
1
1
1
1
1
1
1
1
1
1
1
1
1
1
1
1
1
1
1
1
1
1
1
1
1
1
1
1
1
1
1
1
1
1
1
1
1
1
1
1
1
1
1
1
1
1
1
1
1
1
1
1
1
1
1
1
1
1
1
1
1
1
1
1
1
1
1
1
1
1
1
1
1
1
1
1
1
1
1
1
1
1
1
1
1
1
1
1
1
1
1
1
1
1
1
1
1
1
1
1
1
1
1
1
1
1
1
