-9.98254e-13
-1.45665e-12
1.15099e-13
4.96608e-12
1.04184e-11
6.87744e-12
-1.79154e-11
-6.09128e-11
-7.8386e-11
1.48926e-11
2.73142e-10
5.6239e-10
4.32214e-10
-7.12504e-10
-2.88072e-09
-4.398e-09
-1.55231e-09
9.17438e-09
2.53018e-08
3.16929e-08
1.40608e-09
-8.50021e-08
-1.99426e-07
-2.27829e-07
1.26461e-08
6.39981e-07
1.45502e-06
1.71148e-06
2.16398e-07
-3.90021e-06
-9.71769e-06
-1.30583e-05
-6.59227e-06
1.66258e-05
5.55451e-05
9.19718e-05
8.66702e-05
-9.91334e-06
-0.000225784
-0.000518845
-0.000733609
-0.000601378
0.000175875
0.00174189
0.00383968
0.00560605
0.0055595
0.00192474
-0.00665408
-0.0201245
-0.0360585
-0.049124
-0.0513827
-0.0335974
0.0126199
0.0923469
0.205335
0.345165
0.5
0.654835
0.794665
0.907653
0.98738
1.0336
1.05138
1.04912
1.03606
1.02012
1.00665
0.998075
0.99444
0.994394
0.99616
0.998258
0.999824
1.0006
1.00073
1.00052
1.00023
1.00001
0.999913
0.999908
0.999944
0.999983
1.00001
1.00001
1.00001
1
1
0.999998
0.999999
0.999999
1
1
1
1
1
1
1
1
1
1
1
1
1
1
1
1
1
1
1
1
1
1
1
1
1
1
1
1
1
1
1
1
1
1
1
1
1
1
1
1
1
1
1
1
1
1
1
1
1
1
1
1
1
1
1
1
1
1
1
1
1
0.999999
0.999999
0.999998
1
1
1.00001
1.00001
1.00001
0.999983
0.999944
0.999908
0.999913
1.00001
1.00023
1.00052
1.00073
1.0006
0.999824
0.998258
0.99616
0.994394
0.99444
0.998075
1.00665
1.02012
1.03606
1.04912
1.05138
1.0336
0.98738
0.907653
0.794665
0.654835
0.5
0.345165
0.205335
0.0923469
0.0126199
-0.0335974
-0.0513827
-0.049124
-0.0360585
-0.0201245
-0.00665408
0.00192474
0.0055595
0.00560605
0.00383968
0.00174189
0.000175875
-0.000601378
-0.000733609
-0.000518845
-0.000225784
-9.91334e-06
8.66702e-05
9.19718e-05
5.55451e-05
1.66258e-05
-6.59227e-06
-1.30583e-05
-9.71769e-06
-3.90021e-06
2.16398e-07
1.71148e-06
1.45502e-06
6.39981e-07
1.26461e-08
-2.27829e-07
-1.99426e-07
-8.50021e-08
1.40608e-09
3.16929e-08
2.53018e-08
9.17438e-09
-1.55231e-09
-4.398e-09
-2.88072e-09
-7.12504e-10
4.32214e-10
5.6239e-10
2.73142e-10
1.48926e-11
-7.8386e-11
-6.09128e-11
-1.79154e-11
6.87744e-12
1.04184e-11
4.96608e-12
1.15099e-13
-1.45665e-12
-9.98254e-13
-2.09096e-13
1.67857e-13
1.72215e-13
5.76879e-14
-2.5455e-14
-5.08461e-14
-2.5455e-14
5.76879e-14
1.72215e-13
1.67857e-13
-2.09096e-13
