1.00003
1.00023
1.00024
0.998924
0.996006
0.997177
1.01505
1.04985
1.05493
0.94038
0.659447
0.30113
0.0392583
-0.0419551
-0.0174094
0.00525152
0.00259124
-0.00115531
-6.24899e-05
0.000172982
-7.04439e-05
1.79144e-05
-3.40484e-06
5.19445e-07
-6.61218e-08
7.19689e-09
-6.81235e-10
5.67801e-11
-4.20684e-12
2.79128e-13
-1.66846e-14
9.02781e-16
-4.43917e-17
1.99005e-18
-8.15513e-20
3.09733e-21
5.39247e-23
-1.15371e-21
-5.69839e-21
3.23493e-20
1.90396e-19
-7.73828e-19
-5.82765e-18
1.48391e-17
1.60257e-16
-1.84429e-16
-3.87787e-15
-6.24761e-16
8.04035e-14
1.19676e-13
-1.36893e-12
-4.17375e-12
1.74644e-11
9.65046e-11
-1.18009e-10
-1.64237e-09
-1.16923e-09
2.00319e-08
5.16263e-08
-1.44228e-07
-8.65027e-07
-1.64212e-07
8.36843e-06
1.88154e-05
-3.41156e-05
-0.000227832
-0.000238682
0.00107557
0.00399424
0.00282251
-0.0150463
-0.0498503
-0.0549289
0.0596203
0.340553
0.69887
0.960742
1.04196
1.01741
0.994748
0.997409
1.00116
1.00006
0.999827
1.00007
0.999982
1
0.999999
1
1
1
1
1
1
1
1
1
1
1
1
1
1
1
1
1
1
1
1
1
1
1
1
1
1
1
1
1
1
1
1
1
1
1
1
1
1
0.999992
0.999981
