-6.06444e-19
5.4865e-20
-4.67817e-21
3.76799e-22
-2.87252e-23
2.07638e-24
-1.42539e-25
9.30601e-27
-5.78572e-28
3.42944e-29
-1.94009e-30
1.04851e-31
-5.41824e-33
2.67932e-34
-1.26879e-35
5.75763e-37
-2.50524e-38
1.0458e-39
-4.19042e-41
1.61241e-42
-5.96048e-44
2.11756e-45
-7.23242e-47
2.37548e-48
-7.50506e-50
2.28133e-51
-6.67327e-53
1.87878e-54
-5.09161e-56
1.32838e-57
-3.33665e-59
8.06932e-61
-1.87892e-62
4.21231e-64
-9.09189e-66
1.88921e-67
-3.77881e-69
7.27487e-71
-1.34779e-72
2.4025e-74
-4.11962e-76
6.79349e-78
-1.07708e-79
1.6413e-81
-2.40301e-83
3.37896e-85
-4.56124e-87
5.90815e-89
-7.33943e-91
8.73921e-93
-9.96812e-95
1.08842e-96
-1.13684e-98
1.13498e-100
-1.08213e-102
9.84403e-105
-8.53539e-107
7.04611e-109
-5.53127e-111
4.12359e-113
-2.91525e-115
1.98883e-117
1.85634e-119
-6.77596e-117
5.1951e-116
6.8587e-115
-1.36016e-113
-3.67735e-114
2.06785e-111
-1.38591e-110
-2.00943e-109
3.2151e-108
7.0856e-108
-4.64679e-106
1.77529e-105
4.81263e-104
-4.74003e-103
-3.26938e-102
7.12096e-101
2.87742e-101
-8.00195e-99
3.24707e-98
7.04777e-97
-6.25175e-96
-4.61708e-95
7.9199e-94
1.53405e-93
-8.0008e-92
1.30794e-91
6.78354e-90
-3.28501e-89
-4.8644e-88
4.18556e-87
2.8605e-86
-4.15376e-85
-1.20749e-84
3.52357e-83
9.31316e-84
-2.64877e-81
4.99607e-81
1.79459e-79
-7.00964e-79
-1.10414e-77
6.68175e-77
6.17485e-76
-5.31739e-75
-3.11915e-74
3.76087e-73
1.39733e-72
-2.43263e-71
-5.29615e-71
1.46251e-69
1.45555e-69
-8.25938e-68
-3.83429e-69
4.41514e-66
-3.23743e-66
-2.24736e-64
3.09458e-64
1.09459e-62
-2.08012e-62
-5.12208e-61
1.18243e-60
2.31067e-59
-6.00918e-59
-1.00762e-57
2.79487e-57
4.25582e-56
-1.2025e-55
-1.74294e-54
4.80519e-54
6.92315e-53
-1.78144e-52
-2.66539e-51
6.08712e-51
9.93098e-50
-1.88825e-49
-3.57263e-48
5.14314e-48
1.23717e-46
-1.12647e-46
-4.10867e-45
1.32424e-45
1.3028e-43
4.21101e-44
-3.92325e-42
-4.05442e-42
1.11461e-40
2.03917e-40
-2.96146e-39
-8.16156e-39
7.2662e-38
2.83627e-37
-1.61305e-36
-8.82629e-36
3.11545e-35
2.4893e-34
-4.74334e-34
-6.38055e-33
3.53722e-33
1.48068e-31
1.02086e-31
-3.0763e-30
-6.08846e-30
5.58861e-29
1.98191e-28
-8.41624e-28
-5.02645e-27
8.91417e-27
1.06538e-25
-5.99821e-27
-1.90871e-24
-2.79842e-24
2.82111e-23
9.09572e-23
-3.14205e-22
-1.95611e-21
1.66595e-21
3.24601e-20
3.02233e-20
-4.1746e-19
-1.1515e-18
3.71726e-18
2.20703e-17
-8.80116e-18
-2.97264e-16
-4.39651e-16
2.77091e-15
1.04023e-14
-1.18478e-14
-1.3858e-13
-1.41941e-13
1.17637e-12
3.78616e-12
-4.04558e-12
-4.45435e-11
-5.34232e-11
2.91293e-10
1.07232e-09
-2.07653e-10
-9.18676e-09
-1.79697e-08
3.1173e-08
1.99268e-07
2.15438e-07
-8.78424e-07
-3.35359e-06
-1.99317e-06
1.56356e-05
4.68691e-05
2.11382e-05
-0.000196717
-0.000560064
-0.000371987
0.00164193
0.00544773
0.00635058
-0.00533351
-0.0351915
-0.0675502
-0.0568544
0.0517655
0.276481
0.566995
0.827521
0.983496
1.03029
1.01875
1.00112
0.99653
0.998963
1.00049
1.00023
0.99992
0.999965
1.00002
1
0.999997
1
1
1
1
1
1
1
1
1
1
1
1
1
1
1
1
1
1
1
1
1
1
1
1
1
1
1
1
1
1
1
1
1
1
1
1
1
1
1
1
1
1
1
1
1
1
1
1
1
1
1
1
1
1
1
1
1
1
1
1
1
1
1
1
1
1
1
1
1
1
1
1
1
1
1
1
1
1
1
1
1
1
1
1
1
1
1
1
1
1
1
1
1
1
1
1
1
1
1
1
1
1
1
1
1
1
1
1
1
1
1
1
1
1
1
1
1
1
1
1
1
1
1
1
1
1
1
1
1
1
1
1
1
1
1
1
1
1
1
1
1
1
1
1
1
1
1
1
1
1
1
1
1
1
1
1
1
1
1
1
1
1
1
1
1
1
1
1
1
1
1
1
1
1
1
1
1
1
1
1
1
1
1
1
1
1
1
1
1
1
1
1
1
1
1
1
1
1
1
1
1
1
1
1
1
1
1
1
1
1
1
1
1
1
1
1
1
1
1
1
1
1
1
1
1
1
0.999984
0.999953
0.999979
1.0002
1.00056
1.00037
0.998358
0.994552
0.993649
1.00533
1.03519
1.06755
1.05685
0.948234
0.723519
0.433005
0.172479
0.0165041
-0.0302916
-0.0187527
-0.00112477
0.00346988
0.00103697
-0.000487655
-0.000230378
8.04489e-05
3.52058e-05
-1.67577e-05
-2.80054e-06
3.15541e-06
-4.42557e-07
-3.0733e-07
1.74865e-07
-3.1704e-08
-8.10434e-09
8.10225e-09
-3.44079e-09
1.05663e-09
-2.6368e-10
5.62142e-11
-1.05272e-11
1.76292e-12
-2.6732e-13
3.70475e-14
-4.72665e-15
5.58393e-16
-6.13751e-17
6.30157e-18
