1
1
1
1
1
1
1
1
1
1
1
1
1
1
1
1
1
1
1
1
1
1
1
1
1
1
1
1
1
1
1
1
1
1
1
1
1
1
1
1
1
1
1
1
1
1
1
1
1
1
1
1
1
1
1
1
1
1
1
1
1
1
1
1
1
1
1
1
1
1
1
1
1
1
1
1
1
1
1
1
1
1
1
1
1
1
1
1
1
1
1
1
1
1
1
1
1
1
1
1
1
1
1
1
1
1
1
1
1
1
1
1
1
1
1
1
1
1
1
1
1
1
0.999998
0.999998
1
1.00001
1.00002
1.00001
0.999948
0.999859
0.999841
1.00007
1.00066
1.00133
1.00119
0.999028
0.994474
0.989585
0.989646
1.00138
1.02796
1.06282
1.08659
1.07135
0.992412
0.842345
0.638535
0.418506
0.224507
0.0860061
0.0099689
-0.0166854
-0.0159943
-0.00719779
-0.000658671
0.00146829
0.0010519
0.000219987
-0.000144013
-0.000122242
-2.04547e-05
1.98481e-05
1.20803e-05
-2.75671e-07
-2.72112e-06
-7.01202e-07
3.98208e-07
2.32871e-07
-3.6411e-08
-5.2634e-08
-4.97887e-11
1.02117e-08
8.82858e-10
-1.8696e-09
-2.31302e-10
3.39098e-10
3.79104e-11
-6.1577e-11
-3.16761e-12
1.08996e-11
-5.50013e-13
-1.76906e-12
3.42615e-13
2.34687e-13
-9.83272e-14
-1.76801e-14
1.94552e-14
-1.91914e-15
-2.50305e-15
9.87506e-16
8.47996e-17
-1.73573e-16
4.5031e-17
9.54113e-18
-9.96371e-18
2.45576e-18
4.20203e-19
-5.1601e-19
1.65017e-19
-3.70628e-21
-2.04807e-20
1.03029e-20
-2.39618e-21
-1.21458e-22
3.72576e-22
-1.85388e-22
5.56255e-23
-8.44186e-24
-1.96235e-24
2.20395e-24
-1.10757e-24
4.26957e-25
-1.40778e-25
4.14807e-26
-1.11776e-26
2.79373e-27
-6.53911e-28
1.4433e-28
-3.01981e-29
6.0144e-30
-1.14408e-30
2.08442e-31
-3.64591e-32
6.13483e-33
-9.94814e-34
1.55704e-34
-2.35548e-35
3.4484e-36
-4.89102e-37
6.72768e-38
-8.98292e-39
1.16527e-39
-1.46969e-40
1.80359e-41
-2.155e-42
2.50859e-43
-2.84666e-44
3.15067e-45
-3.40296e-46
3.58842e-47
-3.69608e-48
3.72013e-49
-3.6604e-50
3.52226e-51
-3.31584e-52
3.0549e-53
-2.75534e-54
2.43368e-55
-2.10569e-56
1.78523e-57
-1.48346e-58
1.20854e-59
-9.655e-61
7.56583e-62
-5.81434e-63
4.46184e-64
-6.1509e-65
-1.65655e-64
2.21903e-64
3.122e-63
1.26414e-63
-4.8745e-62
-9.7753e-62
6.23493e-61
2.55056e-60
-5.69592e-60
-4.90261e-59
8.28117e-60
7.65927e-58
1.1341e-57
-9.68465e-57
-3.30637e-56
8.85293e-56
6.35061e-55
-2.21417e-55
-9.5626e-54
-1.3092e-53
1.13616e-52
3.79643e-52
-9.33274e-52
-6.87695e-51
8.52397e-52
9.51168e-50
1.55454e-49
-9.98206e-49
-3.82804e-48
6.30925e-48
6.11086e-47
2.81416e-47
-7.30727e-46
-1.67736e-45
6.12997e-45
3.20348e-44
-1.69467e-44
-4.22273e-43
-5.73557e-43
3.99844e-42
1.42369e-41
-2.04589e-41
-2.0409e-40
-1.47524e-40
2.05296e-39
5.55476e-39
-1.24432e-38
-8.53347e-38
-2.66299e-38
8.76715e-37
1.97604e-36
-5.52163e-36
-3.15582e-35
-3.78911e-36
3.18736e-34
6.63516e-34
-1.92133e-33
-1.04371e-32
-1.61884e-33
9.91334e-32
2.13222e-31
-5.25276e-31
-3.07759e-30
-1.25743e-30
2.60475e-29
6.42665e-29
-1.06136e-28
-7.9333e-28
-6.77695e-28
5.57669e-27
1.73382e-26
-1.21152e-26
-1.72037e-25
-2.54999e-25
8.94482e-25
3.95028e-24
1.02602e-24
-2.939e-23
-6.98523e-23
8.17326e-23
7.09983e-22
8.83285e-22
-3.4478e-21
-1.3881e-20
-4.44545e-21
9.05829e-20
2.2603e-19
-1.49707e-19
-1.88851e-18
-3.06039e-18
6.09242e-18
3.35725e-17
3.32029e-17
-1.4434e-16
-5.27193e-16
-2.50805e-16
2.70716e-15
7.49166e-15
3.07644e-16
-4.35633e-14
-9.84094e-14
3.06068e-14
6.22524e-13
1.21995e-12
-6.65485e-13
-8.03371e-12
-1.45346e-11
8.93191e-12
9.41821e-11
1.68082e-10
-8.25457e-11
-9.98636e-10
-1.87782e-09
3.70123e-10
9.41205e-09
1.98442e-08
4.1183e-09
-7.58795e-08
-1.91565e-07
-1.27573e-07
4.79577e-07
1.61032e-06
1.86787e-06
-1.7591e-06
-1.09677e-05
-1.91129e-05
-5.84956e-06
5.19327e-05
0.00014054
0.000158737
-7.46825e-05
-0.000663908
-0.0013303
-0.00118602
0.000971923
0.00552591
0.0104149
0.0103536
-0.00137839
-0.0279593
-0.0628221
-0.086595
-0.0713488
0.00758846
0.157655
0.361465
0.581494
0.775493
0.913994
0.990031
1.01669
1.01599
1.0072
1.00066
0.998532
0.998948
0.99978
1.00014
1.00012
1.00002
0.99998
0.999988
1
1
1
1
1
1
1
1
1
1
1
1
1
1
1
1
1
1
1
1
1
1
1
1
1
1
1
1
1
1
1
1
1
1
1
1
1
1
1
1
1
1
1
1
1
1
1
1
1
1
1
1
1
1
1
1
1
1
1
1
1
1
1
1
1
1
1
1
1
1
1
1
1
1
1
1
1
1
1
1
1
1
1
1
1
1
1
1
1
1
1
1
1
