9.59442e-31
-1.78554e-32
2.84793e-34
-3.83753e-36
4.28482e-38
-3.85874e-40
2.69362e-42
-1.36779e-44
4.49523e-47
-7.17767e-50
0
0
0
0
0
0
0
0
0
0
0
0
0
0
0
0
0
-7.17767e-50
1.67617e-47
-1.8588e-45
1.29891e-43
-6.39563e-42
2.34836e-40
-6.62706e-39
1.45578e-37
-2.48022e-36
3.18597e-35
-2.82209e-34
1.13938e-33
1.03056e-32
-2.20662e-31
1.611e-30
-2.06663e-31
-1.02228e-28
8.13996e-28
-7.52466e-29
-4.15485e-26
2.41561e-25
6.2643e-25
-1.31022e-23
2.97341e-23
3.7708e-22
-2.29816e-21
-5.65132e-21
8.64373e-20
-3.27925e-20
-2.33834e-18
4.91593e-18
5.09531e-17
-1.78773e-16
-9.57345e-16
4.54262e-15
1.64982e-14
-9.30027e-14
-2.76443e-13
1.60389e-12
4.64939e-12
-2.34152e-11
-7.71594e-11
2.80783e-10
1.19752e-09
-2.50897e-09
-1.63213e-08
1.07891e-08
1.82897e-07
1.23069e-07
-1.53388e-06
-3.30678e-06
7.525e-06
3.79065e-05
1.06766e-05
-0.000238272
-0.000517153
0.000393795
0.00364554
0.00569071
-0.00473047
-0.0352701
-0.0630361
-0.0229917
0.150144
0.446988
0.762007
0.972527
1.04093
1.02541
1.00089
0.995363
0.998969
1.00066
1.00019
0.999898
0.999983
1.00002
0.999999
0.999998
1
1
1
1
1
1
1
1
1
1
1
1
1
1
1
1
1
1
1
1
1
1
1
1
1
1
1
1
1
1
1
1
1
1
1
1
1
1
1
1
1
1
1
1
1
1
1
1
1
1
1
1
1
1
1
1
1
1
1
1
1
1
1
1
1
1
1
1
1
1
1
1
1
1
1
1
1
1
1
1
1
1
1
1
1
1
1
1
1
1
1
1
1
1
1
1
1
1
1
1
0.999992
0.999962
0.999989
1.00024
1.00052
0.999606
0.996354
0.994309
1.00473
1.03527
1.06304
1.02299
0.849856
0.553012
0.237993
0.0274728
-0.040927
-0.0254135
-0.000888697
0.00463689
0.00103082
-0.000661031
-0.000186759
0.000101691
1.67076e-05
-1.5492e-05
1.02807e-06
1.50642e-06
-5.4998e-07
3.34203e-08
3.9339e-08
-1.93197e-08
5.45605e-09
-1.14246e-09
1.92282e-10
-2.70417e-11
3.25033e-12
-3.38783e-13
3.09248e-14
-2.48936e-15
1.77571e-16
-1.12615e-17
6.363e-19
-3.20637e-20
1.44108e-21
-5.77208e-23
2.05681e-24
-6.50293e-26
1.81737e-27
-4.46708e-29
