1.00077
1.00061
0.998559
0.994413
0.991644
0.998173
1.02128
1.05634
1.07722
1.04099
0.911947
0.691419
0.427912
0.193584
0.041983
-0.0196088
-0.0229541
-0.00822493
0.00126096
0.00236776
0.000579482
-0.000321186
-0.000195257
2.64261e-05
4.09086e-05
-1.35466e-06
-7.44991e-06
2.83455e-07
1.26436e-06
-1.63758e-07
-1.84732e-07
5.78912e-08
1.66015e-08
-1.29103e-08
1.18123e-09
1.50336e-09
-6.96291e-10
5.80149e-11
7.08401e-11
-3.94354e-11
9.56549e-12
2.04691e-13
-1.31206e-12
7.15433e-13
-2.65093e-13
7.935e-14
-2.04107e-14
4.65487e-15
-9.59162e-16
1.80854e-16
-3.14923e-17
5.09984e-18
-7.72296e-19
1.0986e-19
-1.47347e-20
1.86927e-21
-2.24911e-22
2.5727e-23
-2.80356e-24
2.91594e-25
-2.89944e-26
2.76033e-27
-2.51944e-28
2.20737e-29
-1.85849e-30
1.50524e-31
-1.17387e-32
8.82225e-34
-6.39492e-35
4.47415e-36
-3.02348e-37
1.97472e-38
-1.24729e-39
7.62316e-41
-4.51065e-42
2.58519e-43
-1.4358e-44
7.73099e-46
-4.03728e-47
2.04561e-48
-1.00598e-49
4.80328e-51
-2.22742e-52
1.00349e-53
-4.3933e-55
1.8696e-56
-7.73555e-58
3.11257e-59
-1.21822e-60
4.63871e-62
-1.71876e-63
6.19801e-65
-2.17561e-66
7.43476e-68
-2.47381e-69
8.01563e-71
-2.52946e-72
7.7747e-74
-2.3278e-75
6.7897e-77
-1.92944e-78
5.34212e-80
-1.4412e-81
3.78861e-83
-9.7051e-85
2.42267e-86
-5.89347e-88
1.39712e-89
-3.22763e-91
7.2672e-93
-1.75332e-94
-2.77177e-95
8.33564e-94
1.02517e-93
-4.20659e-92
-2.65044e-92
2.05201e-90
2.74977e-91
-9.70218e-89
2.63664e-89
4.45598e-87
-2.65131e-87
-1.99146e-85
1.67306e-85
8.67307e-84
-8.75616e-84
-3.68477e-82
4.07175e-82
1.52825e-80
-1.72386e-80
-6.18992e-79
6.6881e-79
2.44838e-77
-2.36298e-77
-9.45399e-76
7.42301e-76
3.56108e-74
-1.93802e-74
-1.3071e-72
3.21169e-73
4.66852e-71
5.02927e-72
-1.61962e-69
-8.34228e-70
5.44589e-68
5.32573e-68
-1.77008e-66
-2.65849e-66
5.54335e-65
1.16336e-64
-1.66579e-63
-4.64674e-63
4.77723e-62
1.72566e-61
-1.29758e-60
-6.01497e-60
3.29973e-59
1.97738e-58
-7.70382e-58
-6.14391e-57
1.58827e-56
1.80453e-55
-2.61259e-55
-5.00224e-54
2.0391e-54
1.30419e-52
7.83819e-53
-3.17899e-51
-5.24322e-51
7.17204e-50
2.0358e-49
-1.47126e-48
-6.40902e-48
2.64878e-47
1.76406e-46
-3.82662e-46
-4.35524e-45
2.96274e-45
9.71117e-44
6.07674e-44
-1.94567e-42
-3.79693e-42
3.43543e-41
1.22092e-40
-5.08829e-40
-3.07146e-39
5.40544e-39
6.54846e-38
-5.88063e-39
-1.20447e-36
-1.67223e-36
1.88421e-35
5.76526e-35
-2.35626e-34
-1.33956e-33
1.8316e-33
2.48577e-32
1.01094e-32
-3.7857e-31
-7.74627e-31
4.54907e-30
1.92787e-29
-3.53998e-29
-3.42225e-28
-7.47136e-29
4.71775e-27
9.24318e-27
-4.83647e-26
-2.09907e-25
2.65058e-25
3.20372e-24
2.42529e-24
-3.57328e-23
-9.56715e-23
2.54436e-22
1.61127e-21
7.13907e-23
-1.82842e-20
-3.5747e-20
1.32355e-19
6.42218e-19
-1.46871e-19
-6.94796e-18
-1.22478e-17
4.47933e-17
2.09164e-16
-6.05372e-18
-1.96732e-15
-3.95948e-15
9.47552e-15
5.42198e-14
3.15545e-14
-3.87442e-13
-1.07172e-12
8.26685e-13
1.01015e-11
1.52898e-11
-4.20359e-11
-2.01167e-10
-1.40405e-10
1.07304e-09
3.28748e-09
2.70908e-10
-2.01485e-08
-4.64337e-08
1.63029e-08
3.04801e-07
5.95259e-07
-3.07136e-07
-3.82418e-06
-7.16576e-06
2.34733e-06
3.93366e-05
8.014e-05
1.28955e-05
-0.00030879
-0.000773883
-0.000612978
0.00144095
0.00558739
0.00835575
0.00182717
-0.0212796
-0.0563413
-0.07722
-0.0409896
0.088053
0.308581
0.572088
0.806416
0.958017
1.01961
1.02295
1.00822
0.998739
0.997632
0.999421
1.00032
1.0002
0.999974
0.999959
1
1.00001
1
0.999999
1
1
1
1
1
1
1
1
1
1
1
1
1
1
1
1
1
1
1
1
1
1
1
1
1
1
1
1
1
1
1
1
1
1
1
1
1
1
1
1
1
1
1
1
1
1
1
1
1
1
1
1
1
1
1
1
1
1
1
1
1
1
1
1
1
1
1
1
1
1
1
1
1
1
1
1
1
1
1
1
1
1
1
1
1
1
1
1
1
1
1
1
1
1
1
1
1
1
1
1
1
1
1
1
1
1
1
1
1
1
1
1
1
1
1
1
1
1
1
1
1
1
1
1
1
1
1
1
1
1
1
1
1
1
1
1
1
1
1
1
1
1
1
1
1
1
1
1
1
1
1
1
1
1
1
1
1
1
1
1
1
1
1
1
1
1
1
1
1
1
1
1
1
1
1
1
1
1
1
1
1
1
1
1
1
1
1
1
1
1
1
1
1
1
1
1
1
1
1
1
1
1
1
1
1
1
1
1
1
1
1
1
1
1
1
1
1
1
0.999999
1
1
1.00001
0.999998
0.999961
0.99992
0.999987
1.00031
