1.01631
0.99992
0.996653
0.999241
1.00051
1.00018
0.999915
0.999973
1.00002
1
0.999997
1
1
1
1
1
1
1
1
1
1
1
1
1
1
1
1
1
1
1
1
1
1
1
1
1
1
1
1
1
1
1
1
1
1
0.99998
0.99995
0.999993
1.00024
1.0006
1.00024
0.997912
0.994075
0.994228
1.00829
1.04003
1.06984
1.04909
0.92505
0.687726
0.395808
0.146037
0.00531168
-0.0308612
-0.0163054
8.02617e-05
0.00334722
0.000759482
-0.000509664
-0.000180961
8.51956e-05
2.66285e-05
-1.65621e-05
-1.505e-06
2.83097e-06
-5.36216e-07
-2.31665e-07
1.58357e-07
-3.42243e-08
-4.90384e-09
6.74656e-09
-3.04443e-09
9.65544e-10
-2.46401e-10
5.34553e-11
-1.01564e-11
1.72167e-12
-2.64379e-13
4.05442e-14
6.75503e-15
-1.88654e-14
-1.64704e-13
-1.08127e-13
1.51191e-12
4.07552e-12
-6.79168e-12
-5.25878e-11
-4.37909e-11
3.81897e-10
1.16937e-09
-7.66201e-10
-1.10957e-08
-1.75498e-08
4.62502e-08
2.27578e-07
1.70951e-07
-1.15929e-06
-3.66908e-06
-9.66966e-07
1.96749e-05
4.99681e-05
6.66682e-06
-0.000243995
-0.000595998
-0.000240171
0.00208775
0.00592487
0.00577185
-0.00828752
-0.040031
-0.0698448
-0.0490867
0.0749504
0.312274
0.604192
0.853963
0.994688
1.03086
