-2.68493e-14
3.69254e-14
1.88984e-13
2.50276e-13
-2.3059e-13
-1.49192e-12
-2.28325e-12
9.24029e-13
1.08042e-11
1.97999e-11
2.11248e-12
-6.92213e-11
-1.58447e-10
-9.38671e-11
3.64273e-10
1.13243e-09
1.21285e-09
-1.24794e-09
-6.90534e-09
-1.10863e-08
-1.61389e-09
3.28579e-08
7.85473e-08
7.04966e-08
-8.99366e-08
-4.21456e-07
-6.72706e-07
-2.42515e-07
1.45741e-06
4.01365e-06
4.89232e-06
-3.12576e-07
-1.44395e-05
-3.20982e-05
-3.41612e-05
7.55787e-06
0.000107169
0.000226824
0.00025
1.03819e-05
-0.000588879
-0.00138722
-0.00182295
-0.00101548
0.00178137
0.00640382
0.0110311
0.012056
0.00511141
-0.0126718
-0.0398568
-0.0686847
-0.0852847
-0.0728143
-0.0168792
0.0887384
0.238535
0.415716
0.596717
0.758101
0.88307
0.965155
1.00801
1.02205
1.01972
1.01154
1.00401
0.999655
0.998281
0.998595
0.999372
0.999941
1.00016
1.00014
1.00006
1
0.999982
0.999987
0.999997
1
1
1
1
1
1
1
1
1
1
1
1
1
1
1
1
1
1
1
1
1
1
1
1
1
1
1
1
1
1
1
1
1
1
1
1
1
1
1
1
1
1
1
1
1
1
1
1
1
1
1
1
1
1
1
1
1
1
1
1
1
1
1
1
1
1
1
1
1
1
1
1
1
1
1
1
1
0.999999
0.999996
0.999995
1
1.00001
1.00003
1.00003
0.999992
0.999893
0.999773
0.99975
0.99999
1.00059
1.00139
1.00182
1.00102
0.998219
0.993596
0.988969
0.987944
0.994889
1.01267
1.03986
1.06868
1.08528
1.07281
1.01688
0.911262
0.761465
0.584284
0.403283
0.241899
0.11693
0.0348453
-0.0080132
-0.0220503
-0.0197204
-0.0115352
-0.0040092
0.000345455
0.00171938
0.00140493
0.000628377
5.90386e-05
-0.000156983
-0.000142716
-5.98107e-05
-2.07431e-07
1.81385e-05
1.28159e-05
3.37495e-06
-1.50692e-06
-1.94553e-06
-7.91566e-07
6.33187e-08
2.56502e-07
1.30199e-07
3.57698e-09
-3.2705e-08
-1.81575e-08
-7.90568e-10
4.26276e-09
2.25044e-09
-1.72744e-11
-5.64475e-10
-2.43092e-10
3.32794e-11
7.17748e-11
2.06768e-11
-8.82402e-12
-8.06204e-12
-8.78356e-13
1.51965e-12
7.05401e-13
-1.09014e-13
-1.88592e-13
-3.2808e-14
3.10695e-14
1.55766e-14
-2.40414e-15
-3.86009e-15
-4.4547e-16
6.85199e-16
2.42947e-16
-8.55451e-17
-6.51967e-17
3.96408e-18
1.09415e-17
-2.39068e-18
2.11818e-18
2.67303e-17
3.56088e-17
-5.30277e-17
-2.69439e-16
-3.17035e-16
5.4136e-16
2.5192e-15
2.89158e-15
-4.81178e-15
-2.24182e-14
