1.00001
1.00001
1
0.999999
0.999998
0.999999
1
1
1
1
1
1
1
1
1
1
1
1
1
1
1
1
1
1
1
1
1
1
1
1
1
1
1
1
1
1
1
1
1
1
1
1
1
1
1
1
1
1
1
1
1
1
1
1
1
1
1
1
1
1
1
1
1
1
1
1
1
1
1
1
1
1
1
1
0.999999
0.999998
0.999999
1
1.00001
1.00001
1.00001
0.99998
0.999938
0.999906
0.999943
1.00011
1.0004
1.00069
1.00064
0.999868
0.998147
0.995837
0.994197
0.995354
1.00162
1.01416
1.03128
1.04718
1.05191
1.03311
0.979383
0.88434
0.749803
0.586738
0.413262
0.250197
0.11566
0.020617
-0.0331105
-0.0519112
-0.0471804
-0.0312797
-0.0141614
-0.00162481
0.00464567
0.00580322
0.00416331
0.00185255
0.000132249
-0.000640731
-0.000685631
-0.000403303
-0.000109219
5.65599e-05
9.37466e-05
6.23851e-05
1.96556e-05
-6.10871e-06
-1.23398e-05
-8.06827e-06
-2.21472e-06
1.04699e-06
1.59118e-06
8.76089e-07
1.31296e-07
-1.93188e-07
-1.8533e-07
-7.13592e-08
8.70144e-09
2.87116e-08
1.70182e-08
2.61364e-09
-3.47463e-09
-3.06428e-09
-9.30427e-10
3.1915e-10
4.71298e-10
1.95978e-10
-1.71886e-11
-6.58117e-11
-3.35192e-11
-9.15809e-13
8.70805e-12
5.07998e-12
4.23561e-13
-1.12913e-12
-7.0829e-13
-7.23211e-14
1.46704e-13
9.23266e-14
8.34029e-15
-1.92085e-14
-1.12769e-14
-5.5948e-16
2.51637e-15
1.31358e-15
-1.25424e-17
-4.48198e-16
-4.48198e-16
-1.25424e-17
1.31358e-15
2.51637e-15
-5.5948e-16
-1.12769e-14
-1.92085e-14
8.34029e-15
9.23266e-14
1.46704e-13
-7.23211e-14
-7.0829e-13
-1.12913e-12
4.23561e-13
5.07998e-12
8.70805e-12
-9.15809e-13
-3.35192e-11
-6.58117e-11
-1.71886e-11
1.95978e-10
4.71298e-10
3.1915e-10
-9.30427e-10
-3.06428e-09
-3.47463e-09
2.61364e-09
1.70182e-08
2.87116e-08
8.70144e-09
-7.13592e-08
-1.8533e-07
-1.93188e-07
1.31296e-07
8.76089e-07
1.59118e-06
1.04699e-06
-2.21472e-06
-8.06827e-06
-1.23398e-05
-6.10871e-06
1.96556e-05
6.23851e-05
9.37466e-05
5.65599e-05
-0.000109219
-0.000403303
-0.000685631
-0.000640731
0.000132249
0.00185255
0.00416331
0.00580322
0.00464567
-0.00162481
-0.0141614
-0.0312797
-0.0471804
-0.0519112
-0.0331105
0.020617
0.11566
0.250197
0.413262
0.586738
0.749803
0.88434
0.979383
1.03311
1.05191
1.04718
1.03128
1.01416
1.00162
0.995354
0.994197
0.995837
0.998147
0.999868
1.00064
1.00069
1.0004
1.00011
0.999943
0.999906
0.999938
0.99998
1.00001
