1
1
1
1
1
1
1
1
1
1
1
1
1
1
0.999989
0.999971
1.00001
1.00022
1.00043
0.999683
0.996921
0.994435
1.00146
1.02785
1.06142
1.04822
0.915568
0.643952
0.316706
0.0684688
-0.0313145
-0.0262622
-0.00125854
0.00453577
0.000487652
-0.000754736
1.8505e-05
0.00010737
-3.32435e-05
-2.49202e-06
5.33536e-06
-2.3277e-06
6.66122e-07
-1.47202e-07
2.67998e-08
-4.16283e-09
5.6399e-10
-6.76749e-11
7.27382e-12
-7.06402e-13
6.2416e-14
-5.04586e-15
3.74935e-16
-2.5773e-17
2.15035e-18
1.78889e-18
-7.51754e-18
-4.59975e-17
7.04978e-17
9.12899e-16
1.96304e-16
-1.46443e-14
-2.66114e-14
1.79321e-13
6.92211e-13
-1.34422e-12
-1.17732e-11
-3.51389e-12
1.41476e-10
3.05608e-10
-1.0571e-09
-5.42308e-09
5.80547e-10
5.6119e-08
1.0789e-07
-2.96164e-07
-1.56447e-06
-8.33646e-07
1.06027e-05
2.92642e-05
-1.07704e-05
-0.000219399
-0.000426882
0.000317362
0.00307933
0.00556529
-0.0014636
-0.0278497
-0.0614239
-0.0482159
0.084432
0.356048
0.683294
0.931531
1.03131
1.02626
1.00126
0.995464
0.999512
1.00075
0.999981
0.999893
1.00003
1
0.999995
1
0.999999
1
1
1
1
1
1
1
1
1
1
1
1
1
1
1
1
1
1
1
1
1
