-3.57668e-09
1.56991e-09
-9.82118e-11
-1.28669e-10
5.6232e-11
-9.57345e-12
-1.18077e-12
1.35496e-12
-5.24002e-13
1.43313e-13
-3.15887e-14
5.91135e-15
-9.65462e-16
1.3998e-16
-1.82252e-17
2.14851e-18
-2.3075e-19
2.26854e-20
-2.0491e-21
1.70555e-22
-1.31117e-23
9.32693e-25
-6.14781e-26
3.75893e-27
-2.13352e-28
1.12466e-29
-5.50716e-31
2.50494e-32
-1.05805e-33
4.14787e-35
-1.50805e-36
5.07963e-38
-1.58327e-39
4.53194e-41
1.12489e-41
-6.87195e-41
-2.03785e-40
4.49298e-39
-1.48413e-38
-1.23974e-37
1.21423e-36
-2.93046e-37
-4.62931e-35
1.88079e-34
1.0034e-33
-9.85834e-33
-3.30715e-33
3.26999e-31
-7.56321e-31
-7.94805e-30
3.9479e-29
1.40565e-28
-1.31951e-27
-1.41429e-27
3.50938e-26
-1.36836e-26
-8.0003e-25
1.1584e-24
1.62906e-23
-3.71272e-23
-3.05367e-22
8.89196e-22
5.403e-21
-1.78388e-20
-9.20114e-20
3.11046e-19
1.52387e-18
-4.75028e-18
-2.44988e-17
6.26098e-17
3.7716e-16
-6.76981e-16
-5.44069e-15
5.07397e-15
7.15886e-14
-1.35601e-15
-8.3119e-13
-8.02248e-13
8.11275e-12
1.74652e-11
-6.03454e-11
-2.44344e-10
2.36218e-10
2.50821e-09
1.60459e-09
-1.82646e-08
-4.12927e-08
7.18628e-08
4.21418e-07
2.27056e-07
-2.41301e-06
-5.87407e-06
3.68705e-06
4.13684e-05
6.13185e-05
-9.47609e-05
-0.000504324
-0.000613254
0.000957179
0.00472287
0.00671634
-0.00259625
-0.0299143
-0.0619242
-0.0556577
0.0430182
0.255686
0.539378
0.804431
0.974487
1.03512
1.02827
1.00659
0.996514
0.997216
0.999828
1.0005
1.00013
0.99993
0.99997
1.00001
1
0.999998
0.999999
1
1
1
1
1
1
1
1
1
1
1
1
1
1
1
1
1
1
1
1
1
1
1
1
1
1
1
1
1
1
1
1
1
1
1
1
1
1
1
1
1
1
1
1
1
1
1
1
1
1
1
1
1
1
1
1
1
1
1
1
1
1
1
1
1
1
1
1
1
1
1
1
1
1
1
1
1
1
1
1
1
1
1
1
1
1
1
1
1
1
1
1
1
1
1
1.00001
0.999996
0.999959
0.999939
1.00009
1.0005
1.00061
0.999043
0.995277
0.993284
1.0026
1.02991
1.06192
1.05566
0.956982
0.744314
0.460622
0.195569
0.0255128
-0.0351151
-0.0282727
-0.00658719
0.00348579
0.00278412
0.000172066
-0.000503641
-0.00013465
6.99009e-05
2.99911e-05
-9.81874e-06
-4.76452e-06
1.62685e-06
5.6198e-07
-2.85761e-07
-3.16409e-08
4.1806e-08
-5.17803e-09
