-3.18232e-06
-5.54245e-06
4.52299e-06
3.89334e-05
6.67625e-05
-3.15699e-05
-0.000377551
-0.00074083
-0.000160269
0.002563
0.00665768
0.00662566
-0.00675054
-0.0373597
-0.0697047
-0.0634718
0.0291144
0.227347
0.495767
0.75671
0.938209
1.0179
1.02575
1.00932
0.998405
0.997416
0.999555
1.00041
1.00016
0.999941
0.999968
1.00001
1
0.999998
1
1
1
1
1
1
1
1
1
1
1
1
1
1
1
1
1
1
1
1
1
1
1
1
1
1
1
1
1
1
1
1.00001
0.999995
0.999961
0.999933
1.00003
1.00038
1.00074
1.00016
0.997437
0.993342
0.993374
1.00675
1.03736
1.0697
1.06347
0.970886
0.772653
0.504233
0.24329
0.0617909
-0.0178955
-0.025753
-0.00931972
0.00159473
0.00258385
0.000444651
-0.000410846
-0.000156229
5.89015e-05
3.15605e-05
-1.01889e-05
-4.87787e-06
2.14872e-06
4.74586e-07
-4.24089e-07
2.61658e-08
5.5466e-08
-2.11643e-08
-3.07428e-10
3.01279e-09
-1.2468e-09
1.85414e-10
6.60533e-11
-5.80888e-11
2.47776e-11
-7.85096e-12
2.01925e-12
-9.02429e-13
-2.27467e-13
3.10802e-12
9.2425e-12
-7.08628e-12
-9.03438e-11
-1.33881e-10
4.13958e-10
1.88751e-09
1.04094e-09
-1.1076e-08
-3.12197e-08
5.06301e-09
2.11382e-07
4.3695e-07
-2.92581e-07
