0.966886
0.690688
0.308965
0.0279119
-0.0460945
-0.0110575
0.00727573
0.000348829
-0.00106084
0.000402221
-9.21446e-05
1.54084e-05
-2.02852e-06
2.19083e-07
-1.99213e-08
1.55262e-09
-1.05068e-10
6.23396e-12
-3.26724e-13
1.52137e-14
-6.32231e-16
2.35288e-17
-7.86193e-19
2.36299e-20
-6.3959e-22
1.56062e-23
-5.43103e-25
-1.8922e-25
1.03967e-23
3.08496e-24
-4.8049e-22
4.49698e-24
1.99752e-20
-1.00456e-22
-7.49413e-19
-1.98342e-19
2.52863e-17
1.928e-17
-7.59426e-16
-1.11254e-15
1.99279e-14
4.7517e-14
-4.42839e-13
-1.60388e-12
7.85636e-12
4.36048e-11
-9.53709e-11
-9.48956e-10
2.30553e-10
1.60131e-08
2.30103e-08
-1.92768e-07
-6.58087e-07
1.22458e-06
1.01208e-05
6.55601e-06
-8.94556e-05
-0.00024828
0.000237207
0.00247323
0.00387181
-0.00703575
-0.0389503
-0.0577555
0.0331141
0.309312
0.691035
0.972088
1.04609
1.01106
0.992724
0.999651
1.00106
0.999598
1.00009
0.999985
1
1
1
1
1
1
1
1
1
1
1
1
1
1
1
1
1
1
1
1
1
1
1
1
1
1
1
1
1
1
1
1
1
1
1
1
1
1
1
1
1
0.999999
0.99999
0.999993
1.00009
1.00025
0.999763
0.997527
0.996128
1.00704
1.03895
1.05776
