-0.000411006
-0.000713583
8.15136e-05
0.00308087
0.00696505
0.0053317
-0.0111994
-0.0441301
-0.0725393
-0.0508883
0.0675048
0.29126
0.57004
0.818836
0.973048
1.02664
1.02132
1.00419
0.997058
0.998179
1.00013
1.00038
1.00002
0.999934
0.999996
1.00001
1
0.999998
1
1
1
1
1
1
1
1
1
1
1
1
1
1
1
1
1
1
1
1
1
1
1
1
1
1
1
1
1
1
1
1
0.999994
0.99996
0.999939
1.00005
1.00041
1.00071
0.999918
0.996919
0.993035
0.994668
1.0112
1.04413
1.07254
1.05089
0.932495
0.70874
0.42996
0.181164
0.0269523
-0.026636
-0.0213244
-0.00419219
0.00294226
0.00182089
-0.000130129
-0.000376164
-2.21154e-05
6.64965e-05
4.36192e-06
-1.14614e-05
4.05858e-07
1.76652e-06
-4.06531e-07
-1.68051e-07
1.07168e-07
-1.1053e-08
-1.07852e-08
5.87618e-09
-1.19665e-09
-1.76018e-10
2.40627e-10
-1.11584e-10
3.68717e-11
-9.90089e-12
2.30877e-12
-4.93624e-13
-2.16181e-13
-3.41841e-13
2.13092e-12
7.29392e-12
-3.69102e-12
-6.98404e-11
-1.15094e-10
3.1994e-10
1.5756e-09
9.372e-10
-9.54568e-09
-2.72916e-08
6.2198e-09
1.94993e-07
3.90001e-07
-3.427e-07
-3.0947e-06
-4.98046e-06
5.87099e-06
3.98274e-05
6.1106e-05
-5.41794e-05
