1
1
1
1
1
1
1
1
1
1
1
1
1
1
1
1
1
1
1
1
1
1
1
1
1
1
1
1
0.999997
0.999974
0.999963
1.00007
1.00037
1.00047
0.999202
0.995869
0.993843
1.00267
1.03038
1.06383
1.05463
0.939747
0.697725
0.389739
0.128513
-0.00836754
-0.0324773
-0.0113641
0.0030197
0.00277438
-0.000215976
-0.000487397
5.53329e-05
7.1159e-05
-2.1306e-05
-5.19892e-06
4.60164e-06
-9.75713e-07
-1.91539e-07
2.14237e-07
-8.9341e-08
2.61529e-08
-6.10888e-09
1.20209e-09
-2.05354e-10
3.10479e-11
-4.21098e-12
5.17508e-13
-5.80743e-14
5.99549e-15
-6.28497e-16
-1.35661e-16
5.27152e-16
3.53605e-15
-1.12253e-15
-4.88982e-14
-7.34081e-14
4.74624e-13
1.76257e-12
-2.21728e-12
-2.40595e-11
-2.23364e-11
2.08715e-10
6.39374e-10
-7.52377e-10
-7.52752e-09
-8.66752e-09
4.72841e-08
1.71472e-07
-1.32999e-08
-1.33894e-06
-2.80556e-06
3.19843e-06
2.57333e-05
3.72076e-05
-7.08517e-05
-0.000373148
-0.000474548
0.000797732
0.00413136
0.00615706
-0.00266834
-0.0303846
-0.0638343
-0.0546334
0.0602529
0.302275
0.610261
0.871487
1.00837
1.03248
1.01136
0.99698
0.997226
1.00022
1.00049
0.999945
0.999929
1.00002
1.00001
0.999995
1
1
1
1
1
1
1
