1
1
1
1
1
0.999999
0.999999
0.999999
1
1.00001
1.00001
0.99997
0.9999
0.99989
1.00012
1.00064
1.00107
1.00034
0.997428
0.993017
0.991247
0.999096
1.02148
1.05334
1.07423
1.05212
0.958247
0.785715
0.559235
0.327081
0.138685
0.0219243
-0.0256822
-0.0282882
-0.0141797
-0.00198013
0.00267622
0.00221872
0.000582743
-0.000255064
-0.000272804
-6.43733e-05
3.67288e-05
2.90888e-05
2.24128e-06
-5.57105e-06
-2.11911e-06
5.8245e-07
5.63491e-07
4.40657e-09
-1.06835e-07
-1.77024e-08
1.71056e-08
5.01826e-09
-2.54527e-09
-1.01442e-09
3.81577e-10
1.72622e-10
-6.09142e-11
-2.5601e-11
1.03377e-11
3.20018e-12
-1.76394e-12
-2.86717e-13
2.80395e-13
2.23524e-15
-3.80845e-14
6.03642e-15
3.82255e-15
-1.5238e-15
-1.4868e-16
2.19712e-16
-3.59302e-17
-1.64225e-17
8.61585e-18
-6.27457e-19
-7.62575e-19
3.08084e-19
-2.00747e-20
-2.52616e-20
1.09966e-20
-1.49817e-21
-5.14174e-22
3.45748e-22
-9.06852e-23
5.49985e-24
5.91988e-24
-3.08754e-24
8.70887e-25
-8.18175e-26
-3.05588e-26
-5.60484e-25
-3.76097e-25
5.75633e-24
1.00694e-23
-4.79647e-23
-1.56558e-22
2.91956e-22
1.87801e-21
-4.71655e-22
-1.82521e-20
-1.93237e-20
1.39781e-19
3.6146e-19
-7.20256e-19
-4.11599e-18
1.26857e-19
3.41556e-17
5.00692e-17
-1.95003e-16
-6.92121e-16
3.98707e-16
5.82077e-15
6.54477e-15
-3.1053e-14
-9.82066e-14
4.72724e-14
7.45665e-13
9.91794e-13
-3.07466e-12
-1.18166e-11
-2.41527e-12
6.73092e-11
1.39855e-10
-1.26945e-10
-1.03593e-09
-1.29542e-09
3.0828e-09
1.29292e-08
9.85121e-09
-4.52749e-08
-1.40412e-07
-7.14555e-08
5.06906e-07
1.38456e-06
6.79611e-07
-4.51021e-06
-1.25247e-05
-8.77687e-06
3.02888e-05
0.000100248
0.000109706
-0.000115823
-0.000642941
-0.00106673
-0.000340354
0.00257216
0.0069832
0.00875285
0.000904169
-0.0214811
-0.0533431
-0.0742312
-0.0521246
0.0417528
0.214285
0.440765
0.672919
0.861315
0.978076
1.02568
1.02829
1.01418
1.00198
0.997324
0.997781
0.999417
1.00026
1.00027
1.00006
0.999963
0.999971
0.999998
1.00001
1
0.999999
0.999999
1
1
1
1
1
1
1
1
1
1
1
1
1
1
1
1
1
1
1
1
1
1
1
1
1
1
1
1
1
1
1
1
1
1
1
1
1
1
1
1
1
1
1
1
1
1
1
1
1
1
1
1
1
1
1
1
1
1
1
1
1
1
1
1
1
1
1
1
1
1
1
1
1
1
1
1
1
1
1
