1
1
1
1
1
1
1
1
1
1
1
1
1
1
1
1
1
1
1
1
1
1
1
1
0.999999
0.999999
0.999999
1
1.00001
1.00001
0.999998
0.999961
0.999917
0.999925
1.00006
1.00036
1.00067
1.00059
0.999592
0.997493
0.995036
0.994324
0.998426
1.00979
1.0277
1.04592
1.05199
1.02964
0.963995
0.84804
0.687259
0.5
0.312741
0.15196
0.0360047
-0.0296375
-0.0519898
-0.0459154
-0.0277008
-0.00978715
0.00157419
0.00567575
0.00496427
0.0025074
0.000408133
-0.000585712
-0.000671254
-0.000364324
-6.49364e-05
7.52711e-05
8.25805e-05
3.87281e-05
1.85203e-06
-1.13284e-05
-8.7867e-06
-2.60885e-06
9.42263e-07
1.43324e-06
6.56138e-07
-5.29035e-09
-1.95142e-07
-1.17666e-07
-1.48451e-08
2.4224e-08
1.78651e-08
3.35255e-09
-2.95842e-09
-2.45116e-09
-4.9913e-10
3.76212e-10
3.11822e-10
5.63684e-11
-5.02341e-11
-3.6759e-11
-4.43831e-12
6.75463e-12
3.92164e-12
7.71758e-14
-8.61484e-13
-3.59234e-13
5.22187e-14
9.85055e-14
2.49599e-14
-1.21216e-14
-9.52053e-15
-7.14821e-16
1.72814e-15
7.05416e-16
-1.26062e-16
-1.79316e-16
-2.87583e-17
2.65283e-17
1.3025e-17
-1.28228e-18
-2.44349e-18
-9.353e-19
-2.44349e-18
-1.28228e-18
1.3025e-17
2.65283e-17
-2.87583e-17
-1.79316e-16
-1.26062e-16
7.05416e-16
1.72814e-15
-7.14821e-16
-9.52053e-15
-1.21216e-14
2.49599e-14
9.85055e-14
5.22187e-14
-3.59234e-13
-8.61484e-13
7.71758e-14
3.92164e-12
6.75463e-12
-4.43831e-12
-3.6759e-11
-5.02341e-11
5.63684e-11
3.11822e-10
3.76212e-10
-4.9913e-10
-2.45116e-09
-2.95842e-09
3.35255e-09
1.78651e-08
2.4224e-08
-1.48451e-08
-1.17666e-07
-1.95142e-07
-5.29035e-09
6.56138e-07
1.43324e-06
9.42263e-07
-2.60885e-06
-8.7867e-06
-1.13284e-05
1.85203e-06
3.87281e-05
8.25805e-05
7.52711e-05
-6.49364e-05
-0.000364324
-0.000671254
-0.000585712
0.000408133
0.0025074
0.00496427
0.00567575
0.00157419
-0.00978715
-0.0277008
-0.0459154
-0.0519898
-0.0296375
0.0360047
0.15196
0.312741
0.5
0.687259
0.84804
0.963995
1.02964
1.05199
1.04592
1.0277
1.00979
0.998426
0.994324
0.995036
0.997493
0.999592
1.00059
1.00067
1.00036
1.00006
0.999925
0.999917
0.999961
0.999998
1.00001
1.00001
1
0.999999
0.999999
0.999999
1
1
1
1
1
1
1
1
1
1
1
1
1
1
1
1
1
1
1
1
1
1
1
1
1
1
1
1
1
1
1
1
1
1
1
1
1
1
1
1
1
1
1
1
1
1
1
1
1
