0.000227251
0.000164044
-0.000215453
-0.000917493
-0.00158283
-0.00141695
0.000512412
0.00452354
0.00936912
0.0117256
0.00689255
-0.00893185
-0.0353477
-0.064967
-0.0830691
-0.0708886
-0.0119881
0.100703
0.260477
0.447482
0.634556
0.795835
0.914445
0.986165
1.01807
1.02357
1.01658
1.00734
1.00094
0.998331
0.998258
0.999107
0.999846
1.00016
1.00017
1.00007
1
0.999979
0.999986
0.999997
1
1
1
1
1
1
1
1
1
1
1
1
1
1
1
1
1
1
1
1
1
1
1
1
1
1
1
1
1
1
1
1
1
1
1
1
1
1
1
1
1
1
1
1
1
1
1
1
1
1
1
1
1
1
1
1
1
1
1
1
1
1
1
1
1
1
1
1
1
1
1
1
1
1
1
1
1
1
1
0.999999
0.999997
0.999996
1
1.00002
1.00003
1.00002
0.99997
0.999865
0.999773
0.999836
1.00022
1.00092
1.00158
1.00142
0.999488
0.995476
0.990631
0.988274
0.993107
1.00893
1.03535
1.06497
1.08307
1.07089
1.01199
0.899297
0.739523
0.552518
0.365444
0.204165
0.0855548
0.0138351
-0.0180689
-0.0235694
-0.0165834
-0.00733743
-0.000942697
0.00166914
0.00174244
0.000893387
0.000154028
-0.000162663
-0.00016921
-7.28107e-05
-3.2851e-07
2.11619e-05
1.39255e-05
2.78742e-06
-2.1909e-06
-2.0614e-06
-5.82813e-07
2.28988e-07
2.75339e-07
8.228e-08
-2.95181e-08
-3.48818e-08
-8.78319e-09
4.63992e-09
4.11625e-09
5.9346e-10
-7.33866e-10
-4.18655e-10
1.47113e-11
1.00128e-10
3.05814e-11
-1.22367e-11
-1.04811e-11
-4.67482e-13
2.10403e-12
6.67078e-13
-2.6694e-13
-2.02734e-13
7.32526e-15
4.24414e-14
7.35612e-15
-6.91841e-15
-2.70636e-15
8.65969e-16
6.5534e-16
-6.4985e-17
-1.31266e-16
-4.81685e-18
2.33945e-17
3.35291e-18
-3.82362e-18
-7.67894e-19
7.11499e-19
-4.48718e-19
-1.91364e-18
-2.24468e-19
9.01935e-18
1.87485e-17
-8.14505e-18
-1.09555e-16
-1.7922e-16
1.731e-16
1.2122e-15
1.63353e-15
-2.37773e-15
-1.24552e-14
-1.46287e-14
2.6432e-14
1.20308e-13
1.32556e-13
-2.5075e-13
-1.098e-12
-1.23359e-12
2.03444e-12
9.44264e-12
1.16695e-11
-1.3497e-11
-7.56235e-11
-1.08774e-10
6.11627e-11
5.50964e-10
9.60997e-10
2.37706e-11
-3.49903e-09
-7.7382e-09
-4.40863e-09
1.76884e-08
5.44121e-08
5.96577e-08
-5.17246e-08
-3.13984e-07
-5.31227e-07
-1.75057e-07
1.29558e-06
3.46337e-06
3.83044e-06
-1.80861e-06
-1.54895e-05
-2.99328e-05
-2.37632e-05
3.00805e-05
0.000134624
