-7.94349e-20
-3.58251e-19
-3.75867e-19
1.05213e-18
4.31907e-18
4.23303e-18
-1.26143e-17
-4.97615e-17
-4.86548e-17
1.37143e-16
5.47481e-16
5.69796e-16
-1.33849e-15
-5.72635e-15
-6.68205e-15
1.13985e-14
5.6443e-14
7.6499e-14
-7.86701e-14
-5.1694e-13
-8.33112e-13
3.31235e-13
4.30351e-12
8.42913e-12
1.38576e-12
-3.1384e-11
-7.74264e-11
-5.20235e-11
1.85783e-10
6.28398e-10
7.3058e-10
-6.96879e-10
-4.32548e-09
-7.39311e-09
-1.36194e-09
2.32399e-08
5.83767e-08
5.42491e-08
-7.37297e-08
-3.52365e-07
-5.71052e-07
-1.75924e-07
1.41784e-06
3.83549e-06
4.50453e-06
-1.20434e-06
-1.6225e-05
-3.41026e-05
-3.24766e-05
2.08313e-05
0.000138225
0.000264453
0.000246693
-0.00011572
-0.000897983
-0.00179788
-0.00198634
-0.000326865
0.00387011
0.0097389
0.0140437
0.0115615
-0.00274259
-0.030109
-0.0645117
-0.0915365
-0.0912396
-0.0447597
0.0577793
0.211785
0.398122
0.588914
0.756744
0.883117
0.962627
1.00169
1.01336
1.0113
1.00554
1.00114
0.999278
0.999134
0.999583
0.999954
1.00008
1.00006
1.00002
0.999993
0.999992
0.999997
1
1
1
1
1
1
1
1
1
1
1
1
1
1
1
1
1
1
1
1
1
1
1
1
1
1
1
1
1
1
1
1
1
1
1
1
1
1
1
1
1
1
1
1
1
1
1
1
1
1
1
1
1
1
1
1
1
1
1
1
1
1
1
1
1
1
1
1
1
1
1
1
1
1
1
1
1
1
1
1
1
1
1
1
1
1
1
1
1
1
1
1
1
1
1
1
1
1
1
1
1
1
1
1
1
1
1
1
1
1
1
1
1
1
1
1
1
1
1
1
1
1
1
1
1
1
1
1
1
1
1
1
1
1
1
1
1
1
1
1
1
1
1
1
1
1
1
1
1
1
1
1
1
1
1
1
1
1
1
1
1
1
1
1
1
1
1
1
1
1
1
1
1
1
1
1
1
1
1
1
1
1
1
1
1
1
1
1
1
1
1
1
1
1
1
1
1
1
1
1
1
1
1
1
1
1
1
1
0.999999
0.999996
0.999995
1
1.00002
1.00003
1.00003
0.999979
0.999862
0.999736
0.999753
1.00012
1.0009
1.0018
1.00199
1.00033
0.99613
0.990261
0.985956
0.988439
1.00274
1.03011
1.06451
1.09154
1.09124
1.04476
0.942221
0.788215
0.601878
0.411086
0.243256
0.116883
0.0373735
-0.00168782
-0.0133598
-0.0113012
-0.0055373
-0.00114414
0.000722277
0.000866455
0.000416739
4.61898e-05
-8.2908e-05
-6.44245e-05
-1.69022e-05
6.98272e-06
8.15109e-06
2.51738e-06
-7.63232e-07
-9.80192e-07
-2.60732e-07
1.21068e-07
1.10996e-07
1.50165e-08
-1.99526e-08
-1.03423e-08
1.08202e-09
2.62469e-09
5.2199e-10
-4.27281e-10
-2.19507e-10
3.91704e-11
5.44892e-11
2.71068e-12
-1.06945e-11
-2.31471e-12
1.8082e-12
6.99931e-13
-2.75472e-13
-1.64359e-13
3.93875e-14
3.42392e-14
-5.62301e-15
-6.66449e-15
8.84205e-16
1.24065e-15
-1.67083e-16
-2.22214e-16
3.7222e-17
3.79444e-17
-8.84358e-18
-6.01219e-18
2.0567e-18
8.33192e-19
-4.45461e-19
-8.57416e-20
8.68088e-20
1.28604e-21
-1.45945e-20
2.33928e-21
1.94372e-21
-7.6519e-22
-1.51e-22
1.5557e-22
-1.25206e-23
-2.13542e-23
7.43775e-24
1.30891e-24
-1.50786e-24
2.38336e-25
1.56389e-25
-8.46352e-26
4.00126e-27
1.12017e-26
-4.4434e-27
-6.03571e-29
6.66435e-28
-2.41373e-28
-2.28847e-30
3.51907e-29
-1.39477e-29
8.63772e-31
1.57376e-30
-8.04077e-31
1.41511e-31
4.53799e-32
-4.02246e-32
1.29311e-32
-8.63048e-34
-1.29324e-33
7.62139e-34
-2.19416e-34
1.46891e-35
2.06403e-35
-1.29832e-35
4.45565e-36
-8.24907e-37
-9.70835e-38
1.59044e-37
-8.03527e-38
2.77005e-38
-6.68595e-39
6.69066e-40
4.01128e-40
-3.30965e-40
1.60955e-40
-6.35241e-41
2.20868e-41
-7.0073e-42
2.06744e-42
-5.73958e-43
1.5113e-43
-3.7961e-44
9.1356e-45
-2.11372e-45
4.71181e-46
-1.01486e-46
2.38817e-47
-8.69688e-52
-1.52436e-47
-7.19291e-47
1.20213e-48
6.50905e-46
1.31108e-45
-3.13504e-45
-1.79941e-44
-9.17256e-45
1.38327e-43
3.62893e-43
-4.46e-43
-4.01867e-42
-4.49078e-42
2.45988e-41
8.84033e-41
-2.13222e-41
-7.73182e-40
-1.43138e-39
3.30508e-39
1.84342e-38
1.20165e-38
-1.21384e-37
-3.49012e-37
2.18208e-37
3.17041e-36
4.98964e-36
-1.3744e-35
-6.69087e-35
-3.79222e-35
4.19955e-34
1.17218e-33
-6.00642e-34
-9.83783e-33
-1.66147e-32
3.52377e-32
1.9377e-31
1.65666e-31
-1.00385e-30
-3.30799e-30
-1.88108e-31
2.22278e-29
4.92169e-29
-4.3242e-29
-4.21862e-28
-6.27791e-28
1.40462e-27
7.13256e-27
6.46326e-27
-3.14863e-26
-1.09609e-25
-4.18174e-26
5.90303e-25
1.5507e-24
-2.04658e-25
-9.83514e-24
-2.04008e-23
1.35124e-23
1.4987e-22
2.52077e-22
-3.08323e-22
-2.12432e-21
-2.96103e-21
5.34735e-21
2.83285e-20
3.36002e-20
