0
0
0
0
0
0
0
0
0
0
0
0
0
0
0
0
0
0
0
0
0
0
0
0
0
0
0
0
0
0
0
0
0
0
0
0
0
0
0
0
0
0
0
0
0
0
0
0
0
0
0
0
0
0
0
0
0
0
0
0
0
0
0
0
0
0
0
0
0
0
0
0
0
0
0
0
0
0
0
0
0
0
0
0
0
0
0
0
0
0
0
0
0
0
0
0
0
0
0
0
0
0
0
0
0
0
0
-2.4879e-35
2.81962e-33
-1.30627e-31
2.87641e-30
-1.60389e-29
-6.29174e-28
1.32144e-26
-1.55782e-26
-2.29983e-24
2.03425e-23
1.90676e-22
-3.53312e-21
-5.15939e-21
3.65738e-19
-6.59116e-19
-2.74605e-17
1.01951e-16
1.63701e-15
-7.95575e-15
-8.22018e-14
4.33716e-13
3.61341e-12
-1.76877e-11
-1.40796e-10
5.36701e-10
4.78047e-09
-1.10848e-08
-1.35654e-07
9.64757e-08
3.02302e-06
2.68103e-06
-4.79152e-05
-0.000125631
0.000424467
0.00237107
0.000439077
-0.0209288
-0.0515803
0.0150592
0.319533
0.77235
1.04203
1.03113
0.987189
1.00243
0.999703
1.00003
0.999998
1
1
1
1
1
1
1
1
1
1
1
1
1
1
1
1
1
1
1
1
1
1
1
1
1
1
1
1
1
1
1
1
1
1
1
1
1
1
1
1
1
1
1
1
1
1
1
1
1
1
1
1
1
1
1
1
1
1
1
1
1
1
1
1
1
1
1
1
1
1
1
1
1
1
1
1
1
1
1
1
1
1
1
1
1
1
1
1
1
1
1
1
1
1
1
1
1
1
1
1
1
1
1
1
1
1
1
1
1
1
1
1
1
1
1
1
1
1
1
1
1
1
1
1
1
1
1
1
1
1
1
1
1
1
1
1
1
1
1
1
1
1
1
1
1
1
1
1
1
1
1
1
1
1
1
1
1
1
1
1
1
1
1
1
1
1
1
1
1
1
1
1
1
1
1
1
1
1
1
1
1
1
1
1
1
1
1
1
1
1
1
1
1
1
1
1
1
1
1
1
1
1
1
1
1
1
1
1
1
1
1
1
1
1
1
1
1
1
1
1
1
1
1
1
1
1
1
1
1
1
1
1
1
1
1
1
1
0.999997
0.999997
1.00005
1.00013
0.999576
0.997629
0.999561
1.02093
1.05158
0.984941
0.680467
0.22765
-0.0420327
-0.0311255
0.012811
-0.00242531
0.000297321
-2.6432e-05
1.80287e-06
-9.75147e-08
4.27047e-09
-1.53449e-10
4.56122e-12
-1.12626e-13
2.31186e-15
-3.93498e-17
5.51988e-19
-6.31585e-21
5.80126e-23
-4.1758e-25
2.26944e-27
-8.75829e-30
2.13959e-32
-2.4879e-35
0
0
0
0
0
0
0
0
0
0
0
0
0
0
0
0
0
0
0
0
0
0
0
0
0
0
0
0
0
0
0
0
0
0
0
0
0
0
0
0
0
0
0
0
0
0
0
0
0
0
0
0
0
0
0
0
0
0
0
0
0
0
0
0
0
0
0
0
0
0
0
0
0
0
0
0
0
0
0
0
0
0
0
0
0
0
