1
1
1
0.999991
0.999978
1.00002
1.00022
1.00032
0.999256
0.996327
0.995684
1.00888
1.04163
1.06297
0.994994
0.771627
0.432381
0.125554
-0.0243775
-0.0327536
-0.00264242
0.00531294
0.000258112
-0.000833419
0.00016159
5.84521e-05
-4.48783e-05
1.52656e-05
-3.61116e-06
6.67125e-07
-1.01529e-07
1.31298e-08
-1.47256e-09
1.4532e-10
-1.27566e-11
1.0045e-12
-7.14311e-14
4.61211e-15
-2.71598e-16
1.46413e-17
-7.24493e-19
3.30233e-20
-9.02556e-21
-6.09028e-21
1.95241e-19
3.43462e-19
-4.40036e-18
-1.28505e-17
8.42585e-17
3.80454e-16
-1.26758e-15
-9.28103e-15
1.14276e-14
1.8697e-13
7.76566e-14
-3.03353e-12
-6.08448e-12
3.68324e-11
1.519e-10
-2.54801e-10
-2.4913e-09
-1.2883e-09
2.78639e-08
6.8049e-08
-1.7222e-07
-1.04764e-06
-4.39911e-07
8.76213e-06
2.2269e-05
-2.37342e-05
-0.000221664
-0.000321875
0.00074355
0.00367277
0.00431598
-0.00888259
-0.0416327
-0.0629717
0.00500595
0.228373
0.567619
0.874446
1.02438
1.03275
1.00264
0.994687
0.999742
1.00083
0.999838
0.999942
1.00004
0.999985
1
0.999999
1
1
1
1
1
1
1
1
1
1
1
1
1
1
1
1
1
1
1
1
1
1
1
1
1
1
1
1
1
1
1
1
1
1
