1
1
1
1
1
1
1
1
1
1
1
1
1
1
1
0.999999
0.999999
1
1.00001
1.00001
1.00001
0.999981
0.999936
0.999911
0.99999
1.00024
1.00058
1.00069
1.00001
0.998175
0.995617
0.994191
0.997026
1.00709
1.02451
1.04375
1.05244
1.03341
0.970279
0.854614
0.691449
0.5
0.308551
0.145386
0.0297213
-0.0334116
-0.0524417
-0.0437542
-0.0245078
-0.0070874
0.00297364
0.00580862
0.00438301
0.0018252
-1.106e-05
-0.000685149
-0.000579786
-0.000237277
1.03225e-05
8.89219e-05
6.43764e-05
1.86514e-05
-7.22496e-06
-1.09739e-05
-5.28046e-06
-1.81719e-07
1.46269e-06
9.8006e-07
1.81649e-07
-1.69675e-07
-1.5028e-07
-3.90661e-08
1.90099e-08
2.07342e-08
5.9585e-09
-2.299e-09
-2.6723e-09
-7.28627e-10
3.14427e-10
3.23567e-10
7.06069e-11
-4.56153e-11
-3.60491e-11
-4.53202e-12
6.35161e-12
3.52787e-12
-4.68059e-14
-7.87275e-13
-2.7676e-13
6.91954e-14
8.18781e-14
1.31044e-14
-1.24637e-14
-6.58551e-15
4.59404e-16
1.4322e-15
3.25374e-16
-1.83332e-16
-1.11581e-16
4.84625e-18
2.18706e-17
4.53797e-18
-2.87239e-18
-1.51516e-18
2.0512e-19
5.87631e-19
2.0512e-19
-1.51516e-18
-2.87239e-18
4.53797e-18
2.18706e-17
4.84625e-18
-1.11581e-16
-1.83332e-16
3.25374e-16
1.4322e-15
4.59404e-16
-6.58551e-15
-1.24637e-14
1.31044e-14
8.18781e-14
6.91954e-14
-2.7676e-13
-7.87275e-13
-4.68059e-14
3.52787e-12
6.35161e-12
-4.53202e-12
-3.60491e-11
-4.56153e-11
7.06069e-11
3.23567e-10
3.14427e-10
-7.28627e-10
-2.6723e-09
-2.299e-09
5.9585e-09
2.07342e-08
1.90099e-08
-3.90661e-08
-1.5028e-07
-1.69675e-07
1.81649e-07
9.8006e-07
1.46269e-06
-1.81719e-07
-5.28046e-06
-1.09739e-05
-7.22496e-06
1.86514e-05
6.43764e-05
8.89219e-05
1.03225e-05
-0.000237277
-0.000579786
-0.000685149
-1.106e-05
0.0018252
0.00438301
0.00580862
0.00297364
-0.0070874
-0.0245078
-0.0437542
-0.0524417
-0.0334116
0.0297213
0.145386
0.308551
0.5
0.691449
0.854614
0.970279
1.03341
1.05244
1.04375
1.02451
1.00709
0.997026
0.994191
0.995617
0.998175
1.00001
1.00069
1.00058
1.00024
0.99999
0.999911
0.999936
0.999981
1.00001
1.00001
1.00001
1
0.999999
0.999999
1
1
1
1
1
1
1
1
1
1
1
1
1
1
1
1
1
1
1
1
1
1
1
1
1
1
1
1
1
1
1
1
1
1
1
1
1
1
1
1
1
1
1
1
1
1
1
1
1
1
1
1
1
1
1
1
1
1
1
1
