1
1
1
1
1
1
1
1
1
1
1
1
1
1
1
1
1
1
1
1
1
1
1
1
1
1
1
1
1
1
1
1
1
1
1
1
1
1
1
1
1
1
1
1
1
1
1
1
1
1
1
1
1
1
1
1
1
1
1
1
1
0.999998
0.999997
0.999999
1.00001
1.00002
1.00002
0.999976
0.999889
0.99982
0.999921
1.00035
1.00102
1.00139
1.00046
0.9974
0.992752
0.989543
0.993048
1.00826
1.03536
1.06544
1.07973
1.05451
0.970871
0.82484
0.632139
0.424168
0.236576
0.0961087
0.0123339
-0.022286
-0.0253504
-0.0152901
-0.00478705
0.000984422
0.00227389
0.00140357
0.000325773
-0.000186944
-0.000215139
-8.19899e-05
1.00033e-05
2.76362e-05
1.23436e-05
-7.37601e-07
-3.47618e-06
-1.4428e-06
2.03175e-07
4.29821e-07
1.24399e-07
-5.17706e-08
-4.66821e-08
-4.28016e-09
8.83994e-09
3.56834e-09
-8.66901e-10
-9.70324e-10
-6.02352e-11
1.81886e-10
5.02831e-11
-2.5785e-11
-1.42654e-11
2.5781e-12
3.04218e-12
-7.55821e-14
-5.60599e-13
-4.33798e-14
9.50194e-14
1.4468e-14
-1.54234e-14
-3.14482e-15
2.4688e-15
5.63383e-16
-3.96816e-16
-8.74013e-17
6.42865e-17
1.1575e-17
-1.03801e-17
-1.1775e-18
1.63213e-18
4.51427e-20
-2.41969e-19
1.80417e-20
3.24575e-20
-6.27719e-21
-4.06519e-21
-1.04544e-21
-7.16665e-22
1.47518e-20
3.24029e-20
-4.26957e-20
-2.861e-19
-2.30252e-19
1.4069e-18
3.96681e-18
-1.52451e-18
-2.69669e-17
-4.03314e-17
8.5391e-17
3.94997e-16
2.48469e-16
-1.77695e-15
-4.77344e-15
6.76289e-16
2.73002e-14
4.9361e-14
-4.7913e-14
-3.51314e-13
-4.49286e-13
8.80582e-13
3.99906e-12
3.74524e-12
-1.16889e-11
-4.16015e-11
-3.07285e-11
1.27718e-10
4.03638e-10
2.74062e-10
-1.18868e-09
-3.68121e-09
-2.78087e-09
9.34129e-09
3.13083e-08
2.99565e-08
-5.81921e-08
-2.41731e-07
-3.07165e-07
2.23415e-07
1.60844e-06
2.75894e-06
5.07813e-07
-8.30462e-06
-2.02914e-05
-1.8391e-05
2.35568e-05
0.000111027
0.000180321
7.93175e-05
-0.000345178
-0.0010198
-0.00139338
-0.000463218
0.00259987
0.00724824
0.0104575
0.00695152
-0.00825817
-0.035356
-0.065438
-0.0797262
-0.0545067
0.0291292
0.17516
0.367861
0.575832
0.763424
0.903891
0.987666
1.02229
1.02535
1.01529
1.00479
0.999016
0.997726
0.998596
0.999674
1.00019
1.00022
1.00008
0.99999
0.999972
0.999988
1
1
1
1
1
1
1
1
1
1
1
1
1
1
1
1
1
1
1
1
1
1
1
