0
0
0
0
0
0
0
0
0
0
0
0
0
0
0
0
0
0
0
0
0
0
0
0
0
0
0
0
0
0
0
0
0
0
0
0
0
0
0
0
0
0
0
0
0
0
0
0
0
0
0
0
0
0
0
0
0
0
0
0
0
0
0
0
0
0
0
0
0
0
0
0
0
0
0
0
0
-9.14763e-85
2.53084e-82
-3.24062e-80
2.5212e-78
-1.30829e-76
4.61974e-75
-1.04308e-73
1.00634e-72
2.14292e-71
-9.9226e-70
1.43327e-68
5.49959e-68
-5.51227e-66
7.39179e-65
3.679e-64
-2.29552e-62
1.97155e-61
2.62605e-60
-6.56485e-59
1.36042e-58
1.01525e-56
-1.03473e-55
-7.8936e-55
2.03835e-53
-2.09901e-53
-2.52446e-51
1.63003e-50
2.13924e-49
-2.8147e-48
-1.06096e-47
3.27637e-46
-1.79502e-46
-2.96873e-44
1.08807e-43
2.1986e-42
-1.4624e-41
-1.35299e-40
1.38674e-39
6.87483e-39
-1.07453e-37
-2.76322e-37
7.1884e-36
7.42217e-36
-4.27457e-34
8.96081e-36
2.30171e-32
-1.69229e-32
-1.13682e-30
1.33351e-30
5.1961e-29
-7.0825e-29
-2.20976e-27
2.92572e-27
8.76017e-26
-9.43221e-26
-3.2319e-24
2.09246e-24
1.10391e-22
-7.04742e-24
-3.46079e-21
-2.26368e-21
9.83339e-20
1.48187e-19
-2.48685e-18
-6.30967e-18
5.44195e-17
2.11203e-16
-9.77788e-16
-5.82547e-15
1.25972e-14
1.33466e-13
-4.73034e-14
-2.5017e-12
-3.061e-12
3.66295e-11
1.09114e-10
-3.66387e-10
-2.20828e-09
1.02003e-09
3.04616e-08
4.51063e-08
-2.66117e-07
-1.02056e-06
6.86673e-07
1.13256e-05
1.75369e-05
-5.90006e-05
-0.000267964
-0.000158032
0.00147714
0.00438164
0.00165992
-0.0191781
-0.0540278
-0.0497101
0.0829136
0.377325
0.731167
0.974888
1.04165
1.01456
0.994442
0.997858
1.00114
1.00001
0.999846
1.00007
0.999982
1
0.999999
1
1
1
1
1
1
1
1
1
1
1
1
1
1
1
1
1
1
1
1
1
1
1
1
1
1
1
1
1
1
1
1
1
1
1
1
1
1
1
1
1
1
1
1
1
1
1
1
1
1
1
1
1
1
1
1
1
1
1
1
1
1
1
1
1
1
1
1
1
1
1
1
1
1
1
1
1
1
1
1
1
1
1
1
1
1
1
1
1
1
1
1
1
1
1
1
1
1
1
1
1
1
1
1
1
1
1
1
1
1
1
1
1
1
1
1
1
1
1
1
1
1
1
1
1
1
1
1
1
1
1
1
1
1
1
1
1
1
1
1
1
1
1
1
1
1
1
1
1
1
1
1
1
1
1
1
1
1
1
1
1
1
1
1
1
1
1
1
1
1
1
1
1
1
1
1
1
1
1
1
1
1
1
1
1
1
1
1
1
1
1
1
1
1
1
1
1
1
1
1
1
1
1
1
1
1
1
1
1
1
1
1
1
1
1
1
1
1
1
1
1
1
1
1
1
1
1
1
1
0.999999
0.999989
0.999982
1.00006
1.00027
1.00016
0.998523
0.995618
0.99834
1.01918
1.05403
1.04971
0.917086
0.622675
0.268833
0.025112
-0.0416479
-0.0145638
0.00555772
0.00214207
-0.00113889
-9.6129e-06
0.000153638
-6.76051e-05
1.80433e-05
-3.57304e-06
5.66646e-07
-7.49477e-08
8.48013e-09
-8.35279e-10
7.25431e-11
-5.60954e-12
3.89179e-13
-2.4374e-14
1.38493e-15
-7.16865e-17
3.39178e-18
-1.47103e-19
5.86174e-21
-2.15015e-22
7.27139e-24
-2.26985e-25
6.54643e-27
-1.74549e-28
4.3043e-30
-9.81778e-32
2.07109e-33
-4.03925e-35
7.2786e-37
-1.21076e-38
1.85705e-40
-2.62244e-42
3.40347e-44
-4.05061e-46
4.40931e-48
-4.37645e-50
3.94612e-52
-3.21816e-54
2.3613e-56
-1.54903e-58
9.01553e-61
-4.61147e-63
2.04856e-65
-7.78418e-68
2.47968e-70
-6.44133e-73
1.31046e-75
-1.95842e-78
1.91185e-81
-9.14763e-85
0
0
0
0
0
0
0
0
0
0
0
0
0
0
0
0
0
0
0
0
0
0
0
0
0
0
