1.20096e-25
-1.79569e-28
0
0
0
0
0
0
0
0
0
0
0
0
0
-1.79569e-28
1.65037e-26
-5.92627e-25
8.81867e-24
2.1007e-23
-2.45714e-21
2.23038e-20
2.14242e-19
-4.52575e-18
-1.18448e-18
4.70616e-16
-1.48794e-15
-3.33023e-14
1.71585e-13
1.81583e-12
-1.13656e-11
-8.28532e-11
5.24157e-10
3.3144e-09
-1.74134e-08
-1.15658e-07
3.95364e-07
3.33626e-06
-4.68242e-06
-7.2935e-05
-3.49541e-05
0.00105457
0.00247229
-0.0069902
-0.0391494
-0.0337525
0.175963
0.6287
1.00564
1.04913
0.98602
1.00205
0.999803
1.00001
0.999999
1
1
1
1
1
1
1
1
1
1
1
1
1
1
1
1
1
1
1
1
1
1
1
1
1
1
1
1
1
1
1
1
1
1
1
1
1
1
1
1
1
1
1
1
1
1
0.999997
1
1.00007
1.00003
0.998945
0.997528
1.00699
1.03915
1.03375
0.824037
0.3713
-0.00563626
-0.0491268
0.0139798
-0.00204602
0.000196729
-1.36483e-05
7.1685e-07
-2.92977e-08
9.46444e-10
-2.43522e-11
4.99682e-13
-8.13654e-15
1.03912e-16
-1.01937e-18
7.42014e-21
-3.7774e-23
