1
1
1
1
1
1
1
0.999994
0.999977
0.999998
1.00016
1.00038
0.999803
0.997289
0.994795
1.00157
1.02804
1.06104
1.04125
0.890757
0.596578
0.261663
0.0319568
-0.038502
-0.0184658
0.00338867
0.0033948
-0.000655499
-0.000429525
0.000191031
-6.11052e-07
-2.46194e-05
1.15881e-05
-3.34288e-06
7.24638e-07
-1.27247e-07
1.88273e-08
-2.40523e-09
2.69793e-10
-2.68985e-11
2.4061e-12
-1.94535e-13
1.43009e-14
-9.60588e-16
5.91959e-17
-3.35884e-18
1.57732e-19
-8.82739e-21
4.29091e-19
4.91443e-19
-8.84829e-18
-2.13977e-17
1.53168e-16
6.27221e-16
-2.02801e-15
-1.43681e-14
1.41337e-14
2.63976e-13
1.89375e-13
-3.79445e-12
-9.16935e-12
3.84836e-11
1.93032e-10
-1.56644e-10
-2.70156e-09
-3.19832e-09
2.46218e-08
8.27004e-08
-8.92557e-08
-9.89397e-07
-1.2097e-06
6.14121e-06
2.30719e-05
1.98184e-06
-0.000164546
-0.000379704
0.000196548
0.00271143
0.00520463
-0.001567
-0.0280417
-0.0610403
-0.0412547
0.109243
0.403422
0.738337
0.968043
1.0385
1.01847
0.996611
0.996605
1.00066
1.00043
0.999809
1
1.00002
0.999988
1
0.999999
1
1
1
1
1
1
1
1
1
1
1
1
1
1
1
1
1
1
1
1
1
1
1
1
1
1
1
1
1
