2.02068e-06
4.11576e-06
3.22121e-06
-4.89382e-06
-2.05085e-05
-3.2694e-05
-1.69006e-05
5.17524e-05
0.000164552
0.000240059
0.000122093
-0.000334494
-0.00108025
-0.00167612
-0.00127778
0.000996019
0.00527621
0.0100455
0.01178
0.00583172
-0.0112054
-0.0382996
-0.0674957
-0.0839211
-0.0692551
-0.00796768
0.10606
0.265601
0.450979
0.635789
0.795097
0.912676
0.984414
1.01702
1.02338
1.01696
1.00788
1.00134
0.998488
0.998234
0.999017
0.999775
1.00014
1.00017
1.00009
1.00001
0.999981
0.999984
0.999995
1
1
1
1
1
1
1
1
1
1
1
1
1
1
1
1
1
1
1
1
1
1
1
1
1
1
1
1
1
1
1
1
1
1
1
1
1
1
1
1
1
1
1
1
1
1
1
1
1
1
1
1
1
1
1
1
1
1
1
1
1
1
1
1
1
1
1
1
1
1
1
1
1
1
1
1
1
1
1
0.999998
0.999996
0.999997
1
1.00002
1.00003
1.00002
0.999948
0.999835
0.99976
0.999878
1.00033
1.00108
1.00168
1.00128
0.999004
0.994724
0.989954
0.98822
0.994168
1.01121
1.0383
1.0675
1.08392
1.06926
1.00797
0.89394
0.734399
0.549021
0.364211
0.204903
0.0873235
0.0155855
-0.0170249
-0.0233754
-0.0169639
-0.00787926
-0.00134137
0.00151238
0.00176628
0.00098293
0.000225197
-0.000136344
-0.000174487
-8.6793e-05
-9.21604e-06
1.94551e-05
1.57364e-05
4.60534e-06
-1.57057e-06
-2.24177e-06
-8.87612e-07
1.02121e-07
2.9349e-07
1.29584e-07
-9.43032e-09
-3.79019e-08
-1.587e-08
2.07057e-09
4.83619e-09
1.59291e-09
-4.94226e-10
-5.76426e-10
-1.08123e-10
9.27866e-11
5.80296e-11
-8.78517e-13
-1.3224e-11
-4.01594e-12
1.65367e-12
1.34734e-12
2.45143e-14
-2.76918e-13
-7.55583e-14
3.86698e-14
2.42832e-14
-2.47719e-15
-5.34854e-15
-5.57794e-16
9.39874e-16
2.70397e-16
-1.35539e-16
-7.16332e-17
1.52311e-17
1.52615e-17
-8.13298e-19
-2.65745e-18
-4.78565e-19
-1.31952e-18
-1.6716e-18
5.66548e-18
2.00712e-17
1.17728e-17
-7.45298e-17
-2.07014e-16
-6.25244e-17
8.51662e-16
2.02877e-15
2.1519e-16
-8.83123e-15
-1.91849e-14
-2.59568e-16
8.41759e-14
1.76647e-13
6.59497e-15
-7.38983e-13
-1.58504e-12
-2.77696e-13
5.92379e-12
1.37386e-11
5.60502e-12
-4.23562e-11
-1.12965e-10
-8.02969e-11
2.56276e-10
8.57869e-10
9.17751e-10
-1.13289e-09
-5.79146e-09
-8.69179e-09
1.16558e-09
3.26301e-08
6.83176e-08
4.2174e-08
-1.32139e-07
-4.32619e-07
-5.44572e-07
1.44895e-07
