1
1
1
1
1
1
1
1
1
1
1
1
1
1
1
1
1
1
1
1
1
1
1
1
1
1
1
1
1
1
1
1
1
1
1
1
1
1
1
1
1
1
1
1
1
1
1
1
1
1
1
1
1
0.999999
0.999998
1
1.00001
1.00001
1.00001
0.999991
0.999951
0.999911
0.999928
1.00007
1.00036
1.00066
1.00065
0.99989
0.998116
0.995728
0.994168
0.995847
1.00327
1.01738
1.03551
1.05012
1.04917
1.01876
0.947574
0.831563
0.676964
0.5
0.323036
0.168437
0.0524259
-0.0187649
-0.0491741
-0.0501233
-0.0355099
-0.0173787
-0.00327466
0.00415349
0.00583199
0.00427189
0.00188443
0.000110111
-0.000653323
-0.000661587
-0.000357884
-7.08818e-05
7.18722e-05
8.86139e-05
4.91114e-05
9.08813e-06
-9.93883e-06
-1.11037e-05
-5.28709e-06
-3.06063e-07
1.53075e-06
1.22971e-06
3.9369e-07
-1.13614e-07
-2.03131e-07
-1.03265e-07
-6.75814e-09
2.68565e-08
1.93214e-08
4.27576e-09
-2.98667e-09
-3.04944e-09
-9.69982e-10
2.89736e-10
4.36208e-10
1.66432e-10
-2.63477e-11
-5.89928e-11
-2.44487e-11
2.69564e-12
7.72853e-12
3.20013e-12
-3.80687e-13
-9.88176e-13
-3.75517e-13
6.76048e-14
1.22275e-13
3.8659e-14
-1.20829e-14
-1.43341e-14
-3.25849e-15
1.95518e-15
1.54253e-15
1.73723e-16
-2.80634e-16
-1.48529e-16
1.70988e-17
6.7717e-17
1.70988e-17
-1.48529e-16
-2.80634e-16
1.73723e-16
1.54253e-15
1.95518e-15
-3.25849e-15
-1.43341e-14
-1.20829e-14
3.8659e-14
1.22275e-13
6.76048e-14
-3.75517e-13
-9.88176e-13
-3.80687e-13
3.20013e-12
7.72853e-12
2.69564e-12
-2.44487e-11
-5.89928e-11
-2.63477e-11
1.66432e-10
4.36208e-10
2.89736e-10
-9.69982e-10
-3.04944e-09
-2.98667e-09
4.27576e-09
1.93214e-08
2.68565e-08
-6.75814e-09
-1.03265e-07
-2.03131e-07
-1.13614e-07
3.9369e-07
1.22971e-06
1.53075e-06
-3.06063e-07
-5.28709e-06
-1.11037e-05
-9.93883e-06
9.08813e-06
4.91114e-05
8.86139e-05
7.18722e-05
-7.08818e-05
-0.000357884
-0.000661587
-0.000653323
0.000110111
0.00188443
0.00427189
0.00583199
0.00415349
-0.00327466
-0.0173787
-0.0355099
-0.0501233
-0.0491741
-0.0187649
0.0524259
0.168437
0.323036
0.5
0.676964
0.831563
0.947574
1.01876
1.04917
1.05012
1.03551
1.01738
1.00327
0.995847
0.994168
0.995728
0.998116
0.99989
1.00065
1.00066
1.00036
1.00007
0.999928
0.999911
0.999951
0.999991
1.00001
1.00001
1.00001
1
0.999998
0.999999
1
1
1
1
1
1
1
1
1
1
1
1
1
1
1
1
1
1
