0.999274
0.999836
1.00009
1.00009
1.00003
0.999991
0.999989
0.999997
1
1
1
1
1
1
1
1
1
1
1
1
1
1
1
1
1
1
1
1
1
1
1
1
1
1
1
1
1
1
1
1
1
1
1
1
1
1
1
1
1
1
1
1
1
1
1
1
1
1
1
1
1
1
1
1
1
1
1
1
1
1
1
1
1
1
1
1
1
1
1
1
1
1
1
1
1
1
1
1
1
1
1
1
1
1
1
1
1
1
1
1
1
1
1
1
1
1
1
1
1
1
1
1
1
1
1
1
1
1
1
1
1
1
1
1
1
1
1
1
1
1
1
1
1
1
1
1
1
1
1
1
1
1
1
1
1
1
1
1
1
1
1
1
1
1
1
1
1
1
1
1
1
1
1
1
1
1
1
1
1
1
1
1
1
1
1
1
1
1
1
1
1
1
1
1
1
1
1
1
1
1
1
1
1
1
1
1
1
1
1
1
1
1
1
1
1
1
1
1
1
1
1
1
1
1
1
1
1
1
0.999999
0.999998
0.999997
1
1.00001
1.00003
1.00003
0.999982
0.999882
0.999777
0.999819
1.0002
1.00096
1.0017
1.00149
0.999169
0.994391
0.988892
0.987121
0.995049
1.01673
1.04967
1.08166
1.09187
1.05736
0.962899
0.809341
0.615854
0.41401
0.236361
0.105133
0.0263723
-0.00842795
-0.0153721
-0.0102795
-0.00366592
0.000164155
0.0011367
0.000726155
0.000163588
-9.06552e-05
-9.46487e-05
-2.89295e-05
8.5656e-06
1.128e-05
3.14592e-06
-1.30812e-06
-1.26947e-06
-1.8508e-07
2.21713e-07
1.15408e-07
-1.31048e-08
-2.88707e-08
-4.82251e-09
4.94808e-09
2.10136e-09
-6.02404e-10
-5.36485e-10
3.62719e-11
1.11858e-10
6.20058e-12
-2.11363e-11
-2.90958e-12
3.83608e-12
7.18061e-13
-6.94233e-13
-1.38429e-13
1.27491e-13
2.17162e-14
-2.36343e-14
-2.44827e-15
4.3099e-15
3.18712e-17
-7.41029e-16
8.51469e-17
1.12649e-16
-3.13569e-17
-1.3287e-17
7.53791e-18
6.61335e-19
-1.34634e-18
1.98911e-19
1.63901e-19
-7.25354e-20
-5.91083e-21
1.27558e-20
-2.85648e-21
-1.03908e-21
7.58672e-22
-9.94965e-23
-7.66637e-23
4.19659e-23
-4.54917e-24
-4.24627e-24
2.32625e-24
-3.53377e-25
-1.75504e-25
1.24671e-25
-3.12984e-26
-2.68658e-27
5.47559e-27
-2.26133e-27
3.81245e-28
1.0668e-28
-1.04459e-28
4.08368e-29
-8.38115e-30
-6.43744e-31
1.41926e-30
-7.22986e-31
2.40105e-31
-5.15412e-32
1.31086e-33
5.48769e-33
-3.55119e-33
1.57202e-33
-5.80014e-34
1.89931e-34
-5.68472e-35
1.58146e-35
-4.13345e-36
1.02265e-36
-2.40821e-37
5.42084e-38
-1.17034e-38
2.43012e-39
-4.86434e-40
9.40477e-41
-1.75929e-41
3.18885e-42
-5.60793e-43
9.57962e-44
-1.59119e-44
2.57238e-45
-4.05094e-46
6.21906e-47
-9.31438e-48
1.36186e-48
-1.94501e-49
2.71503e-50
-3.70614e-51
4.95343e-52
-6.37129e-53
5.74127e-54
-1.71906e-53
-1.36897e-54
1.79762e-52
3.57455e-52
-1.32419e-51
-6.47678e-51
2.17205e-51
7.47667e-50
1.20035e-49
-5.72078e-49
-2.38376e-48
1.44249e-48
2.78354e-47
3.90839e-47
-2.11798e-46
-8.15139e-46
5.61329e-46
9.34406e-45
1.27604e-44
-6.78478e-44
-2.60239e-43
1.49047e-43
2.82675e-42
4.1926e-42
-1.86834e-41
-7.71942e-41
2.11332e-41
7.6366e-40
1.34287e-39
-4.30707e-39
-2.09589e-38
-3.57554e-39
1.80646e-37
3.9985e-37
-7.76261e-37
-5.08418e-36
-3.69743e-36
3.60973e-35
1.05848e-34
-8.64704e-35
-1.06521e-33
-1.48988e-33
5.67041e-33
2.39509e-32
4.11289e-33
-1.83262e-31
-4.16355e-31
5.68086e-31
4.43942e-30
4.96338e-30
-2.34929e-29
-8.72984e-29
-8.54029e-30
6.31204e-28
1.40529e-27
-1.61152e-27
-1.35952e-26
-1.75434e-26
5.87483e-26
2.49194e-25
1.27786e-25
-1.43839e-24
-3.97424e-24
1.09986e-24
2.88872e-23
5.54154e-23
-6.82377e-23
-5.06709e-22
-6.6872e-22
1.74467e-21
8.00259e-21
6.74106e-21
-3.41931e-20
-1.16006e-19
-5.08102e-20
5.74595e-19
1.56702e-18
1.44048e-19
-8.64083e-18
-1.9997e-17
3.79092e-18
1.18778e-16
2.44227e-16
-9.41268e-17
-1.50946e-15
-2.88673e-15
1.3531e-15
1.78208e-14
3.32483e-14
-1.40112e-14
-1.95296e-13
-3.73054e-13
9.22017e-14
1.97228e-12
4.04251e-12
1.12281e-13
-1.80645e-11
-4.16187e-11
-1.53261e-11
1.45538e-10
3.9793e-10
2.97647e-10
-9.67218e-10
-3.43086e-09
-3.98965e-09
4.38661e-09
2.55867e-08
4.21308e-08
9.50044e-10
-1.5336e-07
-3.57439e-07
-2.79311e-07
6.04851e-07
2.35917e-06
3.42567e-06
1.41204e-07
-1.07771e-05
-2.54664e-05
-2.56135e-05
1.8083e-05
0.000118473
0.000222943
0.000181047
-0.000199932
-0.000959105
-0.001705
-0.00149049
0.000830934
0.00560895
0.0111075
0.0128792
0.00495118
-0.0167278
-0.0496683
-0.0816571
-0.0918691
-0.0573642
0.0371007
0.190659
0.384146
0.58599
0.763639
0.894867
0.973628
1.00843
1.01537
1.01028
1.00367
0.999836
0.998863
