0
0
0
0
0
0
0
0
0
0
0
0
0
0
0
0
0
0
0
0
0
0
0
0
0
0
0
0
0
0
0
0
0
0
0
0
0
0
0
0
0
0
0
0
0
0
0
0
0
0
0
0
0
0
0
0
0
0
0
0
0
0
0
0
0
0
0
-3.04182e-101
1.00718e-98
-1.56388e-96
1.50258e-94
-9.89883e-93
4.6561e-91
-1.55898e-89
3.45109e-88
-3.35504e-87
-7.40035e-86
3.66193e-84
-6.09451e-83
-2.59642e-83
2.19233e-80
-3.9986e-79
2.56414e-79
1.06946e-76
-1.60418e-75
-4.58475e-75
4.20784e-73
-3.82135e-72
-4.42922e-71
1.16589e-69
-2.74992e-69
-1.76007e-67
1.86362e-66
1.32387e-65
-3.68492e-64
5.67673e-64
4.60998e-62
-3.40575e-61
-3.83111e-60
5.97835e-59
1.48268e-58
-7.16813e-57
1.46101e-56
6.62611e-55
-3.85017e-54
-4.83753e-53
5.00288e-52
2.67449e-51
-4.9085e-50
-8.70525e-50
4.00904e-48
-2.45081e-48
-2.84111e-46
7.1084e-46
1.78821e-44
-7.47838e-44
-1.01573e-42
5.88345e-42
5.27573e-41
-3.90406e-40
-2.5379e-39
2.28621e-38
1.14665e-37
-1.20843e-36
-4.94334e-36
5.83909e-35
2.06713e-34
-2.59786e-33
-8.49837e-33
1.06786e-31
3.45514e-31
-4.05636e-30
-1.38322e-29
1.41977e-28
5.38452e-28
-4.5489e-27
-2.00519e-26
1.31864e-25
7.02947e-25
-3.38817e-24
-2.28673e-23
7.41343e-23
6.81402e-22
-1.24958e-21
-1.83578e-20
1.00667e-20
4.40305e-19
3.03707e-19
-9.19821e-18
-1.84017e-17
1.61193e-16
5.85432e-16
-2.17901e-15
-1.3856e-14
1.65611e-14
2.58267e-13
1.54329e-13
-3.73303e-12
-8.68008e-12
3.78681e-11
1.86067e-10
-1.53187e-10
-2.60503e-09
-3.13692e-09
2.34882e-08
8.03225e-08
-8.01633e-08
-9.48542e-07
-1.22792e-06
5.72263e-06
2.24215e-05
4.11489e-06
-0.00015523
-0.000375284
0.000145312
0.00257408
0.00518311
-0.000932543
-0.0265179
-0.0601155
-0.0445083
0.0989254
0.388005
0.724518
0.961255
1.03798
1.01971
0.996975
0.996414
1.00061
1.00047
0.999807
0.999997
1.00003
0.999988
1
0.999999
1
1
1
1
1
1
1
1
1
1
1
1
1
1
1
1
1
1
1
1
1
1
1
1
1
1
1
1
1
1
1
1
1
1
1
1
1
1
1
1
1
1
1
1
1
1
1
1
1
1
1
1
1
1
1
1
1
1
1
1
1
1
1
1
1
1
1
1
1
1
1
1
1
1
1
1
1
1
1
1
1
1
1
1
1
1
1
1
1
1
1
1
1
1
1
1
1
1
1
1
1
1
1
1
1
1
1
1
1
1
1
1
1
1
1
1
1
1
1
1
1
1
1
1
1
1
1
1
1
1
1
1
1
1
1
1
1
1
1
1
1
1
1
1
1
1
1
1
1
1
1
1
1
1
1
1
1
1
1
1
1
1
1
1
1
1
1
1
1
1
1
1
1
1
1
1
1
1
1
1
1
1
1
1
1
1
1
1
1
1
1
1
1
1
1
1
1
1
1
1
1
1
1
1
1
1
1
1
1
1
1
1
1
1
1
1
1
1
1
1
1
1
1
1
1
1
1
1
0.999994
0.999978
0.999996
1.00016
1.00038
0.999855
0.997426
0.994817
1.00093
1.02652
1.06012
1.04451
0.901075
0.611995
0.275482
0.0387452
-0.0379799
-0.0197085
0.00302482
0.00358622
-0.000605337
-0.000466167
0.000193385
3.36204e-06
-2.66303e-05
1.21634e-05
-3.46331e-06
7.44899e-07
-1.30142e-07
1.91937e-08
-2.44772e-09
2.74425e-10
-2.7379e-11
2.45353e-12
-1.98949e-13
1.46844e-14
-9.91446e-16
6.14832e-17
-3.51412e-18
1.85661e-19
-9.08969e-21
4.13265e-22
-1.74802e-23
6.88922e-25
-2.5332e-26
8.6999e-28
-2.79315e-29
8.38917e-31
-2.35845e-32
6.20847e-34
-1.53073e-35
3.53512e-37
-7.64682e-39
1.54896e-40
-2.93716e-42
5.21108e-44
-8.64479e-46
1.33983e-47
-1.93808e-49
2.61339e-51
-3.28046e-53
3.82688e-55
-4.14103e-57
4.14729e-59
-3.83445e-61
3.26321e-63
-2.54742e-65
1.81694e-67
-1.17853e-69
6.91364e-72
-3.64413e-74
1.71226e-76
-7.10289e-79
2.57012e-81
-7.98802e-84
2.0897e-86
-4.47504e-89
7.5333e-92
-9.34873e-95
7.60455e-98
-3.04182e-101
0
0
0
0
0
0
