0.0115588
0.00783842
-0.00670446
-0.0323265
-0.0622688
-0.0820264
-0.0724102
-0.0160366
0.0951956
0.255164
0.443858
0.633312
0.796659
0.916331
0.987995
1.01913
1.02372
1.01615
1.00676
1.00054
0.998189
0.998298
0.999204
0.999916
1.00018
1.00016
1.00006
0.999992
0.999978
0.999988
0.999999
1
1
1
1
1
1
1
1
1
1
1
1
1
1
1
1
1
1
1
1
1
1
1
1
1
1
1
1
1
1
1
1
1
1
1
1
1
1
1
1
1
1
1
1
1
1
1
1
1
1
1
1
1
1
1
1
1
1
1
1
1
1
1
1
1
1
1
1
1
1
1
1
1
1
1
1
1
1
1
0.999999
0.999997
0.999996
0.999999
1.00001
1.00003
1.00003
0.999988
0.999895
0.999792
0.999808
1.00011
1.00075
1.00146
1.00151
0.999927
0.996223
0.991365
0.988441
0.992162
1.0067
1.03233
1.06227
1.08203
1.07241
1.01604
0.904804
0.744836
0.556142
0.366688
0.203341
0.083669
0.0120051
-0.0191251
-0.0237238
-0.0161509
-0.00676383
-0.0005414
0.00181056
0.00170209
0.000796128
8.40361e-05
-0.000184215
-0.000160377
-5.79992e-05
7.69903e-06
2.18649e-05
1.17144e-05
1.07217e-06
-2.59069e-06
-1.77258e-06
-2.87117e-07
3.12854e-07
2.34877e-07
3.64264e-08
-4.16536e-08
-2.81341e-08
-2.25261e-09
5.81758e-09
2.90949e-09
-2.22466e-10
-7.56281e-10
-2.22035e-10
9.35807e-11
8.02989e-11
4.83974e-12
-1.59431e-11
-5.62275e-12
1.83072e-12
1.65107e-12
3.01301e-14
-3.29622e-13
-7.89636e-14
4.91848e-14
2.51886e-14
-4.94114e-15
-5.69513e-15
2.90132e-17
1.07559e-15
1.41739e-16
-1.80097e-16
-4.63801e-17
2.76247e-17
1.08107e-17
-3.99365e-18
-2.17575e-18
6.10759e-19
5.46165e-19
-1.0357e-19
-9.23974e-19
-1.50044e-18
1.62261e-18
1.10902e-17
1.33625e-17
-3.07006e-17
-1.28657e-16
-1.01456e-16
4.36368e-16
1.37304e-15
6.48815e-16
-5.26911e-15
-1.37781e-14
-3.45511e-15
5.66124e-14
1.32248e-13
1.78912e-14
-5.51859e-13
-1.22787e-12
-1.71058e-13
4.90349e-12
1.10542e-11
2.90553e-12
-3.93723e-11
-9.56918e-11
-4.67455e-11
2.78125e-10
7.81246e-10
6.18751e-10
-1.61997e-09
-5.83667e-09
-6.77614e-09
6.33563e-09
3.81395e-08
6.1766e-08
4.37271e-09
-2.0107e-07
-4.61993e-07
-3.66316e-07
6.82291e-07
2.70249e-06
3.93687e-06
5.32843e-07
-1.07493e-05
-2.59775e-05
-2.76003e-05
1.17654e-05
0.000104788
0.000207562
0.000192322
-0.000109467
-0.00075391
-0.00146401
-0.00150921
7.33152e-05
0.0037769
0.00863467
