0.999971
1.00021
1.00057
1.00066
0.999816
0.997662
0.99501
0.994576
1.00037
1.01506
1.03592
1.05162
1.04285
0.988339
0.874563
0.704496
0.5
0.295504
0.125437
0.0116614
-0.0428501
-0.0516174
-0.0359203
-0.0150626
-0.000371424
0.00542364
0.00499048
0.00233839
0.000184174
-0.000655867
-0.000569505
-0.000211312
2.91892e-05
8.62341e-05
4.92323e-05
6.3856e-06
-1.03243e-05
-8.10632e-06
-1.88913e-06
1.14132e-06
1.13409e-06
3.03724e-07
-1.35686e-07
-1.44142e-07
-3.56869e-08
1.84448e-08
1.67915e-08
2.96463e-09
-2.61856e-09
-1.72889e-09
-9.43398e-11
3.41319e-10
1.44328e-10
-2.12675e-11
-3.70715e-11
-7.74349e-12
4.99429e-12
3.03263e-12
-8.72045e-14
-6.02494e-13
-1.45159e-13
7.38927e-14
4.46173e-14
-2.66998e-15
-8.46378e-15
-1.36906e-15
1.16258e-15
4.59648e-16
-1.0624e-16
-9.40191e-17
1.11377e-18
1.50738e-17
2.12362e-18
-2.0129e-18
-5.94886e-19
2.24902e-19
1.14491e-19
-1.99107e-20
-1.87897e-20
1.10538e-21
5.30987e-21
1.10538e-21
-1.87897e-20
-1.99107e-20
1.14491e-19
2.24902e-19
-5.94886e-19
-2.0129e-18
2.12362e-18
1.50738e-17
1.11377e-18
-9.40191e-17
-1.0624e-16
4.59648e-16
1.16258e-15
-1.36906e-15
-8.46378e-15
-2.66998e-15
4.46173e-14
7.38927e-14
-1.45159e-13
-6.02494e-13
-8.72045e-14
3.03263e-12
4.99429e-12
-7.74349e-12
-3.70715e-11
-2.12675e-11
1.44328e-10
3.41319e-10
-9.43398e-11
-1.72889e-09
-2.61856e-09
2.96463e-09
1.67915e-08
1.84448e-08
-3.56869e-08
-1.44142e-07
-1.35686e-07
3.03724e-07
1.13409e-06
1.14132e-06
-1.88913e-06
-8.10632e-06
-1.03243e-05
6.3856e-06
4.92323e-05
8.62341e-05
2.91892e-05
-0.000211312
-0.000569505
-0.000655867
0.000184174
0.00233839
0.00499048
0.00542364
-0.000371424
-0.0150626
-0.0359203
-0.0516174
-0.0428501
0.0116614
0.125437
0.295504
0.5
0.704496
0.874563
0.988339
1.04285
1.05162
1.03592
1.01506
1.00037
0.994576
0.99501
0.997662
0.999816
1.00066
1.00057
1.00021
0.999971
0.999914
0.999951
0.999994
1.00001
1.00001
1
0.999999
0.999999
1
1
1
1
1
1
1
1
1
1
1
1
1
1
1
1
1
1
1
1
1
1
1
1
1
1
1
1
1
1
1
1
1
1
1
1
1
1
1
1
1
1
1
1
1
1
1
1
1
1
1
1
1
1
1
1
1
1
1
1
1
1
1
1
1
1
1
1
1
1
1
1
1
1
1
1
1
1
1
0.999999
0.999999
1
1.00001
1.00001
0.999994
0.999951
0.999914
