1
1
1
1
1
1
1
1
1
1
1
1
1
1
1
1
1
1
1
1
1
1
1
1
1
1
1
1
1
1
1
1
1
1
1
1
0.999999
0.999998
0.999999
1
1.00001
1.00001
0.999997
0.99996
0.999916
0.999922
1.00005
1.00034
1.00065
1.00064
0.999819
0.997926
0.995471
0.994164
0.996743
1.00582
1.02177
1.04048
1.05219
1.04259
0.99675
0.904605
0.766027
0.592932
0.407068
0.233973
0.0953945
0.0032501
-0.0425904
-0.0521865
-0.0404829
-0.0217669
-0.00581627
0.00325662
0.0058358
0.00452871
0.00207435
0.000181365
-0.000641216
-0.000653856
-0.00034035
-5.40516e-05
7.76389e-05
8.35946e-05
4.04687e-05
3.21574e-06
-1.12279e-05
-9.56221e-06
-3.38565e-06
6.40949e-07
1.53039e-06
8.58074e-07
1.08445e-07
-1.89183e-07
-1.55124e-07
-4.24714e-08
1.88437e-08
2.3653e-08
8.72139e-09
-1.53947e-09
-3.28347e-09
-1.4114e-09
1.12298e-10
4.34465e-10
1.97733e-10
-1.11928e-11
-5.61155e-11
-2.46839e-11
2.14311e-12
7.08359e-12
2.73305e-12
-4.74098e-13
-8.57778e-13
-2.57813e-13
9.05352e-14
9.64257e-14
1.83004e-14
-1.44156e-14
-9.60956e-15
-4.57267e-16
1.9156e-15
7.87207e-16
-1.29689e-16
-2.09728e-16
-4.31539e-17
2.92349e-17
1.70091e-17
-3.79389e-18
-3.79389e-18
1.70091e-17
2.92349e-17
-4.31539e-17
-2.09728e-16
-1.29689e-16
7.87207e-16
1.9156e-15
-4.57267e-16
-9.60956e-15
-1.44156e-14
1.83004e-14
9.64257e-14
9.05352e-14
-2.57813e-13
-8.57778e-13
-4.74098e-13
2.73305e-12
7.08359e-12
2.14311e-12
-2.46839e-11
-5.61155e-11
-1.11928e-11
1.97733e-10
4.34465e-10
1.12298e-10
-1.4114e-09
-3.28347e-09
-1.53947e-09
8.72139e-09
2.3653e-08
1.88437e-08
-4.24714e-08
-1.55124e-07
-1.89183e-07
1.08445e-07
8.58074e-07
1.53039e-06
6.40949e-07
-3.38565e-06
-9.56221e-06
-1.12279e-05
3.21574e-06
4.04687e-05
8.35946e-05
7.76389e-05
-5.40516e-05
-0.00034035
-0.000653856
-0.000641216
0.000181365
0.00207435
0.00452871
0.0058358
0.00325662
-0.00581627
-0.0217669
-0.0404829
-0.0521865
-0.0425904
0.0032501
0.0953945
0.233973
0.407068
0.592932
0.766027
0.904605
0.99675
1.04259
1.05219
1.04048
1.02177
1.00582
0.996743
0.994164
0.995471
0.997926
0.999819
1.00064
1.00065
1.00034
1.00005
0.999922
0.999916
0.99996
0.999997
1.00001
1.00001
1
0.999999
0.999998
0.999999
1
1
1
1
1
1
1
1
1
1
1
1
1
1
1
1
1
1
1
1
1
1
1
1
1
1
1
1
1
1
1
1
1
1
1
1
