8.91203e-12
1.27324e-11
-4.3932e-11
-1.87859e-10
-8.43105e-11
1.14456e-09
3.06156e-09
-9.62211e-10
-2.196e-08
-4.23537e-08
4.02286e-08
3.40282e-07
5.31104e-07
-6.93237e-07
-4.41642e-06
-6.4381e-06
7.39791e-06
4.80002e-05
7.61861e-05
-3.80839e-05
-0.000415114
-0.000811858
-0.000268021
0.00242369
0.00668732
0.00758267
-0.00363804
-0.0320142
-0.066339
-0.0724554
-0.00509394
0.162193
0.409764
0.673677
0.881424
0.995011
1.02649
1.01694
1.00259
0.997342
0.99843
1.00006
1.00034
1.00005
0.999944
0.999985
1.00001
1
0.999998
1
1
1
1
1
1
1
1
1
1
1
1
1
1
1
1
1
1
1
1
1
1
1
1
1
1
1
0.999999
1
1
1.00001
0.999993
0.999952
0.999924
1.00004
1.00042
1.00081
1.00027
0.997576
0.993313
0.992417
1.00364
1.03201
1.06634
1.07246
1.00509
0.837807
0.590236
0.326323
0.118576
0.00498903
-0.0264922
-0.0169448
-0.00258917
0.00265828
0.00156996
-6.30926e-05
-0.000335434
-5.42524e-05
5.62782e-05
1.53124e-05
-9.48134e-06
-2.65352e-06
1.74856e-06
2.79475e-07
-3.20973e-07
1.20738e-08
4.68885e-08
-1.36512e-08
-2.94114e-09
2.91466e-09
-6.35225e-10
-1.49945e-10
1.49043e-10
-4.84992e-11
4.62036e-12
3.37742e-12
-3.52472e-12
1.92565e-12
