0.999734
0.997339
0.995631
1.00542
1.03598
1.06111
0.998265
0.768225
0.410985
0.0972539
-0.0366939
-0.0271902
0.00307049
0.004162
-0.00108148
-0.00027928
0.000243076
-8.10982e-05
1.81266e-05
-3.09375e-06
4.27676e-07
-4.95345e-08
4.91426e-09
-4.24162e-10
3.22214e-11
-2.17343e-12
1.31086e-13
-7.10865e-15
3.48158e-16
-1.54558e-17
6.23715e-19
-2.29342e-20
7.68127e-22
1.40898e-23
6.33285e-23
-1.35022e-21
-2.61489e-21
4.36364e-20
1.06066e-19
-1.25843e-18
-3.97913e-18
3.1747e-17
1.33751e-16
-6.75578e-16
-3.94617e-15
1.11891e-14
1.00406e-13
-1.0812e-13
-2.15563e-12
-9.58534e-13
3.76934e-11
7.41013e-11
-4.98975e-10
-1.97098e-09
3.97123e-09
3.43573e-08
1.01989e-08
-4.05563e-07
-8.95422e-07
2.66597e-06
1.4518e-05
4.47127e-06
-0.000119614
-0.000294297
0.000265792
0.00266144
0.00436864
-0.00541832
-0.0359787
-0.0611117
0.00173521
0.231775
0.589015
0.902746
1.03669
1.02719
0.99693
0.995838
1.00108
1.00028
0.999757
1.00008
0.999982
1
1
1
1
1
1
1
1
1
1
1
1
1
1
1
1
1
1
1
1
1
1
1
1
1
1
1
1
1
1
1
1
1
1
1
1
1
1
1
1
0.999997
0.999985
0.999996
1.00012
1.00029
