1
1
1
1
1
1
1
1
1
1
1
1
1
1
1
1
1
1
1
1
1
1
1
1
1
1
1
1
1
1
1
0.999999
0.999998
1
1.00001
1.00002
1.00001
0.999954
0.999873
0.999866
1.00011
1.00067
1.0012
1.00078
0.998347
0.993982
0.990426
0.993299
1.00843
1.03629
1.06639
1.07617
1.03788
0.931664
0.758287
0.543027
0.327039
0.150236
0.0353481
-0.0181516
-0.0282919
-0.0183222
-0.0059142
0.00107669
0.00253338
0.00141866
0.000203149
-0.000264409
-0.000205953
-4.26852e-05
3.05169e-05
2.5194e-05
3.94227e-06
-4.30062e-06
-2.6084e-06
1.38447e-08
5.82968e-07
1.8243e-07
-7.02823e-08
-5.7069e-08
1.63104e-10
1.14665e-08
2.32613e-09
-1.7794e-09
-7.33322e-10
2.23745e-10
1.61875e-10
-2.26319e-11
-3.04739e-11
1.72724e-12
5.26348e-12
-9.2265e-14
-8.64371e-13
1.11556e-14
1.36756e-13
-5.46237e-15
-2.07104e-14
2.01373e-15
2.92304e-15
-5.4666e-16
-3.64107e-16
1.1887e-16
3.53163e-17
-2.12461e-17
-1.46244e-18
3.05818e-18
-3.60936e-19
-3.22801e-19
1.11799e-19
1.58741e-20
-1.73281e-20
2.25624e-21
1.4894e-21
-6.56327e-22
5.70267e-24
6.8511e-23
-1.40739e-24
5.80282e-23
-8.72237e-23
-6.20109e-22
-1.86084e-22
4.68228e-21
8.6028e-21
-2.31106e-20
-1.02017e-19
1.25587e-20
7.77412e-19
1.17095e-18
-3.66804e-18
-1.43918e-17
1.35388e-18
1.01001e-16
1.64556e-16
-3.84427e-16
-1.74974e-15
-6.36372e-16
9.90874e-15
2.18884e-14
-2.04703e-14
-1.69078e-13
-1.94197e-13
6.14363e-13
2.2698e-12
9.08179e-13
-1.07031e-11
-2.57133e-11
6.16083e-12
1.45599e-10
2.58802e-10
-2.07184e-10
-1.68634e-09
-2.44376e-09
2.91308e-09
1.72876e-08
2.28627e-08
-2.84497e-08
-1.58977e-07
-2.17512e-07
1.92807e-07
1.29557e-06
2.04415e-06
-5.51122e-07
-8.92231e-06
-1.76496e-05
-7.09624e-06
4.59929e-05
0.00012738
0.00013437
-0.000107442
-0.000667504
-0.00120004
-0.000779838
0.00165338
0.00601829
0.00957433
0.00670062
-0.00842895
-0.0362922
-0.0663865
-0.0761716
-0.0378785
0.0683362
0.241713
0.456973
0.672961
0.849764
0.964652
1.01815
1.02829
1.01832
1.00591
0.998923
0.997467
0.998581
0.999797
1.00026
1.00021
1.00004
0.999969
0.999975
0.999996
1
1
1
0.999999
1
1
1
1
1
1
1
1
1
1
1
1
1
1
1
1
1
1
1
1
1
1
1
1
1
1
1
1
1
1
1
1
1
1
1
1
1
1
1
1
1
1
1
1
1
1
1
1
1
1
1
