1
1
1
1
1
1
1
1
1
1
1
1
1
1
1
1
1
1
1
1
1
1
1
1
1
1
1
1
1
1
1
1
1
1
1
1
1
1
1
1
1
1
1
1
1
1
1
1
1
1
1
1
1
1
1
1
1
1
1
1
1
1
1
1
1
1
1
1
1
1
1
1
1
1
1
1
1
1
1
1
1
1
1
1
1
1
1
1
1
1
1
1
1
1
1
1
1
1
1
1
1
1
1
1
1
1
1
1
1
1
1
1
1
1
1
1
1
1
1
1
1
1
1
1
1
1
1
1
1
1
1
1
1
1
1
1
1
1
1
1
1
1
1
1
1
1
1
1
1
1
1
1
1
1
1
1
1
1
1
1
1
1
1
1
1
1
1
1
1
1
1
1
1
1
1
1
1
1
1
1
1
1
1
1
1
1
1
1
1
1
1
1
1
1
1
1
0.999999
0.999998
0.999997
1
1.00001
1.00003
1.00002
0.999968
0.999865
0.999781
0.999882
1.00035
1.00114
1.00171
1.00102
0.997984
0.992752
0.987931
0.988815
1.00137
1.02796
1.06258
1.08877
1.08293
1.02309
0.89953
0.721656
0.516591
0.319588
0.160877
0.0556453
0.00167966
-0.015393
-0.0133563
-0.00612728
-0.000823169
0.00111013
0.000970988
0.00032418
-5.75113e-05
-0.000115621
-4.76827e-05
4.37601e-06
1.3641e-05
5.05453e-06
-1.08218e-06
-1.59018e-06
-3.34072e-07
2.42766e-07
1.49815e-07
-9.48099e-09
-3.46238e-08
-6.35944e-09
5.82966e-09
2.45272e-09
-7.56317e-10
-6.07397e-10
6.9628e-11
1.26511e-10
-1.92672e-12
-2.428e-11
-8.94038e-13
4.49633e-12
2.27199e-13
-8.20127e-13
-2.22967e-14
1.4701e-13
-4.61786e-15
-2.52781e-14
3.13355e-15
3.97155e-15
-1.02862e-15
-5.17739e-16
2.52029e-16
4.09676e-17
-4.86313e-17
3.38769e-18
6.98605e-18
-2.17581e-18
-5.45654e-19
4.80399e-19
-5.05201e-20
-5.8002e-20
2.54093e-20
4.68523e-22
-3.90299e-21
1.29188e-21
9.74607e-23
-2.21945e-22
7.23402e-23
2.25166e-24
-1.10414e-23
4.40213e-24
-4.18483e-25
-4.10236e-25
2.46961e-25
-6.27586e-26
-2.11858e-27
9.32063e-27
-4.49866e-27
1.15096e-27
-3.89505e-29
-1.25243e-28
7.487e-29
-2.69707e-29
6.36531e-30
-4.43822e-31
-5.10766e-31
3.67391e-31
-1.68018e-31
6.28769e-32
-2.07075e-32
6.20149e-33
-1.71999e-33
4.46935e-34
-1.09678e-34
2.55675e-35
-5.68728e-36
1.21147e-36
-2.47839e-37
4.88125e-38
-9.27441e-39
1.70295e-39
-3.02656e-40
5.21335e-41
-8.71425e-42
1.41501e-42
-2.23423e-43
3.43341e-44
-5.13928e-45
7.49863e-46
-1.06724e-46
1.4826e-47
-2.01149e-48
2.66678e-49
-3.45665e-50
4.38258e-51
-5.43762e-52
6.60513e-53
-7.85835e-54
9.07923e-55
-1.14896e-55
9.23399e-56
2.7199e-55
-4.79919e-55
-4.18765e-54
-1.9741e-54
4.62231e-53
1.09229e-52
-3.38863e-52
-1.90558e-51
3.44951e-52
2.25102e-50
3.85144e-50
-1.81513e-49
-7.76028e-49
5.43872e-49
9.60474e-48
1.24084e-47
-8.06045e-47
-2.88801e-46
3.05612e-46
3.65643e-45
3.8695e-45
-3.06763e-44
-9.98804e-44
1.20171e-43
1.2538e-42
1.24733e-42
-1.01195e-41
-3.23864e-41
3.5731e-41
3.87745e-40
4.24682e-40
-2.88316e-39
-9.81478e-39
7.59797e-39
1.07294e-37
1.45443e-37
-6.95182e-37
-2.73542e-36
7.46967e-37
2.60716e-35
4.64856e-35
-1.34928e-34
-6.82448e-34
-2.32002e-34
5.37889e-33
1.30605e-32
-1.83316e-32
-1.46968e-31
-1.53404e-31
8.84845e-31
3.08902e-30
-6.59321e-31
-2.59699e-29
-4.92806e-29
9.91574e-29
5.89881e-28
4.86192e-28
-3.44241e-27
-1.09453e-26
2.32275e-27
8.54256e-26
1.65278e-25
-2.62163e-25
-1.73953e-24
-1.88252e-24
8.09545e-24
3.04354e-23
1.03644e-23
-1.83287e-22
-4.66277e-22
1.99987e-22
3.48348e-21
6.29408e-21
-8.535e-21
-5.84354e-20
-7.46408e-20
1.97112e-19
8.88707e-19
7.67572e-19
-3.60348e-18
-1.24791e-17
-6.65352e-18
5.69442e-17
1.64168e-16
4.60182e-17
-8.05646e-16
-2.04858e-15
-2.34554e-16
1.03735e-14
2.44819e-14
1.22816e-15
-1.22326e-13
-2.8161e-13
-2.70818e-14
1.3187e-12
3.11288e-12
7.71263e-13
-1.28549e-11
-3.27563e-11
-1.59563e-11
1.10545e-10
3.22479e-10
2.55731e-10
-7.94792e-10
-2.89516e-09
-3.34343e-09
4.11683e-09
2.28378e-08
3.6315e-08
-4.6916e-09
-1.4871e-07
-3.25548e-07
-2.07383e-07
6.90077e-07
2.32741e-06
3.00534e-06
-9.17106e-07
-1.21017e-05
-2.51177e-05
-1.98604e-05
3.20156e-05
0.000134978
0.000219053
0.000118034
-0.000346565
-0.00113548
-0.00171478
-0.00101733
0.0020158
0.00724808
0.0120685
0.011185
-0.00136857
-0.0279567
-0.0625763
-0.0887672
-0.0829284
-0.0230851
0.10047
0.278344
0.483409
0.680412
0.839123
0.944355
0.99832
1.01539
1.01336
1.00613
1.00082
0.99889
0.999029
0.999676
1.00006
1.00012
1.00005
0.999996
0.999986
0.999995
1
1
1
1
1
1
1
1
1
1
1
1
1
1
1
