1
1
1
1
1
1
1
1
1
1
1
1
1
1
1
1
1
1
1
1
1
1
1
1
1
1
1
1
1
1
1
1
1
1
1
1
1
1
1
1
1
1
1
1
1
1
1
1
1
1
1
1
1
1
1
1
1
1
1
1
1
1
0.999999
0.999998
0.999999
1
1.00001
1.00001
1.00001
0.999978
0.999934
0.999906
0.999957
1.00014
1.00045
1.00071
1.00055
0.999565
0.997613
0.995275
0.994144
0.996626
1.00498
1.01969
1.0376
1.05095
1.04793
1.01533
0.942763
0.826901
0.674102
0.5
0.325898
0.173099
0.0572375
-0.015329
-0.0479263
-0.0509538
-0.0376034
-0.0196876
-0.00498485
0.00337369
0.00585595
0.00472461
0.00238664
0.000434774
-0.00055185
-0.00071056
-0.000454702
-0.000144602
4.33753e-05
9.35076e-05
6.56172e-05
2.19155e-05
-5.3258e-06
-1.22142e-05
-8.01195e-06
-2.12583e-06
1.08401e-06
1.54626e-06
7.99789e-07
8.13337e-08
-2.00512e-07
-1.68457e-07
-5.41096e-08
1.55265e-08
2.71276e-08
1.3192e-08
3.95865e-10
-3.67095e-09
-2.41471e-09
-4.1863e-10
4.40584e-10
3.80393e-10
9.81136e-11
-4.9417e-11
-5.47605e-11
-1.68576e-11
5.55758e-12
7.44857e-12
2.44407e-12
-6.79842e-13
-9.73774e-13
-3.10873e-13
9.39038e-14
1.22731e-13
3.46309e-14
-1.40173e-14
-1.47718e-14
-3.23354e-15
2.09212e-15
1.65921e-15
2.13129e-16
-2.79761e-16
-1.31947e-16
-2.33813e-18
-1.31947e-16
-2.79761e-16
2.13129e-16
1.65921e-15
2.09212e-15
-3.23354e-15
-1.47718e-14
-1.40173e-14
3.46309e-14
1.22731e-13
9.39038e-14
-3.10873e-13
-9.73774e-13
-6.79842e-13
2.44407e-12
7.44857e-12
5.55758e-12
-1.68576e-11
-5.47605e-11
-4.9417e-11
9.81136e-11
3.80393e-10
4.40584e-10
-4.1863e-10
-2.41471e-09
-3.67095e-09
3.95865e-10
1.3192e-08
2.71276e-08
1.55265e-08
-5.41096e-08
-1.68457e-07
-2.00512e-07
8.13337e-08
7.99789e-07
1.54626e-06
1.08401e-06
-2.12583e-06
-8.01195e-06
-1.22142e-05
-5.3258e-06
2.19155e-05
6.56172e-05
9.35076e-05
4.33753e-05
-0.000144602
-0.000454702
-0.00071056
-0.00055185
0.000434774
0.00238664
0.00472461
0.00585595
0.00337369
-0.00498485
-0.0196876
-0.0376034
-0.0509538
-0.0479263
-0.015329
0.0572375
0.173099
0.325898
0.5
0.674102
0.826901
0.942763
1.01533
1.04793
1.05095
1.0376
1.01969
1.00498
0.996626
0.994144
0.995275
0.997613
0.999565
1.00055
1.00071
1.00045
1.00014
0.999957
0.999906
0.999934
0.999978
1.00001
1.00001
1.00001
1
0.999999
0.999998
0.999999
1
1
1
1
1
1
1
