-2.95814e-10
6.34364e-11
1.92727e-12
-6.45953e-12
2.75827e-12
-7.86733e-13
1.77218e-13
-3.3514e-14
5.48909e-15
-7.93356e-16
1.02458e-16
-1.19282e-17
1.2601e-18
-1.21395e-19
1.07065e-20
-8.67075e-22
6.46335e-23
-4.44268e-24
2.81981e-25
-1.6543e-26
8.97658e-28
-4.5067e-29
2.09351e-30
-8.99612e-32
3.57414e-33
-1.31181e-34
4.44293e-36
-1.38658e-37
3.98042e-39
-1.04877e-40
2.54723e-42
-1.84434e-43
7.64323e-45
8.06677e-42
-6.4103e-41
1.24675e-41
3.38512e-39
-2.22477e-38
-3.42593e-38
1.23505e-36
-4.8345e-36
-2.98297e-35
3.32123e-34
-2.04161e-34
-1.17596e-32
4.94528e-32
2.45417e-31
-2.4034e-30
-1.10101e-30
7.70559e-29
-1.50629e-28
-1.87405e-27
7.84976e-27
3.55537e-26
-2.57529e-25
-5.01776e-25
6.73771e-24
3.87819e-24
-1.51927e-22
4.37809e-23
3.07498e-21
-2.57892e-21
-5.73328e-20
6.48741e-20
1.0012e-18
-1.18014e-18
-1.65017e-17
1.63561e-17
2.56255e-16
-1.52732e-16
-3.70796e-15
1.13122e-16
4.9002e-14
3.33747e-14
-5.73599e-13
-8.96316e-13
5.6557e-12
1.56321e-11
-4.21404e-11
-2.07687e-10
1.49851e-10
2.13565e-09
1.6131e-09
-1.60265e-08
-3.75185e-08
6.76559e-08
3.94243e-07
1.76077e-07
-2.42088e-06
-5.52041e-06
5.03154e-06
4.27398e-05
5.48128e-05
-0.000122223
-0.000533266
-0.000523227
0.0013371
0.00520489
0.00615353
-0.00599149
-0.0360384
-0.0650189
-0.0438246
0.080912
0.318925
0.61097
0.860721
1.00187
1.038
1.02146
1.00166
0.995926
0.998246
1.00032
1.0004
1.00001
0.999932
0.999995
1.00001
1
0.999998
1
1
1
1
1
1
1
1
1
1
1
1
1
1
1
1
1
1
1
1
1
1
1
1
1
1
1
1
1
1
1
1
1
1
1
1
1
1
1
1
1
1
1
1
1
1
1
1
1
1
1
1
1
1
1
1
1
1
1
1
1
1
1
1
1
1
1
1
1
1
1
1
1
1
1
1
1
1
1
1
1
1
1
1
1
1
1
1
1
1
1
1
1
1
1
1
1.00001
0.999995
0.999957
0.999945
1.00012
1.00053
1.00052
0.998663
0.994795
0.993846
1.00599
1.03604
1.06502
1.04382
0.919088
0.681075
0.38903
0.139279
-0.00186555
-0.0379997
-0.0214585
-0.0016566
0.00407405
0.00175356
-0.000322567
-0.000402625
-6.93751e-06
6.83367e-05
5.1327e-06
-1.06083e-05
-4.16119e-07
1.54255e-06
-1.20396e-07
-1.82708e-07
4.95263e-08
1.07771e-08
-8.43196e-09
1.24407e-09
4.91071e-10
