1
1
1
1
1
1
1
1
1
1
1
1
1
1
1
1
1
1
1
1
1
1
1
1
1
1
1
1
1
1
1
1
1
1
1
1
1
1
1
1
1
1
1
1
1
1
1
1
1
1
1
1
1
1
1
1
1
1
1
1
1
1
1
1
1
0.999999
0.999998
1
1.00001
1.00001
1.00001
0.999992
0.999953
0.999913
0.999921
1.00005
1.00031
1.00063
1.0007
1.00012
0.998586
0.996295
0.994363
0.994875
1.0003
1.01215
1.02917
1.04587
1.05226
1.0355
0.98342
0.888899
0.753391
0.588097
0.411903
0.246609
0.111101
0.0165803
-0.0354961
-0.0522604
-0.0458747
-0.0291721
-0.0121487
-0.000300889
0.00512462
0.00563652
0.00370458
0.00141365
-0.000123537
-0.000701197
-0.000626363
-0.000313674
-4.59881e-05
7.87302e-05
8.74158e-05
4.69244e-05
8.06861e-06
-1.01953e-05
-1.12698e-05
-5.52246e-06
-4.73266e-07
1.51957e-06
1.32074e-06
4.85025e-07
-7.66374e-08
-2.12765e-07
-1.26625e-07
-2.10683e-08
2.51186e-08
2.34177e-08
7.83227e-09
-1.96643e-09
-3.58864e-09
-1.6729e-09
1.30371e-11
4.89328e-10
2.87629e-10
3.05737e-11
-6.24854e-11
-4.37254e-11
-7.25896e-12
7.82335e-12
6.1314e-12
1.16679e-12
-9.97108e-13
-8.09129e-13
-1.49547e-13
1.31464e-13
1.00998e-13
1.52872e-14
-1.77035e-14
-1.18327e-14
-1.0584e-15
2.35434e-15
1.27052e-15
9.3893e-19
-2.64393e-16
-1.02213e-16
-1.02213e-16
-2.64393e-16
9.3893e-19
1.27052e-15
2.35434e-15
-1.0584e-15
-1.18327e-14
-1.77035e-14
1.52872e-14
1.00998e-13
1.31464e-13
-1.49547e-13
-8.09129e-13
-9.97108e-13
1.16679e-12
6.1314e-12
7.82335e-12
-7.25896e-12
-4.37254e-11
-6.24854e-11
3.05737e-11
2.87629e-10
4.89328e-10
1.30371e-11
-1.6729e-09
-3.58864e-09
-1.96643e-09
7.83227e-09
2.34177e-08
2.51186e-08
-2.10683e-08
-1.26625e-07
-2.12765e-07
-7.66374e-08
4.85025e-07
1.32074e-06
1.51957e-06
-4.73266e-07
-5.52246e-06
-1.12698e-05
-1.01953e-05
8.06861e-06
4.69244e-05
8.74158e-05
7.87302e-05
-4.59881e-05
-0.000313674
-0.000626363
-0.000701197
-0.000123537
0.00141365
0.00370458
0.00563652
0.00512462
-0.000300889
-0.0121487
-0.0291721
-0.0458747
-0.0522604
-0.0354961
0.0165803
0.111101
0.246609
0.411903
0.588097
0.753391
0.888899
0.98342
1.0355
1.05226
1.04587
1.02917
1.01215
1.0003
0.994875
0.994363
0.996295
0.998586
1.00012
1.0007
1.00063
1.00031
1.00005
0.999921
0.999913
0.999953
0.999992
1.00001
1.00001
1.00001
1
0.999998
0.999999
1
1
1
1
1
