-1.58824e-11
-1.38153e-10
-1.78175e-10
6.0948e-10
2.56263e-09
1.43314e-09
-1.3771e-08
-3.94505e-08
-1.64606e-09
2.33896e-07
5.31937e-07
-1.26348e-07
-3.18844e-06
-6.56102e-06
1.28191e-06
3.51198e-05
7.46806e-05
1.29157e-05
-0.000295875
-0.000743371
-0.000554031
0.00154475
0.00566942
0.00806191
0.000451857
-0.0241647
-0.0593438
-0.0757051
-0.0279215
0.117886
0.353278
0.621214
0.846248
0.980051
1.02515
1.02009
1.00471
0.997605
0.99805
0.999877
1.00037
1.0001
0.999945
0.999976
1.00001
1
0.999998
0.999999
1
1
1
1
1
1
1
1
1
1
1
1
1
1
1
1
1
1
1
1
1
1
1
1
1
1
0.999999
1
1
1.00001
0.999999
0.999965
0.999925
0.999987
1.0003
1.00074
1.00055
0.998455
0.994331
0.991938
0.999548
1.02416
1.05934
1.07571
1.02792
0.882114
0.646722
0.378786
0.153752
0.0199493
-0.0251549
-0.0200867
-0.00470616
0.00239518
0.00195015
0.000122728
-0.000365319
-9.82826e-05
5.53784e-05
2.3534e-05
-8.92429e-06
-4.10395e-06
1.72259e-06
5.21733e-07
-3.49511e-07
-2.05681e-08
5.82266e-08
-1.17468e-08
-5.10404e-09
3.35574e-09
-5.04503e-10
-2.58361e-10
1.78544e-10
-4.87412e-11
1.29475e-12
5.28731e-12
-3.92889e-12
9.88181e-13
5.41598e-12
1.38669e-11
