1.78731e-06
-4.06018e-07
-1.72254e-07
1.08874e-07
-1.10309e-08
-1.11134e-08
6.0407e-09
-1.22898e-09
-1.84965e-10
2.51202e-10
-1.16887e-10
3.88096e-11
-1.04868e-11
2.43187e-12
-4.98025e-13
9.17001e-14
-1.53703e-14
2.3668e-15
-3.37185e-16
4.4694e-17
-5.53745e-18
6.43766e-19
-7.04582e-20
7.28033e-21
-7.11968e-22
6.60396e-23
-5.82132e-24
4.88495e-25
-3.90835e-26
2.98559e-27
-2.18032e-28
1.52394e-29
-1.02053e-30
6.55423e-32
-4.04051e-33
2.39291e-34
-1.36244e-35
7.46295e-37
-3.93537e-38
1.99895e-39
-9.78577e-41
4.61942e-42
-2.10369e-43
9.24632e-45
-3.92394e-46
1.60843e-47
-6.37027e-49
2.43852e-50
-9.02469e-52
3.22991e-53
-1.11817e-54
3.74518e-56
-1.21388e-57
3.80798e-59
-1.15636e-60
3.39965e-62
-9.67755e-64
2.66767e-65
-7.12149e-67
1.84123e-68
-4.61066e-70
1.11828e-71
-2.62709e-73
5.97772e-75
-1.31741e-76
2.81202e-78
-5.81301e-80
1.16369e-81
-2.25575e-83
4.23362e-85
-7.69214e-87
1.35281e-88
-2.30253e-90
3.7921e-92
-6.04183e-94
9.31058e-96
-1.38739e-97
1.99857e-99
-2.78236e-101
3.74236e-103
-4.85773e-105
6.72668e-107
-3.56569e-106
5.56102e-106
2.89836e-104
-1.31395e-103
-2.04e-102
1.62672e-101
1.21065e-100
-1.58851e-99
-5.5077e-99
1.33893e-97
1.09155e-97
-1.00876e-95
1.32564e-95
6.90466e-94
-2.26416e-93
-4.32462e-92
2.30191e-91
2.48071e-90
-1.91094e-89
-1.2955e-88
1.40232e-87
6.05486e-87
-9.40502e-86
-2.42571e-85
5.86832e-84
7.27531e-84
-3.44447e-82
-5.0119e-83
1.91661e-80
-1.50416e-80
-1.01692e-78
1.62292e-78
5.16956e-77
-1.19509e-76
-2.52824e-75
7.44031e-75
1.1939e-73
-4.16715e-73
-5.46199e-72
2.15668e-71
2.42806e-70
-1.04584e-69
-1.05153e-68
4.78965e-68
4.44563e-67
-2.0809e-66
-1.83751e-65
8.59624e-65
7.4303e-64
-3.37853e-63
-2.93913e-62
1.26202e-61
1.13624e-60
-4.46794e-60
-4.28601e-59
1.49133e-58
1.57396e-57
-4.65076e-57
-5.61188e-56
1.33318e-55
1.93667e-54
-3.40063e-54
-6.44683e-53
7.11931e-53
2.06221e-51
-8.72708e-52
-6.31189e-50
-1.84695e-50
1.83925e-48
1.94568e-48
-5.07056e-47
-9.64136e-47
1.31142e-45
3.77259e-45
-3.14267e-44
-1.28444e-43
6.83522e-43
3.93559e-42
-1.29547e-41
-1.09994e-40
1.92376e-40
2.81514e-39
-1.27131e-39
-6.58147e-38
-4.9679e-38
1.39259e-36
2.80312e-36
-2.61426e-35
-9.23786e-35
4.16668e-34
2.42363e-33
-4.97648e-33
-5.41278e-32
1.91874e-32
1.04473e-30
1.1614e-30
-1.7211e-29
-4.63662e-29
2.29907e-28
1.14699e-27
-2.07216e-27
-2.21605e-26
-1.99533e-27
3.47666e-25
6.01361e-25
-4.29122e-24
-1.61768e-23
3.51948e-23
2.92e-22
1.42134e-23
-3.98223e-21
-7.26089e-21
3.93338e-20
1.64679e-19
-1.93635e-19
-2.3844e-18
-2.11776e-18
2.40523e-17
7.00274e-17
-1.35715e-16
-1.02983e-15
-5.56576e-16
9.65469e-15
2.48097e-14
-4.62492e-14
-3.33203e-13
-2.40611e-13
2.56579e-12
7.43767e-12
-6.85353e-12
-7.71726e-11
-1.06252e-10
3.90056e-10
1.65508e-09
6.28911e-10
-1.06829e-08
-2.76907e-08
1.22073e-08
2.09579e-07
3.86986e-07
-4.26126e-07
-3.25231e-06
-4.90435e-06
6.75547e-06
4.13357e-05
6.05768e-05
-6.11927e-05
-0.000423621
-0.000715486
0.000118129
0.00316135
0.00702829
0.00526026
-0.0114753
-0.0445144
-0.0728045
-0.0509076
0.0675494
0.290985
0.569246
0.817758
0.97216
1.02622
1.02129
1.00428
0.997103
0.998174
1.00012
1.00038
1.00002
0.999934
0.999995
1.00001
1
0.999998
1
1
1
1
1
1
1
1
1
1
1
1
1
1
1
1
1
1
1
1
1
1
1
1
1
1
1
1
1
1
1
1
1
1
1
1
1
1
1
1
1
1
1
1
1
1
1
1
1
1
1
1
1
1
1
1
1
1
1
1
1
1
1
1
1
1
1
1
1
1
1
1
1
1
1
1
1
1
1
1
1
1
1
1
1
1
1
1
1
1
1
1
1
1
1
1
1
1
1
1
1
1
1
1
1
1
1
1
1
1
1
1
1
1
1
1
1
1
1
1
1
1
1
1
1
1
1
1
1
1
1
1
1
1
1
1
1
1
1
1
1
1
1
1
1
1
1
1
1
1
1
1
1
1
1
1
1
1
1
1
1
1
1
1
1
1
1
1
1
1
1
1
1
1
1
1
1
1
1
1
1
1
1
1
1
1
1
1
1
1
1
1
1
1
1
1
1
1
1
1
1
1
1
1
1
1
1
1
1
1
1
1
1
1
1
1
1
1
1
1
1
1
1
1
0.999993
0.999959
0.999939
1.00006
1.00042
1.00072
0.999882
0.996839
0.992972
0.99474
1.01148
1.04451
1.0728
1.05091
0.932451
0.709015
0.430754
0.182242
0.0278401
-0.0262219
-0.0212947
-0.00428238
0.00289693
0.00182584
-0.000119839
-0.000375638
-2.39308e-05
6.64395e-05
4.67184e-06
-1.15049e-05
3.63308e-07
