1
1
1
1
1
1
1
1
1
1
1
1
1
1
1
1
1
1
1
1
1
1
1
1
1
1
1
1
1
1
1
1
1
1
1
1
1
1
1
1
1
1
1
1
1
1
1
1
1
1
1
1
1
1
1
1
1
1
1
1
1
1
1
1
1
1
1
1
1
1
1
1
1
1
1
1
1
1
1
1
1
1
1
1
1
1
1
1
1
1
1
1
1
1
1
1
1
1
1
1
1
1
1
1
1
1
1
1
1
1
1
1
1
1
1
1
1
1
1
1
1
1
1
1
1
1
1
1
1
1
1
1
1
1
1
1
1
1
1
1
1
1
1
1
1
1
1
1
1
1
1
1
1
1
1
1
1
1
1
1
1
1
1
1
1
1
1
1
1
1
1
1
1
1
1
1
1
1
1
1
1
1
1
1
1
1
1
1
1
1
1
1
0.999999
0.999997
0.999998
1
1.00002
1.00003
1
0.999928
0.99982
0.999794
1.00004
1.00067
1.00146
1.00161
0.999949
0.995777
0.990249
0.987319
0.993028
1.01231
1.04411
1.07736
1.09125
1.06143
0.970444
0.817411
0.621296
0.415116
0.233592
0.100546
0.022264
-0.0107151
-0.0158063
-0.00967253
-0.00291374
0.000580292
0.00119446
0.000621993
6.94386e-05
-0.000119599
-8.30378e-05
-1.3203e-05
1.38154e-05
9.45339e-06
7.80311e-07
-1.87908e-06
-8.76072e-07
1.19651e-07
2.32022e-07
4.22116e-08
-3.84627e-08
-1.84081e-08
3.93634e-09
4.58226e-09
1.37454e-11
-9.17944e-10
-1.26298e-10
1.65326e-10
3.98262e-11
-2.86643e-11
-9.04445e-12
5.03814e-12
1.74221e-12
-9.24554e-13
-2.93342e-13
1.76505e-13
4.14303e-14
-3.38877e-14
-3.99655e-15
6.21828e-15
-1.12252e-16
-1.02242e-15
1.81355e-16
1.3549e-16
-5.52543e-17
-1.03089e-17
1.10602e-17
-1.00208e-18
-1.46923e-18
5.46585e-19
7.05381e-20
-1.03552e-19
2.15389e-20
8.392e-21
-6.00497e-21
8.89163e-22
5.42433e-22
-3.32701e-22
5.34799e-23
2.5106e-23
-1.79486e-23
4.26692e-24
5.64566e-25
-8.36706e-25
3.16124e-25
-4.04016e-26
-2.18953e-26
1.63598e-26
-5.61173e-27
8.58078e-28
2.5388e-28
-2.4904e-28
1.0844e-28
-3.1285e-29
4.92239e-30
8.99482e-31
-1.14678e-30
6.01788e-31
-2.41931e-31
8.35717e-32
-2.59402e-32
7.40393e-33
-1.97053e-33
4.93605e-34
-1.17152e-34
2.64772e-35
-5.72081e-36
1.18545e-36
-2.36203e-37
4.53551e-38
-8.40862e-39
1.50763e-39
-2.61793e-40
4.40832e-41
-7.20663e-42
1.14494e-42
-1.7694e-43
2.66217e-44
-3.90251e-45
5.57781e-46
-7.77826e-47
1.05893e-47
-1.40819e-48
1.83021e-49
-2.32595e-50
2.89178e-51
-3.51872e-52
4.19219e-53
-4.89169e-54
5.58657e-55
-7.0174e-56
2.82886e-57
8.51216e-56
2.06918e-55
-6.7766e-55
-3.76769e-54
1.27803e-54
4.76675e-53
7.29878e-53
-4.29154e-52
-1.65737e-51
1.91146e-51
2.27722e-50
2.08251e-50
-2.2042e-49
-6.52224e-49
1.23848e-48
9.61994e-48
4.64931e-48
-9.66064e-47
-2.35779e-46
5.89475e-46
3.66093e-45
8.1506e-46
-3.69935e-44
-8.04144e-44
2.26788e-43
1.26993e-42
1.75236e-43
-1.24991e-41
-2.63729e-41
7.22412e-41
4.03112e-40
9.3559e-41
-3.72267e-39
-8.3252e-39
1.88351e-38
1.16429e-37
5.75408e-38
-9.65243e-37
-2.47897e-36
3.78802e-36
3.01034e-35
2.72857e-35
-2.11732e-34
-6.72875e-34
4.68199e-34
6.77609e-33
9.93641e-33
-3.69847e-32
-1.59965e-31
-2.35601e-32
1.2702e-30
2.83611e-30
-4.35981e-30
-3.18364e-29
-3.21063e-29
1.82715e-28
6.34198e-28
-7.0093e-29
-4.98398e-27
-1.00238e-26
1.59724e-26
1.08092e-25
1.13376e-25
-5.4096e-25
-1.96985e-24
-3.85314e-25
1.29955e-23
3.06391e-23
-2.3185e-23
-2.58201e-22
-4.03076e-22
8.41352e-22
4.47587e-21
4.27712e-21
-1.94159e-20
-6.95678e-20
-3.04286e-20
3.64696e-19
9.87511e-19
-3.54761e-20
-5.98597e-18
-1.30074e-17
6.17264e-18
8.86654e-17
1.61634e-16
-1.39077e-16
-1.20661e-15
-1.92929e-15
2.21305e-15
1.52434e-14
2.25119e-14
-2.86193e-14
-1.7962e-13
-2.59843e-13
3.08567e-13
1.9723e-12
2.96696e-12
-2.68525e-12
-2.00276e-11
-3.30546e-11
1.61105e-11
1.85021e-10
3.50699e-10
-3.78831e-12
-1.50905e-09
-3.4381e-09
-1.63303e-09
1.02448e-08
3.00667e-08
2.88777e-08
-4.96144e-08
-2.2387e-07
-3.31848e-07
5.14571e-08
1.3085e-06
2.84752e-06
2.08731e-06
-4.77592e-06
-1.79879e-05
-2.63146e-05
-4.16621e-06
7.18744e-05
0.000179956
0.000206455
-3.89583e-05
-0.000673359
-0.00146452
-0.00161468
5.14637e-05
0.0042234
0.00975111
0.012681
0.0069724
-0.0123119
-0.0441072
-0.0773579
-0.0912536
-0.0614342
0.0295558
0.182589
0.378704
0.584884
0.766408
0.899454
0.977736
1.01072
1.01581
1.00967
1.00291
0.99942
0.998806
0.999378
0.999931
1.00012
1.00008
1.00001
0.999986
0.999991
0.999999
1
1
1
1
1
1
1
1
1
1
1
1
1
1
1
1
1
1
1
