0.000469784
-6.90765e-05
7.73997e-06
-6.92742e-07
5.09825e-08
-3.14572e-09
1.64963e-10
-7.42456e-12
2.8882e-13
-9.75884e-15
2.87334e-16
-7.38516e-18
1.65769e-19
-3.24666e-21
5.53609e-23
-8.18851e-25
1.04493e-26
-1.23702e-28
1.30303e-28
4.19223e-28
-1.46566e-26
1.41664e-26
1.20582e-24
-4.37446e-24
-7.84045e-23
4.52163e-22
4.24563e-21
-3.24974e-20
-2.00205e-19
1.84325e-18
8.59269e-18
-8.64274e-17
-3.4849e-16
3.4088e-15
1.35495e-14
-1.12994e-13
-4.96273e-13
3.08669e-12
1.64717e-11
-6.60239e-11
-4.74012e-10
9.56662e-10
1.13087e-08
-3.24167e-09
-2.1188e-07
-2.80137e-07
2.8411e-06
9.02841e-06
-2.07606e-05
-0.000148595
-7.09943e-05
0.00132115
0.00347794
-0.00271522
-0.0305834
-0.055903
0.0247437
0.312895
0.723729
1.00419
1.04513
0.998753
0.9942
1.00223
0.99953
1.00007
0.999992
1
1
1
1
1
1
1
1
1
1
1
1
1
1
1
1
1
1
1
1
1
1
1
1
1
1
1
1
1
1
1
1
1
1
1
1
1
1
1
1
1
1
1
0.999997
0.999991
1.00002
1.00015
1.00007
0.998679
0.996522
1.00272
1.03058
1.0559
0.975256
0.687105
0.276271
-0.00419446
-0.0451303
0.00124659
0.00579963
-0.0022268
