1.00552
0.999742
0.997964
0.998433
0.999419
1.00005
1.00021
1.00013
1.00003
0.99998
0.99998
0.999993
1
1
1
1
1
1
1
1
1
1
1
1
1
1
1
1
1
1
1
1
1
1
1
1
1
1
1
1
1
1
1
1
1
1
1
1
1
1
1
1
1
1
1
1
1
1
1
1
1
1
1
1
1
1
1
1
1
1
1
1
1
1
1
1
1
1
1
1
1
1
1
1
1
1
1
1
1
1
1
1
1
0.999999
0.999997
0.999997
1
1.00002
1.00003
1.00001
0.99995
0.999846
0.99979
0.999944
1.00044
1.00116
1.00155
1.00065
0.997662
0.992983
0.989122
0.990662
1.00245
1.02611
1.05634
1.0793
1.07505
1.0242
0.916311
0.756095
0.56382
0.369213
0.201396
0.0795002
0.00808544
-0.0212623
-0.0238867
-0.0151101
-0.00551903
0.00025834
0.00203573
0.00156742
0.000581182
-4.75898e-05
-0.000210376
-0.00013236
-2.74584e-05
2.01139e-05
2.01964e-05
6.52278e-06
-1.72201e-06
-2.68882e-06
-9.77688e-07
1.93499e-07
3.4268e-07
1.12987e-07
-3.31642e-08
-4.16781e-08
-9.37184e-09
6.06585e-09
4.46808e-09
2.35422e-10
-9.22904e-10
-3.56086e-10
9.01298e-11
1.03605e-10
1.00965e-11
-1.90412e-11
-6.90435e-12
2.2461e-12
1.89665e-12
-4.84584e-14
-3.82544e-13
-6.07067e-14
6.3044e-14
2.14096e-14
-8.70498e-15
-5.10653e-15
9.79189e-16
1.02691e-15
-7.65014e-17
-1.87421e-16
-2.15355e-19
3.22615e-17
1.63848e-18
-5.36532e-18
-4.20978e-19
8.71435e-19
6.53208e-20
-1.32029e-19
5.88649e-20
9.65372e-20
-2.57404e-19
-9.12094e-19
-2.59969e-19
4.57722e-18
1.01844e-17
-5.36407e-18
-6.52075e-17
-9.81726e-17
1.50897e-16
8.05874e-16
8.16945e-16
-2.45927e-15
-8.98664e-15
-5.86613e-15
3.19774e-14
9.28994e-14
3.70193e-14
-3.59595e-13
-9.08782e-13
-2.32868e-13
3.60621e-12
8.53105e-12
2.03497e-12
-3.25402e-11
-7.71893e-11
-2.68124e-11
2.6203e-10
6.67902e-10
3.78671e-10
-1.82544e-09
-5.41231e-09
-4.72734e-09
1.01398e-08
3.96782e-08
4.98515e-08
-3.30459e-08
-2.49122e-07
-4.36516e-07
-1.1814e-07
1.20272e-06
3.07864e-06
3.00704e-06
-3.03113e-06
-1.62335e-05
-2.74584e-05
-1.35411e-05
5.01043e-05
0.000153537
0.000209771
5.61017e-05
-0.000439938
-0.00116435
-0.00155258
-0.000648498
0.00233785
0.00701674
0.0108779
0.00933795
-0.00244652
-0.026105
-0.0563385
-0.0793009
-0.0750525
-0.0241991
0.0836888
0.243905
0.43618
0.630787
0.798604
0.9205
0.991915
1.02126
1.02389
1.01511
