1.01766
1.05242
1.04452
0.893943
0.570301
0.205466
-0.0108961
-0.0399273
-0.00327592
0.00623472
-0.000528593
-0.000684078
0.000338541
-9.03039e-05
1.70965e-05
-2.52173e-06
3.03851e-07
-3.07852e-08
2.67427e-09
-2.01994e-10
1.34059e-11
-7.88101e-13
4.12989e-14
-1.9388e-15
8.18607e-17
-3.11823e-18
1.07415e-19
-3.35198e-21
9.45699e-23
-3.26961e-24
1.43211e-23
3.22716e-23
-5.9504e-22
-1.27438e-21
2.22406e-20
5.12457e-20
-7.42367e-19
-2.02267e-18
2.18972e-17
7.47812e-17
-5.59116e-16
-2.49392e-15
1.18785e-14
7.29931e-14
-1.91568e-13
-1.83144e-12
1.62529e-12
3.83229e-11
2.46023e-11
-6.40186e-10
-1.41629e-09
7.77324e-09
3.42373e-08
-4.83848e-08
-5.37269e-07
-4.12783e-07
5.38086e-06
1.51125e-05
-2.28519e-05
-0.000187459
-0.000206263
0.00101936
0.00376339
0.00194951
-0.0176616
-0.0524223
-0.0445222
0.106057
0.429699
0.794534
1.0109
1.03993
1.00328
0.993765
1.00053
1.00068
0.999661
1.00009
0.999983
1
1
1
1
1
1
1
1
1
1
1
1
1
1
1
1
1
1
1
1
1
1
1
1
1
1
1
1
1
1
1
1
1
1
1
1
1
1
1
1
1
0.999995
0.999985
1.00002
1.00019
1.00021
0.998981
0.996237
0.99805
