1
1
1
1
1
1
1
1
1
1
1
1
1
1
1
1
1
1
1
1
1
1
1
1
1
1
1
0.999998
0.999998
1
1.00001
1.00002
0.999995
0.99993
0.999858
0.999916
1.00027
1.00088
1.00119
1.00012
0.996828
0.992297
0.99057
0.997977
1.019
1.04997
1.07452
1.06587
0.997267
0.856718
0.656984
0.433653
0.230864
0.0825652
6.89393e-05
-0.0278198
-0.024212
-0.0110547
-0.001125
0.00247006
0.00202505
0.000619106
-0.00017564
-0.000265942
-9.82704e-05
1.73788e-05
3.25552e-05
1.0344e-05
-3.35089e-06
-3.68578e-06
-5.81011e-07
6.16237e-07
3.16737e-07
-3.92901e-08
-7.57473e-08
-1.0196e-08
1.2807e-08
4.48544e-09
-1.65916e-09
-1.0936e-09
1.58058e-10
2.1484e-10
-7.48093e-12
-3.78199e-11
-9.34118e-13
6.28431e-12
2.99864e-13
-1.01173e-12
-3.7193e-14
1.5854e-13
-1.01553e-15
-2.37921e-14
1.88952e-15
3.29312e-15
-6.08317e-16
-3.91807e-16
1.35501e-16
3.36452e-17
-2.34634e-17
-3.95241e-19
3.11141e-18
-5.6524e-19
-2.71093e-19
1.30168e-19
2.30498e-21
-1.61234e-20
3.9047e-21
8.0972e-22
-6.73082e-22
1.0674e-22
3.98671e-23
-2.79265e-23
1.71779e-23
4.74483e-23
-5.39077e-23
-4.66941e-22
-2.27816e-22
3.5225e-21
7.07899e-21
-1.75296e-20
-8.25397e-20
8.12634e-21
6.42757e-19
9.61209e-19
-3.2025e-18
-1.22153e-17
2.7381e-18
9.05449e-17
1.34189e-16
-3.86734e-16
-1.5672e-15
-1.97015e-16
9.78699e-15
1.87407e-14
-2.72883e-14
-1.64752e-13
-1.38974e-13
7.16712e-13
2.15321e-12
-9.16671e-15
-1.20751e-11
-2.3245e-11
1.98593e-11
1.6189e-10
2.17454e-10
-3.88945e-10
-1.86573e-09
-1.88438e-09
5.07012e-09
1.92606e-08
1.67108e-08
-5.14717e-08
-1.81618e-07
-1.63976e-07
4.1188e-07
1.55651e-06
1.71615e-06
-2.34825e-06
-1.16842e-05
-1.70048e-05
4.67103e-06
7.04626e-05
0.000141907
8.41877e-05
-0.000270798
-0.000883291
-0.00119262
-0.000116691
0.00317152
0.00770283
0.00942981
0.0020232
-0.0190028
-0.0499651
-0.0745223
-0.0658661
0.00273277
0.143282
0.343016
0.566347
0.769136
0.917435
0.999931
1.02782
1.02421
1.01105
1.00112
0.99753
0.997975
0.999381
1.00018
1.00027
1.0001
0.999983
0.999967
0.99999
1
1
1
0.999999
1
1
1
1
1
1
1
1
1
1
1
1
1
1
1
1
1
1
1
1
1
1
1
1
1
1
1
1
1
1
1
1
1
1
1
1
1
1
1
1
1
1
1
1
1
1
1
1
1
1
1
1
1
1
1
1
