1
1
1
1
1
1
1
1
1
1
1
1
1
1
1
1
1
1
1
1
1
1
1
1
1
1
1
0.999999
0.999978
0.999961
1.00004
1.00032
1.0005
0.99949
0.996372
0.993782
1.00066
1.02616
1.06078
1.05979
0.958915
0.728734
0.421705
0.14981
-0.00100699
-0.0334252
-0.0134824
0.0025138
0.00307993
-8.1688e-05
-0.000535121
3.48859e-05
8.09089e-05
-2.00472e-05
-6.87409e-06
4.94894e-06
-8.92818e-07
-2.66769e-07
2.40167e-07
-9.49926e-08
2.69224e-08
-6.13157e-09
1.18034e-09
-1.97622e-10
2.93161e-11
-3.90395e-12
4.71279e-13
-5.19652e-14
5.27388e-15
-5.27184e-16
-1.22365e-16
2.26917e-16
2.76124e-15
1.55695e-15
-3.44982e-14
-8.18367e-14
2.87993e-13
1.5307e-12
-5.50586e-13
-1.85404e-11
-2.95055e-11
1.40121e-10
5.7925e-10
-2.30676e-10
-5.98515e-09
-1.01267e-08
3.17403e-08
1.51993e-07
6.45153e-08
-1.04081e-06
-2.72816e-06
1.41147e-06
2.15258e-05
3.88796e-05
-4.38745e-05
-0.000324357
-0.000503117
0.000509647
0.00362842
0.00621807
-0.000658951
-0.0261611
-0.0607755
-0.0597947
0.0410849
0.271266
0.578295
0.85019
1.00101
1.03343
1.01348
0.997486
0.99692
1.00008
1.00054
0.999965
0.999919
1.00002
1.00001
0.999995
1
1
1
1
1
1
1
1
