-5.71724e-07
-6.26649e-08
1.63589e-06
3.88286e-06
3.85778e-06
-2.75237e-06
-1.74895e-05
-3.19501e-05
-2.37033e-05
3.41321e-05
0.000142617
0.000236544
0.000171088
-0.000212955
-0.000922872
-0.00161022
-0.00150102
0.000328434
0.00424489
0.00914693
0.0119335
0.00807033
-0.0063655
-0.0315982
-0.0613809
-0.0823221
-0.0765348
-0.0273348
0.0740367
0.223657
0.404594
0.591552
0.758676
0.887242
0.970113
1.01158
1.02337
1.01919
1.01016
1.00273
0.998951
0.998148
0.998776
0.999598
1.00007
1.00018
1.00011
1.00003
0.999985
0.999982
0.999992
1
1
1
1
1
1
1
1
1
1
1
1
1
1
1
1
1
1
1
1
1
1
1
1
1
1
1
1
1
1
1
1
1
1
1
1
1
1
1
1
1
1
1
1
1
1
1
1
1
1
1
1
1
1
1
1
1
1
1
1
1
1
1
1
1
1
1
1
1
1
1
1
1
1
1
1
1
1
1
0.999998
0.999996
0.999996
1
1.00002
1.00003
1.00002
0.999966
0.999857
0.999763
0.999829
1.00021
1.00092
1.00161
1.0015
0.999672
0.995755
0.990853
0.988067
0.99193
1.00637
1.0316
1.06138
1.08232
1.07653
1.02733
0.925963
0.776343
0.595406
0.408448
0.241324
0.112758
0.0298869
-0.0115787
-0.0233736
-0.0191913
-0.0101622
-0.00273267
0.0010488
0.00185166
0.00122445
0.000401601
-7.3482e-05
-0.000183508
-0.000114412
-2.69084e-05
1.54277e-05
1.84209e-05
7.64684e-06
-3.88854e-07
-2.39193e-06
-1.32224e-06
-1.12015e-07
2.93188e-07
1.88685e-07
2.22428e-08
-3.74192e-08
-2.40163e-08
-1.98165e-09
5.04808e-09
2.71707e-09
-6.05368e-11
-6.7332e-10
-2.52909e-10
6.00693e-11
8.0276e-11
1.47724e-11
-1.29998e-11
-7.52804e-12
4.90927e-13
1.7803e-12
4.07183e-13
-2.65394e-13
-1.55153e-13
1.61338e-14
3.56778e-14
4.82443e-15
-6.12295e-15
-2.20693e-15
7.78075e-16
5.70481e-16
-5.23962e-17
-1.17054e-16
-7.61279e-18
2.08003e-17
4.21661e-18
-3.08659e-18
-1.38448e-18
-1.28355e-18
-1.80504e-18
4.77041e-18
1.97492e-17
1.58604e-17
-6.43979e-17
-2.0624e-16
-1.11334e-16
7.44336e-16
2.03797e-15
7.49971e-16
-7.73448e-15
-1.93451e-14
-5.67247e-15
7.32957e-14
1.77648e-13
5.71505e-14
-6.34242e-13
-1.57753e-12
-7.09381e-13
4.95406e-12
1.34245e-11
8.90349e-12
-3.38684e-11
-1.07544e-10
-1.01848e-10
1.87752e-10
7.89268e-10
1.02496e-09
-6.3986e-10
-5.09003e-09
-8.9136e-09
-1.82759e-09
2.67202e-08
6.54269e-08
5.57914e-08
-9.18533e-08
-3.86768e-07
