0.997793
0.995567
1.00299
1.03117
1.06044
1.01312
0.802169
0.449884
0.120967
-0.0325653
-0.0305503
0.00188713
0.00470519
-0.000999293
-0.000368402
0.000267215
-8.40217e-05
1.80096e-05
-2.96484e-06
3.96311e-07
-4.44334e-08
4.26886e-09
-3.56802e-10
2.62394e-11
-1.71259e-12
9.98801e-14
-5.23339e-15
2.4743e-16
-1.05926e-17
4.11754e-19
-1.45654e-20
4.6769e-22
1.82113e-24
7.64965e-23
-5.81837e-22
-2.88225e-21
1.91246e-20
1.03627e-19
-5.47758e-19
-3.47632e-18
1.32589e-17
1.06608e-16
-2.52336e-16
-2.92519e-15
2.92364e-15
7.0131e-14
2.17661e-14
-1.42472e-12
-2.36424e-12
2.33248e-11
7.68339e-11
-2.74464e-10
-1.67241e-09
1.35798e-09
2.6289e-08
2.86222e-08
-2.81877e-07
-8.76238e-07
1.46117e-06
1.21259e-05
1.04389e-05
-8.89649e-05
-0.000278699
8.84867e-05
0.00220691
0.0044329
-0.00299283
-0.031169
-0.0604358
-0.0131245
0.197831
0.550116
0.879033
1.03257
1.03055
0.998113
0.995295
1.001
1.00037
0.999733
1.00008
0.999982
1
1
1
1
1
1
1
1
1
1
1
1
1
1
1
1
1
1
1
1
1
1
1
1
1
1
1
1
1
1
1
1
1
1
1
1
1
1
1
1
0.999999
0.999988
0.99999
1.00009
1.00028
0.999912
