0.994474
0.99645
0.998655
1.00013
1.0007
1.00065
1.00035
1.00007
0.999931
0.999907
0.999942
0.999983
1.00001
1.00001
1.00001
1
0.999999
0.999998
0.999999
1
1
1
1
1
1
1
1
1
1
1
1
1
1
1
1
1
1
1
1
1
1
1
1
1
1
1
1
1
1
1
1
1
1
1
1
1
1
1
1
1
1
1
1
1
1
1
1
1
1
1
1
1
1
1
1
1
1
1
1
1
1
1
1
1
1
1
0.999999
0.999998
0.999999
1
1.00001
1.00001
1.00001
0.999983
0.999942
0.999907
0.999931
1.00007
1.00035
1.00065
1.0007
1.00013
0.998655
0.99645
0.994474
0.994556
0.998947
1.00925
1.02494
1.04193
1.05215
1.04444
1.00718
0.931872
0.81659
0.667843
0.5
0.332157
0.18341
0.0681282
-0.00717559
-0.0444373
-0.0521499
-0.0419342
-0.024938
-0.00925482
0.00105263
0.00544428
0.005526
0.00355046
0.00134536
-0.000129083
-0.000700781
-0.000646933
-0.000347443
-7.33426e-05
6.89626e-05
9.28834e-05
5.81178e-05
1.6688e-05
-7.17035e-06
-1.24158e-05
-7.95007e-06
-2.16611e-06
1.05713e-06
1.62138e-06
9.23803e-07
1.65841e-07
-1.86532e-07
-1.974e-07
-8.54344e-08
2.08708e-09
2.92815e-08
2.01836e-08
4.8408e-09
-3.00638e-09
-3.54857e-09
-1.44828e-09
1.26999e-10
5.18895e-10
2.93429e-10
3.12589e-11
-6.64253e-11
-4.95455e-11
-1.07118e-11
7.72594e-12
7.50907e-12
2.15578e-12
-8.52645e-13
-1.06297e-12
-3.51597e-13
9.52316e-14
1.4397e-13
5.02692e-14
-1.16422e-14
-1.88915e-14
-6.42968e-15
1.6533e-15
2.3342e-15
4.5072e-16
-4.89471e-16
4.5072e-16
2.3342e-15
1.6533e-15
-6.42968e-15
-1.88915e-14
-1.16422e-14
5.02692e-14
1.4397e-13
9.52316e-14
-3.51597e-13
-1.06297e-12
-8.52645e-13
2.15578e-12
7.50907e-12
7.72594e-12
-1.07118e-11
-4.95455e-11
-6.64253e-11
3.12589e-11
2.93429e-10
5.18895e-10
1.26999e-10
-1.44828e-09
-3.54857e-09
-3.00638e-09
4.8408e-09
2.01836e-08
2.92815e-08
2.08708e-09
-8.54344e-08
-1.974e-07
-1.86532e-07
1.65841e-07
9.23803e-07
1.62138e-06
1.05713e-06
-2.16611e-06
-7.95007e-06
-1.24158e-05
-7.17035e-06
1.6688e-05
5.81178e-05
9.28834e-05
6.89626e-05
-7.33426e-05
-0.000347443
-0.000646933
-0.000700781
-0.000129083
0.00134536
0.00355046
0.005526
0.00544428
0.00105263
-0.00925482
-0.024938
-0.0419342
-0.0521499
-0.0444373
-0.00717559
0.0681282
0.18341
0.332157
0.5
0.667843
0.81659
0.931872
1.00718
1.04444
1.05215
1.04193
1.02494
1.00925
0.998947
0.994556
