1
1
1
1
1
1
1
1
1
1
1
1
1
1
1
1
0.999999
0.999998
1
1.00001
1.00002
1
0.99995
0.999877
0.9999
1.00019
1.00077
1.00114
1.00021
0.997082
0.992605
0.990913
0.998643
1.02043
1.05188
1.07467
1.05956
0.978827
0.822767
0.609637
0.381066
0.184088
0.0503408
-0.0150743
-0.0297145
-0.019788
-0.00626786
0.00128915
0.00267286
0.00134906
8.60792e-05
-0.000305295
-0.000181419
-1.2679e-05
3.80648e-05
1.90171e-05
-1.31597e-06
-4.73257e-06
-1.28181e-06
6.20688e-07
4.39378e-07
-1.61226e-08
-9.12344e-08
-1.5286e-08
1.4679e-08
5.13958e-09
-1.99801e-09
-1.144e-09
2.46453e-10
2.1403e-10
-3.06791e-11
-3.6306e-11
4.51909e-12
5.73787e-12
-8.42199e-13
-8.41656e-13
1.75841e-13
1.10521e-13
-3.55777e-14
-1.18148e-14
6.41605e-15
7.19632e-16
-9.7204e-16
6.98156e-17
1.12951e-16
-3.12538e-17
-7.47433e-18
5.52164e-18
-4.2038e-19
-5.4771e-19
1.94309e-19
8.56843e-21
-2.43249e-20
6.42505e-21
6.15349e-22
-8.86631e-22
2.358e-22
8.7851e-24
-2.70026e-23
9.33385e-24
-1.39159e-24
-2.33399e-24
3.06958e-24
2.05469e-23
-1.18761e-25
-1.91413e-22
-2.50136e-22
1.38315e-21
4.0956e-21
-6.31518e-21
-4.39061e-20
-1.02224e-20
3.47412e-19
6.00347e-19
-1.86213e-18
-7.5679e-18
2.53145e-18
6.12805e-17
7.96482e-17
-3.17706e-16
-1.09604e-15
4.02471e-16
8.26045e-15
1.14567e-14
-3.50978e-14
-1.36655e-13
-1.83245e-14
8.26479e-13
1.61881e-12
-2.01608e-12
-1.33498e-11
-1.34064e-11
5.04993e-11
1.71705e-10
5.72332e-11
-8.05677e-10
-1.89145e-09
3.51298e-10
1.0175e-08
1.8935e-08
-9.90812e-09
-1.08961e-07
-1.81585e-07
1.04579e-07
1.01093e-06
1.71083e-06
-5.07665e-07
-7.99346e-06
-1.54218e-05
-3.29232e-06
5.00494e-05
0.000123198
0.00010007
-0.000194431
-0.00077158
-0.00113679
-0.000214129
0.00291835
0.007395
0.0090873
0.00135657
-0.020435
-0.0518816
-0.0746727
-0.0595581
0.0211733
0.177233
0.390363
0.618934
0.815912
0.949659
1.01507
1.02971
1.01979
1.00627
0.998711
0.997327
0.998651
0.999914
1.00031
1.00018
1.00001
0.999962
0.999981
1
1
1
0.999999
1
1
1
1
1
1
1
1
1
1
1
1
1
1
1
1
1
1
1
1
1
1
1
1
1
1
1
1
1
1
1
1
1
1
1
1
1
1
1
1
1
1
1
1
1
1
1
1
1
1
1
1
1
1
1
1
1
1
1
1
1
1
1
1
1
1
1
1
