0.00169662
0.00566979
0.00706635
-0.0032697
-0.0314372
-0.0655173
-0.0666587
0.0164173
0.209583
0.48106
0.750176
0.938386
1.01973
1.02603
1.00839
0.997795
0.997515
0.999795
1.00044
1.00009
0.999927
0.999983
1.00001
1
0.999998
1
1
1
1
1
1
1
1
1
1
1
1
1
1
1
1
1
1
1
1
1
1
1
1
1
1
1
1
1
1
1
1
1
0.999977
0.999941
0.999984
1.00025
1.00064
1.00042
0.998303
0.99433
0.992934
1.00327
1.03144
1.06552
1.06666
0.983583
0.790417
0.51894
0.249824
0.0616137
-0.019734
-0.0260282
-0.00838593
0.00220477
0.00248484
0.000205365
-0.000441541
-9.49782e-05
7.33423e-05
1.72623e-05
-1.3196e-05
-1.52554e-06
2.32477e-06
-2.24106e-07
-2.93562e-07
1.17429e-07
2.57172e-09
-1.71349e-08
6.7474e-09
-8.18497e-10
-4.56651e-10
3.42192e-10
-1.37366e-10
4.17057e-11
-1.05129e-11
2.31201e-12
-4.30784e-13
-5.0039e-14
-4.08832e-13
4.31898e-13
4.55943e-12
5.39228e-12
-2.90567e-11
-1.06236e-10
1.95921e-11
8.96753e-10
1.74591e-09
-3.06165e-09
-1.93708e-08
-2.02058e-08
8.87493e-08
3.28443e-07
1.5816e-07
-1.6717e-06
-4.67729e-06
-9.86564e-07
2.34129e-05
5.85292e-05
1.6097e-05
-0.000245177
-0.000642512
-0.000421262
