0.00450785
0.00587666
0.00450069
-0.00159435
-0.0133711
-0.0294725
-0.0452053
-0.052413
-0.0406501
0.000376909
0.0776845
0.192213
0.337427
0.5
0.662573
0.807787
0.922316
0.999623
1.04065
1.05241
1.04521
1.02947
1.01337
1.00159
0.995499
0.994123
0.995492
0.997706
0.999532
1.00051
1.00074
1.00054
1.00023
1.00001
0.999912
0.999913
0.999953
0.99999
1.00001
1.00001
1.00001
1
0.999999
0.999998
0.999999
1
1
1
1
1
1
1
1
1
1
1
1
1
1
1
1
1
1
1
1
1
1
1
1
1
1
1
1
1
1
1
1
1
1
1
1
1
1
1
1
1
1
1
1
1
1
1
1
1
1
1
1
1
1
1
1
1
1
1
1
1
1
1
1
1
0.999999
0.999998
0.999999
1
1.00001
1.00001
1.00001
0.99999
0.999953
0.999913
0.999912
1.00001
1.00023
1.00054
1.00074
1.00051
0.999532
0.997706
0.995492
0.994123
0.995499
1.00159
1.01337
1.02947
1.04521
1.05241
1.04065
0.999623
0.922316
0.807787
0.662573
0.5
0.337427
0.192213
0.0776845
0.000376909
-0.0406501
-0.052413
-0.0452053
-0.0294725
-0.0133711
-0.00159435
0.00450069
0.00587666
0.00450785
0.00229439
0.000467723
-0.000511256
-0.000735363
-0.000535625
-0.000230565
-6.3813e-06
8.81225e-05
8.71239e-05
4.71377e-05
9.52258e-06
-9.60644e-06
-1.23094e-05
-7.27679e-06
-1.74499e-06
1.19335e-06
1.65067e-06
9.4692e-07
1.88594e-07
-1.82233e-07
-2.11726e-07
-1.03706e-07
-7.98193e-09
2.90636e-08
2.46199e-08
8.66784e-09
-1.73684e-09
-4.07972e-09
-2.35151e-09
-3.52285e-10
4.99138e-10
4.52073e-10
1.50395e-10
-3.87922e-11
-7.12917e-11
-3.44994e-11
-7.3864e-13
9.75819e-12
6.28895e-12
1.01979e-12
-1.19727e-12
-1.00715e-12
-2.54172e-13
1.35396e-13
1.48608e-13
4.6713e-14
-1.4787e-14
-2.11404e-14
-7.54112e-15
2.65466e-15
5.60782e-15
2.65466e-15
-7.54112e-15
-2.11404e-14
-1.4787e-14
4.6713e-14
1.48608e-13
1.35396e-13
-2.54172e-13
-1.00715e-12
-1.19727e-12
1.01979e-12
6.28895e-12
9.75819e-12
-7.3864e-13
-3.44994e-11
-7.12917e-11
-3.87922e-11
1.50395e-10
4.52073e-10
4.99138e-10
-3.52285e-10
-2.35151e-09
-4.07972e-09
-1.73684e-09
8.66784e-09
2.46199e-08
2.90636e-08
-7.98193e-09
-1.03706e-07
-2.11726e-07
-1.82233e-07
1.88594e-07
9.4692e-07
1.65067e-06
1.19335e-06
-1.74499e-06
-7.27679e-06
-1.23094e-05
-9.60644e-06
9.52258e-06
4.71377e-05
8.71239e-05
8.81225e-05
-6.3813e-06
-0.000230565
-0.000535625
-0.000735363
-0.000511256
0.000467723
0.00229439
