1
1
1
1
1
1
1
1
1
1
1
1
1
1
1
1
1
1
1
1
1
1
1
1
1
1
1
1
1
0.999995
0.99997
0.999967
1.0001
1.00042
1.00042
0.998873
0.995374
0.994068
1.00498
1.03473
1.06634
1.0481
0.919041
0.666091
0.358536
0.108723
-0.0145648
-0.031176
-0.00936748
0.00339947
0.00246349
-0.000326672
-0.000437564
7.17999e-05
6.15207e-05
-2.2014e-05
-3.67215e-06
4.23101e-06
-1.03361e-06
-1.23894e-07
1.89386e-07
-8.36399e-08
2.53161e-08
-6.06712e-09
1.22052e-09
-2.12741e-10
3.27798e-11
-4.52756e-12
5.66368e-13
-6.46736e-14
6.78868e-15
-7.47153e-16
-1.25315e-16
9.64721e-16
4.23553e-15
-5.63604e-15
-6.53509e-14
-4.69398e-14
7.14416e-13
1.88761e-12
-4.62556e-12
-2.97798e-11
-8.27512e-12
2.91434e-10
6.62504e-10
-1.46399e-09
-9.10962e-09
-5.76301e-09
6.58363e-08
1.86048e-07
-1.21483e-07
-1.66271e-06
-2.74007e-06
5.41819e-06
2.99752e-05
3.32714e-05
-0.000102496
-0.000420443
-0.000422155
0.00112741
0.00462603
0.0059316
-0.00498099
-0.0347302
-0.0663364
-0.0480976
0.0809587
0.333909
0.641464
0.891277
1.01456
1.03118
1.00937
0.996601
0.997537
1.00033
1.00044
0.999928
0.999938
1.00002
1
0.999996
1
1
1
1
1
1
