3.50571e-07
3.57336e-07
-1.24169e-06
-4.80222e-06
-4.13658e-06
1.56507e-05
5.65466e-05
5.44797e-05
-0.000135756
-0.000556523
-0.000722801
0.000557246
0.00409806
0.00765451
0.0039545
-0.0157222
-0.0500057
-0.0747676
-0.044557
0.0824369
0.30871
0.582344
0.822934
0.971943
1.02515
1.02152
1.00512
0.997438
0.997991
0.999944
1.00039
1.00008
0.999936
0.999983
1.00001
1
0.999998
1
1
1
1
1
1
1
1
1
1
1
1
1
1
1
1
1
1
1
1
1
1
1
1
1
1
1
1
1
1
1
1
0.999984
0.999943
0.999946
1.00014
1.00056
1.00072
0.999443
0.995902
0.992345
0.996046
1.01572
1.05001
1.07477
1.04456
0.917563
0.69129
0.417656
0.177066
0.0280571
-0.0251473
-0.0215195
-0.00511852
0.00256236
0.00200891
5.60608e-05
-0.000386688
-7.50608e-05
6.38252e-05
1.70155e-05
-1.11361e-05
-2.36293e-06
2.06478e-06
8.79456e-08
-3.38997e-07
6.38881e-08
3.30586e-08
-1.94347e-08
2.0901e-09
1.86697e-09
-1.06524e-09
2.40841e-10
1.8264e-11
-3.96198e-11
1.97871e-11
-6.8404e-12
1.70361e-12
-1.08661e-12
8.01063e-13
6.78859e-12
8.24742e-12
-3.83351e-11
-1.46157e-10
-1.36711e-11
1.0676e-09
2.39119e-09
-2.38689e-09
-2.15939e-08
-3.13439e-08
7.01415e-08
