1.2666e-09
2.76773e-09
-2.64123e-09
-2.4131e-08
-3.60374e-08
7.08721e-08
3.75181e-07
4.23672e-07
-1.16983e-06
-4.95427e-06
-5.07154e-06
1.36163e-05
5.60096e-05
6.48219e-05
-0.000103328
-0.000521128
-0.000787027
0.000224079
0.00350927
0.0074903
0.00575947
-0.010604
-0.0431112
-0.0730771
-0.0594117
0.0419715
0.244458
0.509714
0.763054
0.93833
1.01629
1.02539
1.01009
0.998994
0.997387
0.99934
1.00036
1.00021
0.999964
0.999958
1
1.00001
0.999999
0.999999
1
1
1
1
1
1
1
1
1
1
1
1
1
1
1
1
1
1
1
1
1
1
1
1
1
1
1
1
1
1
1.00001
0.999986
0.999944
0.999935
1.0001
1.00052
1.00079
0.999776
0.996491
0.99251
0.994241
1.0106
1.04311
1.07308
1.05941
0.958028
0.755542
0.490286
0.236946
0.0616697
-0.0162881
-0.0253933
-0.0100851
0.00100552
0.00261271
0.000660125
-0.000355373
-0.000205571
3.64306e-05
4.18568e-05
-4.54599e-06
-7.33251e-06
1.12877e-06
1.10993e-06
-3.3483e-07
-1.14373e-07
7.65238e-08
-2.7797e-09
-1.03315e-08
3.85337e-09
8.49052e-12
-5.26632e-10
2.30036e-10
-4.02194e-11
-8.86982e-12
9.76762e-12
-4.75734e-12
7.01877e-13
7.45044e-13
8.92162e-12
9.17294e-12
-4.99561e-11
-1.76315e-10
-4.48427e-12
