0.00114288
0.00228559
0.00342796
0.00456982
0.00571099
0.00685132
0.00799061
0.00912872
0.0102655
0.0114007
0.0125342
0.0136658
0.0147954
0.0159228
0.0170478
0.0181702
0.0192899
0.0204068
0.0215206
0.0226312
0.0237384
0.024842
0.025942
0.0270381
0.0281301
0.0292179
0.0303014
0.0313803
0.0324545
0.0335239
0.0345883
0.0356475
0.0367014
0.0377498
0.0387926
0.0398296
0.0408606
0.0418855
0.0429041
0.0439164
0.0449221
0.045921
0.0469131
0.0478982
0.0488762
0.0498468
0.05081
0.0517656
0.0527134
0.0536534
0.0545854
0.0555092
0.0564247
0.0573318
0.0582303
0.0591201
0.0600011
0.0608731
0.061736
0.0625897
0.063434
0.0642689
0.0650941
0.0659097
0.0667154
0.0675111
0.0682967
0.0690721
0.0698372
0.0705919
0.071336
0.0720694
0.0727921
0.0735039
0.0742048
0.0748945
0.075573
0.0762403
0.0768961
0.0775405
0.0781733
0.0787944
0.0794037
0.0800012
0.0805867
0.0811602
0.0817215
0.0822706
0.0828075
0.0833319
0.0838439
0.0843434
0.0848303
0.0853045
0.085766
0.0862146
0.0866504
0.0870732
0.087483
0.0878797
0.0882633
0.0886337
0.0889908
0.0893347
0.0896652
0.0899823
0.090286
0.0905762
0.0908528
0.0911159
0.0913653
0.0916011
0.0918233
0.0920316
0.0922263
0.0924071
0.0925742
0.0927274
0.0928668
0.0929923
0.0931039
0.0932015
0.0932853
0.0933551
0.093411
0.0934529
0.0934808
0.0934948
0.0934948
0.0934808
0.0934529
0.093411
0.0933551
0.0932853
0.0932015
0.0931039
0.0929923
0.0928668
0.0927274
0.0925742
0.0924071
0.0922263
0.0920316
0.0918233
0.0916011
0.0913653
0.0911159
0.0908528
0.0905762
0.090286
0.0899823
0.0896652
0.0893347
0.0889908
0.0886337
0.0882633
0.0878797
0.087483
0.0870732
0.0866504
0.0862146
0.085766
0.0853045
0.0848303
0.0843434
0.0838439
0.0833319
0.0828075
0.0822706
0.0817215
0.0811602
0.0805867
0.0800012
0.0794037
0.0787944
0.0781733
0.0775405
0.0768961
0.0762403
0.075573
0.0748945
0.0742048
0.0735039
0.0727921
0.0720694
0.071336
0.0705919
0.0698372
0.0690721
0.0682967
0.0675111
0.0667154
0.0659097
0.0650941
0.0642689
0.063434
0.0625897
0.061736
0.0608731
0.0600011
0.0591201
0.0582303
0.0573318
0.0564247
0.0555092
0.0545854
0.0536534
0.0527134
0.0517656
0.05081
0.0498468
0.0488762
0.0478982
0.0469131
0.045921
0.0449221
0.0439164
0.0429041
0.0418855
0.0408606
0.0398296
0.0387926
0.0377498
0.0367014
0.0356475
0.0345883
0.0335239
0.0324545
0.0313803
0.0303014
0.0292179
0.0281301
0.0270381
0.025942
0.024842
0.0237384
0.0226312
0.0215206
0.0204068
0.0192899
0.0181702
0.0170478
0.0159228
0.0147954
0.0136658
0.0125342
0.0114007
0.0102655
0.00912872
0.00799061
0.00685132
0.00571099
0.00456982
0.00342796
0.00228559
0.00114288
