0.00110436
0.00220856
0.00331243
0.00441581
0.00551852
0.00662041
0.00772131
0.00882106
0.00991949
0.0110164
0.0121117
0.0132052
0.0142967
0.0153861
0.0164732
0.0175578
0.0186398
0.019719
0.0207953
0.0218685
0.0229384
0.0240048
0.0250677
0.0261268
0.027182
0.0282332
0.0292802
0.0303227
0.0313608
0.0323941
0.0334226
0.0344461
0.0354645
0.0364776
0.0374852
0.0384872
0.0394835
0.0404739
0.0414582
0.0424363
0.0434081
0.0443734
0.0453321
0.046284
0.0472289
0.0481669
0.0490976
0.050021
0.0509369
0.0518452
0.0527457
0.0536384
0.0545231
0.0553996
0.0562678
0.0571276
0.0579789
0.0588215
0.0596554
0.0604803
0.0612962
0.0621029
0.0629004
0.0636884
0.0644669
0.0652358
0.065995
0.0667443
0.0674836
0.0682128
0.0689318
0.0696406
0.0703389
0.0710267
0.0717039
0.0723704
0.0730261
0.0736709
0.0743046
0.0749273
0.0755387
0.0761389
0.0767277
0.077305
0.0778708
0.0784249
0.0789673
0.079498
0.0800167
0.0805235
0.0810182
0.0815009
0.0819714
0.0824296
0.0828755
0.083309
0.0837301
0.0841386
0.0845346
0.084918
0.0852886
0.0856466
0.0859917
0.086324
0.0866433
0.0869498
0.0872432
0.0875236
0.0877909
0.0880451
0.0882862
0.088514
0.0887286
0.08893
0.0891181
0.0892929
0.0894543
0.0896023
0.089737
0.0898583
0.0899661
0.0900605
0.0901414
0.0902089
0.0902628
0.0903033
0.0903303
0.0903438
0.0903438
0.0903303
0.0903033
0.0902628
0.0902089
0.0901414
0.0900605
0.0899661
0.0898583
0.089737
0.0896023
0.0894543
0.0892929
0.0891181
0.08893
0.0887286
0.088514
0.0882862
0.0880451
0.0877909
0.0875236
0.0872432
0.0869498
0.0866433
0.086324
0.0859917
0.0856466
0.0852886
0.084918
0.0845346
0.0841386
0.0837301
0.083309
0.0828755
0.0824296
0.0819714
0.0815009
0.0810182
0.0805235
0.0800167
0.079498
0.0789673
0.0784249
0.0778708
0.077305
0.0767277
0.0761389
0.0755387
0.0749273
0.0743046
0.0736709
0.0730261
0.0723704
0.0717039
0.0710267
0.0703389
0.0696406
0.0689318
0.0682128
0.0674836
0.0667443
0.065995
0.0652358
0.0644669
0.0636884
0.0629004
0.0621029
0.0612962
0.0604803
0.0596554
0.0588215
0.0579789
0.0571276
0.0562678
0.0553996
0.0545231
0.0536384
0.0527457
0.0518452
0.0509369
0.050021
0.0490976
0.0481669
0.0472289
0.046284
0.0453321
0.0443734
0.0434081
0.0424363
0.0414582
0.0404739
0.0394835
0.0384872
0.0374852
0.0364776
0.0354645
0.0344461
0.0334226
0.0323941
0.0313608
0.0303227
0.0292802
0.0282332
0.027182
0.0261268
0.0250677
0.0240048
0.0229384
0.0218685
0.0207953
0.019719
0.0186398
0.0175578
0.0164732
0.0153861
0.0142967
0.0132052
0.0121117
0.0110164
0.00991949
0.00882106
0.00772131
0.00662041
0.00551852
0.00441581
0.00331243
0.00220856
0.00110436
