0.00135658
0.00271296
0.00406893
0.00542429
0.00677885
0.00813239
0.00948471
0.0108356
0.0121849
0.0135324
0.0148778
0.0162211
0.0175618
0.0189
0.0202354
0.0215677
0.0228968
0.0242225
0.0255446
0.0268628
0.028177
0.0294871
0.0307927
0.0320937
0.0333899
0.0346811
0.0359672
0.0372479
0.038523
0.0397923
0.0410557
0.042313
0.0435639
0.0448084
0.0460461
0.047277
0.0485008
0.0497173
0.0509264
0.052128
0.0533217
0.0545074
0.055685
0.0568543
0.0580151
0.0591672
0.0603105
0.0614448
0.0625699
0.0636856
0.0647919
0.0658884
0.0669751
0.0680518
0.0691183
0.0701745
0.0712202
0.0722553
0.0732795
0.0742928
0.0752951
0.076286
0.0772656
0.0782336
0.0791899
0.0801344
0.0810669
0.0819874
0.0828955
0.0837913
0.0846745
0.0855451
0.0864029
0.0872478
0.0880797
0.0888984
0.0897038
0.0904959
0.0912744
0.0920392
0.0927903
0.0935275
0.0942508
0.09496
0.095655
0.0963357
0.097002
0.0976538
0.098291
0.0989135
0.0995213
0.100114
0.100692
0.101255
0.101803
0.102335
0.102852
0.103354
0.103841
0.104312
0.104767
0.105207
0.105631
0.106039
0.106431
0.106807
0.107168
0.107512
0.107841
0.108153
0.108449
0.108729
0.108993
0.10924
0.109471
0.109686
0.109884
0.110066
0.110231
0.11038
0.110513
0.110629
0.110728
0.110811
0.110877
0.110927
0.11096
0.110977
0.110977
0.11096
0.110927
0.110877
0.110811
0.110728
0.110629
0.110513
0.11038
0.110231
0.110066
0.109884
0.109686
0.109471
0.10924
0.108993
0.108729
0.108449
0.108153
0.107841
0.107512
0.107168
0.106807
0.106431
0.106039
0.105631
0.105207
0.104767
0.104312
0.103841
0.103354
0.102852
0.102335
0.101803
0.101255
0.100692
0.100114
0.0995213
0.0989135
0.098291
0.0976538
0.097002
0.0963357
0.095655
0.09496
0.0942508
0.0935275
0.0927903
0.0920392
0.0912744
0.0904959
0.0897038
0.0888984
0.0880797
0.0872478
0.0864029
0.0855451
0.0846745
0.0837913
0.0828955
0.0819874
0.0810669
0.0801344
0.0791899
0.0782336
0.0772656
0.076286
0.0752951
0.0742928
0.0732795
0.0722553
0.0712202
0.0701745
0.0691183
0.0680518
0.0669751
0.0658884
0.0647919
0.0636856
0.0625699
0.0614448
0.0603105
0.0591672
0.0580151
0.0568543
0.055685
0.0545074
0.0533217
0.052128
0.0509264
0.0497173
0.0485008
0.047277
0.0460461
0.0448084
0.0435639
0.042313
0.0410557
0.0397923
0.038523
0.0372479
0.0359672
0.0346811
0.0333899
0.0320937
0.0307927
0.0294871
0.028177
0.0268628
0.0255446
0.0242225
0.0228968
0.0215677
0.0202354
0.0189
0.0175618
0.0162211
0.0148778
0.0135324
0.0121849
0.0108356
0.00948471
0.00813239
0.00677885
0.00542429
0.00406893
0.00271296
0.00135658
