0.0022687
0.00453706
0.00680475
0.00907141
0.0113367
0.0136003
0.0158619
0.0181211
0.0203777
0.0226311
0.0248812
0.0271276
0.0293699
0.0316078
0.033841
0.0360691
0.0382919
0.0405089
0.0427199
0.0449245
0.0471224
0.0493132
0.0514967
0.0536724
0.0558402
0.0579996
0.0601504
0.0622921
0.0644246
0.0665474
0.0686603
0.0707629
0.0728549
0.0749361
0.0770061
0.0790645
0.0811112
0.0831457
0.0851678
0.0871771
0.0891735
0.0911565
0.0931259
0.0950814
0.0970227
0.0989495
0.100861
0.102758
0.10464
0.106506
0.108356
0.11019
0.112007
0.113808
0.115591
0.117358
0.119106
0.120837
0.12255
0.124245
0.125921
0.127578
0.129217
0.130836
0.132435
0.134014
0.135574
0.137113
0.138632
0.14013
0.141607
0.143063
0.144498
0.145911
0.147302
0.148671
0.150018
0.151343
0.152645
0.153924
0.15518
0.156413
0.157622
0.158808
0.159971
0.161109
0.162223
0.163313
0.164379
0.16542
0.166436
0.167428
0.168394
0.169336
0.170252
0.171142
0.172007
0.172847
0.17366
0.174448
0.175209
0.175944
0.176653
0.177336
0.177992
0.178622
0.179224
0.179801
0.18035
0.180872
0.181367
0.181835
0.182276
0.18269
0.183076
0.183435
0.183767
0.184071
0.184348
0.184597
0.184818
0.185012
0.185178
0.185317
0.185428
0.185511
0.185566
0.185594
0.185594
0.185566
0.185511
0.185428
0.185317
0.185178
0.185012
0.184818
0.184597
0.184348
0.184071
0.183767
0.183435
0.183076
0.18269
0.182276
0.181835
0.181367
0.180872
0.18035
0.179801
0.179224
0.178622
0.177992
0.177336
0.176653
0.175944
0.175209
0.174448
0.17366
0.172847
0.172007
0.171142
0.170252
0.169336
0.168394
0.167428
0.166436
0.16542
0.164379
0.163313
0.162223
0.161109
0.159971
0.158808
0.157622
0.156413
0.15518
0.153924
0.152645
0.151343
0.150018
0.148671
0.147302
0.145911
0.144498
0.143063
0.141607
0.14013
0.138632
0.137113
0.135574
0.134014
0.132435
0.130836
0.129217
0.127578
0.125921
0.124245
0.12255
0.120837
0.119106
0.117358
0.115591
0.113808
0.112007
0.11019
0.108356
0.106506
0.10464
0.102758
0.100861
0.0989495
0.0970227
0.0950814
0.0931259
0.0911565
0.0891735
0.0871771
0.0851678
0.0831457
0.0811112
0.0790645
0.0770061
0.0749361
0.0728549
0.0707629
0.0686603
0.0665474
0.0644246
0.0622921
0.0601504
0.0579996
0.0558402
0.0536724
0.0514967
0.0493132
0.0471224
0.0449245
0.0427199
0.0405089
0.0382919
0.0360691
0.033841
0.0316078
0.0293699
0.0271276
0.0248812
0.0226311
0.0203777
0.0181211
0.0158619
0.0136003
0.0113367
0.00907141
0.00680475
0.00453706
0.0022687
