0.00172452
0.00344878
0.00517252
0.00689549
0.00861743
0.0103381
0.0120572
0.0137745
0.0154897
0.0172027
0.018913
0.0206206
0.022325
0.0240261
0.0257237
0.0274174
0.029107
0.0307922
0.0324728
0.0341486
0.0358193
0.0374846
0.0391444
0.0407982
0.042446
0.0440875
0.0457223
0.0473503
0.0489713
0.0505849
0.052191
0.0537893
0.0553795
0.0569614
0.0585349
0.0600996
0.0616553
0.0632018
0.0647389
0.0662663
0.0677838
0.0692911
0.0707881
0.0722745
0.0737502
0.0752148
0.0766681
0.0781101
0.0795403
0.0809586
0.0823649
0.0837589
0.0851403
0.086509
0.0878648
0.0892074
0.0905368
0.0918526
0.0931546
0.0944428
0.0957168
0.0969766
0.0982218
0.0994524
0.100668
0.101869
0.103054
0.104224
0.105379
0.106517
0.10764
0.108747
0.109837
0.110912
0.111969
0.11301
0.114034
0.11504
0.11603
0.117002
0.117957
0.118894
0.119814
0.120715
0.121599
0.122464
0.123311
0.12414
0.12495
0.125741
0.126514
0.127267
0.128002
0.128718
0.129414
0.130091
0.130748
0.131386
0.132005
0.132603
0.133182
0.133741
0.13428
0.134799
0.135298
0.135776
0.136234
0.136672
0.13709
0.137487
0.137863
0.138219
0.138554
0.138868
0.139162
0.139435
0.139687
0.139918
0.140128
0.140318
0.140486
0.140634
0.14076
0.140865
0.14095
0.141013
0.141055
0.141076
0.141076
0.141055
0.141013
0.14095
0.140865
0.14076
0.140634
0.140486
0.140318
0.140128
0.139918
0.139687
0.139435
0.139162
0.138868
0.138554
0.138219
0.137863
0.137487
0.13709
0.136672
0.136234
0.135776
0.135298
0.134799
0.13428
0.133741
0.133182
0.132603
0.132005
0.131386
0.130748
0.130091
0.129414
0.128718
0.128002
0.127267
0.126514
0.125741
0.12495
0.12414
0.123311
0.122464
0.121599
0.120715
0.119814
0.118894
0.117957
0.117002
0.11603
0.11504
0.114034
0.11301
0.111969
0.110912
0.109837
0.108747
0.10764
0.106517
0.105379
0.104224
0.103054
0.101869
0.100668
0.0994524
0.0982218
0.0969766
0.0957168
0.0944428
0.0931546
0.0918526
0.0905368
0.0892074
0.0878648
0.086509
0.0851403
0.0837589
0.0823649
0.0809586
0.0795403
0.0781101
0.0766681
0.0752148
0.0737502
0.0722745
0.0707881
0.0692911
0.0677838
0.0662663
0.0647389
0.0632018
0.0616553
0.0600996
0.0585349
0.0569614
0.0553795
0.0537893
0.052191
0.0505849
0.0489713
0.0473503
0.0457223
0.0440875
0.042446
0.0407982
0.0391444
0.0374846
0.0358193
0.0341486
0.0324728
0.0307922
0.029107
0.0274174
0.0257237
0.0240261
0.022325
0.0206206
0.018913
0.0172027
0.0154897
0.0137745
0.0120572
0.0103381
0.00861743
0.00689549
0.00517252
0.00344878
0.00172452
