0.0062742
0.0125475
0.0188192
0.0250883
0.0313539
0.0376153
0.0438716
0.0501219
0.0563655
0.0626013
0.0688286
0.0750465
0.0812542
0.0874509
0.0936356
0.0998075
0.105966
0.11211
0.118238
0.12435
0.130446
0.136523
0.142582
0.148621
0.154639
0.160637
0.166612
0.172564
0.178493
0.184397
0.190275
0.196127
0.201952
0.207749
0.213517
0.219255
0.224963
0.230639
0.236284
0.241895
0.247472
0.253015
0.258522
0.263993
0.269427
0.274823
0.28018
0.285497
0.290775
0.29601
0.301204
0.306355
0.311463
0.316526
0.321544
0.326516
0.331441
0.336319
0.341148
0.345929
0.350659
0.355339
0.359968
0.364544
0.369068
0.373538
0.377954
0.382315
0.38662
0.390869
0.39506
0.399194
0.403269
0.407285
0.411241
0.415136
0.41897
0.422743
0.426452
0.430099
0.433682
0.4372
0.440654
0.444041
0.447363
0.450618
0.453805
0.456924
0.459975
0.462957
0.46587
0.468712
0.471484
0.474185
0.476814
0.479371
0.481856
0.484267
0.486606
0.48887
0.491061
0.493176
0.495217
0.497182
0.499072
0.500885
0.502623
0.504283
0.505866
0.507372
0.508801
0.510151
0.511424
0.512618
0.513733
0.51477
0.515727
0.516606
0.517405
0.518125
0.518765
0.519325
0.519805
0.520206
0.520526
0.520767
0.520927
0.521007
0.521007
0.520927
0.520767
0.520526
0.520206
0.519805
0.519325
0.518765
0.518125
0.517405
0.516606
0.515727
0.51477
0.513733
0.512618
0.511424
0.510151
0.508801
0.507372
0.505866
0.504283
0.502623
0.500885
0.499072
0.497182
0.495217
0.493176
0.491061
0.48887
0.486606
0.484267
0.481856
0.479371
0.476814
0.474185
0.471484
0.468712
0.46587
0.462957
0.459975
0.456924
0.453805
0.450618
0.447363
0.444041
0.440654
0.4372
0.433682
0.430099
0.426452
0.422743
0.41897
0.415136
0.411241
0.407285
0.403269
0.399194
0.39506
0.390869
0.38662
0.382315
0.377954
0.373538
0.369068
0.364544
0.359968
0.355339
0.350659
0.345929
0.341148
0.336319
0.331441
0.326516
0.321544
0.316526
0.311463
0.306355
0.301204
0.29601
0.290775
0.285497
0.28018
0.274823
0.269427
0.263993
0.258522
0.253015
0.247472
0.241895
0.236284
0.230639
0.224963
0.219255
0.213517
0.207749
0.201952
0.196127
0.190275
0.184397
0.178493
0.172564
0.166612
0.160637
0.154639
0.148621
0.142582
0.136523
0.130446
0.12435
0.118238
0.11211
0.105966
0.0998075
0.0936356
0.0874509
0.0812542
0.0750465
0.0688286
0.0626013
0.0563655
0.0501219
0.0438716
0.0376153
0.0313539
0.0250883
0.0188192
0.0125475
0.0062742
