0.0035424
0.00708426
0.0106251
0.0141643
0.0177014
0.0212359
0.0247672
0.0282947
0.0318181
0.0353367
0.0388501
0.0423576
0.0458588
0.0493532
0.0528402
0.0563193
0.05979
0.0632517
0.0667041
0.0701464
0.0735783
0.0769992
0.0804086
0.083806
0.0871909
0.0905627
0.093921
0.0972653
0.100595
0.10391
0.107209
0.110492
0.113759
0.117009
0.120241
0.123455
0.126651
0.129828
0.132986
0.136123
0.139241
0.142337
0.145413
0.148466
0.151498
0.154506
0.157492
0.160454
0.163392
0.166306
0.169195
0.172059
0.174897
0.177709
0.180494
0.183252
0.185983
0.188687
0.191362
0.194008
0.196626
0.199214
0.201772
0.2043
0.206798
0.209265
0.2117
0.214104
0.216476
0.218815
0.221122
0.223396
0.225636
0.227843
0.230016
0.232154
0.234258
0.236326
0.23836
0.240357
0.242319
0.244245
0.246134
0.247986
0.249801
0.251579
0.25332
0.255022
0.256686
0.258312
0.2599
0.261448
0.262958
0.264428
0.265859
0.26725
0.268601
0.269912
0.271182
0.272412
0.273601
0.27475
0.275857
0.276923
0.277948
0.278931
0.279873
0.280773
0.28163
0.282446
0.283219
0.28395
0.284639
0.285285
0.285889
0.28645
0.286967
0.287443
0.287875
0.288264
0.28861
0.288913
0.289172
0.289389
0.289562
0.289692
0.289778
0.289822
0.289822
0.289778
0.289692
0.289562
0.289389
0.289172
0.288913
0.28861
0.288264
0.287875
0.287443
0.286967
0.28645
0.285889
0.285285
0.284639
0.28395
0.283219
0.282446
0.28163
0.280773
0.279873
0.278931
0.277948
0.276923
0.275857
0.27475
0.273601
0.272412
0.271182
0.269912
0.268601
0.26725
0.265859
0.264428
0.262958
0.261448
0.2599
0.258312
0.256686
0.255022
0.25332
0.251579
0.249801
0.247986
0.246134
0.244245
0.242319
0.240357
0.23836
0.236326
0.234258
0.232154
0.230016
0.227843
0.225636
0.223396
0.221122
0.218815
0.216476
0.214104
0.2117
0.209265
0.206798
0.2043
0.201772
0.199214
0.196626
0.194008
0.191362
0.188687
0.185983
0.183252
0.180494
0.177709
0.174897
0.172059
0.169195
0.166306
0.163392
0.160454
0.157492
0.154506
0.151498
0.148466
0.145413
0.142337
0.139241
0.136123
0.132986
0.129828
0.126651
0.123455
0.120241
0.117009
0.113759
0.110492
0.107209
0.10391
0.100595
0.0972653
0.093921
0.0905627
0.0871909
0.083806
0.0804086
0.0769992
0.0735783
0.0701464
0.0667041
0.0632517
0.05979
0.0563193
0.0528402
0.0493532
0.0458588
0.0423576
0.0388501
0.0353367
0.0318181
0.0282947
0.0247672
0.0212359
0.0177014
0.0141643
0.0106251
0.00708426
0.0035424
