0.00498398
0.00996723
0.014949
0.0199286
0.0249052
0.0298781
0.0348467
0.0398101
0.0447676
0.0497185
0.054662
0.0595975
0.0645242
0.0694414
0.0743483
0.0792442
0.0841284
0.0890001
0.0938588
0.0987035
0.103534
0.108349
0.113147
0.11793
0.122694
0.127441
0.132168
0.136877
0.141564
0.146231
0.150877
0.1555
0.1601
0.164676
0.169228
0.173755
0.178256
0.182731
0.187178
0.191598
0.19599
0.200352
0.204685
0.208987
0.213259
0.217499
0.221706
0.225881
0.230022
0.234129
0.238202
0.242238
0.246239
0.250204
0.254131
0.25802
0.261872
0.265684
0.269456
0.273189
0.276881
0.280532
0.284141
0.287708
0.291232
0.294712
0.298149
0.301542
0.304889
0.308191
0.311447
0.314657
0.31782
0.320935
0.324003
0.327022
0.329992
0.332914
0.335785
0.338606
0.341377
0.344097
0.346766
0.349382
0.351947
0.354459
0.356918
0.359324
0.361676
0.363973
0.366217
0.368405
0.370539
0.372617
0.374639
0.376606
0.378516
0.380369
0.382165
0.383904
0.385586
0.38721
0.388776
0.390284
0.391733
0.393123
0.394455
0.395727
0.39694
0.398094
0.399188
0.400222
0.401196
0.40211
0.402964
0.403757
0.40449
0.405162
0.405773
0.406324
0.406813
0.407242
0.407609
0.407915
0.408161
0.408344
0.408467
0.408528
0.408528
0.408467
0.408344
0.408161
0.407915
0.407609
0.407242
0.406813
0.406324
0.405773
0.405162
0.40449
0.403757
0.402964
0.40211
0.401196
0.400222
0.399188
0.398094
0.39694
0.395727
0.394455
0.393123
0.391733
0.390284
0.388776
0.38721
0.385586
0.383904
0.382165
0.380369
0.378516
0.376606
0.374639
0.372617
0.370539
0.368405
0.366217
0.363973
0.361676
0.359324
0.356918
0.354459
0.351947
0.349382
0.346766
0.344097
0.341377
0.338606
0.335785
0.332914
0.329992
0.327022
0.324003
0.320935
0.31782
0.314657
0.311447
0.308191
0.304889
0.301542
0.298149
0.294712
0.291232
0.287708
0.284141
0.280532
0.276881
0.273189
0.269456
0.265684
0.261872
0.25802
0.254131
0.250204
0.246239
0.242238
0.238202
0.234129
0.230022
0.225881
0.221706
0.217499
0.213259
0.208987
0.204685
0.200352
0.19599
0.191598
0.187178
0.182731
0.178256
0.173755
0.169228
0.164676
0.1601
0.1555
0.150877
0.146231
0.141564
0.136877
0.132168
0.127441
0.122694
0.11793
0.113147
0.108349
0.103534
0.0987035
0.0938588
0.0890001
0.0841284
0.0792442
0.0743483
0.0694414
0.0645242
0.0595975
0.054662
0.0497185
0.0447676
0.0398101
0.0348467
0.0298781
0.0249052
0.0199286
0.014949
0.00996723
0.00498398
