0.00465674
0.00931278
0.0139674
0.01862
0.0232699
0.0279162
0.0325585
0.0371959
0.0418277
0.0464534
0.0510722
0.0556834
0.0602863
0.0648802
0.0694646
0.0740386
0.0786016
0.083153
0.087692
0.092218
0.0967303
0.101228
0.105711
0.110178
0.114629
0.119063
0.123479
0.127877
0.132256
0.136615
0.140953
0.145271
0.149568
0.153842
0.158093
0.162321
0.166524
0.170703
0.174856
0.178984
0.183084
0.187158
0.191204
0.195221
0.199209
0.203168
0.207096
0.210994
0.21486
0.218694
0.222495
0.226264
0.229999
0.233699
0.237365
0.240995
0.24459
0.248148
0.251669
0.255152
0.258598
0.262005
0.265373
0.268701
0.271989
0.275237
0.278444
0.281609
0.284732
0.287813
0.290851
0.293845
0.296795
0.299702
0.302563
0.30538
0.30815
0.310875
0.313553
0.316185
0.318769
0.321306
0.323794
0.326235
0.328626
0.330969
0.333262
0.335505
0.337698
0.339841
0.341932
0.343973
0.345962
0.3479
0.349785
0.351618
0.353399
0.355127
0.356801
0.358422
0.35999
0.361504
0.362963
0.364369
0.36572
0.367016
0.368257
0.369443
0.370574
0.371649
0.372669
0.373632
0.37454
0.375392
0.376188
0.376927
0.37761
0.378236
0.378806
0.379319
0.379775
0.380174
0.380517
0.380802
0.381031
0.381202
0.381316
0.381373
0.381373
0.381316
0.381202
0.381031
0.380802
0.380517
0.380174
0.379775
0.379319
0.378806
0.378236
0.37761
0.376927
0.376188
0.375392
0.37454
0.373632
0.372669
0.371649
0.370574
0.369443
0.368257
0.367016
0.36572
0.364369
0.362963
0.361504
0.35999
0.358422
0.356801
0.355127
0.353399
0.351618
0.349785
0.3479
0.345962
0.343973
0.341932
0.339841
0.337698
0.335505
0.333262
0.330969
0.328626
0.326235
0.323794
0.321306
0.318769
0.316185
0.313553
0.310875
0.30815
0.30538
0.302563
0.299702
0.296795
0.293845
0.290851
0.287813
0.284732
0.281609
0.278444
0.275237
0.271989
0.268701
0.265373
0.262005
0.258598
0.255152
0.251669
0.248148
0.24459
0.240995
0.237365
0.233699
0.229999
0.226264
0.222495
0.218694
0.21486
0.210994
0.207096
0.203168
0.199209
0.195221
0.191204
0.187158
0.183084
0.178984
0.174856
0.170703
0.166524
0.162321
0.158093
0.153842
0.149568
0.145271
0.140953
0.136615
0.132256
0.127877
0.123479
0.119063
0.114629
0.110178
0.105711
0.101228
0.0967303
0.092218
0.087692
0.083153
0.0786016
0.0740386
0.0694646
0.0648802
0.0602863
0.0556834
0.0510722
0.0464534
0.0418277
0.0371959
0.0325585
0.0279162
0.0232699
0.01862
0.0139674
0.00931278
0.00465674
