0.00126668
0.00253318
0.00379929
0.00506484
0.00632963
0.00759347
0.00885618
0.0101176
0.0113774
0.0126356
0.0138919
0.0151461
0.0163981
0.0176476
0.0188944
0.0201385
0.0213795
0.0226173
0.0238518
0.0250827
0.0263098
0.027533
0.0287521
0.0299669
0.0311772
0.0323829
0.0335837
0.0347795
0.0359701
0.0371554
0.038335
0.039509
0.040677
0.041839
0.0429947
0.044144
0.0452867
0.0464227
0.0475517
0.0486736
0.0497882
0.0508953
0.0519949
0.0530867
0.0541706
0.0552464
0.0563139
0.057373
0.0584235
0.0594653
0.0604982
0.0615221
0.0625368
0.0635421
0.064538
0.0655242
0.0665006
0.0674671
0.0684234
0.0693696
0.0703054
0.0712307
0.0721454
0.0730492
0.0739422
0.0748241
0.0756948
0.0765542
0.0774022
0.0782386
0.0790633
0.0798762
0.0806772
0.0814661
0.0822429
0.0830073
0.0837594
0.0844989
0.0852258
0.08594
0.0866413
0.0873297
0.088005
0.0886672
0.0893161
0.0899517
0.0905739
0.0911825
0.0917775
0.0923587
0.0929262
0.0934798
0.0940194
0.094545
0.0950564
0.0955537
0.0960366
0.0965052
0.0969594
0.0973991
0.0978243
0.0982348
0.0986306
0.0990117
0.0993781
0.0997295
0.100066
0.100388
0.100694
0.100986
0.101262
0.101524
0.10177
0.102001
0.102217
0.102417
0.102602
0.102772
0.102926
0.103066
0.103189
0.103297
0.10339
0.103468
0.10353
0.103576
0.103607
0.103622
0.103622
0.103607
0.103576
0.10353
0.103468
0.10339
0.103297
0.103189
0.103066
0.102926
0.102772
0.102602
0.102417
0.102217
0.102001
0.10177
0.101524
0.101262
0.100986
0.100694
0.100388
0.100066
0.0997295
0.0993781
0.0990117
0.0986306
0.0982348
0.0978243
0.0973991
0.0969594
0.0965052
0.0960366
0.0955537
0.0950564
0.094545
0.0940194
0.0934798
0.0929262
0.0923587
0.0917775
0.0911825
0.0905739
0.0899517
0.0893161
0.0886672
0.088005
0.0873297
0.0866413
0.08594
0.0852258
0.0844989
0.0837594
0.0830073
0.0822429
0.0814661
0.0806772
0.0798762
0.0790633
0.0782386
0.0774022
0.0765542
0.0756948
0.0748241
0.0739422
0.0730492
0.0721454
0.0712307
0.0703054
0.0693696
0.0684234
0.0674671
0.0665006
0.0655242
0.064538
0.0635421
0.0625368
0.0615221
0.0604982
0.0594653
0.0584235
0.057373
0.0563139
0.0552464
0.0541706
0.0530867
0.0519949
0.0508953
0.0497882
0.0486736
0.0475517
0.0464227
0.0452867
0.044144
0.0429947
0.041839
0.040677
0.039509
0.038335
0.0371554
0.0359701
0.0347795
0.0335837
0.0323829
0.0311772
0.0299669
0.0287521
0.027533
0.0263098
0.0250827
0.0238518
0.0226173
0.0213795
0.0201385
0.0188944
0.0176476
0.0163981
0.0151461
0.0138919
0.0126356
0.0113774
0.0101176
0.00885618
0.00759347
0.00632963
0.00506484
0.00379929
0.00253318
0.00126668
