0.00211836
0.00423641
0.00635382
0.00847028
0.0105855
0.0126991
0.0148108
0.0169203
0.0190273
0.0211314
0.0232324
0.0253299
0.0274236
0.0295132
0.0315984
0.0336789
0.0357544
0.0378245
0.039889
0.0419475
0.0439997
0.0460454
0.0480841
0.0501157
0.0521398
0.0541562
0.0561644
0.0581642
0.0601553
0.0621375
0.0641104
0.0660736
0.068027
0.0699703
0.0719031
0.0738251
0.0757361
0.0776358
0.0795239
0.0814002
0.0832642
0.0851158
0.0869547
0.0887806
0.0905932
0.0923923
0.0941776
0.0959488
0.0977057
0.099448
0.101175
0.102888
0.104585
0.106266
0.107931
0.109581
0.111214
0.11283
0.114429
0.116012
0.117577
0.119124
0.120654
0.122165
0.123659
0.125134
0.12659
0.128027
0.129445
0.130844
0.132223
0.133583
0.134922
0.136242
0.137541
0.138819
0.140077
0.141313
0.142529
0.143723
0.144896
0.146048
0.147177
0.148284
0.14937
0.150433
0.151473
0.152491
0.153486
0.154458
0.155407
0.156333
0.157235
0.158114
0.15897
0.159801
0.160609
0.161393
0.162152
0.162887
0.163598
0.164285
0.164947
0.165584
0.166197
0.166785
0.167348
0.167885
0.168398
0.168886
0.169348
0.169785
0.170197
0.170583
0.170944
0.171279
0.171589
0.171873
0.172131
0.172364
0.172571
0.172752
0.172907
0.173036
0.17314
0.173218
0.173269
0.173295
0.173295
0.173269
0.173218
0.17314
0.173036
0.172907
0.172752
0.172571
0.172364
0.172131
0.171873
0.171589
0.171279
0.170944
0.170583
0.170197
0.169785
0.169348
0.168886
0.168398
0.167885
0.167348
0.166785
0.166197
0.165584
0.164947
0.164285
0.163598
0.162887
0.162152
0.161393
0.160609
0.159801
0.15897
0.158114
0.157235
0.156333
0.155407
0.154458
0.153486
0.152491
0.151473
0.150433
0.14937
0.148284
0.147177
0.146048
0.144896
0.143723
0.142529
0.141313
0.140077
0.138819
0.137541
0.136242
0.134922
0.133583
0.132223
0.130844
0.129445
0.128027
0.12659
0.125134
0.123659
0.122165
0.120654
0.119124
0.117577
0.116012
0.114429
0.11283
0.111214
0.109581
0.107931
0.106266
0.104585
0.102888
0.101175
0.099448
0.0977057
0.0959488
0.0941776
0.0923923
0.0905932
0.0887806
0.0869547
0.0851158
0.0832642
0.0814002
0.0795239
0.0776358
0.0757361
0.0738251
0.0719031
0.0699703
0.068027
0.0660736
0.0641104
0.0621375
0.0601553
0.0581642
0.0561644
0.0541562
0.0521398
0.0501157
0.0480841
0.0460454
0.0439997
0.0419475
0.039889
0.0378245
0.0357544
0.0336789
0.0315984
0.0295132
0.0274236
0.0253299
0.0232324
0.0211314
0.0190273
0.0169203
0.0148108
0.0126991
0.0105855
0.00847028
0.00635382
0.00423641
0.00211836
