0.00131086
0.00262153
0.0039318
0.00524149
0.00655039
0.00785831
0.00916506
0.0104704
0.0117743
0.0130763
0.0143764
0.0156744
0.01697
0.0182631
0.0195534
0.0208408
0.0221251
0.0234061
0.0246837
0.0259575
0.0272274
0.0284933
0.0297549
0.0310121
0.0322646
0.0335123
0.034755
0.0359925
0.0372247
0.0384512
0.0396721
0.040887
0.0420958
0.0432982
0.0444943
0.0456837
0.0468662
0.0480418
0.0492101
0.0503711
0.0515246
0.0526704
0.0538084
0.0549382
0.0560599
0.0571732
0.058278
0.059374
0.0604612
0.0615393
0.0626082
0.0636678
0.0647179
0.0657583
0.0667889
0.0678095
0.0688199
0.0698201
0.0708099
0.071789
0.0727575
0.073715
0.0746616
0.075597
0.0765211
0.0774338
0.0783348
0.0792242
0.0801018
0.0809674
0.0818208
0.0826621
0.083491
0.0843074
0.0851113
0.0859024
0.0866807
0.087446
0.0881982
0.0889373
0.0896631
0.0903755
0.0910744
0.0917597
0.0924312
0.093089
0.0937328
0.0943627
0.0949784
0.09558
0.0961672
0.0967401
0.0972985
0.0978424
0.0983717
0.0988863
0.0993861
0.0998711
0.100341
0.100796
0.101236
0.101661
0.102071
0.102465
0.102844
0.103208
0.103556
0.103889
0.104206
0.104508
0.104794
0.105065
0.105319
0.105558
0.105782
0.105989
0.106181
0.106356
0.106516
0.10666
0.106788
0.1069
0.106996
0.107076
0.10714
0.107188
0.10722
0.107237
0.107237
0.10722
0.107188
0.10714
0.107076
0.106996
0.1069
0.106788
0.10666
0.106516
0.106356
0.106181
0.105989
0.105782
0.105558
0.105319
0.105065
0.104794
0.104508
0.104206
0.103889
0.103556
0.103208
0.102844
0.102465
0.102071
0.101661
0.101236
0.100796
0.100341
0.0998711
0.0993861
0.0988863
0.0983717
0.0978424
0.0972985
0.0967401
0.0961672
0.09558
0.0949784
0.0943627
0.0937328
0.093089
0.0924312
0.0917597
0.0910744
0.0903755
0.0896631
0.0889373
0.0881982
0.087446
0.0866807
0.0859024
0.0851113
0.0843074
0.083491
0.0826621
0.0818208
0.0809674
0.0801018
0.0792242
0.0783348
0.0774338
0.0765211
0.075597
0.0746616
0.073715
0.0727575
0.071789
0.0708099
0.0698201
0.0688199
0.0678095
0.0667889
0.0657583
0.0647179
0.0636678
0.0626082
0.0615393
0.0604612
0.059374
0.058278
0.0571732
0.0560599
0.0549382
0.0538084
0.0526704
0.0515246
0.0503711
0.0492101
0.0480418
0.0468662
0.0456837
0.0444943
0.0432982
0.0420958
0.040887
0.0396721
0.0384512
0.0372247
0.0359925
0.034755
0.0335123
0.0322646
0.0310121
0.0297549
0.0284933
0.0272274
0.0259575
0.0246837
0.0234061
0.0221251
0.0208408
0.0195534
0.0182631
0.01697
0.0156744
0.0143764
0.0130763
0.0117743
0.0104704
0.00916506
0.00785831
0.00655039
0.00524149
0.0039318
0.00262153
0.00131086
