0.00308863
0.0061768
0.00926405
0.0123499
0.0154339
0.0185157
0.0215946
0.0246703
0.0277424
0.0308102
0.0338735
0.0369318
0.0399845
0.0430312
0.0460715
0.0491049
0.052131
0.0551493
0.0581594
0.0611608
0.064153
0.0671357
0.0701083
0.0730704
0.0760217
0.0789615
0.0818896
0.0848054
0.0877086
0.0905987
0.0934752
0.0963378
0.099186
0.102019
0.104837
0.10764
0.110426
0.113196
0.115949
0.118685
0.121403
0.124102
0.126784
0.129446
0.132089
0.134712
0.137315
0.139898
0.142459
0.145
0.147518
0.150015
0.152489
0.154941
0.157369
0.159774
0.162155
0.164512
0.166844
0.169151
0.171433
0.173689
0.17592
0.178124
0.180301
0.182452
0.184575
0.186671
0.188738
0.190778
0.192789
0.194771
0.196725
0.198648
0.200542
0.202407
0.20424
0.206044
0.207816
0.209558
0.211268
0.212947
0.214594
0.216208
0.217791
0.219341
0.220858
0.222342
0.223793
0.22521
0.226594
0.227944
0.22926
0.230542
0.231789
0.233001
0.234179
0.235322
0.236429
0.237502
0.238538
0.23954
0.240505
0.241434
0.242328
0.243185
0.244005
0.24479
0.245537
0.246248
0.246923
0.24756
0.24816
0.248723
0.24925
0.249738
0.25019
0.250604
0.250981
0.25132
0.251621
0.251885
0.252112
0.2523
0.252451
0.252565
0.25264
0.252678
0.252678
0.25264
0.252565
0.252451
0.2523
0.252112
0.251885
0.251621
0.25132
0.250981
0.250604
0.25019
0.249738
0.24925
0.248723
0.24816
0.24756
0.246923
0.246248
0.245537
0.24479
0.244005
0.243185
0.242328
0.241434
0.240505
0.23954
0.238538
0.237502
0.236429
0.235322
0.234179
0.233001
0.231789
0.230542
0.22926
0.227944
0.226594
0.22521
0.223793
0.222342
0.220858
0.219341
0.217791
0.216208
0.214594
0.212947
0.211268
0.209558
0.207816
0.206044
0.20424
0.202407
0.200542
0.198648
0.196725
0.194771
0.192789
0.190778
0.188738
0.186671
0.184575
0.182452
0.180301
0.178124
0.17592
0.173689
0.171433
0.169151
0.166844
0.164512
0.162155
0.159774
0.157369
0.154941
0.152489
0.150015
0.147518
0.145
0.142459
0.139898
0.137315
0.134712
0.132089
0.129446
0.126784
0.124102
0.121403
0.118685
0.115949
0.113196
0.110426
0.10764
0.104837
0.102019
0.099186
0.0963378
0.0934752
0.0905987
0.0877086
0.0848054
0.0818896
0.0789615
0.0760217
0.0730704
0.0701083
0.0671357
0.064153
0.0611608
0.0581594
0.0551493
0.052131
0.0491049
0.0460715
0.0430312
0.0399845
0.0369318
0.0338735
0.0308102
0.0277424
0.0246703
0.0215946
0.0185157
0.0154339
0.0123499
0.00926405
0.0061768
0.00308863
