0.000930397
0.00186066
0.00279064
0.0037202
0.00464921
0.00557752
0.006505
0.0074315
0.0083569
0.00928105
0.0102038
0.011125
0.0120446
0.0129624
0.0138782
0.014792
0.0157035
0.0166128
0.0175195
0.0184236
0.0193249
0.0202234
0.0211188
0.0220111
0.0229001
0.0237857
0.0246677
0.0255461
0.0264206
0.0272912
0.0281577
0.0290199
0.0298779
0.0307314
0.0315803
0.0324244
0.0332638
0.0340981
0.0349274
0.0357514
0.0365701
0.0373834
0.038191
0.038993
0.0397891
0.0405793
0.0413634
0.0421413
0.0429129
0.0436781
0.0444368
0.0451889
0.0459342
0.0466726
0.0474041
0.0481285
0.0488457
0.0495555
0.050258
0.050953
0.0516404
0.05232
0.0529918
0.0536557
0.0543116
0.0549594
0.055599
0.0562302
0.0568531
0.0574674
0.0580732
0.0586703
0.0592586
0.0598381
0.0604086
0.0609701
0.0615225
0.0620657
0.0625996
0.0631242
0.0636393
0.0641449
0.064641
0.0651274
0.065604
0.0660709
0.0665278
0.0669749
0.0674119
0.0678388
0.0682557
0.0686623
0.0690586
0.0694447
0.0698203
0.0701856
0.0705403
0.0708845
0.0712181
0.0715411
0.0718533
0.0721549
0.0724456
0.0727256
0.0729946
0.0732528
0.0735
0.0737362
0.0739614
0.0741756
0.0743787
0.0745706
0.0747515
0.0749211
0.0750796
0.0752268
0.0753628
0.0754875
0.075601
0.0757031
0.075794
0.0758735
0.0759417
0.0759985
0.076044
0.0760781
0.0761008
0.0761122
0.0761122
0.0761008
0.0760781
0.076044
0.0759985
0.0759417
0.0758735
0.075794
0.0757031
0.075601
0.0754875
0.0753628
0.0752268
0.0750796
0.0749211
0.0747515
0.0745706
0.0743787
0.0741756
0.0739614
0.0737362
0.0735
0.0732528
0.0729946
0.0727256
0.0724456
0.0721549
0.0718533
0.0715411
0.0712181
0.0708845
0.0705403
0.0701856
0.0698203
0.0694447
0.0690586
0.0686623
0.0682557
0.0678388
0.0674119
0.0669749
0.0665278
0.0660709
0.065604
0.0651274
0.064641
0.0641449
0.0636393
0.0631242
0.0625996
0.0620657
0.0615225
0.0609701
0.0604086
0.0598381
0.0592586
0.0586703
0.0580732
0.0574674
0.0568531
0.0562302
0.055599
0.0549594
0.0543116
0.0536557
0.0529918
0.05232
0.0516404
0.050953
0.050258
0.0495555
0.0488457
0.0481285
0.0474041
0.0466726
0.0459342
0.0451889
0.0444368
0.0436781
0.0429129
0.0421413
0.0413634
0.0405793
0.0397891
0.038993
0.038191
0.0373834
0.0365701
0.0357514
0.0349274
0.0340981
0.0332638
0.0324244
0.0315803
0.0307314
0.0298779
0.0290199
0.0281577
0.0272912
0.0264206
0.0255461
0.0246677
0.0237857
0.0229001
0.0220111
0.0211188
0.0202234
0.0193249
0.0184236
0.0175195
0.0166128
0.0157035
0.014792
0.0138782
0.0129624
0.0120446
0.011125
0.0102038
0.00928105
0.0083569
0.0074315
0.006505
0.00557752
0.00464921
0.0037202
0.00279064
0.00186066
0.000930397
