-0.000585239  -0.0768485   -0.127783  -0.0950342 -0.00336794   0.0657388   0.0659915   0.0386162   0.0628828    0.147766    0.211235    0.190954    0.123507   0.0785079   0.0716641   0.0907277    0.144647    0.223811    0.267279    0.229104    0.141812   0.0804896   0.0808379    0.101751   0.0716988  -0.0124904  -0.0691337  -0.0437012   0.0212464    0.065553   0.0661062   0.0387815
-0.0526394  -0.133092  -0.145344  -0.063056  0.0479949   0.103365  0.0926106  0.0894147   0.156916   0.255262   0.288038   0.231342   0.155944   0.124444    0.13734   0.184906    0.26748   0.345598    0.35031   0.267517    0.16352   0.112928   0.120062    0.11651  0.0461984 -0.0478114  -0.073818 -0.0151715  0.0559891  0.0863398  0.0646647  0.0170182
  -0.114265   -0.174531   -0.133908 -0.00921132    0.107162    0.147798    0.142104     0.17708    0.279514    0.369283    0.361779    0.278215    0.207842    0.197628    0.237381    0.315824    0.413821    0.468879    0.423848    0.302576    0.192668    0.152852    0.152859    0.112956   0.0108902  -0.0725737   -0.060467   0.0221822   0.0876329   0.0961147   0.0483051  -0.0226914
 -0.170682  -0.191061 -0.0956524   0.058729   0.171113   0.203648    0.21873   0.295319    0.41617   0.479958   0.432746   0.335592   0.281416   0.298887   0.368967    0.47191   0.566762   0.582151   0.485972   0.336384   0.228061   0.193484   0.172781  0.0937462  -0.024362 -0.0817344  -0.032871  0.0615348   0.110797  0.0915721  0.0167265  -0.074956
 -0.210262  -0.181374 -0.0382863   0.133064   0.237956   0.272449   0.318709   0.431042     0.5525   0.580961    0.50147   0.404222   0.375062   0.423563    0.52105   0.635829   0.710763   0.678561   0.536701   0.369608   0.266515   0.228717   0.177876   0.065262  -0.052033 -0.0753258 0.00317844  0.0966959   0.121556  0.0722938 -0.0260019  -0.129872
 -0.228946   -0.15113  0.0288046   0.206898    0.30489   0.351169     0.4325   0.569548   0.677061   0.668084   0.567183   0.482155   0.483512   0.561065    0.67719   0.790514   0.835218   0.755135   0.576798   0.402236   0.304671   0.254562   0.169773  0.0342761 -0.0683842 -0.0562961  0.0416608   0.122464   0.118337  0.0416895 -0.0723847  -0.177586
 -0.229747  -0.108747  0.0966883   0.273653   0.367875   0.434047   0.549051   0.698145   0.781558   0.738339   0.628793   0.566063   0.597995   0.696717   0.820957   0.923937   0.934869   0.811565   0.608094   0.434563   0.339546   0.268938   0.151846 0.00615524 -0.0725035 -0.0287554   0.076502   0.135139   0.103053 0.00652828  -0.114417  -0.212497
 -0.218846 -0.0623238   0.157166    0.32753   0.423634   0.515725   0.658817    0.80712   0.860577   0.791094   0.686622   0.651492   0.706956   0.815878   0.941017    1.03054    1.00857   0.850077   0.634058    0.46678   0.367867   0.271014   0.128156 -0.0151032 -0.0651281 0.00204542   0.101622   0.133977  0.0814288 -0.0253278  -0.146918  -0.234535
 -0.202016 -0.0190678   0.203196    0.36576    0.47209   0.592826   0.754198   0.889599   0.912687    0.82983   0.742271   0.731972   0.798243   0.908624    1.03332    1.10992    1.05839   0.875759   0.658741   0.497204   0.385641   0.261356   0.103447 -0.0265283 -0.0489245  0.0291813   0.112512   0.122727  0.0614715 -0.0481218  -0.169299  -0.247232
 -0.183835  0.0143826   0.231015   0.391065   0.516577   0.662839   0.828799   0.942437   0.942204   0.861663   0.795959   0.798741    0.86273   0.972535    1.09989    1.16486    1.08953    0.89546    0.68389   0.520986   0.389206   0.242805  0.0830332  -0.027067 -0.0295898  0.0452048   0.109054   0.109362   0.050204 -0.0605891  -0.184799  -0.254664
 -0.168773  0.0331805    0.24302   0.411528   0.560938   0.721938    0.87784   0.968168   0.958931   0.893392   0.843517   0.842707   0.897686    1.01211    1.14575    1.20016    1.10939   0.914425    0.70621   0.531137   0.377485   0.220803  0.0713364 -0.0194072 -0.0154947  0.0455961  0.0972401   0.103061   0.050296 -0.0661334  -0.198001  -0.259719
 -0.161307  0.0373016   0.248498   0.436647   0.605444   0.764498   0.900367    0.97565   0.974061   0.926196   0.876152   0.858247   0.907732    1.03537     1.1763     1.2218    1.12473   0.932311   0.717361   0.521866   0.353667   0.201867  0.0693167 -0.0106301 -0.0144894  0.0323681  0.0875065   0.109671  0.0586555 -0.0707586   -0.21241  -0.264323
  -0.163548   0.0337834    0.260122    0.471481    0.644866     0.78547    0.901239    0.977054    0.993724    0.953013    0.884078    0.846377    0.902399     1.04965     1.19568     1.23516      1.1375    0.941595    0.707502    0.492171    0.324551    0.190445   0.0727622 -0.00987826  -0.0292653   0.0146057   0.0898063    0.128371   0.0679372  -0.0800668   -0.229405   -0.270198
 -0.172098  0.0351036   0.287333    0.51278   0.670543   0.783879   0.890104   0.981649    1.01431   0.961105   0.861879   0.814766   0.891414    1.05872    1.20599    1.24208    1.14216   0.930261   0.670513   0.447049   0.297399   0.186108  0.0734318 -0.0236318 -0.0546283 0.00458992   0.108196   0.151774  0.0701151 -0.0969639  -0.248489  -0.278429
 -0.177511  0.0533111   0.330518   0.549928   0.675122   0.764229    0.87671   0.990005    1.02317   0.938593   0.811852   0.774075   0.880239    1.06192    1.20642    1.23846    1.12696   0.887722    0.60761   0.395264    0.27617   0.183341  0.0631032 -0.0515528 -0.0791991  0.0114682   0.138419   0.169497   0.060074  -0.120958  -0.267859  -0.287792
 -0.168125  0.0930959    0.37993   0.570234   0.656528    0.73415   0.865178   0.992712    1.00478   0.880801    0.74295   0.732743   0.868154    1.05499    1.19252    1.21459    1.07931   0.810563   0.527046   0.345089   0.259716   0.174476  0.0381938 -0.0859227 -0.0909645  0.0364093   0.170054   0.173071   0.037378  -0.148823  -0.284573   -0.29356
 -0.136524   0.148334   0.420226   0.565068   0.618381   0.699744    0.85124   0.974924   0.948722   0.792477    0.66611   0.693402   0.849528    1.03172    1.15676    1.15909   0.992462   0.704704   0.440279   0.300863   0.243175   0.154028 0.00193019  -0.115292 -0.0833036  0.0722472   0.191789   0.159345 0.00571807  -0.175782  -0.294529    -0.2886
-0.0844698   0.204577   0.437786    0.53309   0.567018   0.662118   0.824621   0.924126   0.854689   0.684981   0.589307   0.653014   0.817092   0.985785    1.09108    1.06491   0.869629   0.582917   0.357247   0.262449   0.221467    0.12159 -0.0372938   -0.13005 -0.0578033   0.107568   0.196473   0.130816 -0.0290247  -0.196569  -0.293087  -0.266837
-0.0228438   0.246016    0.42635   0.479245   0.507851   0.617685   0.775127   0.836461   0.732091    0.57096   0.515566   0.606141   0.765194   0.912601   0.991041   0.933995   0.723288   0.459635   0.283709   0.227391   0.192319  0.0816655 -0.0700911  -0.126496 -0.0224951    0.13233   0.183122  0.0934621 -0.0606684  -0.206344  -0.276728  -0.227127
  0.033573   0.262546   0.388095   0.411305     0.4439   0.561835   0.698502   0.718222   0.595435   0.460286   0.444599   0.548764   0.691619   0.811342   0.859456   0.777908   0.570347   0.346364   0.221585   0.193583   0.156926  0.0410331 -0.0900127  -0.107287  0.0127572   0.141491   0.155526  0.0541094 -0.0838328  -0.201801  -0.245149  -0.174863
 0.0731526   0.252859   0.330729   0.336969   0.377057   0.493033   0.598523   0.582498   0.459104   0.359282   0.375875   0.480133   0.597973   0.686666   0.707373    0.61399   0.426346   0.249954   0.170856   0.160358   0.118472  0.0058003 -0.0951081 -0.0788022  0.0404282   0.135083   0.119477  0.0189484 -0.0945911  -0.182523  -0.202421  -0.119946
   0.091837    0.222615    0.263638    0.263136    0.310123    0.414313    0.484732    0.443993    0.334543    0.272159    0.310162      0.4022    0.489524    0.549165    0.551232    0.459305    0.301891     0.17338     0.13076    0.127731   0.0803155   -0.020045  -0.0870046  -0.0478164   0.0567794    0.116053   0.0809942 -0.00681999  -0.0913728   -0.151919   -0.156038  -0.0722321
 0.0926381   0.180232   0.195754    0.19638   0.247138   0.331436   0.368181   0.315395   0.230047   0.201904   0.248552   0.318293    0.37504   0.413513   0.407465   0.325882    0.20224    0.11695   0.099463   0.095403  0.0454411 -0.0344203  -0.069078 -0.0196955  0.0608986  0.0885122  0.0461531 -0.0194945 -0.0760887  -0.116757  -0.114006 -0.0373212
 0.0817365   0.133809   0.135276   0.142504   0.191379   0.249758   0.258415    0.20642   0.151028   0.149149   0.190723   0.232864    0.26608   0.294351   0.287405   0.219277   0.128544  0.0784382  0.0734993  0.0631859  0.0171201 -0.0364971 -0.0453884 0.00156291  0.0535233  0.0577114   0.021033 -0.0183328 -0.0544644 -0.0849013 -0.0815043 -0.0152832
  0.0649072   0.0905528    0.089247    0.104274    0.142924    0.172657    0.163034    0.123941   0.0989176    0.110413    0.135074    0.152384    0.174792    0.201605    0.195099    0.139897   0.0787173   0.0527556   0.0488166   0.0327627 -0.00065405  -0.0268391  -0.0206787    0.012988   0.0373196   0.0305755   0.0101429 -0.00708322  -0.0345071  -0.0621073  -0.0591234 -0.00258634
   0.0467261    0.0571025    0.0614281    0.0789685    0.0984358     0.102644    0.0884328    0.0711028    0.0694005    0.0785804    0.0813855    0.0856149     0.110305     0.137694     0.128537    0.0849575    0.0475817    0.0330551    0.0236678   0.00898036  -0.00421922  -0.00828789 -0.000265095    0.0135267    0.0179849     0.014552    0.0136006   0.00628187   -0.0232395     -0.04964   -0.0436233    0.0048459
  0.0316641   0.0383046   0.0494226   0.0585052   0.0540747   0.0435449   0.0393919   0.0453724   0.0526738   0.0468514   0.0338276   0.0416485   0.0753496   0.0981149   0.0826678   0.0496592    0.027723   0.0140898  0.00134781 -0.00117048  0.00750207   0.0137146   0.0114317  0.00586688  0.00388982   0.0141606    0.025415   0.0125828  -0.0233316  -0.0440957  -0.0304213  0.00990063
  0.0241978   0.0341835    0.043945   0.0333868  0.00956924 0.000985184    0.016865   0.0378907   0.0375436   0.0140468  0.00119276   0.0261086   0.0653039   0.0748574   0.0521243   0.0280204   0.0123834 -0.00379656 -0.00980324  0.00810032   0.0313198   0.0326505   0.0134514 -0.00291021  0.00288454   0.0273886   0.0351485  0.00597329  -0.0316911  -0.0394705  -0.0160122   0.0145047
    0.026439    0.0377016    0.0323206  -0.00144746   -0.0298531   -0.0199874    0.0159926    0.0364867     0.017881   -0.0127696  -0.00673348    0.0379783    0.0706366    0.0605747    0.0327469    0.0146623 -0.000387903   -0.0130803  5.55205e-05    0.0377948    0.0604355    0.0440728    0.0100059  -0.00366204    0.0176604     0.045151    0.0328487    -0.012727   -0.0409728   -0.0301623  0.000982607    0.0203794
  0.0349892   0.0363815  0.00511013   -0.042746  -0.0555297  -0.0183962   0.0271278   0.0318913 -0.00270271  -0.0208615   0.0154663   0.0695902   0.0816218   0.0515047   0.0224309  0.00773879 -0.00504629 -0.00174579    0.037044    0.082917   0.0875878   0.0484088  0.00933627   0.0100915   0.0430235   0.0551669   0.0144588  -0.0361294  -0.0431507  -0.0132652   0.0200664   0.0286102
 0.0404015  0.0181739 -0.0380749 -0.0798948 -0.0601087 0.00125347  0.0405221  0.0235353 -0.0115611 0.00165018   0.065493    0.11028  0.0927968  0.0483097  0.0219995  0.0113572  0.0101539  0.0407933  0.0999478   0.134703   0.108816  0.0511764  0.0196649  0.0380125  0.0675943  0.0482886 -0.0157642 -0.0538526 -0.0331096  0.0107293  0.0394369  0.0379732
 0.0310154 -0.0216108 -0.0874873  -0.100201 -0.0415148  0.0313325  0.0520541  0.0208287 0.00682528   0.059442   0.134395   0.151613   0.104881   0.055242  0.0358991  0.0352319  0.0577994   0.117952   0.180511   0.184877   0.125271  0.0600408  0.0445743  0.0723824  0.0793596  0.0233475 -0.0473987 -0.0574269 -0.0104136  0.0385944  0.0561499  0.0437418
