 5.97825e-05 -0.000108709  0.000390943  -0.00103354   0.00174485  -0.00101425  -0.00243578   0.00408442   0.00328254  -0.00670839  -0.00930474   0.00126879    0.0158616    0.0260901    0.0308014    0.0323281    0.0326423     0.032822    0.0323243    0.0337485      0.03097    0.0337291    0.0351506    0.0286304    0.0294323    0.0394232    0.0420196    0.0314461    0.0168533   0.00662465    0.0019137  0.000387564
 1.49294e-05 -1.56792e-05  5.56015e-05 -0.000143991  0.000230301 -9.30087e-05 -0.000422526  0.000595453  0.000563585 -0.000933216  -0.00152125 -6.64537e-05   0.00236677   0.00432925   0.00534894   0.00572519   0.00582774   0.00587164   0.00580435   0.00600355   0.00562903   0.00595236   0.00628189   0.00526392   0.00529579   0.00679259   0.00738063   0.00592583    0.0034926   0.00153017   0.00051005  0.000137524
 9.26479e-06 -3.67882e-06  3.83595e-06  -1.9075e-05  4.21772e-05 -6.69626e-05   7.1028e-05 -5.57674e-05  4.54012e-05  3.70966e-05  -0.00016924 -7.57765e-05  0.000197373  0.000351288  0.000408368  0.000451797  0.000481749  0.000492861  0.000484015  0.000506872  0.000445859  0.000555161  0.000417236  0.000544047  0.000442881  0.000451185  0.000657521  0.000564057  0.000290913  0.000136955  8.01588e-05  3.53785e-05
-8.85889e-06 -1.11864e-05 -7.21904e-06  1.33354e-05 -2.92639e-05  5.13245e-05 -3.61943e-05 -5.36782e-05  0.000150781 -6.99433e-05 -0.000142547  0.000108861  0.000111029 -5.72399e-05 -7.54279e-05 -6.87747e-07  2.83058e-05  1.26388e-05  3.11727e-06 -1.54107e-05  2.87142e-05 -5.14047e-05  3.61918e-05  5.36787e-05 -0.000150781  6.99433e-05  0.000142547 -0.000108862 -0.000111011  5.70958e-05  7.63919e-05 -4.75409e-06
-9.40183e-05 -9.77847e-06  9.96893e-07  4.79689e-05 -0.000122078  0.000304193 -0.000518937  0.000512449 -1.28591e-05 -0.000600049  0.000372033  0.000433677 -0.000281039 -0.000321254  3.74652e-05  0.000152498  6.45254e-05  -1.1101e-05 -1.15109e-05 -5.13666e-05  0.000121414  -0.00030426   0.00051894 -0.000512446    1.286e-05  0.000600049 -0.000372033 -0.000433678  0.000281036  0.000321334 -3.83077e-05 -0.000145672
-9.04549e-05   4.8166e-05  9.84256e-05 -0.000127519  0.000406431  -0.00075293  0.000832416 -6.90538e-05  -0.00111147  0.000829633  0.000959471  -0.00080517  -0.00094227  0.000170375  0.000607909  0.000280823 -5.24895e-05 -0.000113293 -0.000117208  0.000123893 -0.000406642  0.000752991 -0.000832406  6.90519e-05   0.00111147 -0.000829633 -0.000959472  0.000805177  0.000942196 -0.000169722 -0.000612813 -0.000246664
 0.000326939  0.000288849  0.000141632  3.14244e-06  0.000214673 -0.000692512   0.00150653  -0.00174949 -6.37883e-05   0.00266234  -0.00114085  -0.00281038  0.000355407   0.00218835   0.00108641 -0.000285644 -0.000622621 -0.000393844  -0.00015814 -4.66474e-06 -0.000214684  0.000692548  -0.00150651    0.0017495  6.37889e-05  -0.00266234   0.00114085   0.00281039 -0.000355566  -0.00218697  -0.00109662  0.000355973
  0.00150009  0.000759778  3.88143e-05  0.000757309  -0.00177248   0.00314151  -0.00288908  -0.00107343   0.00538073  -0.00152253  -0.00614851  0.000704648   0.00587461   0.00319599  -0.00117534  -0.00260385  -0.00182871 -0.000861131 -4.87016e-05 -0.000756309   0.00177311  -0.00314143   0.00288907   0.00107342  -0.00538073   0.00152253   0.00614851 -0.000704644  -0.00587468   -0.0031951   0.00116701   0.00267398
  0.00350422   0.00124083  0.000366647  0.000116012 -0.000535007   0.00217003  -0.00470072   0.00435191   0.00344007  -0.00972974  -0.00253116    0.0117482   0.00859449  -0.00357994  -0.00909358  -0.00699613  -0.00318834 -0.000791766  0.000121934   0.00037366   0.00102377  -0.00168162   0.00518903  -0.00386363  -0.00295179     0.010218   0.00301944   -0.0112599  -0.00810615   0.00406802   0.00958102   0.00751083
 0.00583858  0.00160655  0.00112328 -0.00214625  0.00515144  -0.0074794  0.00323233  0.00958072  -0.0131092 -0.00953951   0.0176897    0.017909 -0.00732154  -0.0235265  -0.0199932 -0.00862288  9.2588e-06  0.00427498  0.00475093  0.00800924 0.000708165   0.0133387  0.00262702 -0.00372134   0.0189686   0.0153989  -0.0118303  -0.0120496    0.013181   0.0293855   0.0258548   0.0144762
  0.00795645   0.00212014  0.000777675  -0.00124807   0.00422347  -0.00926789     0.011369  0.000755516   -0.0221333    0.0105608    0.0333093   -0.0030355   -0.0440672   -0.0437857     -0.01611    0.0103392    0.0249282    0.0306619     0.031951    0.0339654    0.0284919    0.0419828    0.0213458    0.0319593    0.0548482     0.022154 -0.000594464    0.0357503    0.0767821    0.0764997    0.0488313    0.0223324
  0.00953891   0.00281253 -0.000988671   0.00414656  -0.00741971   0.00551371   0.00955209   -0.0234669   -0.0042572    0.0435399    0.0167999   -0.0543388    -0.073151   -0.0251008    0.0393845    0.0834712     0.104015      0.11056     0.114282     0.109135     0.120701     0.107768     0.103729     0.136748     0.117538    0.0697413    0.0964814      0.16762     0.186432     0.138381    0.0739047    0.0297487
   0.010516  0.00308827  -0.0017563  0.00697295  -0.0150884   0.0192476 -0.00101518  -0.0367127   0.0268755   0.0558358  -0.0314965    -0.10037  -0.0498156   0.0713585    0.178282    0.238892     0.26409    0.271387    0.276181    0.267443    0.289503    0.255166    0.275429    0.311127    0.247539    0.218578    0.305911    0.374784     0.32423    0.203055   0.0961354   0.0354864
  0.0111851  0.00256355 0.000231014  0.00189644 -0.00717083   0.0166866   -0.016585  -0.0177532   0.0523102   0.0228989  -0.0948591   -0.106591   0.0428082    0.241352    0.386793    0.460692    0.488956    0.497473    0.499772    0.498104    0.507171    0.483313    0.516585    0.517753     0.44769    0.477101    0.594859    0.606591    0.457192    0.258647    0.113209   0.0392839
  0.0116856    0.001639  0.00365554 -0.00738239  0.00931791   0.0044599  -0.0335503   0.0195593   0.0701727   -0.035408   -0.157112  -0.0835398    0.165465    0.427885     0.60119     0.68395    0.714011    0.723978    0.721933    0.732968    0.716268    0.721126    0.759136    0.706027    0.655413    0.760994    0.882698    0.809126    0.560121    0.297701    0.124398   0.0416147
   0.011948 0.000913776  0.00630438  -0.0145711   0.0221466 -0.00517126  -0.0466206   0.0490502   0.0830865  -0.0817123   -0.203252  -0.0622151    0.260036    0.565797    0.756238    0.843897    0.874808    0.885816    0.880416     0.90129    0.864572     0.89189    0.933339    0.837669    0.803632    0.968431     1.08997    0.948934    0.626683    0.320921    0.130481   0.0428161
  0.0120546 0.000578872  0.00751058  -0.0178156   0.0278239  -0.0090862  -0.0532182   0.0623368   0.0904728   -0.102995   -0.226934  -0.0538928    0.305601    0.634227     0.83379    0.923954    0.955243    0.966708    0.959774    0.985101    0.939461    0.976371      1.0205    0.904948    0.876812     1.07028     1.19422     1.02118    0.661684    0.333058    0.133495   0.0433303
  0.0120995 0.000485843  0.00784592  -0.0187052   0.0293384  -0.0100074  -0.0552314   0.0658258   0.0931918    -0.10877   -0.234717  -0.0525576    0.319096    0.655988    0.859242    0.950557    0.982058    0.993658    0.986294     1.01285    0.964802     1.00415     1.04937    0.928315    0.900949     1.10291     1.22886      1.0467    0.675044    0.338153    0.134899   0.0435803
  0.0121051 0.000473842  0.00789769  -0.0188301   0.0295265  -0.0100335   -0.055725    0.066477     0.09371   -0.109741   -0.236069  -0.0525483    0.321266    0.659966    0.864183     0.95583    0.987404    0.999037    0.991614     1.01834    0.969985     1.00955     1.05524    0.933035    0.905802     1.10925     1.23558     1.05206    0.678246    0.339546    0.135328   0.0436824
 0.0121233 0.00048135 0.00790875 -0.0188625   0.029598 -0.0101518 -0.0556178  0.0664749  0.0936046  -0.109634  -0.236096 -0.0527329   0.321352   0.660375   0.864667   0.956283   0.987857   0.999517   0.992095    1.01886   0.970403    1.01015    1.05562   0.933525   0.906395    1.10963     1.2361    1.05273   0.678648   0.339626   0.135332  0.0437226
  0.0122084 0.000479942  0.00790053  -0.0188972   0.0296908  -0.0104046   -0.055135   0.0659088   0.0937682   -0.109103    -0.23661  -0.0530577    0.321744    0.660639    0.864554     0.95613    0.987821    0.999541     0.99211      1.0189     0.97031      1.0104     1.05514    0.934091    0.906232      1.1091     1.23661     1.05306    0.678256    0.339361    0.135447   0.0438635
  0.0122049 0.000421998   0.0078031  -0.0187217   0.0291623 -0.00934752  -0.0564864   0.0664903   0.0948668   -0.110533   -0.237198  -0.0518189    0.322405    0.660147    0.863984    0.956001    0.987938    0.999643    0.992216     1.01873    0.970838     1.00935     1.05649     0.93351    0.905133     1.11053      1.2372     1.05182    0.677595    0.339852    0.136021   0.0439645
  0.0117875 0.000181315  0.00775989  -0.0188523    0.029354 -0.00940793  -0.0571605   0.0681708   0.0938192   -0.112366   -0.235098  -0.0498137    0.321108    0.658129    0.863505    0.956568    0.988508    0.999924    0.992257     1.01885    0.970646     1.00941     1.05716    0.931829    0.906181     1.11237      1.2351     1.04981    0.678893     0.34187    0.136505   0.0433618
   0.0106143 -0.000289615   0.00786271   -0.0196065    0.0313412    -0.013242   -0.0527649    0.0674947    0.0883746    -0.108181     -0.23009   -0.0533287     0.315588     0.657121     0.865767     0.958886     0.989714      1.00039     0.992147      1.01961     0.968658      1.01324      1.05276     0.932505     0.911625      1.10818      1.23009      1.05333     0.684412     0.342878     0.134242    0.0410438
  0.00861019 -0.000770662   0.00753488   -0.0189652    0.0301037   -0.0122705   -0.0509532    0.0620693    0.0903153   -0.0999737    -0.233707   -0.0643722     0.312868     0.663897     0.873685     0.963278     0.991074      1.00032     0.991977      1.01848     0.969408      1.01178      1.05046     0.937442     0.909196      1.09949      1.23322      1.06388     0.686643     0.335615     0.125828     0.036207
 0.00627583 -0.00113639  0.00677824  -0.0167029   0.0244173 -0.00262105  -0.0588863   0.0568405    0.106865   -0.100164   -0.253928   -0.070533    0.328784    0.683844    0.884585    0.964905    0.987876    0.995255    0.987348     1.01084    0.969723    0.996762     1.05303      0.9373    0.887276      1.0943     1.24807     1.06467    0.665356    0.310297    0.109554   0.0292416
  0.00415796  -0.00164998   0.00712385   -0.0176011    0.0253452 -0.000832554    -0.067023    0.0656657     0.115889    -0.120264    -0.269548   -0.0495885      0.36553     0.704103     0.880701     0.945943     0.962957     0.968868     0.960148     0.984884     0.941939     0.968118      1.03431     0.901619     0.851396      1.08755      1.23683      1.01687     0.601755     0.263183    0.0865772    0.0213854
 0.00257551 -0.00234237   0.0088902  -0.0229957   0.0369884  -0.0156142  -0.0652061   0.0898882   0.0980126   -0.153243   -0.253038  0.00171477    0.394614    0.685418    0.825207    0.872811    0.883871     0.88897    0.877816    0.909714    0.849731    0.902333    0.951925    0.796831    0.788706     1.03996     1.13976    0.885004    0.492105    0.201302   0.0615038   0.0139691
 0.00159845 -0.00261811  0.00965783  -0.0258221   0.0446571  -0.0293481  -0.0546388    0.103134   0.0668799   -0.165539   -0.204742   0.0477459    0.371279    0.588959     0.68631     0.71739    0.723795    0.728142    0.715917    0.751406    0.680929    0.754934    0.780225    0.622452    0.658706    0.891125    0.930328     0.67784    0.354307    0.136627   0.0392732  0.00823137
0.000929328 -0.00209338  0.00767051  -0.0207456   0.0367395   -0.026787   -0.039069   0.0841744   0.0414452   -0.132602   -0.141379   0.0539667    0.278655    0.418965    0.477798     0.49559    0.498929    0.502056    0.492327    0.520745     0.46326    0.526787    0.539069    0.415826    0.458555    0.632602    0.641379    0.446033    0.221345   0.0810352      0.0222  0.00443389
0.000428799 -0.00116884  0.00424598  -0.0114668   0.0202508  -0.0145604  -0.0221036   0.0468619   0.0235827  -0.0742954  -0.0791265   0.0309158    0.155998    0.232433    0.263401    0.272332    0.273875    0.275552    0.270166    0.285881    0.254163    0.288974    0.296518    0.227552    0.250831     0.34871    0.353541    0.243498    0.118417   0.0419816   0.0110104  0.00210307
  0.00016645 -0.000443612   0.00159715  -0.00427808   0.00742207  -0.00492918  -0.00903333     0.017371    0.0106689   -0.0279912   -0.0329864   0.00959102    0.0614269    0.0945199     0.108353     0.112385     0.113078     0.113714     0.111682     0.117559     0.105859      0.11821     0.122315    0.0959102     0.102612     0.141272     0.146268      0.10369    0.0518544    0.0187613   0.00492805  0.000901766
