   0.989627    0.888104    0.855552    0.945284     1.10244     1.20413     1.17296     1.02951    0.814331    0.553335    0.315979    0.183213    0.134357   0.0736757  -0.0203504  -0.0657868 -0.00963033   0.0878827    0.119798   0.0339276   -0.120062   -0.222271   -0.193703  -0.0523727    0.162507    0.423444    0.661882    0.793375    0.843184    0.902786    0.996197     1.04163
   0.992289    0.902122    0.876162    0.961985     1.11244     1.20986     1.18234     1.04523     0.82446    0.551756    0.314035    0.185707    0.130828   0.0627651  -0.0250545  -0.0586838 -0.00329865   0.0838866    0.112749   0.0314221   -0.118384   -0.218594   -0.193609  -0.0568569    0.165195    0.438642    0.677206    0.803939    0.859617    0.926172     1.01293     1.04927
   0.996491    0.916536    0.884735    0.959825     1.10673        1.21      1.1945     1.06004    0.826412     0.54449     0.31005    0.180892    0.118635   0.0532166   -0.021531  -0.0512272 -0.00713507   0.0738639    0.111418   0.0386749     -0.1112   -0.218285   -0.203579  -0.0671635     0.16869    0.451397    0.685647    0.812908     0.87578    0.938539     1.01408     1.04578
   1.00634   0.924936    0.87588   0.941959    1.09541    1.21489    1.21031    1.06621    0.81497   0.530003   0.298979   0.164397    0.10138  0.0505336 -0.0126035 -0.0511349 -0.0207227    0.06641   0.120543  0.0522894  -0.106673  -0.228531  -0.221821 -0.0740151   0.179152   0.464067   0.693298   0.826187   0.889017   0.936699    1.00348    1.03938
    1.01397    0.914797    0.846387    0.914879     1.08755     1.22602      1.2192     1.05192    0.785838    0.504581    0.274491    0.136859   0.0864452   0.0561324 -0.00633351  -0.0629765  -0.0365115   0.0702569    0.139065   0.0640794   -0.113591   -0.250873   -0.239237  -0.0681512    0.198249    0.477959    0.704821    0.841394    0.890317    0.918513    0.986244      1.0343
   1.00217   0.875354   0.798622   0.886004    1.08478    1.23184     1.2031    1.00696   0.735985   0.463174   0.234107   0.104864  0.0797718  0.0649463 -0.0107837 -0.0833322 -0.0436236  0.0881929   0.159304  0.0642008  -0.135877  -0.277892  -0.243498 -0.0453969   0.223648   0.493294   0.718705   0.847364   0.870146   0.884858   0.965089    1.02557
   0.953956    0.804161       0.739    0.857774     1.07686     1.21123     1.14524     0.92701    0.664053    0.403054    0.182193   0.0771838   0.0814443    0.068433  -0.0278773   -0.102007  -0.0348285    0.114474    0.170445   0.0467727   -0.168722   -0.296053   -0.225993 -0.00881425    0.250345    0.507093    0.725245    0.829475    0.823569    0.837849    0.936319    0.999471
  0.862433   0.707786   0.673002   0.823633    1.04466     1.1441    1.03857   0.814945   0.571753   0.327362   0.128177  0.0594317  0.0858314  0.0605778 -0.0515559  -0.108548 -0.0113047   0.137877   0.164401  0.0140705  -0.199955  -0.293245  -0.186818   0.032984   0.271688   0.511768   0.710173   0.777384   0.751508   0.777695     0.8899   0.940664
  0.734516   0.597342    0.60131   0.770729   0.970277    1.02245   0.889374   0.679925   0.465127   0.245214  0.0817084  0.0513468  0.0857769  0.0419497 -0.0716314 -0.0987455  0.0181699   0.148123   0.140355 -0.0241761  -0.216374  -0.265451  -0.134659   0.069662   0.280649   0.497306   0.662056    0.69025   0.658891   0.701945   0.814946    0.84149
   0.58724   0.483223   0.520723   0.688419   0.848036   0.855145   0.714951   0.535211   0.354154   0.168084  0.0483415  0.0482349  0.0773412  0.0189372 -0.0801335 -0.0764545  0.0426462   0.141185   0.104962 -0.0560674  -0.210689  -0.218154 -0.0820552  0.0930422     0.2719   0.456545   0.578842   0.576952   0.552378   0.608362   0.707366   0.707261
    0.440138     0.372747     0.429272     0.576437     0.688956     0.664447     0.537104     0.395087     0.250461     0.105165    0.0280439    0.0447449    0.0618407 -0.000659028   -0.0754993   -0.0502459    0.0550708      0.12034    0.0681207    -0.073551    -0.184391     -0.16256   -0.0393967    0.0996925     0.243975     0.389865     0.469826     0.452252     0.439274     0.499096     0.574358     0.554521
  0.308491   0.271105   0.330981   0.446665      0.516   0.477057   0.375253   0.271791   0.164052  0.0604077  0.0167629  0.0381273  0.0441876 -0.0121936 -0.0621102 -0.0279156  0.0550618  0.0928958  0.0375414 -0.0751819  -0.145402  -0.109902 -0.0112531  0.0913053   0.200259   0.306136   0.352101    0.33144   0.327544   0.382657   0.432478   0.403979
  0.200549   0.183335    0.23585   0.317517   0.353976   0.314778   0.242202   0.173522   0.100299  0.0321851 0.00974283  0.0291567  0.0290577 -0.0159399 -0.0462108 -0.0126474    0.04708  0.0654092  0.0160952  -0.064668  -0.103259 -0.0673309 0.00336475  0.0728226   0.148291   0.219531   0.243428   0.225964   0.225886   0.271799    0.30049   0.272576
    0.11891    0.114549    0.154751    0.205335    0.220541    0.189375    0.143512    0.103516    0.058414   0.0153652  0.00440662   0.0204545   0.0179501  -0.0152571  -0.0316375 -0.00311419   0.0360081   0.0410876  0.00315337  -0.0474708   -0.065352  -0.0371117  0.00798652    0.049936   0.0977542    0.143963    0.155515     0.14181    0.142586    0.178297    0.191711    0.168995
  0.0634752    0.067529   0.0933677    0.118652    0.122783     0.10298   0.0788894   0.0595015   0.0324297  0.00473346  0.00083789   0.0136762  0.00951632  -0.0128759  -0.0186269  0.00309688   0.0240117   0.0209514 -0.00247477  -0.0284286  -0.0358398  -0.0185503   0.0058772   0.0279467   0.0575949   0.0877373    0.091489   0.0806174   0.0827594    0.107815    0.110579   0.0943099
   0.0324422    0.0397245    0.0501357     0.058186    0.0595513    0.0516459    0.0432174    0.0340246    0.0147859  -0.00230456 -0.000175172   0.00827848   0.00265943  -0.00861025  -0.00628266   0.00613634    0.0112987   0.00659869  -0.00138108   -0.0114537   -0.0166142   -0.0101903 -0.000173767    0.0118658    0.0328461    0.0512108    0.0483341    0.0412955    0.0454303     0.058472    0.0547749    0.0458169
   0.0205302    0.0231939    0.0197583    0.0209405    0.0259807    0.0281348    0.0268468    0.0171326  0.000728337  -0.00558106  0.000866133   0.00340211 -0.000856125 -0.000769055   0.00411537   0.00414541 -0.000526718  0.000818924   0.00489214 -0.000152447  -0.00835751  -0.00999671  -0.00610438   0.00572852    0.0224331    0.0288028    0.0212733    0.0200099    0.0233146     0.024307     0.020038    0.0200111
    0.017868   0.00917636 -0.000852175   0.00423937    0.0159832    0.0224122     0.017467   0.00141031  -0.00939979  -0.00400271   0.00280961  0.000908524   0.00267347    0.0101415   0.00881948  -0.00295756  -0.00685839   0.00481502    0.0119406   0.00235306   -0.0100357   -0.0136746   -0.0061975    0.0102126    0.0197457    0.0136046   0.00594909   0.00944547   0.00688173  0.000921694   0.00330121    0.0123698
  0.0136659 -0.00523712 -0.00942498  0.00639949    0.021694   0.0222667  0.00531005   -0.013393  -0.0113525  0.00326356   0.0067952  0.00572319   0.0148658     0.01969    0.005296  -0.0104142 -0.00302198   0.0148377   0.0132723  -0.0048998  -0.0172194   -0.013983  0.00377174   0.0205193   0.0162501 0.000849288 -0.00249234 0.000476694 -0.00928146  -0.0114457  0.00215608   0.0158632
  0.00381932   -0.0136376 -0.000570134    0.0242658     0.033013    0.0173821   -0.0105063   -0.0195692  8.95725e-05    0.0177504    0.0178655    0.0222188    0.0321214    0.0223731  -0.00363153   -0.0105066    0.0105657    0.0222916   0.00414725   -0.0185143   -0.0217465  -0.00373697    0.0220139    0.0273709   0.00578841   -0.0118201    -0.010143   -0.0128021   -0.0225179  -0.00960585    0.0127554    0.0222566
 -0.0038096 -0.00349894   0.0289232   0.0513461   0.0408674  0.00624595  -0.0193887 -0.00527481   0.0292216   0.0431726   0.0423537   0.0497563   0.0470558   0.0167742  -0.0099015  0.00133511   0.0263544   0.0184447  -0.0143754  -0.0303043  -0.0148287    0.018605   0.0394296    0.021507  -0.0133084   -0.025713  -0.0216658  -0.0280091  -0.0238183  0.00858075    0.029991   0.0273406
 0.00799011   0.0359441   0.0766885   0.0802211   0.0436427 0.000429134 -0.00328954   0.0396875   0.0790751   0.0845794   0.0827376   0.0817514   0.0537292  0.00796035 -0.00545131   0.0216908   0.0334665  0.00050874  -0.0346138  -0.0304256  0.00745698   0.0456241   0.0436911 -0.00124729  -0.0387079  -0.0410471  -0.0355498  -0.0339797 -0.00364669   0.0422351   0.0511465   0.0360728
 0.0562014   0.107138    0.13631   0.108451  0.0515626  0.0210417  0.0545627   0.119635   0.151007   0.144699   0.134652   0.109432  0.0520567 0.00447365  0.0116423  0.0403659  0.0246715  -0.025772 -0.0457552 -0.0129975  0.0403019   0.063785   0.026186   -0.03783 -0.0654048 -0.0548467 -0.0420898 -0.0160908  0.0429298  0.0892439  0.0799159  0.0621704
  0.147724   0.203512   0.202308   0.142592  0.0837583  0.0881651   0.161239   0.231699   0.243306   0.220391   0.188668   0.127184  0.0476696  0.0123288  0.0353209  0.0469066 0.00114762 -0.0491757 -0.0397114  0.0197047  0.0715355   0.060977 -0.0129885 -0.0796282 -0.0867481 -0.0595215  -0.027018  0.0360001   0.114991   0.149399   0.126335   0.120978
  0.275641   0.313956   0.274001   0.195496   0.158143   0.209815   0.310433   0.366719   0.349933    0.30254   0.235137   0.135269  0.0477241   0.030957  0.0553964  0.0371041  -0.028327 -0.0594211 -0.0156649  0.0579512  0.0879537  0.0331829 -0.0651479  -0.116306 -0.0957089 -0.0450597  0.0210986   0.123134   0.207608   0.225148   0.201289   0.220152
   0.422917    0.428075    0.354587    0.277806    0.280384    0.377123    0.484856    0.511433    0.460906     0.37967    0.268503    0.138381   0.0561598   0.0539695   0.0638985   0.0148131  -0.0528032  -0.0524829   0.0197278   0.0898426   0.0822692  -0.0141137   -0.117752   -0.139686  -0.0869594 -0.00429865    0.104313    0.236432    0.314121    0.318731    0.308869     0.35438
  0.570019   0.538552   0.446038   0.389788   0.439464   0.567821   0.662703   0.651557   0.564598   0.442588   0.288801   0.141871  0.0716603  0.0735657  0.0592642 -0.0113955 -0.0652278  -0.031638  0.0565692   0.107326  0.0559715 -0.0697084   -0.16041  -0.146337  -0.059035   0.062381   0.213329   0.361132   0.427225   0.427997   0.441877    0.50712
   0.701666    0.640193    0.544329     0.51956     0.61242    0.755211    0.824554    0.774853    0.651008    0.487346    0.300082    0.148488   0.0893134   0.0851002   0.0458752  -0.0337258  -0.0652188 -0.00419418   0.0871485    0.108957   0.0169821   -0.122366   -0.188554    -0.13795  -0.0153186    0.146111    0.331054    0.481945    0.538955    0.544437    0.583757    0.657662
  0.809608   0.727963    0.63946   0.648708   0.774444    0.91749   0.957605   0.873122   0.714761   0.515568   0.307102   0.157459   0.104443  0.0888465  0.0299758  -0.048994  -0.057237  0.0232924   0.108595  0.0984431 -0.0251608  -0.164937  -0.203172  -0.119467  0.0366488   0.232716   0.439728   0.587421   0.640613   0.655295   0.715745   0.789065
  0.891247   0.796749   0.720559    0.76089   0.907878    1.04289     1.0563   0.943128   0.756646   0.532388   0.312438   0.166161   0.115551  0.0881637  0.0154025 -0.0585272 -0.0461651   0.047614   0.121536  0.0812459 -0.0630679  -0.195156  -0.207793 -0.0965802   0.087186   0.308284    0.52764   0.671574   0.723913   0.748797   0.824524   0.892646
  0.946682   0.843769   0.781942   0.847573    1.00564    1.12929    1.12092   0.987143    0.78263    0.54302   0.316007   0.172939   0.123985  0.0857826 0.00239191 -0.0647383 -0.0341688  0.0677502   0.127165  0.0622037 -0.0925801  -0.213718  -0.205684 -0.0745909   0.127345   0.364509   0.591666   0.732767    0.78374   0.819278   0.905656   0.967332
   0.977715    0.871574    0.825174    0.908039     1.06887     1.18062     1.15659     1.01262    0.800274    0.550058     0.31702    0.178337    0.130842   0.0815169 -0.00995236  -0.0677777  -0.0214558   0.0821029    0.126071   0.0452289   -0.111806   -0.222078   -0.199633    -0.05851    0.152094    0.401036    0.634821    0.772089    0.821069    0.868621     0.96146     1.01582
