  0.887931   0.935159    1.07402    1.20593    1.21024    1.06806   0.841785   0.576102   0.321985   0.159582   0.102049  0.0690377 0.00328292 -0.0542275 -0.0335916  0.0509654   0.108186  0.0653381  -0.074058  -0.209946   -0.21659 -0.0734195   0.155175   0.422292   0.676322   0.837933   0.894419   0.926898   0.992616    1.04867     1.0312    0.94183
  0.890073   0.921115    1.06039     1.2047     1.2202    1.07991   0.840538   0.561694   0.310234    0.15202  0.0893315  0.0588825 0.00738838 -0.0468404 -0.0388793  0.0386796   0.108216  0.0786716 -0.0655626  -0.214296  -0.229383  -0.085589   0.156634   0.435986   0.686158   0.842902   0.904015   0.934492   0.984782    1.03939    1.03322   0.949276
   0.87092   0.893442     1.0473    1.20957     1.2318    1.07964   0.818586   0.533946   0.291474   0.134178  0.0704933  0.0550205  0.0167965 -0.0465367 -0.0535346  0.0306539    0.12123  0.0951585  -0.065839   -0.22967  -0.247802 -0.0909263   0.171775   0.455029   0.694939   0.850191   0.912298   0.928029   0.964482    1.02996    1.03606   0.947094
   0.82628    0.85891    1.03871    1.21479    1.22897    1.05002    0.76943   0.491911   0.261417   0.105533  0.0529909  0.0597954  0.0237522 -0.0579097  -0.069764  0.0362657   0.143795   0.103883 -0.0809477  -0.253739  -0.261418 -0.0789072   0.200733   0.474811   0.701992   0.855611   0.907236   0.900243   0.935384    1.01916    1.02843    0.92119
   0.76065   0.822435    1.02805    1.20266    1.18947   0.978247   0.692851   0.435232   0.218143  0.0717852  0.0437085  0.0686649  0.0206067 -0.0774552 -0.0763246  0.0571996   0.164448  0.0958259  -0.109376  -0.276736  -0.257554  -0.045902   0.235729   0.488666   0.702586   0.846954   0.875202   0.849072    0.89848   0.996123   0.993805   0.861398
  0.682128   0.781002    0.99824     1.1502    1.09681   0.862962   0.594116   0.365454   0.165413  0.0415227  0.0438045  0.0736528  0.0057408 -0.0953033 -0.0664905  0.0853539   0.170883   0.069637  -0.141658  -0.285587  -0.229403 0.00133178   0.264763   0.488908   0.686781   0.809421   0.808347   0.776414   0.848169   0.944994     0.9191   0.767511
  0.595918   0.723856   0.930147    1.04184   0.950049    0.71538   0.482194   0.287478   0.111729  0.0210486  0.0484694   0.069153 -0.0152121  -0.101783 -0.0426676    0.10785   0.157545   0.032795  -0.165016  -0.271267  -0.180707  0.0486704   0.276676   0.468358   0.643411   0.733848   0.708187   0.685225   0.774701   0.854361   0.802278      0.649
   0.502782    0.640097    0.814678    0.880021    0.765394    0.554523    0.368073    0.209271   0.0658851   0.0114429   0.0511766    0.055286  -0.0334342   -0.093438   -0.014315    0.115009    0.128131 -0.00262364    -0.17006   -0.234102   -0.123513   0.0821033    0.265215     0.42313    0.567261    0.622457    0.584411    0.578752    0.671873    0.725115    0.654261    0.519944
  0.402875   0.528122   0.660103   0.685771   0.569537   0.400242    0.26257   0.139584  0.0329996 0.00919608  0.0480757  0.0370782 -0.0424384 -0.0742956 0.00835146    0.10531  0.0922718 -0.0266504  -0.155179  -0.182978  -0.071384  0.0944371   0.231252   0.355369   0.463736   0.489031   0.451309   0.462061   0.543707   0.571725   0.494771   0.393625
  0.300386   0.399495   0.489354   0.489323   0.389285   0.267667   0.173905  0.0850077  0.0134417 0.00916832  0.0394374  0.0208348 -0.0411154 -0.0522364  0.0199478  0.0845191  0.0595527 -0.0360714  -0.126078  -0.129648 -0.0331597  0.0872811    0.18231   0.273703   0.347548    0.35364   0.323864   0.343466   0.404906   0.416251   0.344859   0.279823
  0.204562   0.274067   0.329269   0.317509   0.243086   0.164742   0.106399   0.047889 0.00395281 0.00779355  0.0284213  0.0102893  -0.033142 -0.0336356  0.0215275  0.0607917   0.034913 -0.0342025 -0.0914365 -0.0831159 -0.0107349  0.0682012   0.129096   0.190682   0.236887   0.234765   0.214084   0.233922   0.274989   0.278919   0.220014   0.184694
    0.126134      0.16981     0.199212     0.185571     0.137819    0.0927349    0.0604933    0.0258778 -0.000232961   0.00471337    0.0186284   0.00495119   -0.0236986   -0.0202342    0.0179761    0.0397188    0.0180655   -0.0266935   -0.0584155    -0.047644 -0.000922379    0.0457369    0.0810337     0.118636     0.146587     0.142934     0.128633     0.144106     0.169797     0.171014     0.126983     0.111615
  0.0714757   0.0945567    0.106112   0.0962589   0.0708113   0.0483156   0.0330025     0.01332 -0.00280668  0.00194117   0.0117057  0.00178902  -0.0156749  -0.0101843   0.0134857   0.0226089  0.00673462  -0.0172507  -0.0311535  -0.0240122  0.00100475   0.0256271   0.0439368   0.0659696   0.0832021   0.0791835   0.0688996   0.0803651   0.0952233   0.0939505   0.0650694   0.0615675
  0.0385933   0.0452354   0.0471663   0.0440388   0.0342619   0.0251304   0.0175296   0.0043711 -0.00461961  0.00127514  0.00672554  -0.0010555 -0.00836334 -0.00180176  0.00872618  0.00872106 0.000378094 -0.00696681  -0.0119879  -0.0114275  -0.0012058    0.010444   0.0204428   0.0348632   0.0441021   0.0384628   0.0325433    0.041632   0.0469672   0.0436197   0.0296136   0.0325397
   0.0185718    0.0143126    0.0158739    0.0200281    0.0186292    0.0143492   0.00652527  -0.00349469  -0.00429016    0.0023561   0.00241597  -0.00196148 -8.14498e-05   0.00371223   0.00224135  -0.00109934  0.000468965   0.00280837  -0.00264517  -0.00813271  -0.00489198   0.00183612    0.0107945    0.0207477    0.0211246    0.0145469    0.0142975     0.019852    0.0165138    0.0153462    0.0142723    0.0186993
  0.00259203  -0.00264458     0.006059    0.0144829    0.0136563   0.00630128  -0.00460046  -0.00820511 -0.000466177   0.00369305  0.000189548   0.00231744     0.008013    0.0034538  -0.00535228   -0.0035933   0.00685384   0.00814414  -0.00352339   -0.0106378  -0.00688858   0.00177681    0.0120154    0.0144534   0.00617856   0.00228258   0.00614061   0.00499204  -0.00160589   0.00528706    0.0112009    0.0114771
  -0.010456 -0.00490014   0.0117737    0.017131  0.00923853 -0.00503429  -0.0137877 -0.00523759   0.0070633  0.00596015  0.00409286   0.0120288   0.0116128 -0.00292059 -0.00928279  0.00324323   0.0143387    0.004403  -0.0117391  -0.0131194 -0.00289166   0.0103927   0.0168281  0.00684362 -0.00537021 -0.00347564 -0.00056059 -0.00796448 -0.00751202  0.00847317   0.0116782  0.00396183
  -0.0125977   0.00914377     0.025407    0.0183649 -0.000713778   -0.0168849   -0.0125405   0.00917052     0.018814    0.0135225    0.0168102    0.0221841   0.00750731   -0.0103077   -0.0039951     0.015529    0.0143082  -0.00893051   -0.0202346  -0.00876918   0.00990155    0.0225622    0.0153688  -0.00685035   -0.0152067  -0.00844381   -0.0101563   -0.0155581  0.000322405     0.017755   0.00965843   -0.0034842
 0.00655585   0.0368165   0.0384944   0.0134952  -0.0123205  -0.0166113  0.00941148    0.036918   0.0375742   0.0313645   0.0356484    0.026046 -0.00190079  -0.0106114   0.0106602   0.0235547  0.00129475  -0.0254174  -0.0199581  0.00660506   0.0283203   0.0278995 0.000227766  -0.0258931  -0.0239873  -0.0157328  -0.0184397 -0.00909587   0.0206223   0.0271894  0.00681521 -0.00130216
  0.0511951    0.071349   0.0470857  0.00827408 -0.00948933   0.0130026   0.0585672   0.0789531   0.0676318    0.060009   0.0531508   0.0212712 -0.00885647 0.000761589   0.0268897    0.017943  -0.0212708  -0.0341415 -0.00484947   0.0306744   0.0419372   0.0158804  -0.0287298  -0.0456754  -0.0310407  -0.0211537   -0.013378   0.0186903   0.0497199   0.0379878   0.0144395   0.0246016
   0.116826    0.107823   0.0577457   0.0204027   0.0300086   0.0847797    0.135146    0.135632    0.110905    0.093757   0.0624332   0.0124017   -0.005711   0.0203071   0.0334502 -0.00299096  -0.0419238  -0.0260848   0.0235792   0.0536708   0.0380723  -0.0171248  -0.0637258  -0.0595303  -0.0316338  -0.0124966   0.0186566   0.0698612   0.0866239   0.0610247   0.0490698   0.0843933
  0.195347   0.149257  0.0875567  0.0728686   0.122667   0.200065   0.233881   0.205411   0.163635    0.12402  0.0623372 0.00741372 0.00915489  0.0381552  0.0236161 -0.0311453 -0.0483582  0.0001041  0.0558607  0.0625222 0.00992225 -0.0643586 -0.0927597 -0.0597729 -0.0158296  0.0250365  0.0855117   0.142519   0.136935   0.112154   0.123775   0.178281
    0.281557     0.206402     0.155651     0.181222     0.269433     0.347647     0.345803     0.283386     0.217319     0.144494    0.0576723    0.0119136    0.0301078    0.0446352 -0.000206793   -0.0536411   -0.0350201    0.0369461     0.079219    0.0482023   -0.0387737    -0.111697    -0.104673   -0.0392221    0.0275404      0.10061     0.185671     0.233708     0.210403     0.202787     0.240596     0.296791
  0.374694   0.290162   0.271119   0.343044   0.454088   0.508504   0.459924   0.361593   0.263163   0.154099  0.0549651  0.0257806  0.0483299    0.03629 -0.0285593 -0.0608007 -0.0056067  0.0723647  0.0842631  0.0110373 -0.0959686   -0.14513 -0.0932125 0.00600532    0.10369      0.212   0.309448   0.340181   0.313231   0.332033   0.388613   0.425847
  0.474601   0.402137   0.425694   0.537294   0.649944   0.662784   0.565427   0.431281   0.296049   0.156346   0.058066  0.0439884  0.0573341  0.0171475 -0.0512258 -0.0511013  0.0302527  0.0963915  0.0693818 -0.0400874  -0.148097  -0.157464 -0.0592489  0.0737663   0.207216   0.345427   0.442549   0.456873   0.441398   0.485423   0.548103   0.552166
    0.57709    0.530764    0.596443    0.733742    0.830196     0.79536    0.654092    0.485857    0.315607    0.156374   0.0667043   0.0602317    0.056011 -0.00491168  -0.0628222  -0.0303105   0.0629718    0.105813   0.0402805  -0.0934167   -0.186322   -0.150308   -0.010307    0.155433    0.323404    0.480817    0.569994    0.575467    0.580198    0.640897    0.698015    0.665969
   0.672913    0.656191    0.756528    0.905556    0.976396    0.898285    0.721599    0.522976    0.325095    0.157749   0.0777204   0.0707773   0.0480377  -0.0235124  -0.0644019 -0.00658312   0.0876115    0.103944   0.0056394   -0.139949   -0.208746   -0.131228   0.0429071    0.238453    0.434065    0.599692    0.679775    0.685012    0.710116    0.778229     0.82286    0.761097
  0.751341   0.760449   0.886585    1.03749    1.08166   0.970292   0.767504   0.544987   0.329281   0.160829  0.0875133  0.0761154  0.0385943 -0.0369139 -0.0608505  0.0144898   0.104459  0.0964346 -0.0273816  -0.175421  -0.218559  -0.108764  0.0909692     0.3105   0.524364   0.691524   0.765225   0.774827   0.815307   0.886134   0.915892   0.834177
     0.806   0.835702   0.979685    1.12681    1.14867    1.01471   0.794994   0.557544   0.331855   0.163601   0.094436  0.0792775  0.0305705 -0.0469638 -0.0563601  0.0315997    0.11579  0.0869918 -0.0546436  -0.199053  -0.220486 -0.0886539   0.128066   0.363166    0.58775   0.755274   0.824959   0.838568   0.889881   0.963198   0.977805   0.884224
  0.838882   0.885024    1.03863    1.17903    1.18522     1.0379   0.810467   0.566493   0.333668   0.164267  0.0994162  0.0821221   0.023259 -0.0553463 -0.0516006  0.0454876   0.122146  0.0767079 -0.0738092  -0.211637  -0.218275 -0.0734708    0.15156   0.394272    0.62685   0.795995   0.861315   0.877301   0.938137    1.01353    1.01326   0.913252
  0.858904   0.915946    1.06992    1.20304    1.20085    1.04868   0.821472   0.574359   0.333338   0.163186   0.103726   0.083028  0.0149771 -0.0608603 -0.0451157   0.055308   0.122056  0.0669327  -0.083152  -0.214932  -0.214589 -0.0648629   0.161209   0.408388   0.649827   0.819911   0.879561   0.899081    0.96859     1.0418     1.0286   0.927092
  0.874883   0.932903    1.07974    1.20858    1.20582    1.05673   0.832597    0.57907   0.329514   0.161849   0.105952  0.0787491 0.00688268 -0.0606019 -0.0375221  0.0578019   0.115671   0.061597 -0.0822738  -0.212427  -0.212593 -0.0648036   0.159988   0.414682   0.664773   0.832175   0.887718   0.913941    0.98671    1.05186    1.03167   0.934314
