 0.000296133 -0.000429902   0.00134291  -0.00297404   0.00387641 -0.000288854  -0.00777485    0.0065276    0.0120942   -0.0095296   -0.0242067  -0.00765733    0.0253597    0.0523666    0.0663526    0.0714456    0.0726256    0.0734061    0.0716518    0.0759715    0.0691216    0.0732869    0.0807729    0.0664704    0.0609038    0.0825277    0.0972047    0.0806554    0.0476384    0.0206315   0.00664477   0.00156474
 9.27586e-05 -9.35212e-05  0.000294616 -0.000638387  0.000787932  7.60805e-05  -0.00182856   0.00128929    0.0029672  -0.00181845  -0.00581992   -0.0025562   0.00551215    0.0128516    0.0170277    0.0186954    0.0191466    0.0193692    0.0189928    0.0199259    0.0184992     0.019211    0.0211156    0.0179978    0.0163199    0.0211056     0.025107    0.0218433     0.013775   0.00643553   0.00225869  0.000600396
 2.90195e-05 -1.29162e-05  3.92284e-05 -9.24611e-05  0.000118969 -1.83223e-05 -0.000194576   0.00011693  0.000385698 -0.000115719 -0.000821164 -0.000550408  0.000677306   0.00192529   0.00266879   0.00299835   0.00312226   0.00318205   0.00313517   0.00326619   0.00305451   0.00319197   0.00336836   0.00305689   0.00278813   0.00328955   0.00399499   0.00372424   0.00249652    0.0012486  0.000504501  0.000180085
  1.8318e-05 -1.45831e-05  -6.3914e-06 -1.08181e-05  2.70817e-05  -5.7805e-05  0.000112846 -0.000160108  0.000101385  0.000126603 -0.000235099 -9.07106e-05  0.000189964  0.000164683   0.00010935  0.000180409  0.000252999  0.000265058  0.000247076  0.000252127  0.000215945  0.000301657  0.000131244  0.000404243  0.000142755  0.000117538   0.00047924  0.000334847  5.42163e-05  7.91627e-05  0.000136534  5.51543e-05
-8.54881e-05 -3.40431e-05 -2.62972e-05  8.43217e-05 -0.000191451  0.000378903 -0.000467073  0.000210613   0.00035374  -0.00053677 -8.97302e-05  0.000497696   7.6505e-05 -0.000310861 -0.000148377  8.12979e-05  0.000103373   2.4923e-05  1.18459e-05 -9.12861e-05  0.000189484 -0.000379228  0.000467059 -0.000210606 -0.000353739  0.000536769  8.97309e-05 -0.000497702 -7.64659e-05  0.000310629  0.000149567  -8.6732e-05
-0.000249598 -1.91953e-05  8.41326e-05 -5.46033e-05  0.000187681 -0.000174716 -0.000101165  0.000614519 -0.000606976 -0.000443031   0.00099189  0.000350206 -0.000866467 -0.000533064  0.000303172  0.000439925  0.000136288 -5.62279e-05 -0.000118702  4.44436e-05 -0.000189363  0.000174593   0.00010117 -0.000614517  0.000606977  0.000443032 -0.000991891 -0.000350197   0.00086638  0.000533788 -0.000308136 -0.000409589
-6.86114e-05  0.000221874  0.000279877 -0.000208987  0.000784325  -0.00144497    0.0017195 -0.000468561  -0.00192251   0.00209421   0.00134585  -0.00225451  -0.00159899   0.00103092   0.00155942   0.00049516 -0.000313915  -0.00039506 -0.000326336  0.000199747 -0.000785285   0.00144506  -0.00171944  0.000468572   0.00192251  -0.00209421  -0.00134585   0.00225455   0.00159862  -0.00102819  -0.00157689 -0.000392737
  0.00114427  0.000948298  0.000236217  0.000666846  -0.00098067   0.00107288  0.000355382  -0.00272015   0.00206519   0.00302484  -0.00348373  -0.00384732   0.00214403   0.00443096   0.00163878  -0.00120342  -0.00177272  -0.00118505 -0.000277091 -0.000670289  0.000981103  -0.00107272 -0.000355358   0.00272015  -0.00206519  -0.00302484   0.00348373   0.00384737  -0.00214445  -0.00442741  -0.00166364   0.00136201
   0.0040174   0.00203207  0.000409135   0.00118476  -0.00243863   0.00434661  -0.00408909  -0.00128575   0.00778958  -0.00314669  -0.00921719   0.00283575    0.0105532   0.00443679  -0.00396758   -0.0063532  -0.00435526  -0.00197878  -0.00018822 -0.000939548   0.00268431  -0.00410206   0.00433327   0.00152989  -0.00754544   0.00339083   0.00946134  -0.00259161   -0.0103092    -0.004191    0.0041959   0.00672586
    0.008358   0.00307593   0.00155965  -0.00117343   0.00226326  -0.00102252  -0.00400166   0.00780804  0.000932564   -0.0137262 -0.000478396    0.0179458    0.0106912  -0.00902537   -0.0177472   -0.0133385  -0.00550536  3.10656e-05   0.00162465   0.00435347  0.000911778   0.00419649   0.00717552   -0.0046342   0.00224127       0.0169   0.00365223    -0.014772   -0.0075173    0.0121991    0.0209174    0.0165688
  0.0132103  0.00417204  0.00234894 -0.00308668  0.00719814 -0.00956473  0.00310911   0.0132424   -0.016358  -0.0131459   0.0236362   0.0239193  -0.0131968  -0.0377512  -0.0312109  -0.0106563  0.00611947   0.0151772     0.01697   0.0223829   0.0120905   0.0288519    0.016178  0.00604468   0.0356451    0.032433 -0.00434909 -0.00463217   0.0324841   0.0570368   0.0505059   0.0299146
  0.0175796  0.00563584 0.000819217 0.000929561 0.000969257 -0.00639681      0.0119   -0.001967  -0.0237052   0.0132326   0.0403799 -0.00289289  -0.0571356  -0.0581664  -0.0163515   0.0282766   0.0558183    0.067528   0.0722138    0.072074   0.0720296    0.079395   0.0610981    0.074965   0.0967032   0.0597655   0.0326182   0.0758909    0.130134    0.131162    0.089368   0.0446125
  0.0208315  0.00692639 -0.00151611  0.00743949  -0.0114499  0.00667736   0.0148448  -0.0285153  -0.0110632    0.050531   0.0281431  -0.0583391  -0.0890271  -0.0291442   0.0640885    0.135725    0.173497    0.187101    0.195399    0.186413    0.205298     0.18717    0.179003    0.222363    0.204911    0.143317    0.165705    0.252187    0.282875     0.22299    0.129775   0.0580104
  0.0230582  0.00706497 -0.00114403  0.00751954  -0.0143212   0.0154012  0.00534068  -0.0377374   0.0163929   0.0630329  -0.0179846    -0.11004  -0.0721541   0.0726087    0.222181    0.318853    0.364544    0.380274    0.388374    0.379691    0.401529    0.371806    0.381866    0.424944    0.370814    0.324174    0.405192    0.497247    0.459361    0.314598    0.165035   0.0682728
   0.0246345   0.00603224   0.00247997 -0.000416893  -0.00418861    0.0152049   -0.0157143   -0.0217634     0.050587     0.040656   -0.0861461    -0.138624  -0.00624573     0.223559     0.421434     0.537518     0.588478     0.606859     0.610324      0.61321     0.616982     0.597588     0.628507     0.634556     0.562206     0.572137     0.698939     0.751417     0.619039     0.389234     0.191366    0.0752087
  0.0256194  0.00473503  0.00670739 -0.00998022   0.0089852   0.0120114  -0.0380814   0.0013261   0.0821663  0.00767865   -0.151704   -0.151596   0.0690076    0.366388    0.598229    0.726779    0.780721    0.801477    0.799454    0.816133    0.797167    0.794141    0.844234    0.804826    0.723986    0.798474    0.957857    0.957748    0.737145    0.439764    0.207928   0.0793358
  0.026097 0.00389122 0.00937702 -0.0160004  0.0172024  0.0102766 -0.0525981  0.0159084   0.102869 -0.0135227  -0.194279  -0.159645   0.118101   0.457965   0.710099   0.845573   0.900981   0.923133   0.917628   0.943003     0.9098   0.916725     0.9796   0.911094   0.824133   0.940525    1.12128    1.08665   0.808901   0.469037   0.216904  0.0814165
 0.0263004 0.00355484  0.0104253 -0.0183361  0.0202909 0.00991171 -0.0585444  0.0211467   0.111996 -0.0212339  -0.212666  -0.164746   0.137949    0.49748   0.759424   0.898323    0.95446   0.977169   0.970287   0.999049   0.960422   0.970801    1.03926   0.959566   0.868717    1.00195    1.19338    1.14546   0.842764   0.483233    0.22129  0.0823808
 0.0263641 0.00347424  0.0106807  -0.018882  0.0209599  0.0100061 -0.0601784  0.0223191   0.114578 -0.0229366  -0.217664  -0.166752   0.142783   0.508406   0.773783    0.91402   0.970485   0.993357   0.986145    1.01571   0.975867    0.98682      1.057   0.974507   0.882248    1.01976    1.21449    1.16358   0.854043    0.48842   0.223044  0.0828011
 0.0263748 0.00347591  0.0107263 -0.0189636  0.0210518  0.0100456 -0.0604858  0.0225961   0.114862 -0.0231789   -0.21825  -0.167212   0.143271   0.510167   0.776342   0.916838   0.973354   0.996274   0.989033    1.01872   0.978705   0.989711    1.06024    0.97716   0.884894    1.02293    1.21801    1.16697   0.856485   0.489589   0.223412  0.0829261
 0.0264786 0.00349537  0.0107462 -0.0190588  0.0212703 0.00960889 -0.0599059  0.0222254    0.11461 -0.0225156  -0.218396    -0.1678   0.143384   0.510642     0.7766   0.916937   0.973503   0.996514   0.989268    1.01907   0.978732   0.990391    1.05991   0.977775    0.88539    1.02252     1.2184     1.1678   0.856616   0.489358   0.223399   0.083068
 0.0266427 0.00348052  0.0106358 -0.0189199  0.0208912  0.0101625 -0.0602718  0.0218215   0.115571 -0.0226093  -0.219477  -0.167652   0.144327   0.510865   0.776148   0.916579   0.973471   0.996595   0.989399    1.01893   0.979111   0.989838    1.06027   0.978178   0.884429    1.02261    1.21948    1.16765   0.855673   0.489135   0.223857  0.0833908
 0.0264618 0.00323945  0.0104401 -0.0187655  0.0202945  0.0114328 -0.0620924  0.0229046   0.116886 -0.0251465  -0.219831  -0.165048    0.14506   0.509301   0.774892   0.916524   0.973921   0.996934   0.989606    1.01877   0.979706   0.988567    1.06209   0.977095   0.883114    1.02515    1.21983    1.16505   0.854941   0.490697   0.225125   0.083374
 0.0252489 0.00251302  0.0104837 -0.0196413  0.0220595 0.00891491 -0.0607283  0.0251562   0.112898 -0.0260772  -0.215002  -0.163455   0.141317     0.5059   0.774813   0.918222    0.97538   0.997724   0.989557    1.01964    0.97794   0.991085    1.06073   0.974844   0.887102    1.02608      1.215    1.16345   0.858684   0.494096   0.225212  0.0816192
 0.0223757 0.00142925  0.0103108 -0.0201592  0.0235175 0.00564118 -0.0562839  0.0237218   0.107174 -0.0199056  -0.209268  -0.170138   0.132908   0.505895   0.780419   0.923372   0.977962   0.998517   0.989468    1.01991   0.976237   0.994114    1.05604   0.976034   0.892582    1.01966    1.20902    1.16989   0.866848    0.49386   0.219352  0.0762554
  0.0180351 0.000385389  0.00916029   -0.017801   0.0188156   0.0110103  -0.0563713    0.014628    0.114031  -0.0093261   -0.218007   -0.185248     0.13277    0.519357    0.794199    0.930357    0.979112    0.996508    0.987655     1.01462    0.978009    0.985816      1.0532    0.982198    0.882795     1.00615     1.21483     1.18207    0.864057    0.477469    0.202631   0.0664125
   0.0131828 -0.000710719   0.00837099   -0.0158878    0.0138807    0.0195525   -0.0634821   0.00919362     0.131322  -0.00990644    -0.242122    -0.191222     0.156658     0.548083     0.807663     0.927675     0.967487     0.981361      0.97231     0.996592     0.966831      0.96116      1.04419     0.971519     0.849391     0.990619      1.22283      1.17193     0.824055     0.432632     0.173042    0.0530666
 0.00881353 -0.00217452  0.00990071   -0.019904   0.0201096   0.0163846   -0.072273    0.024403    0.138669  -0.0362849   -0.258865   -0.164409    0.200596    0.568498    0.792803    0.888742    0.917789    0.929011    0.917066      0.9469    0.906892    0.910617    0.999275    0.902599    0.788333    0.963287     1.18587     1.09141    0.726405    0.358507     0.13418   0.0383687
 0.00556164 -0.00346507    0.012236   -0.026414   0.0325288  0.00331043  -0.0752177   0.0509514    0.126027  -0.0735834   -0.246629   -0.108963    0.232488    0.539476    0.712363    0.781294     0.80011    0.809437    0.793881    0.832561    0.773623    0.802842     0.88137    0.755201    0.680126    0.879736     1.05278    0.915115    0.573664    0.266679   0.0937736   0.0249708
 0.00333497 -0.00360365    0.011864   -0.026494   0.0354001 -0.00541339  -0.0657136   0.0601735   0.0985706  -0.0860852   -0.200501  -0.0572626    0.215615    0.437723    0.554271    0.598166    0.609063    0.616265    0.600906    0.639283    0.577392    0.618206    0.678507     0.55262    0.514222    0.698878    0.813294    0.670056    0.397178    0.175071   0.0585135   0.0147085
 0.00175863 -0.00257091  0.00823996  -0.0185576   0.0252675 -0.00521715  -0.0446586   0.0441995   0.0643766  -0.0637083   -0.132339  -0.0286787    0.149706    0.286773    0.355017      0.3795    0.385129    0.389679    0.378956    0.405764     0.36194    0.392424    0.431866    0.343008     0.32283    0.450915    0.519546    0.415886    0.237501    0.100435   0.0321823   0.0077725
0.000773748 -0.00127371  0.00401254 -0.00899425   0.0120937 -0.00202364  -0.0222915   0.0211099   0.0327973   -0.030731   -0.066781  -0.0157064   0.0744531    0.143944    0.178223     0.19024    0.192886    0.195062    0.189827    0.202841    0.181754    0.195871    0.216139    0.172738     0.16105    0.224579    0.260629    0.209554    0.119394   0.0499043   0.0156204  0.00364539
