    0.26582    0.104811   0.0387002   0.0246739  -0.0174852 -0.00562677   0.0446089  -0.0109935   -0.076611   0.0144986    0.127216   0.0493472   -0.146446   -0.220752  -0.0813932    0.179255    0.406444     0.56773    0.635304    0.650516     0.69332    0.681719    0.631564    0.687186    0.752807    0.661699    0.548979    0.626862    0.822587    0.897171    0.756846    0.499022
  0.171529  0.0598173   0.024906  0.0170328 -0.0195116 0.00139184  0.0381052 -0.0201838 -0.0605557  0.0279153   0.102671  0.0188023  -0.130115  -0.162869 -0.0377558   0.162171   0.320812   0.434776   0.472575   0.481995   0.519204   0.498528   0.461878   0.520181   0.560555   0.472085   0.397327    0.48121   0.630052   0.663145   0.536719   0.341196
 0.0986907  0.0303736  0.0143819  0.0105874 -0.0156117 0.00333561  0.0271746 -0.0185954    -0.0412  0.0260924  0.0705784 0.00387282 -0.0943877  -0.105096 -0.0139624   0.118494   0.216758   0.288068    0.30719   0.312436    0.33919   0.320414   0.296618   0.342397   0.365003   0.297711   0.253223    0.31994   0.418137   0.429148   0.336778   0.208738
  0.0498894   0.0138838  0.00707943  0.00578426 -0.00937146  0.00225079   0.0158171  -0.0114977  -0.0235781   0.0162412   0.0404319 0.000441364  -0.0550093   -0.058674  -0.0053592   0.0692537    0.122871    0.161562    0.170921     0.17332    0.188872    0.177362     0.16382    0.191139    0.203219      0.1634    0.139209    0.179207    0.234614    0.238496    0.184257    0.113095
   0.021644  0.00570264  0.00296364  0.00265676 -0.00427636 0.000909576  0.00722746 -0.00502827  -0.0108948  0.00700365   0.0187454 0.000898892  -0.0252862  -0.0277808 -0.00304774   0.0320023   0.0572035   0.0750563   0.0795437   0.0805714   0.0877415   0.0826119   0.0763031   0.0885603   0.0944279   0.0765303   0.0647881   0.0826395    0.108797     0.11143   0.0860956   0.0533394
 0.00783499  0.00213721  0.00120675 0.000817597 -0.00133125 8.85671e-05  0.00242717 -0.00125078 -0.00411911  0.00184102  0.00717826  0.00112648 -0.00932612  -0.0108633 -0.00160224   0.0116137   0.0211886   0.0280735    0.030069   0.0308493   0.0330925   0.0316839   0.0293477   0.0330297   0.0359011   0.0299425   0.0246052   0.0306602   0.0410958   0.0427167   0.0330968   0.0212383
  0.00268407  0.000998334  0.000304837  7.12877e-05 -0.000319802 -0.000338083  0.000906986 -4.39478e-05  -0.00171525  0.000546076   0.00265637  0.000115735   -0.0031429  -0.00286524 -0.000116646   0.00302119    0.0056202   0.00799375   0.00919278   0.00951956    0.0098946   0.00990966   0.00867747    0.0096405    0.0113179   0.00905872   0.00694889   0.00949031    0.0127438    0.0124965   0.00960195   0.00706186
  0.00165147     0.000471 -0.000713835  4.05769e-05 -0.000583907 -4.39073e-05  0.000989512 -0.000762184 -0.000577612    0.0013831  0.000265989  -0.00137025 -0.000254431  0.000846689  2.11021e-05 -0.000601922  0.000507975   0.00189605   0.00299985   0.00209809   0.00268319   0.00217917   0.00118807   0.00296328   0.00278744  0.000828902     0.001947   0.00358064   0.00247495   0.00134112   0.00225026   0.00273388
 0.000830736  -0.00124563  -0.00130872 -0.000294354 -0.000392802   0.00113694  0.000144702  -0.00113965   0.00144976  0.000921479  -0.00231262 -0.000627096   0.00267157   0.00112433  -0.00222165  -0.00207992  0.000427435    0.0020553   0.00151035  0.000312746  0.000500923 -0.000895405  0.000177975   0.00149476  -0.00108543 -0.000555485   0.00267943  0.000990546  -0.00229295 -0.000806603   0.00275018   0.00198927
 -0.00284463  -0.00390452 -0.000619739 -0.000383214   0.00168502   0.00194724  -0.00170729    0.0010312   0.00275822  -0.00274394  -0.00265523   0.00378377   0.00341033  -0.00311769  -0.00478434 -4.86493e-06   0.00362238   0.00365714  -0.00024475 -0.000314515  -0.00201218  -0.00202167    0.0017427 -0.000962328  -0.00268246   0.00282055    0.0027311  -0.00370558  -0.00333921   0.00320144   0.00488021 -0.000112938
 -0.00865249  -0.00360926   0.00194327   0.00289855   0.00477971  0.000794064 -0.000754293   0.00409815 -0.000571657  -0.00553325   0.00274992   0.00714376  -0.00240154  -0.00885723  -0.00206573    0.0068913   0.00748324    0.0015881  -0.00363724  -0.00369501  -0.00487915 -0.000563003    0.0010943  -0.00373374  0.000938693   0.00590031  -0.00238581  -0.00676723   0.00272583   0.00936996    0.0020041  -0.00550901
 -0.00865748    0.0051706    0.0090827    0.0110118   0.00692425 -0.000624691   0.00433877   0.00339848  -0.00724716  -0.00118607    0.0107641   0.00167341    -0.013059  -0.00739968   0.00968963    0.0145318   0.00522974  -0.00803595  -0.00983746   -0.0100791  -0.00510649   0.00275807  -0.00213057  -0.00118211   0.00946143   0.00339969   -0.0085549  0.000556581    0.0151933   0.00991668  -0.00849049  -0.00944619
   0.0107676    0.0267143     0.025219    0.0209924   0.00776197   0.00232128    0.0079507  -0.00317832  -0.00823262   0.00978192    0.0103983   -0.0132488   -0.0170226   0.00797472    0.0245207    0.0124097   -0.0108224   -0.0240313   -0.0186849   -0.0123872    0.0016398   0.00728019   0.00167101    0.0127915    0.0178402 -0.000175513 -0.000796223    0.0228729     0.026537   0.00201579   -0.0163148   0.00158799
  0.0609306   0.0634344   0.0506325   0.0295142  0.00932946  0.00993379  0.00449995  -0.0108436   0.0021797   0.0179075  -0.0049813  -0.0264157 -0.00258449   0.0319995   0.0269952 -0.00973076  -0.0399784  -0.0381808   -0.021012  0.00185693    0.022491   0.0219153   0.0273139   0.0426367   0.0296064   0.0138772   0.0367635   0.0582121   0.0343007 0.000104572  0.00350306   0.0459848
   0.142508     0.11478   0.0790442   0.0367354   0.0142722   0.0151089 -0.00395616  -0.0104853   0.0168519    0.012298  -0.0267177   -0.022428   0.0279864   0.0468081   0.0038798  -0.0503882  -0.0668392  -0.0349714   0.0039349   0.0470519   0.0694988   0.0685327   0.0875249    0.094028   0.0666839   0.0712364    0.110252    0.105964   0.0555283   0.0368596   0.0789763    0.136752
   0.244532    0.174558    0.103453   0.0442986   0.0225282   0.0118462   -0.010721   0.0016349   0.0233913 -0.00852448  -0.0381954  0.00406925   0.0577363   0.0348476  -0.0434978  -0.0916593  -0.0669243   0.0053228   0.0772857    0.136114     0.15746    0.167913    0.190394    0.178014    0.156252    0.188166    0.217839    0.175565    0.121933    0.144719    0.223251    0.271561
   0.350396    0.231795    0.121782   0.0523714   0.0299896  0.00302376  -0.0111442   0.0179869   0.0168105  -0.0329708  -0.0302654   0.0416306    0.068128 -0.00649372  -0.0986451   -0.109721  -0.0226591   0.0956642    0.204214    0.272439    0.294176    0.320884    0.334972    0.305821    0.306993    0.356773    0.354071     0.28216    0.255731    0.330074    0.423192    0.431444
   0.444686    0.276789    0.135576   0.0600124    0.032016 -0.00399485  -0.0046406   0.0271772 0.000755189  -0.0463875 -0.00572059   0.0721755    0.051797  -0.0643767   -0.142283  -0.0926365   0.0629724    0.228618    0.366943     0.44096    0.468292    0.504075    0.504658    0.472826    0.499245    0.546387    0.505723    0.427812    0.448266      0.5641    0.643319     0.58927
   0.517525    0.306232      0.1461   0.0664579   0.0281161 -0.00593862     0.00629   0.0255888  -0.0186005  -0.0445646   0.0263719    0.087105   0.0160692   -0.122149   -0.166076    -0.04896    0.167027    0.375326    0.532328    0.610519    0.648306    0.682189    0.669917     0.65061    0.694798    0.720762    0.649827    0.589082    0.660182    0.798097     0.84326    0.721728
   0.566326    0.322722    0.153403    0.071261   0.0218759  -0.0048538   0.0176475   0.0184911  -0.0362224  -0.0347134   0.0565184   0.0905364  -0.0233091   -0.168572   -0.174679 0.000280388    0.260913    0.501832    0.668597    0.749635    0.798624    0.825241    0.802715    0.801868    0.856581    0.855072    0.763841    0.729815    0.843705     0.98875    0.995782    0.817371
   0.594571    0.330903    0.157518   0.0743885   0.0167808 -0.00351259   0.0262372   0.0120217  -0.0489057  -0.0254759   0.0782049   0.0900789  -0.0530322   -0.199465   -0.176991   0.0375318    0.326581    0.588338    0.759974    0.842383    0.899754    0.919991    0.890232    0.904446    0.965373    0.941942    0.838262    0.826383    0.969522     1.11582     1.09394    0.877127
   0.608381    0.334469    0.159275   0.0762276   0.0138357 -0.00269158   0.0310375  0.00824417  -0.0556814  -0.0203132    0.089772   0.0898513  -0.0689923   -0.216382   -0.178436   0.0579204    0.362596    0.635321    0.809449    0.892106    0.954403    0.970919    0.937188    0.959977      1.0239     0.98853    0.878444    0.878362     1.03722     1.18453     1.14694    0.909228
   0.613531    0.335608    0.160177    0.076974   0.0128242 -0.00226493   0.0325576  0.00703734  -0.0580853  -0.0190183   0.0942939   0.0908621  -0.0751755    -0.22438   -0.179922   0.0665129    0.378164      0.6554    0.830325    0.913435    0.977601    0.992693    0.957858    0.983366     1.04848     1.00941    0.896101    0.899532     1.06557     1.21475     1.17044    0.923404
  0.614564   0.336135   0.161196  0.0770047  0.0130884 -0.0025591  0.0324751 0.00775557 -0.0592229 -0.0198553  0.0966843  0.0923481  -0.078064  -0.228092  -0.180059   0.070136   0.383276   0.661498   0.836518   0.920857   0.984812    1.00042   0.965347   0.990043    1.05701    1.01764   0.901103   0.905442    1.07584     1.2259    1.17779   0.927732
   0.615385    0.337851    0.161791   0.0773396   0.0128972 -0.00373995   0.0333199  0.00813304  -0.0612503  -0.0193937   0.0992629   0.0916049    -0.08099    -0.22837   -0.177817    0.071614    0.383357    0.661339    0.838008    0.922642    0.986995      1.0035    0.966357    0.991512     1.06089     1.01903     0.90037    0.908032     1.08061     1.22805     1.17729    0.928477
    0.61906     0.34051    0.161102   0.0774285   0.0108194 -0.00455025   0.0351719  0.00596218  -0.0625587  -0.0157283   0.0996055    0.087194  -0.0817288   -0.224128   -0.175254    0.069539    0.380162    0.659737    0.839763    0.923269    0.989508     1.00462    0.964793    0.993969     1.06248     1.01565    0.900319    0.912728     1.08166     1.22404     1.17516    0.930579
   0.624868    0.340215    0.158539   0.0741467  0.00772473 -0.00339707   0.0342189  0.00289524  -0.0592288   -0.012939   0.0942004   0.0838341  -0.0759169   -0.218388   -0.177973   0.0626428    0.376301    0.661806    0.843155     0.92665    0.992375     1.00317    0.965441     0.99674     1.05886     1.01257    0.905436    0.915789     1.07559     1.21788     1.17803    0.935975
   0.624873    0.331435    0.151399   0.0660335  0.00558019 -0.00197832   0.0291259  0.00359491  -0.0525534  -0.0172861   0.0861862   0.0893044  -0.0652594   -0.219846   -0.189728   0.0550023    0.378555     0.67143    0.849355    0.933034    0.992602    0.999845    0.968666    0.994189     1.05034     1.01507    0.911605    0.908466     1.06313     1.21733     1.18853    0.939912
   0.605448    0.309892    0.135263   0.0560529  0.00474247 -0.00492429   0.0255139   0.0101717  -0.0515679  -0.0282541    0.086552    0.104227  -0.0612958    -0.23522   -0.204559   0.0571244    0.394607    0.687425    0.858203    0.935342    0.985856    0.995323    0.964864    0.980215     1.04196     1.01865    0.903846    0.886149     1.05178     1.22523     1.19635    0.928878
  0.555285   0.273171   0.109849   0.047531 0.00317498 -0.0125368  0.0289647   0.017837 -0.0619802 -0.0363797   0.101932   0.117394 -0.0757339  -0.259245  -0.207034  0.0792649   0.423763   0.701575    0.86053   0.921098   0.965005   0.980688   0.939221    0.95037    1.03019     1.0046   0.866286    0.85081    1.04402    1.22714    1.17654   0.884481
  0.473708   0.221826  0.0814378  0.0403099 -0.0017678 -0.0177119  0.0374208  0.0174787 -0.0766524 -0.0307702   0.123668   0.113406  -0.106305  -0.274054  -0.183918   0.119922   0.450624   0.698366   0.835583   0.875903   0.917997    0.93407    0.87901   0.898979   0.993117   0.947236   0.792798   0.803058    1.02279    1.19039    1.10106   0.793714
   0.371684    0.162048    0.057029   0.0327467  -0.0100237  -0.0144492   0.0441856  0.00535849  -0.0831918 -0.00994773    0.135146   0.0869086   -0.136055   -0.262093    -0.13654    0.161193    0.450709    0.658071    0.762232    0.786841    0.830035     0.83469    0.776141    0.814993    0.903549    0.830306    0.685211    0.733457    0.956385     1.08253    0.956787    0.658905
