0.923414
0.918634
0.913717
0.908661
0.903469
0.898141
0.892677
0.887079
0.881348
0.875483
0.869487
0.86336
0.857103
0.850717
0.844203
0.837561
0.830794
0.823901
0.816884
0.809745
0.802483
0.7951
0.787598
0.779977
0.772239
0.764384
0.756415
0.748331
0.740134
0.731827
0.723409
0.714882
0.706247
0.697506
0.68866
0.67971
0.670658
0.661505
0.652252
0.642901
0.633453
0.62391
0.614273
0.604543
0.594723
0.584813
0.574814
0.564729
0.554559
0.544306
0.533971
0.523555
0.51306
0.502488
0.49184
0.481119
0.470325
0.45946
0.448525
0.437524
0.426456
0.415324
0.40413
0.392875
0.38156
0.370189
0.358761
0.347279
0.335745
0.324161
0.312528
0.300847
0.289122
0.277352
0.265541
0.25369
0.241801
0.229876
0.217915
0.205922
0.193898
0.181845
0.169764
0.157658
0.145528
0.133376
0.121204
0.109014
0.0968077
0.0845865
0.0723525
0.0601077
0.0478538
0.0355928
0.0233263
0.0110564
-0.00121526
-0.0134867
-0.0257561
-0.0380216
-0.0502814
-0.0625337
-0.0747765
-0.087008
-0.0992265
-0.11143
-0.123617
-0.135785
-0.147932
-0.160058
-0.172159
-0.184234
-0.196282
-0.2083
-0.220287
-0.23224
-0.244159
-0.256041
-0.267884
-0.279687
-0.291447
-0.303164
-0.314835
-0.326459
-0.338034
-0.349558
-0.361029
-0.372445
-0.383806
-0.395109
-0.406352
-0.417534
-0.428653
-0.439708
-0.450696
-0.461617
-0.472468
-0.483248
-0.493955
-0.504588
-0.515145
-0.525624
-0.536024
-0.546343
-0.55658
-0.566733
-0.576801
-0.586782
-0.596675
-0.606478
-0.616189
-0.625808
-0.635332
-0.644761
-0.654093
-0.663326
-0.672459
-0.681491
-0.69042
-0.699246
-0.707966
-0.716579
-0.725085
-0.733481
-0.741767
-0.749941
-0.758002
-0.765949
-0.773781
-0.781496
-0.789094
-0.796572
-0.803931
-0.811168
-0.818284
-0.825276
-0.832144
-0.838887
-0.845503
-0.851992
-0.858353
-0.864584
-0.870685
-0.876655
-0.882493
-0.888199
-0.89377
-0.899207
-0.904508
-0.909673
-0.914702
-0.919592
-0.924344
-0.928957
-0.933429
-0.937762
-0.941953
-0.946002
-0.949909
-0.953672
-0.957292
-0.960768
-0.964099
-0.967285
-0.970326
-0.97322
-0.975968
-0.978568
-0.981022
-0.983327
-0.985485
-0.987494
-0.989354
-0.991065
-0.992628
-0.99404
-0.995303
-0.996416
-0.997379
-0.998192
-0.998854
-0.999366
-0.999728
-0.999939
-0.999999
-0.999909
-0.999668
-0.999277
-0.998735
-0.998043
-0.9972
-0.996208
-0.995065
-0.993772
-0.99233
-0.990738
-0.988997
-0.987108
-0.985069
-0.982882
-0.980547
-0.978065
-0.975435
-0.972658
-0.969735
-0.966666
-0.963451
-0.960091
-0.956587
-0.952938
-0.949146
-0.945211
-0.941134
-0.936915
-0.932555
-0.928054
-0.923414
-0.918634
-0.913717
-0.908661
-0.903469
-0.898141
-0.892677
-0.887079
-0.881348
-0.875483
-0.869487
-0.86336
-0.857103
-0.850717
-0.844203
-0.837561
-0.830794
-0.823901
-0.816884
-0.809745
-0.802483
-0.7951
-0.787598
-0.779977
-0.772239
-0.764384
-0.756415
-0.748331
-0.740134
-0.731827
-0.723409
-0.714882
-0.706247
-0.697506
-0.68866
-0.67971
-0.670658
-0.661505
-0.652252
-0.642901
-0.633453
-0.62391
-0.614273
-0.604543
-0.594723
-0.584813
-0.574814
-0.564729
-0.554559
-0.544306
-0.533971
-0.523555
-0.51306
-0.502488
-0.49184
-0.481119
-0.470325
-0.45946
-0.448525
-0.437524
-0.426456
-0.415324
-0.40413
-0.392875
-0.38156
-0.370189
-0.358761
-0.347279
-0.335745
-0.324161
-0.312528
-0.300847
-0.289122
-0.277352
-0.265541
-0.25369
-0.241801
-0.229876
-0.217915
-0.205922
-0.193898
-0.181845
-0.169764
-0.157658
-0.145528
-0.133376
-0.121204
-0.109014
-0.0968077
-0.0845865
-0.0723525
-0.0601077
-0.0478538
-0.0355928
-0.0233263
-0.0110564
0.00121526
0.0134867
0.0257561
0.0380216
0.0502814
0.0625337
0.0747765
0.087008
0.0992265
0.11143
0.123617
0.135785
0.147932
0.160058
0.172159
0.184234
0.196282
0.2083
0.220287
0.23224
0.244159
0.256041
0.267884
0.279687
0.291447
0.303164
0.314835
0.326459
0.338034
0.349558
0.361029
0.372445
0.383806
0.395109
0.406352
0.417534
0.428653
0.439708
0.450696
0.461617
0.472468
0.483248
0.493955
0.504588
0.515145
0.525624
0.536024
0.546343
0.55658
0.566733
0.576801
0.586782
0.596675
0.606478
0.616189
0.625808
0.635332
0.644761
0.654093
0.663326
0.672459
0.681491
0.69042
0.699246
0.707966
0.716579
0.725085
0.733481
0.741767
0.749941
0.758002
0.765949
0.773781
0.781496
0.789094
0.796572
0.803931
0.811168
0.818284
0.825276
0.832144
0.838887
0.845503
0.851992
0.858353
0.864584
0.870685
0.876655
0.882493
0.888199
0.89377
0.899207
0.904508
0.909673
0.914702
0.919592
0.924344
0.928957
0.933429
0.937762
0.941953
0.946002
0.949909
0.953672
0.957292
0.960768
0.964099
0.967285
0.970326
0.97322
0.975968
0.978568
0.981022
0.983327
0.985485
0.987494
0.989354
0.991065
0.992628
0.99404
0.995303
0.996416
0.997379
0.998192
0.998854
0.999366
0.999728
0.999939
0.999999
0.999909
0.999668
0.999277
0.998735
0.998043
0.9972
0.996208
0.995065
0.993772
0.99233
0.990738
0.988997
0.987108
0.985069
0.982882
0.980547
0.978065
0.975435
0.972658
0.969735
0.966666
0.963451
0.960091
0.956587
0.952938
0.949146
0.945211
0.941134
0.936915
0.932555
0.928054
