0.987054
0.990692
0.993734
0.996178
0.998021
0.999263
0.999904
0.999942
0.999377
0.998211
0.996444
0.994076
0.991109
0.987546
0.983387
0.978636
0.973296
0.967369
0.96086
0.953772
0.946109
0.937877
0.929079
0.919722
0.909811
0.899352
0.888351
0.876815
0.864751
0.852166
0.839068
0.825464
0.811363
0.796773
0.781704
0.766163
0.750161
0.733707
0.716811
0.699483
0.681734
0.663575
0.645015
0.626067
0.606742
0.587052
0.567008
0.546622
0.525907
0.504876
0.48354
0.461913
0.440007
0.417837
0.395415
0.372755
0.34987
0.326774
0.303482
0.280007
0.256363
0.232565
0.208626
0.184562
0.160387
0.136115
0.111761
0.0873402
0.0628665
0.0383549
0.0138202
-0.0107229
-0.0352594
-0.0597748
-0.0842541
-0.108683
-0.133046
-0.157329
-0.181517
-0.205596
-0.229551
-0.253368
-0.277032
-0.300529
-0.323845
-0.346966
-0.369878
-0.392568
-0.415021
-0.437224
-0.459163
-0.480826
-0.502199
-0.52327
-0.544026
-0.564454
-0.584542
-0.604277
-0.623649
-0.642645
-0.661254
-0.679465
-0.697266
-0.714648
-0.731599
-0.748109
-0.764169
-0.779768
-0.794898
-0.809548
-0.823712
-0.837379
-0.850541
-0.863191
-0.875322
-0.886925
-0.897993
-0.908521
-0.918502
-0.927929
-0.936798
-0.945102
-0.952836
-0.959997
-0.96658
-0.97258
-0.977995
-0.98282
-0.987054
-0.990692
-0.993734
-0.996178
-0.998021
-0.999263
-0.999904
-0.999942
-0.999377
-0.998211
-0.996444
-0.994076
-0.991109
-0.987546
-0.983387
-0.978636
-0.973296
-0.967369
-0.96086
-0.953772
-0.946109
-0.937877
-0.929079
-0.919722
-0.909811
-0.899352
-0.888351
-0.876815
-0.864751
-0.852166
-0.839068
-0.825464
-0.811363
-0.796773
-0.781704
-0.766163
-0.750161
-0.733707
-0.716811
-0.699483
-0.681734
-0.663575
-0.645015
-0.626067
-0.606742
-0.587052
-0.567008
-0.546622
-0.525907
-0.504876
-0.48354
-0.461913
-0.440007
-0.417837
-0.395415
-0.372755
-0.34987
-0.326774
-0.303482
-0.280007
-0.256363
-0.232565
-0.208626
-0.184562
-0.160387
-0.136115
-0.111761
-0.0873402
-0.0628665
-0.0383549
-0.0138202
0.0107229
0.0352594
0.0597748
0.0842541
0.108683
0.133046
0.157329
0.181517
0.205596
0.229551
0.253368
0.277032
0.300529
0.323845
0.346966
0.369878
0.392568
0.415021
0.437224
0.459163
0.480826
0.502199
0.52327
0.544026
0.564454
0.584542
0.604277
0.623649
0.642645
0.661254
0.679465
0.697266
0.714648
0.731599
0.748109
0.764169
0.779768
0.794898
0.809548
0.823712
0.837379
0.850541
0.863191
0.875322
0.886925
0.897993
0.908521
0.918502
0.927929
0.936798
0.945102
0.952836
0.959997
0.96658
0.97258
0.977995
0.98282
