-0.407582
-0.429869
-0.451898
-0.473654
-0.495125
-0.516298
-0.53716
-0.557698
-0.577901
-0.597755
-0.617249
-0.636371
-0.65511
-0.673455
-0.691393
-0.708916
-0.726011
-0.742669
-0.758879
-0.774633
-0.78992
-0.804731
-0.819057
-0.83289
-0.846221
-0.859043
-0.871347
-0.883126
-0.894373
-0.905081
-0.915245
-0.924857
-0.933911
-0.942404
-0.950328
-0.95768
-0.964456
-0.97065
-0.97626
-0.981281
-0.985712
-0.989549
-0.992789
-0.995432
-0.997475
-0.998917
-0.999758
-0.999996
-0.999632
-0.998666
-0.997098
-0.99493
-0.992162
-0.988797
-0.984836
-0.980282
-0.975137
-0.969405
-0.963089
-0.956193
-0.948721
-0.940678
-0.932067
-0.922896
-0.913168
-0.902891
-0.892069
-0.88071
-0.868821
-0.856408
-0.84348
-0.830043
-0.816107
-0.801678
-0.786767
-0.771382
-0.755533
-0.739228
-0.722478
-0.705293
-0.687683
-0.669658
-0.651231
-0.632411
-0.61321
-0.593639
-0.573712
-0.553438
-0.532831
-0.511903
-0.490667
-0.469136
-0.447321
-0.425238
-0.402898
-0.380315
-0.357503
-0.334476
-0.311248
-0.287832
-0.264243
-0.240494
-0.216601
-0.192577
-0.168437
-0.144196
-0.119868
-0.0954672
-0.0710094
-0.0465087
-0.02198
0.00256188
0.0271022
0.0516263
0.0761192
0.100566
0.124953
0.149264
0.173485
0.197602
0.2216
0.245464
0.269181
0.292735
0.316113
0.339301
0.362284
0.385049
0.407582
0.429869
0.451898
0.473654
0.495125
0.516298
0.53716
0.557698
0.577901
0.597755
0.617249
0.636371
0.65511
0.673455
0.691393
0.708916
0.726011
0.742669
0.758879
0.774633
0.78992
0.804731
0.819057
0.83289
0.846221
0.859043
0.871347
0.883126
0.894373
0.905081
0.915245
0.924857
0.933911
0.942404
0.950328
0.95768
0.964456
0.97065
0.97626
0.981281
0.985712
0.989549
0.992789
0.995432
0.997475
0.998917
0.999758
0.999996
0.999632
0.998666
0.997098
0.99493
0.992162
0.988797
0.984836
0.980282
0.975137
0.969405
0.963089
0.956193
0.948721
0.940678
0.932067
0.922896
0.913168
0.902891
0.892069
0.88071
0.868821
0.856408
0.84348
0.830043
0.816107
0.801678
0.786767
0.771382
0.755533
0.739228
0.722478
0.705293
0.687683
0.669658
0.651231
0.632411
0.61321
0.593639
0.573712
0.553438
0.532831
0.511903
0.490667
0.469136
0.447321
0.425238
0.402898
0.380315
0.357503
0.334476
0.311248
0.287832
0.264243
0.240494
0.216601
0.192577
0.168437
0.144196
0.119868
0.0954672
0.0710094
0.0465087
0.02198
-0.00256188
-0.0271022
-0.0516263
-0.0761192
-0.100566
-0.124953
-0.149264
-0.173485
-0.197602
-0.2216
-0.245464
-0.269181
-0.292735
-0.316113
-0.339301
-0.362284
-0.385049
