-0.847615
-0.834338
-0.820559
-0.806285
-0.791525
-0.776289
-0.760585
-0.744422
-0.727812
-0.710763
-0.693286
-0.675391
-0.657089
-0.638392
-0.61931
-0.599855
-0.580039
-0.559873
-0.53937
-0.518542
-0.497402
-0.475962
-0.454236
-0.432235
-0.409975
-0.387467
-0.364727
-0.341766
-0.3186
-0.295241
-0.271705
-0.248005
-0.224156
-0.200172
-0.176067
-0.151856
-0.127554
-0.103175
-0.0787334
-0.0542446
-0.0297232
-0.00518385
0.0193586
0.0438894
0.0683938
0.0928569
0.117264
0.141601
0.165852
0.190003
0.21404
0.237948
0.261713
0.28532
0.308755
0.332004
0.355054
0.377889
0.400497
0.422863
0.444975
0.466819
0.488381
0.509649
0.530611
0.551252
0.571562
0.591528
0.611137
0.630377
0.649239
0.667709
0.685777
0.703432
0.720663
0.73746
0.753813
0.769711
0.785146
0.800109
0.814589
0.828578
0.842069
0.855052
0.86752
0.879466
0.890881
0.901761
0.912097
0.921883
0.931114
0.939785
0.947889
0.955423
0.96238
0.968759
0.974553
0.979761
0.984378
0.988402
0.991831
0.994663
0.996896
0.998528
0.999558
0.999986
0.999812
0.999036
0.997658
0.995679
0.993101
0.989924
0.98615
0.981783
0.976825
0.971278
0.965146
0.958432
0.951141
0.943278
0.934846
0.925851
0.916298
0.906193
0.895543
0.884353
0.87263
0.860382
0.847615
0.834338
0.820559
0.806285
0.791525
0.776289
0.760585
0.744422
0.727812
0.710763
0.693286
0.675391
0.657089
0.638392
0.61931
0.599855
0.580039
0.559873
0.53937
0.518542
0.497402
0.475962
0.454236
0.432235
0.409975
0.387467
0.364727
0.341766
0.3186
0.295241
0.271705
0.248005
0.224156
0.200172
0.176067
0.151856
0.127554
0.103175
0.0787334
0.0542446
0.0297232
0.00518385
-0.0193586
-0.0438894
-0.0683938
-0.0928569
-0.117264
-0.141601
-0.165852
-0.190003
-0.21404
-0.237948
-0.261713
-0.28532
-0.308755
-0.332004
-0.355054
-0.377889
-0.400497
-0.422863
-0.444975
-0.466819
-0.488381
-0.509649
-0.530611
-0.551252
-0.571562
-0.591528
-0.611137
-0.630377
-0.649239
-0.667709
-0.685777
-0.703432
-0.720663
-0.73746
-0.753813
-0.769711
-0.785146
-0.800109
-0.814589
-0.828578
-0.842069
-0.855052
-0.86752
-0.879466
-0.890881
-0.901761
-0.912097
-0.921883
-0.931114
-0.939785
-0.947889
-0.955423
-0.96238
-0.968759
-0.974553
-0.979761
-0.984378
-0.988402
-0.991831
-0.994663
-0.996896
-0.998528
-0.999558
-0.999986
-0.999812
-0.999036
-0.997658
-0.995679
-0.993101
-0.989924
-0.98615
-0.981783
-0.976825
-0.971278
-0.965146
-0.958432
-0.951141
-0.943278
-0.934846
-0.925851
-0.916298
-0.906193
-0.895543
-0.884353
-0.87263
-0.860382
