0.396559
0.373911
0.351037
0.327952
0.304669
0.281203
0.257567
0.233777
0.209845
0.185787
0.161617
0.13735
0.113
0.0885817
0.0641103
0.0396003
0.0150664
-0.00947661
-0.0340139
-0.0585306
-0.0830122
-0.107444
-0.13181
-0.156098
-0.180291
-0.204376
-0.228338
-0.252162
-0.275834
-0.29934
-0.322666
-0.345797
-0.36872
-0.391421
-0.413887
-0.436102
-0.458056
-0.479733
-0.501121
-0.522208
-0.54298
-0.563425
-0.58353
-0.603284
-0.622674
-0.64169
-0.660319
-0.67855
-0.696373
-0.713776
-0.730749
-0.747282
-0.763364
-0.778987
-0.794141
-0.808816
-0.823004
-0.836697
-0.849885
-0.862562
-0.874718
-0.886348
-0.897445
-0.908
-0.918009
-0.927464
-0.936361
-0.944694
-0.952458
-0.959648
-0.96626
-0.97229
-0.977734
-0.98259
-0.986853
-0.990522
-0.993594
-0.996068
-0.997942
-0.999215
-0.999886
-0.999955
-0.999421
-0.998285
-0.996548
-0.994211
-0.991274
-0.987741
-0.983613
-0.978892
-0.973581
-0.967685
-0.961205
-0.954146
-0.946512
-0.938309
-0.92954
-0.920211
-0.910328
-0.899896
-0.888923
-0.877414
-0.865376
-0.852818
-0.839745
-0.826167
-0.812091
-0.797526
-0.78248
-0.766963
-0.750985
-0.734553
-0.71768
-0.700374
-0.682646
-0.664507
-0.645967
-0.627039
-0.607733
-0.588061
-0.568034
-0.547665
-0.526967
-0.505951
-0.48463
-0.463018
-0.441126
-0.418969
-0.396559
-0.373911
-0.351037
-0.327952
-0.304669
-0.281203
-0.257567
-0.233777
-0.209845
-0.185787
-0.161617
-0.13735
-0.113
-0.0885817
-0.0641103
-0.0396003
-0.0150664
0.00947661
0.0340139
0.0585306
0.0830122
0.107444
0.13181
0.156098
0.180291
0.204376
0.228338
0.252162
0.275834
0.29934
0.322666
0.345797
0.36872
0.391421
0.413887
0.436102
0.458056
0.479733
0.501121
0.522208
0.54298
0.563425
0.58353
0.603284
0.622674
0.64169
0.660319
0.67855
0.696373
0.713776
0.730749
0.747282
0.763364
0.778987
0.794141
0.808816
0.823004
0.836697
0.849885
0.862562
0.874718
0.886348
0.897445
0.908
0.918009
0.927464
0.936361
0.944694
0.952458
0.959648
0.96626
0.97229
0.977734
0.98259
0.986853
0.990522
0.993594
0.996068
0.997942
0.999215
0.999886
0.999955
0.999421
0.998285
0.996548
0.994211
0.991274
0.987741
0.983613
0.978892
0.973581
0.967685
0.961205
0.954146
0.946512
0.938309
0.92954
0.920211
0.910328
0.899896
0.888923
0.877414
0.865376
0.852818
0.839745
0.826167
0.812091
0.797526
0.78248
0.766963
0.750985
0.734553
0.71768
0.700374
0.682646
0.664507
0.645967
0.627039
0.607733
0.588061
0.568034
0.547665
0.526967
0.505951
0.48463
0.463018
0.441126
0.418969
