0.998712
0.999656
0.999998
0.999737
0.998874
0.99741
0.995345
0.99268
0.989417
0.985558
0.981106
0.976062
0.970431
0.964215
0.957418
0.950045
0.942099
0.933586
0.92451
0.914878
0.904694
0.893966
0.882698
0.8709
0.858576
0.845736
0.832386
0.818535
0.80419
0.789362
0.774057
0.758287
0.742059
0.725385
0.708274
0.690736
0.672782
0.654423
0.635669
0.616533
0.597025
0.577158
0.556943
0.536393
0.515519
0.494335
0.472853
0.451087
0.429048
0.406751
0.384209
0.361436
0.338445
0.31525
0.291866
0.268305
0.244583
0.220713
0.196711
0.17259
0.148365
0.124051
0.0996616
0.0752126
0.0507182
0.0261933
0.00165263
-0.022889
-0.0474169
-0.0719163
-0.0963723
-0.12077
-0.145095
-0.169333
-0.193469
-0.217488
-0.241377
-0.265119
-0.288703
-0.312112
-0.335333
-0.358352
-0.381156
-0.40373
-0.42606
-0.448134
-0.469938
-0.491459
-0.512684
-0.5336
-0.554195
-0.574456
-0.594371
-0.613927
-0.633114
-0.65192
-0.670333
-0.688342
-0.705937
-0.723106
-0.73984
-0.756128
-0.77196
-0.787328
-0.802221
-0.816632
-0.83055
-0.843968
-0.856877
-0.869271
-0.88114
-0.892479
-0.903281
-0.913538
-0.923245
-0.932396
-0.940985
-0.949008
-0.956459
-0.963333
-0.969628
-0.975338
-0.980461
-0.984993
-0.988932
-0.992275
-0.995021
-0.997167
-0.998712
-0.999656
-0.999998
-0.999737
-0.998874
-0.99741
-0.995345
-0.99268
-0.989417
-0.985558
-0.981106
-0.976062
-0.970431
-0.964215
-0.957418
-0.950045
-0.942099
-0.933586
-0.92451
-0.914878
-0.904694
-0.893966
-0.882698
-0.8709
-0.858576
-0.845736
-0.832386
-0.818535
-0.80419
-0.789362
-0.774057
-0.758287
-0.742059
-0.725385
-0.708274
-0.690736
-0.672782
-0.654423
-0.635669
-0.616533
-0.597025
-0.577158
-0.556943
-0.536393
-0.515519
-0.494335
-0.472853
-0.451087
-0.429048
-0.406751
-0.384209
-0.361436
-0.338445
-0.31525
-0.291866
-0.268305
-0.244583
-0.220713
-0.196711
-0.17259
-0.148365
-0.124051
-0.0996616
-0.0752126
-0.0507182
-0.0261933
-0.00165263
0.022889
0.0474169
0.0719163
0.0963723
0.12077
0.145095
0.169333
0.193469
0.217488
0.241377
0.265119
0.288703
0.312112
0.335333
0.358352
0.381156
0.40373
0.42606
0.448134
0.469938
0.491459
0.512684
0.5336
0.554195
0.574456
0.594371
0.613927
0.633114
0.65192
0.670333
0.688342
0.705937
0.723106
0.73984
0.756128
0.77196
0.787328
0.802221
0.816632
0.83055
0.843968
0.856877
0.869271
0.88114
0.892479
0.903281
0.913538
0.923245
0.932396
0.940985
0.949008
0.956459
0.963333
0.969628
0.975338
0.980461
0.984993
0.988932
0.992275
0.995021
0.997167
