0.987493
0.989354
0.991065
0.992627
0.99404
0.995303
0.996416
0.997379
0.998192
0.998854
0.999366
0.999728
0.999939
0.999999
0.999909
0.999668
0.999277
0.998735
0.998043
0.9972
0.996208
0.995065
0.993772
0.99233
0.990739
0.988998
0.987108
0.985069
0.982883
0.980548
0.978065
0.975435
0.972659
0.969736
0.966666
0.963452
0.960092
0.956587
0.952939
0.949147
0.945212
0.941134
0.936915
0.932555
0.928055
0.923414
0.918635
0.913717
0.908662
0.90347
0.898141
0.892678
0.88708
0.881348
0.875484
0.869488
0.863361
0.857104
0.850718
0.844204
0.837562
0.830795
0.823902
0.816885
0.809746
0.802484
0.795101
0.787599
0.779978
0.77224
0.764385
0.756415
0.748332
0.740135
0.731828
0.72341
0.714883
0.706248
0.697507
0.688661
0.679711
0.670659
0.661506
0.652253
0.642902
0.633455
0.623911
0.614274
0.604545
0.594724
0.584814
0.574815
0.564731
0.554561
0.544307
0.533972
0.523556
0.513061
0.502489
0.491842
0.48112
0.470326
0.459461
0.448527
0.437525
0.426458
0.415326
0.404131
0.392876
0.381562
0.37019
0.358762
0.347281
0.335747
0.324162
0.312529
0.300849
0.289123
0.277354
0.265543
0.253692
0.241803
0.229877
0.217917
0.205924
0.1939
0.181847
0.169766
0.15766
0.14553
0.133378
0.121206
0.109016
0.0968092
0.084588
0.0723541
0.0601092
0.0478554
0.0355943
0.0233278
0.0110579
-0.00121374
-0.0134852
-0.0257546
-0.0380201
-0.0502799
-0.0625321
-0.074775
-0.0870065
-0.099225
-0.111428
-0.123615
-0.135783
-0.147931
-0.160056
-0.172158
-0.184233
-0.196281
-0.208299
-0.220285
-0.232239
-0.244157
-0.256039
-0.267882
-0.279685
-0.291446
-0.303163
-0.314834
-0.326458
-0.338032
-0.349556
-0.361027
-0.372444
-0.383804
-0.395107
-0.406351
-0.417533
-0.428652
-0.439707
-0.450695
-0.461616
-0.472467
-0.483247
-0.493954
-0.504587
-0.515143
-0.525623
-0.536023
-0.546342
-0.556579
-0.566732
-0.5768
-0.586781
-0.596674
-0.606477
-0.616188
-0.625807
-0.635331
-0.64476
-0.654091
-0.663325
-0.672458
-0.68149
-0.690419
-0.699244
-0.707964
-0.716578
-0.725083
-0.73348
-0.741766
-0.74994
-0.758001
-0.765948
-0.77378
-0.781495
-0.789093
-0.796571
-0.80393
-0.811168
-0.818283
-0.825275
-0.832143
-0.838886
-0.845502
-0.851991
-0.858352
-0.864583
-0.870685
-0.876655
-0.882493
-0.888198
-0.893769
-0.899206
-0.904508
-0.909673
-0.914701
-0.919591
-0.924343
-0.928956
-0.933429
-0.937761
-0.941952
-0.946001
-0.949908
-0.953672
-0.957292
-0.960768
-0.964099
-0.967285
-0.970325
-0.97322
-0.975967
-0.978568
-0.981021
-0.983327
-0.985484
-0.987493
-0.989354
-0.991065
-0.992627
-0.99404
-0.995303
-0.996416
-0.997379
-0.998192
-0.998854
-0.999366
-0.999728
-0.999939
-0.999999
-0.999909
-0.999668
-0.999277
-0.998735
-0.998043
-0.9972
-0.996208
-0.995065
-0.993772
-0.99233
-0.990739
-0.988998
-0.987108
-0.985069
-0.982883
-0.980548
-0.978065
-0.975435
-0.972659
-0.969736
-0.966666
-0.963452
-0.960092
-0.956587
-0.952939
-0.949147
-0.945212
-0.941134
-0.936915
-0.932555
-0.928055
-0.923414
-0.918635
-0.913717
-0.908662
-0.90347
-0.898141
-0.892678
-0.88708
-0.881348
-0.875484
-0.869488
-0.863361
-0.857104
-0.850718
-0.844204
-0.837562
-0.830795
-0.823902
-0.816885
-0.809746
-0.802484
-0.795101
-0.787599
-0.779978
-0.77224
-0.764385
-0.756415
-0.748332
-0.740135
-0.731828
-0.72341
-0.714883
-0.706248
-0.697507
-0.688661
-0.679711
-0.670659
-0.661506
-0.652253
-0.642902
-0.633455
-0.623911
-0.614274
-0.604545
-0.594724
-0.584814
-0.574815
-0.564731
-0.554561
-0.544307
-0.533972
-0.523556
-0.513061
-0.502489
-0.491842
-0.48112
-0.470326
-0.459461
-0.448527
-0.437525
-0.426458
-0.415326
-0.404131
-0.392876
-0.381562
-0.37019
-0.358762
-0.347281
-0.335747
-0.324162
-0.312529
-0.300849
-0.289123
-0.277354
-0.265543
-0.253692
-0.241803
-0.229877
-0.217917
-0.205924
-0.1939
-0.181847
-0.169766
-0.15766
-0.14553
-0.133378
-0.121206
-0.109016
-0.0968092
-0.084588
-0.0723541
-0.0601092
-0.0478554
-0.0355943
-0.0233278
-0.0110579
0.00121374
0.0134852
0.0257546
0.0380201
0.0502799
0.0625321
0.074775
0.0870065
0.099225
0.111428
0.123615
0.135783
0.147931
0.160056
0.172158
0.184233
0.196281
0.208299
0.220285
0.232239
0.244157
0.256039
0.267882
0.279685
0.291446
0.303163
0.314834
0.326458
0.338032
0.349556
0.361027
0.372444
0.383804
0.395107
0.406351
0.417533
0.428652
0.439707
0.450695
0.461616
0.472467
0.483247
0.493954
0.504587
0.515143
0.525623
0.536023
0.546342
0.556579
0.566732
0.5768
0.586781
0.596674
0.606477
0.616188
0.625807
0.635331
0.64476
0.654091
0.663325
0.672458
0.68149
0.690419
0.699244
0.707964
0.716578
0.725083
0.73348
0.741766
0.74994
0.758001
0.765948
0.77378
0.781495
0.789093
0.796571
0.80393
0.811168
0.818283
0.825275
0.832143
0.838886
0.845502
0.851991
0.858352
0.864583
0.870685
0.876655
0.882493
0.888198
0.893769
0.899206
0.904508
0.909673
0.914701
0.919591
0.924343
0.928956
0.933429
0.937761
0.941952
0.946001
0.949908
0.953672
0.957292
0.960768
0.964099
0.967285
0.970325
0.97322
0.975967
0.978568
0.981021
0.983327
0.985484
