0.194692
0.218705
0.242586
0.266321
0.289896
0.313296
0.336507
0.359516
0.382308
0.404869
0.427187
0.449248
0.471038
0.492544
0.513754
0.534654
0.555232
0.575475
0.595372
0.614911
0.634079
0.652865
0.671257
0.689246
0.706819
0.723966
0.740678
0.756943
0.772752
0.788096
0.802965
0.81735
0.831243
0.844635
0.857519
0.869886
0.881729
0.893041
0.903815
0.914044
0.923723
0.932846
0.941406
0.9494
0.956821
0.963667
0.969932
0.975612
0.980705
0.985207
0.989116
0.992429
0.995144
0.99726
0.998775
0.999688
0.999999
0.999708
0.998814
0.997319
0.995224
0.992528
0.989235
0.985346
0.980864
0.97579
0.970129
0.963884
0.957057
0.949655
0.94168
0.933138
0.924034
0.914374
0.904162
0.893406
0.882112
0.870286
0.857937
0.84507
0.831695
0.817818
0.803449
0.788596
0.773267
0.757474
0.741223
0.724527
0.707393
0.689834
0.671859
0.65348
0.634707
0.615551
0.596025
0.57614
0.555908
0.53534
0.514451
0.493251
0.471755
0.449974
0.427922
0.405612
0.383058
0.360274
0.337272
0.314067
0.290673
0.267104
0.243374
0.219497
0.195489
0.171362
0.147132
0.122814
0.0984214
0.0739697
0.0494734
0.0249474
0.000406307
-0.024135
-0.0486618
-0.0731593
-0.0976127
-0.122007
-0.146328
-0.170561
-0.194692
-0.218705
-0.242586
-0.266321
-0.289896
-0.313296
-0.336507
-0.359516
-0.382308
-0.404869
-0.427187
-0.449248
-0.471038
-0.492544
-0.513754
-0.534654
-0.555232
-0.575475
-0.595372
-0.614911
-0.634079
-0.652865
-0.671257
-0.689246
-0.706819
-0.723966
-0.740678
-0.756943
-0.772752
-0.788096
-0.802965
-0.81735
-0.831243
-0.844635
-0.857519
-0.869886
-0.881729
-0.893041
-0.903815
-0.914044
-0.923723
-0.932846
-0.941406
-0.9494
-0.956821
-0.963667
-0.969932
-0.975612
-0.980705
-0.985207
-0.989116
-0.992429
-0.995144
-0.99726
-0.998775
-0.999688
-0.999999
-0.999708
-0.998814
-0.997319
-0.995224
-0.992528
-0.989235
-0.985346
-0.980864
-0.97579
-0.970129
-0.963884
-0.957057
-0.949655
-0.94168
-0.933138
-0.924034
-0.914374
-0.904162
-0.893406
-0.882112
-0.870286
-0.857937
-0.84507
-0.831695
-0.817818
-0.803449
-0.788596
-0.773267
-0.757474
-0.741223
-0.724527
-0.707393
-0.689834
-0.671859
-0.65348
-0.634707
-0.615551
-0.596025
-0.57614
-0.555908
-0.53534
-0.514451
-0.493251
-0.471755
-0.449974
-0.427922
-0.405612
-0.383058
-0.360274
-0.337272
-0.314067
-0.290673
-0.267104
-0.243374
-0.219497
-0.195489
-0.171362
-0.147132
-0.122814
-0.0984214
-0.0739697
-0.0494734
-0.0249474
-0.000406307
0.024135
0.0486618
0.0731593
0.0976127
0.122007
0.146328
0.170561
