-0.817066
-0.802671
-0.787792
-0.772439
-0.756621
-0.740346
-0.723626
-0.70647
-0.688888
-0.670892
-0.652491
-0.633697
-0.614522
-0.594976
-0.575072
-0.554822
-0.534237
-0.51333
-0.492115
-0.470603
-0.448807
-0.426741
-0.404418
-0.381852
-0.359055
-0.336042
-0.312827
-0.289423
-0.265845
-0.242107
-0.218223
-0.194207
-0.170075
-0.14584
-0.121517
-0.0971213
-0.0726668
-0.0481686
-0.0236414
0.000900121
0.0254411
0.0499667
0.0744622
0.0989129
0.123304
0.147621
0.171849
0.195973
0.219979
0.243853
0.26758
0.291146
0.314536
0.337737
0.360735
0.383515
0.406064
0.428369
0.450415
0.47219
0.493681
0.514875
0.535758
0.556318
0.576544
0.596422
0.615941
0.635089
0.653854
0.672226
0.690192
0.707743
0.724867
0.741555
0.757796
0.773581
0.7889
0.803743
0.818103
0.831969
0.845335
0.858191
0.87053
0.882345
0.893629
0.904374
0.914574
0.924223
0.933316
0.941847
0.94981
0.957201
0.964016
0.970249
0.975899
0.98096
0.985431
0.989308
0.992589
0.995272
0.997356
0.998839
0.99972
0.999999
0.999676
0.998751
0.997224
0.995096
0.992369
0.989044
0.985123
0.980609
0.975504
0.969812
0.963535
0.956679
0.949245
0.94124
0.932668
0.923535
0.913844
0.903604
0.892819
0.881496
0.869643
0.857265
0.844372
0.830969
0.817066
0.802671
0.787792
0.772439
0.756621
0.740346
0.723626
0.70647
0.688888
0.670892
0.652491
0.633697
0.614522
0.594976
0.575072
0.554822
0.534237
0.51333
0.492115
0.470603
0.448807
0.426741
0.404418
0.381852
0.359055
0.336042
0.312827
0.289423
0.265845
0.242107
0.218223
0.194207
0.170075
0.14584
0.121517
0.0971213
0.0726668
0.0481686
0.0236414
-0.000900121
-0.0254411
-0.0499667
-0.0744622
-0.0989129
-0.123304
-0.147621
-0.171849
-0.195973
-0.219979
-0.243853
-0.26758
-0.291146
-0.314536
-0.337737
-0.360735
-0.383515
-0.406064
-0.428369
-0.450415
-0.47219
-0.493681
-0.514875
-0.535758
-0.556318
-0.576544
-0.596422
-0.615941
-0.635089
-0.653854
-0.672226
-0.690192
-0.707743
-0.724867
-0.741555
-0.757796
-0.773581
-0.7889
-0.803743
-0.818103
-0.831969
-0.845335
-0.858191
-0.87053
-0.882345
-0.893629
-0.904374
-0.914574
-0.924223
-0.933316
-0.941847
-0.94981
-0.957201
-0.964016
-0.970249
-0.975899
-0.98096
-0.985431
-0.989308
-0.992589
-0.995272
-0.997356
-0.998839
-0.99972
-0.999999
-0.999676
-0.998751
-0.997224
-0.995096
-0.992369
-0.989044
-0.985123
-0.980609
-0.975504
-0.969812
-0.963535
-0.956679
-0.949245
-0.94124
-0.932668
-0.923535
-0.913844
-0.903604
-0.892819
-0.881496
-0.869643
-0.857265
-0.844372
-0.830969
