-0.50988
-0.520398
-0.530838
-0.541198
-0.551476
-0.561671
-0.571782
-0.581807
-0.591744
-0.601591
-0.611349
-0.621014
-0.630586
-0.640062
-0.649443
-0.658725
-0.667908
-0.676991
-0.685972
-0.694849
-0.703622
-0.712289
-0.720849
-0.7293
-0.737641
-0.745871
-0.753989
-0.761993
-0.769882
-0.777656
-0.785312
-0.792851
-0.800269
-0.807568
-0.814744
-0.821798
-0.828728
-0.835534
-0.842213
-0.848766
-0.855191
-0.861487
-0.867653
-0.873689
-0.879593
-0.885365
-0.891003
-0.896507
-0.901877
-0.90711
-0.912207
-0.917166
-0.921987
-0.926669
-0.931212
-0.935615
-0.939877
-0.943997
-0.947975
-0.95181
-0.955502
-0.95905
-0.962453
-0.965712
-0.968825
-0.971792
-0.974613
-0.977287
-0.979814
-0.982194
-0.984425
-0.986509
-0.988443
-0.990229
-0.991866
-0.993353
-0.994691
-0.995879
-0.996917
-0.997805
-0.998542
-0.999129
-0.999566
-0.999852
-0.999988
-0.999973
-0.999807
-0.999491
-0.999025
-0.998407
-0.99764
-0.996722
-0.995655
-0.994437
-0.993069
-0.991552
-0.989886
-0.98807
-0.986106
-0.983993
-0.981732
-0.979324
-0.976767
-0.974064
-0.971214
-0.968218
-0.965076
-0.961788
-0.958356
-0.954779
-0.951059
-0.947195
-0.943189
-0.93904
-0.934751
-0.93032
-0.92575
-0.92104
-0.916191
-0.911204
-0.90608
-0.90082
-0.895424
-0.889893
-0.884228
-0.87843
-0.8725
-0.866438
-0.860246
-0.853924
-0.847473
-0.840895
-0.834191
-0.82736
-0.820406
-0.813327
-0.806126
-0.798804
-0.791361
-0.7838
-0.77612
-0.768323
-0.760411
-0.752384
-0.744243
-0.735991
-0.727628
-0.719155
-0.710574
-0.701886
-0.693093
-0.684194
-0.675193
-0.66609
-0.656887
-0.647585
-0.638186
-0.62869
-0.6191
-0.609416
-0.599641
-0.589775
-0.57982
-0.569779
-0.559651
-0.549439
-0.539144
-0.528769
-0.518313
-0.50778
-0.49717
-0.486485
-0.475726
-0.464897
-0.453997
-0.443029
-0.431994
-0.420894
-0.409731
-0.398506
-0.387221
-0.375877
-0.364477
-0.353022
-0.341514
-0.329955
-0.318346
-0.306689
-0.294985
-0.283238
-0.271447
-0.259616
-0.247746
-0.235838
-0.223895
-0.211918
-0.199909
-0.187871
-0.175803
-0.16371
-0.151591
-0.13945
-0.127288
-0.115107
-0.102908
-0.0906941
-0.0784663
-0.0662267
-0.0539771
-0.0417194
-0.0294554
-0.0171869
-0.00491592
0.00735584
0.0196265
0.0318942
0.0441571
0.0564133
0.0686611
0.0808985
0.0931237
0.105335
0.11753
0.129708
0.141866
0.154003
0.166116
0.178205
0.190267
0.2023
0.214302
0.226272
0.238209
0.250109
0.261972
0.273795
0.285577
0.297316
0.30901
0.320658
0.332257
0.343807
0.355304
0.366748
0.378137
0.389469
0.400742
0.411955
0.423106
0.434193
0.445215
0.45617
0.467056
0.477871
0.488615
0.499285
0.50988
0.520398
0.530838
0.541198
0.551476
0.561671
0.571782
0.581807
0.591744
0.601591
0.611349
0.621014
0.630586
0.640062
0.649443
0.658725
0.667908
0.676991
0.685972
0.694849
0.703622
0.712289
0.720849
0.7293
0.737641
0.745871
0.753989
0.761993
0.769882
0.777656
0.785312
0.792851
0.800269
0.807568
0.814744
0.821798
0.828728
0.835534
0.842213
0.848766
0.855191
0.861487
0.867653
0.873689
0.879593
0.885365
0.891003
0.896507
0.901877
0.90711
0.912207
0.917166
0.921987
0.926669
0.931212
0.935615
0.939877
0.943997
0.947975
0.95181
0.955502
0.95905
0.962453
0.965712
0.968825
0.971792
0.974613
0.977287
0.979814
0.982194
0.984425
0.986509
0.988443
0.990229
0.991866
0.993353
0.994691
0.995879
0.996917
0.997805
0.998542
0.999129
0.999566
0.999852
0.999988
0.999973
0.999807
0.999491
0.999025
0.998407
0.99764
0.996722
0.995655
0.994437
0.993069
0.991552
0.989886
0.98807
0.986106
0.983993
0.981732
0.979324
0.976767
0.974064
0.971214
0.968218
0.965076
0.961788
0.958356
0.954779
0.951059
0.947195
0.943189
0.93904
0.934751
0.93032
0.92575
0.92104
0.916191
0.911204
0.90608
0.90082
0.895424
0.889893
0.884228
0.87843
0.8725
0.866438
0.860246
0.853924
0.847473
0.840895
0.834191
0.82736
0.820406
0.813327
0.806126
0.798804
0.791361
0.7838
0.77612
0.768323
0.760411
0.752384
0.744243
0.735991
0.727628
0.719155
0.710574
0.701886
0.693093
0.684194
0.675193
0.66609
0.656887
0.647585
0.638186
0.62869
0.6191
0.609416
0.599641
0.589775
0.57982
0.569779
0.559651
0.549439
0.539144
0.528769
0.518313
0.50778
0.49717
0.486485
0.475726
0.464897
0.453997
0.443029
0.431994
0.420894
0.409731
0.398506
0.387221
0.375877
0.364477
0.353022
0.341514
0.329955
0.318346
0.306689
0.294985
0.283238
0.271447
0.259616
0.247746
0.235838
0.223895
0.211918
0.199909
0.187871
0.175803
0.16371
0.151591
0.13945
0.127288
0.115107
0.102908
0.0906941
0.0784663
0.0662267
0.0539771
0.0417194
0.0294554
0.0171869
0.00491592
-0.00735584
-0.0196265
-0.0318942
-0.0441571
-0.0564133
-0.0686611
-0.0808985
-0.0931237
-0.105335
-0.11753
-0.129708
-0.141866
-0.154003
-0.166116
-0.178205
-0.190267
-0.2023
-0.214302
-0.226272
-0.238209
-0.250109
-0.261972
-0.273795
-0.285577
-0.297316
-0.30901
-0.320658
-0.332257
-0.343807
-0.355304
-0.366748
-0.378137
-0.389469
-0.400742
-0.411955
-0.423106
-0.434193
-0.445215
-0.45617
-0.467056
-0.477871
-0.488615
-0.499285
