-0.710909
-0.693435
-0.675544
-0.657246
-0.638552
-0.619473
-0.600021
-0.580208
-0.560045
-0.539545
-0.51872
-0.497582
-0.476145
-0.454421
-0.432423
-0.410164
-0.387659
-0.36492
-0.341961
-0.318797
-0.29544
-0.271905
-0.248207
-0.224359
-0.200375
-0.176272
-0.152062
-0.12776
-0.103381
-0.0789404
-0.054452
-0.0299308
-0.00539157
0.0191509
0.0436819
0.0681865
0.0926501
0.117058
0.141395
0.165647
0.189799
0.213837
0.237747
0.261513
0.285121
0.308558
0.331809
0.354859
0.377697
0.400306
0.422675
0.444789
0.466635
0.4882
0.509471
0.530435
0.551079
0.571392
0.59136
0.610972
0.630216
0.649081
0.667554
0.685626
0.703284
0.720519
0.73732
0.753676
0.769579
0.785018
0.799984
0.814468
0.828462
0.841957
0.854944
0.867417
0.879367
0.890787
0.901671
0.912011
0.921803
0.931039
0.939714
0.947823
0.955361
0.962324
0.968707
0.974507
0.979719
0.984341
0.988371
0.991805
0.994642
0.996879
0.998516
0.999552
0.999985
0.999816
0.999045
0.997672
0.995699
0.993125
0.989953
0.986185
0.981823
0.976869
0.971327
0.9652
0.958491
0.951206
0.943347
0.93492
0.925929
0.916381
0.906281
0.895635
0.88445
0.872732
0.860488
0.847726
0.834453
0.820677
0.806408
0.791652
0.77642
0.760719
0.744561
0.727954
0.710909
0.693435
0.675544
0.657246
0.638552
0.619473
0.600021
0.580208
0.560045
0.539545
0.51872
0.497582
0.476145
0.454421
0.432423
0.410164
0.387659
0.36492
0.341961
0.318797
0.29544
0.271905
0.248207
0.224359
0.200375
0.176272
0.152062
0.12776
0.103381
0.0789404
0.054452
0.0299308
0.00539157
-0.0191509
-0.0436819
-0.0681865
-0.0926501
-0.117058
-0.141395
-0.165647
-0.189799
-0.213837
-0.237747
-0.261513
-0.285121
-0.308558
-0.331809
-0.354859
-0.377697
-0.400306
-0.422675
-0.444789
-0.466635
-0.4882
-0.509471
-0.530435
-0.551079
-0.571392
-0.59136
-0.610972
-0.630216
-0.649081
-0.667554
-0.685626
-0.703284
-0.720519
-0.73732
-0.753676
-0.769579
-0.785018
-0.799984
-0.814468
-0.828462
-0.841957
-0.854944
-0.867417
-0.879367
-0.890787
-0.901671
-0.912011
-0.921803
-0.931039
-0.939714
-0.947823
-0.955361
-0.962324
-0.968707
-0.974507
-0.979719
-0.984341
-0.988371
-0.991805
-0.994642
-0.996879
-0.998516
-0.999552
-0.999985
-0.999816
-0.999045
-0.997672
-0.995699
-0.993125
-0.989953
-0.986185
-0.981823
-0.976869
-0.971327
-0.9652
-0.958491
-0.951206
-0.943347
-0.93492
-0.925929
-0.916381
-0.906281
-0.895635
-0.88445
-0.872732
-0.860488
-0.847726
-0.834453
-0.820677
-0.806408
-0.791652
-0.77642
-0.760719
-0.744561
-0.727954
