-0.987558
-0.99112
-0.994085
-0.996451
-0.998216
-0.999381
-0.999943
-0.999903
-0.999261
-0.998017
-0.996171
-0.993726
-0.990682
-0.987041
-0.982806
-0.977979
-0.972562
-0.96656
-0.959976
-0.952813
-0.945077
-0.936771
-0.9279
-0.918471
-0.908489
-0.897959
-0.886889
-0.875284
-0.863152
-0.8505
-0.837336
-0.823667
-0.809503
-0.79485
-0.779719
-0.764118
-0.748057
-0.731546
-0.714593
-0.697211
-0.679408
-0.661196
-0.642585
-0.623588
-0.604215
-0.584478
-0.564389
-0.54396
-0.523204
-0.502132
-0.480758
-0.459094
-0.437153
-0.41495
-0.392496
-0.369806
-0.346893
-0.323771
-0.300454
-0.276956
-0.253292
-0.229475
-0.205519
-0.18144
-0.157251
-0.132968
-0.108605
-0.084176
-0.0596966
-0.0351811
-0.0106445
0.0138985
0.0384332
0.0629447
0.0874183
0.111839
0.136193
0.160464
0.184639
0.208703
0.232641
0.256439
0.280082
0.303557
0.326848
0.349943
0.372827
0.395487
0.417908
0.440078
0.461982
0.483609
0.504943
0.525974
0.546688
0.567073
0.587116
0.606805
0.626129
0.645076
0.663634
0.681792
0.69954
0.716866
0.733761
0.750213
0.766214
0.781753
0.796821
0.811409
0.825509
0.839111
0.852207
0.864791
0.876853
0.888388
0.899387
0.909844
0.919753
0.929109
0.937904
0.946135
0.953796
0.960882
0.96739
0.973314
0.978653
0.983402
0.987558
0.99112
0.994085
0.996451
0.998216
0.999381
0.999943
0.999903
0.999261
0.998017
0.996171
0.993726
0.990682
0.987041
0.982806
0.977979
0.972562
0.96656
0.959976
0.952813
0.945077
0.936771
0.9279
0.918471
0.908489
0.897959
0.886889
0.875284
0.863152
0.8505
0.837336
0.823667
0.809503
0.79485
0.779719
0.764118
0.748057
0.731546
0.714593
0.697211
0.679408
0.661196
0.642585
0.623588
0.604215
0.584478
0.564389
0.54396
0.523204
0.502132
0.480758
0.459094
0.437153
0.41495
0.392496
0.369806
0.346893
0.323771
0.300454
0.276956
0.253292
0.229475
0.205519
0.18144
0.157251
0.132968
0.108605
0.084176
0.0596966
0.0351811
0.0106445
-0.0138985
-0.0384332
-0.0629447
-0.0874183
-0.111839
-0.136193
-0.160464
-0.184639
-0.208703
-0.232641
-0.256439
-0.280082
-0.303557
-0.326848
-0.349943
-0.372827
-0.395487
-0.417908
-0.440078
-0.461982
-0.483609
-0.504943
-0.525974
-0.546688
-0.567073
-0.587116
-0.606805
-0.626129
-0.645076
-0.663634
-0.681792
-0.69954
-0.716866
-0.733761
-0.750213
-0.766214
-0.781753
-0.796821
-0.811409
-0.825509
-0.839111
-0.852207
-0.864791
-0.876853
-0.888388
-0.899387
-0.909844
-0.919753
-0.929109
-0.937904
-0.946135
-0.953796
-0.960882
-0.96739
-0.973314
-0.978653
-0.983402
