0.443031
0.431996
0.420896
0.409733
0.398508
0.387223
0.37588
0.36448
0.353025
0.341517
0.329957
0.318348
0.306691
0.294988
0.28324
0.27145
0.259619
0.247748
0.235841
0.223898
0.211921
0.199912
0.187873
0.175806
0.163712
0.151594
0.139453
0.127291
0.11511
0.102911
0.0906968
0.078469
0.0662294
0.0539798
0.0417221
0.0294581
0.0171897
0.00491866
-0.0073531
-0.0196238
-0.0318915
-0.0441543
-0.0564106
-0.0686583
-0.0808958
-0.093121
-0.105332
-0.117528
-0.129705
-0.141863
-0.154
-0.166114
-0.178202
-0.190264
-0.202297
-0.214299
-0.22627
-0.238206
-0.250106
-0.261969
-0.273792
-0.285574
-0.297313
-0.309008
-0.320655
-0.332255
-0.343804
-0.355302
-0.366746
-0.378135
-0.389466
-0.40074
-0.411953
-0.423104
-0.434191
-0.445212
-0.456167
-0.467053
-0.477869
-0.488613
-0.499283
-0.509878
-0.520396
-0.530836
-0.541195
-0.551474
-0.561669
-0.57178
-0.581804
-0.591741
-0.601589
-0.611347
-0.621012
-0.630583
-0.64006
-0.64944
-0.658723
-0.667906
-0.676989
-0.68597
-0.694847
-0.70362
-0.712287
-0.720847
-0.729298
-0.737639
-0.745869
-0.753987
-0.761991
-0.769881
-0.777654
-0.785311
-0.792849
-0.800268
-0.807566
-0.814743
-0.821797
-0.828727
-0.835532
-0.842212
-0.848765
-0.85519
-0.861486
-0.867652
-0.873688
-0.879592
-0.885364
-0.891002
-0.896506
-0.901875
-0.907109
-0.912205
-0.917165
-0.921986
-0.926668
-0.931211
-0.935614
-0.939876
-0.943996
-0.947974
-0.951809
-0.955501
-0.959049
-0.962453
-0.965711
-0.968824
-0.971792
-0.974613
-0.977287
-0.979814
-0.982193
-0.984425
-0.986508
-0.988443
-0.990229
-0.991865
-0.993353
-0.994691
-0.995879
-0.996917
-0.997804
-0.998542
-0.999129
-0.999566
-0.999852
-0.999988
-0.999973
-0.999807
-0.999491
-0.999025
-0.998408
-0.99764
-0.996723
-0.995655
-0.994437
-0.99307
-0.991553
-0.989886
-0.988071
-0.986107
-0.983994
-0.981733
-0.979324
-0.976768
-0.974065
-0.971215
-0.968218
-0.965076
-0.961789
-0.958357
-0.95478
-0.95106
-0.947196
-0.94319
-0.939041
-0.934752
-0.930321
-0.925751
-0.921041
-0.916192
-0.911205
-0.906081
-0.900821
-0.895425
-0.889894
-0.884229
-0.878431
-0.872501
-0.866439
-0.860247
-0.853925
-0.847475
-0.840897
-0.834192
-0.827362
-0.820407
-0.813329
-0.806128
-0.798806
-0.791363
-0.783801
-0.776121
-0.768325
-0.760412
-0.752386
-0.744245
-0.735993
-0.72763
-0.719157
-0.710576
-0.701888
-0.693095
-0.684196
-0.675195
-0.666093
-0.656889
-0.647587
-0.638188
-0.628692
-0.619102
-0.609418
-0.599643
-0.589777
-0.579823
-0.569781
-0.559653
-0.549441
-0.539147
-0.528771
-0.518315
-0.507782
-0.497172
-0.486487
-0.475729
-0.464899
-0.453999
-0.443031
-0.431996
-0.420896
-0.409733
-0.398508
-0.387223
-0.37588
-0.36448
-0.353025
-0.341517
-0.329957
-0.318348
-0.306691
-0.294988
-0.28324
-0.27145
-0.259619
-0.247748
-0.235841
-0.223898
-0.211921
-0.199912
-0.187873
-0.175806
-0.163712
-0.151594
-0.139453
-0.127291
-0.11511
-0.102911
-0.0906968
-0.078469
-0.0662294
-0.0539798
-0.0417221
-0.0294581
-0.0171897
-0.00491866
0.0073531
0.0196238
0.0318915
0.0441543
0.0564106
0.0686583
0.0808958
0.093121
0.105332
0.117528
0.129705
0.141863
0.154
0.166114
0.178202
0.190264
0.202297
0.214299
0.22627
0.238206
0.250106
0.261969
0.273792
0.285574
0.297313
0.309008
0.320655
0.332255
0.343804
0.355302
0.366746
0.378135
0.389466
0.40074
0.411953
0.423104
0.434191
0.445212
0.456167
0.467053
0.477869
0.488613
0.499283
0.509878
0.520396
0.530836
0.541195
0.551474
0.561669
0.57178
0.581804
0.591741
0.601589
0.611347
0.621012
0.630583
0.64006
0.64944
0.658723
0.667906
0.676989
0.68597
0.694847
0.70362
0.712287
0.720847
0.729298
0.737639
0.745869
0.753987
0.761991
0.769881
0.777654
0.785311
0.792849
0.800268
0.807566
0.814743
0.821797
0.828727
0.835532
0.842212
0.848765
0.85519
0.861486
0.867652
0.873688
0.879592
0.885364
0.891002
0.896506
0.901875
0.907109
0.912205
0.917165
0.921986
0.926668
0.931211
0.935614
0.939876
0.943996
0.947974
0.951809
0.955501
0.959049
0.962453
0.965711
0.968824
0.971792
0.974613
0.977287
0.979814
0.982193
0.984425
0.986508
0.988443
0.990229
0.991865
0.993353
0.994691
0.995879
0.996917
0.997804
0.998542
0.999129
0.999566
0.999852
0.999988
0.999973
0.999807
0.999491
0.999025
0.998408
0.99764
0.996723
0.995655
0.994437
0.99307
0.991553
0.989886
0.988071
0.986107
0.983994
0.981733
0.979324
0.976768
0.974065
0.971215
0.968218
0.965076
0.961789
0.958357
0.95478
0.95106
0.947196
0.94319
0.939041
0.934752
0.930321
0.925751
0.921041
0.916192
0.911205
0.906081
0.900821
0.895425
0.889894
0.884229
0.878431
0.872501
0.866439
0.860247
0.853925
0.847475
0.840897
0.834192
0.827362
0.820407
0.813329
0.806128
0.798806
0.791363
0.783801
0.776121
0.768325
0.760412
0.752386
0.744245
0.735993
0.72763
0.719157
0.710576
0.701888
0.693095
0.684196
0.675195
0.666093
0.656889
0.647587
0.638188
0.628692
0.619102
0.609418
0.599643
0.589777
0.579823
0.569781
0.559653
0.549441
0.539147
0.528771
0.518315
0.507782
0.497172
0.486487
0.475729
0.464899
0.453999
