0.825275
0.832143
0.838885
0.845502
0.851991
0.858351
0.864583
0.870684
0.876654
0.882492
0.888197
0.893769
0.899206
0.904507
0.909672
0.9147
0.919591
0.924343
0.928956
0.933428
0.937761
0.941952
0.946001
0.949908
0.953672
0.957292
0.960768
0.964099
0.967285
0.970325
0.973219
0.975967
0.978568
0.981021
0.983327
0.985484
0.987493
0.989354
0.991065
0.992627
0.99404
0.995303
0.996416
0.997379
0.998192
0.998854
0.999366
0.999728
0.999939
0.999999
0.999909
0.999668
0.999277
0.998735
0.998043
0.997201
0.996208
0.995065
0.993773
0.99233
0.990739
0.988998
0.987108
0.98507
0.982883
0.980548
0.978066
0.975436
0.972659
0.969736
0.966667
0.963452
0.960092
0.956588
0.952939
0.949147
0.945212
0.941135
0.936916
0.932556
0.928055
0.923415
0.918635
0.913718
0.908662
0.90347
0.898142
0.892678
0.887081
0.881349
0.875485
0.869489
0.863362
0.857105
0.850718
0.844204
0.837563
0.830795
0.823903
0.816886
0.809746
0.802485
0.795102
0.7876
0.779979
0.772241
0.764386
0.756416
0.748333
0.740136
0.731828
0.72341
0.714883
0.706249
0.697508
0.688662
0.679712
0.67066
0.661507
0.652254
0.642903
0.633456
0.623912
0.614275
0.604546
0.594725
0.584815
0.574816
0.564732
0.554562
0.544308
0.533973
0.523557
0.513062
0.50249
0.491843
0.481121
0.470327
0.459462
0.448528
0.437526
0.426459
0.415327
0.404133
0.392877
0.381563
0.370191
0.358763
0.347282
0.335748
0.324163
0.31253
0.30085
0.289124
0.277355
0.265544
0.253693
0.241804
0.229878
0.217918
0.205925
0.193901
0.181848
0.169767
0.157661
0.145531
0.133379
0.121207
0.109017
0.0968104
0.0845892
0.0723553
0.0601105
0.0478566
0.0355955
0.0233291
0.0110591
-0.00121252
-0.013484
-0.0257534
-0.0380189
-0.0502787
-0.0625309
-0.0747737
-0.0870053
-0.0992237
-0.111427
-0.123614
-0.135782
-0.14793
-0.160055
-0.172156
-0.184232
-0.196279
-0.208297
-0.220284
-0.232238
-0.244156
-0.256038
-0.267881
-0.279684
-0.291445
-0.303162
-0.314833
-0.326457
-0.338031
-0.349555
-0.361026
-0.372443
-0.383803
-0.395106
-0.40635
-0.417532
-0.428651
-0.439706
-0.450694
-0.461615
-0.472466
-0.483246
-0.493953
-0.504586
-0.515142
-0.525622
-0.536022
-0.546341
-0.556578
-0.566731
-0.576799
-0.58678
-0.596673
-0.606476
-0.616187
-0.625806
-0.63533
-0.644759
-0.65409
-0.663324
-0.672457
-0.681489
-0.690418
-0.699244
-0.707964
-0.716577
-0.725083
-0.733479
-0.741765
-0.749939
-0.758
-0.765947
-0.773779
-0.781494
-0.789092
-0.796571
-0.803929
-0.811167
-0.818282
-0.825275
-0.832143
-0.838885
-0.845502
-0.851991
-0.858351
-0.864583
-0.870684
-0.876654
-0.882492
-0.888197
-0.893769
-0.899206
-0.904507
-0.909672
-0.9147
-0.919591
-0.924343
-0.928956
-0.933428
-0.937761
-0.941952
-0.946001
-0.949908
-0.953672
-0.957292
-0.960768
-0.964099
-0.967285
-0.970325
-0.973219
-0.975967
-0.978568
-0.981021
-0.983327
-0.985484
-0.987493
-0.989354
-0.991065
-0.992627
-0.99404
-0.995303
-0.996416
-0.997379
-0.998192
-0.998854
-0.999366
-0.999728
-0.999939
-0.999999
-0.999909
-0.999668
-0.999277
-0.998735
-0.998043
-0.997201
-0.996208
-0.995065
-0.993773
-0.99233
-0.990739
-0.988998
-0.987108
-0.98507
-0.982883
-0.980548
-0.978066
-0.975436
-0.972659
-0.969736
-0.966667
-0.963452
-0.960092
-0.956588
-0.952939
-0.949147
-0.945212
-0.941135
-0.936916
-0.932556
-0.928055
-0.923415
-0.918635
-0.913718
-0.908662
-0.90347
-0.898142
-0.892678
-0.887081
-0.881349
-0.875485
-0.869489
-0.863362
-0.857105
-0.850718
-0.844204
-0.837563
-0.830795
-0.823903
-0.816886
-0.809746
-0.802485
-0.795102
-0.7876
-0.779979
-0.772241
-0.764386
-0.756416
-0.748333
-0.740136
-0.731828
-0.72341
-0.714883
-0.706249
-0.697508
-0.688662
-0.679712
-0.67066
-0.661507
-0.652254
-0.642903
-0.633456
-0.623912
-0.614275
-0.604546
-0.594725
-0.584815
-0.574816
-0.564732
-0.554562
-0.544308
-0.533973
-0.523557
-0.513062
-0.50249
-0.491843
-0.481121
-0.470327
-0.459462
-0.448528
-0.437526
-0.426459
-0.415327
-0.404133
-0.392877
-0.381563
-0.370191
-0.358763
-0.347282
-0.335748
-0.324163
-0.31253
-0.30085
-0.289124
-0.277355
-0.265544
-0.253693
-0.241804
-0.229878
-0.217918
-0.205925
-0.193901
-0.181848
-0.169767
-0.157661
-0.145531
-0.133379
-0.121207
-0.109017
-0.0968104
-0.0845892
-0.0723553
-0.0601105
-0.0478566
-0.0355955
-0.0233291
-0.0110591
0.00121252
0.013484
0.0257534
0.0380189
0.0502787
0.0625309
0.0747737
0.0870053
0.0992237
0.111427
0.123614
0.135782
0.14793
0.160055
0.172156
0.184232
0.196279
0.208297
0.220284
0.232238
0.244156
0.256038
0.267881
0.279684
0.291445
0.303162
0.314833
0.326457
0.338031
0.349555
0.361026
0.372443
0.383803
0.395106
0.40635
0.417532
0.428651
0.439706
0.450694
0.461615
0.472466
0.483246
0.493953
0.504586
0.515142
0.525622
0.536022
0.546341
0.556578
0.566731
0.576799
0.58678
0.596673
0.606476
0.616187
0.625806
0.63533
0.644759
0.65409
0.663324
0.672457
0.681489
0.690418
0.699244
0.707964
0.716577
0.725083
0.733479
0.741765
0.749939
0.758
0.765947
0.773779
0.781494
0.789092
0.796571
0.803929
0.811167
0.818282
