0.818893
0.804561
0.789744
0.774452
0.758693
0.742477
0.725814
0.708714
0.691187
0.673243
0.654894
0.63615
0.617024
0.597525
0.577667
0.557461
0.536919
0.516053
0.494877
0.473402
0.451643
0.429611
0.407321
0.384785
0.362017
0.339032
0.315842
0.292462
0.268905
0.245187
0.221321
0.197322
0.173204
0.148981
0.124669
0.100282
0.0758339
0.0513406
0.0268163
0.00227579
-0.022266
-0.0467945
-0.0712947
-0.095752
-0.120152
-0.144479
-0.168719
-0.192858
-0.21688
-0.240772
-0.264519
-0.288106
-0.31152
-0.334746
-0.357771
-0.38058
-0.403159
-0.425496
-0.447577
-0.469388
-0.490916
-0.512149
-0.533073
-0.553676
-0.573946
-0.593869
-0.613436
-0.632632
-0.651448
-0.669871
-0.68789
-0.705495
-0.722676
-0.73942
-0.75572
-0.771564
-0.786944
-0.801849
-0.816272
-0.830203
-0.843633
-0.856556
-0.868962
-0.880846
-0.892198
-0.903013
-0.913285
-0.923006
-0.932171
-0.940774
-0.948811
-0.956277
-0.963166
-0.969475
-0.9752
-0.980338
-0.984885
-0.988839
-0.992198
-0.994958
-0.99712
-0.998681
-0.99964
-0.999997
-0.999751
-0.998904
-0.997455
-0.995405
-0.992755
-0.989507
-0.985664
-0.981226
-0.976198
-0.970581
-0.96438
-0.957598
-0.950239
-0.942308
-0.933809
-0.924747
-0.915129
-0.904959
-0.894245
-0.882991
-0.871206
-0.858896
-0.846068
-0.832731
-0.818893
-0.804561
-0.789744
-0.774452
-0.758693
-0.742477
-0.725814
-0.708714
-0.691187
-0.673243
-0.654894
-0.63615
-0.617024
-0.597525
-0.577667
-0.557461
-0.536919
-0.516053
-0.494877
-0.473402
-0.451643
-0.429611
-0.407321
-0.384785
-0.362017
-0.339032
-0.315842
-0.292462
-0.268905
-0.245187
-0.221321
-0.197322
-0.173204
-0.148981
-0.124669
-0.100282
-0.0758339
-0.0513406
-0.0268163
-0.00227579
0.022266
0.0467945
0.0712947
0.095752
0.120152
0.144479
0.168719
0.192858
0.21688
0.240772
0.264519
0.288106
0.31152
0.334746
0.357771
0.38058
0.403159
0.425496
0.447577
0.469388
0.490916
0.512149
0.533073
0.553676
0.573946
0.593869
0.613436
0.632632
0.651448
0.669871
0.68789
0.705495
0.722676
0.73942
0.75572
0.771564
0.786944
0.801849
0.816272
0.830203
0.843633
0.856556
0.868962
0.880846
0.892198
0.903013
0.913285
0.923006
0.932171
0.940774
0.948811
0.956277
0.963166
0.969475
0.9752
0.980338
0.984885
0.988839
0.992198
0.994958
0.99712
0.998681
0.99964
0.999997
0.999751
0.998904
0.997455
0.995405
0.992755
0.989507
0.985664
0.981226
0.976198
0.970581
0.96438
0.957598
0.950239
0.942308
0.933809
0.924747
0.915129
0.904959
0.894245
0.882991
0.871206
0.858896
0.846068
0.832731
