0.963389
0.969678
0.975384
0.980502
0.985029
0.988963
0.992301
0.995041
0.997182
0.998723
0.999662
0.999998
0.999733
0.998865
0.997395
0.995325
0.992655
0.989387
0.985523
0.981065
0.976017
0.970381
0.96416
0.957358
0.94998
0.942029
0.933511
0.924431
0.914794
0.904605
0.893872
0.882601
0.870798
0.85847
0.845625
0.832271
0.818415
0.804067
0.789234
0.773926
0.758151
0.74192
0.725242
0.708127
0.690586
0.672628
0.654266
0.635509
0.61637
0.596859
0.576989
0.556771
0.536217
0.515341
0.494155
0.47267
0.450901
0.428861
0.406562
0.384018
0.361242
0.33825
0.315053
0.291667
0.268105
0.244381
0.220511
0.196507
0.172385
0.148159
0.123844
0.0994549
0.0750054
0.0505108
0.0259857
0.00144491
-0.0230967
-0.0476244
-0.0721234
-0.096579
-0.120976
-0.145301
-0.169538
-0.193673
-0.217691
-0.241578
-0.26532
-0.288901
-0.312309
-0.335529
-0.358546
-0.381348
-0.40392
-0.426248
-0.44832
-0.470122
-0.49164
-0.512862
-0.533776
-0.554368
-0.574626
-0.594538
-0.614091
-0.633275
-0.652078
-0.670487
-0.688493
-0.706084
-0.723249
-0.739979
-0.756264
-0.772092
-0.787456
-0.802345
-0.816751
-0.830665
-0.844079
-0.856984
-0.869373
-0.881239
-0.892573
-0.90337
-0.913623
-0.923325
-0.932471
-0.941056
-0.949073
-0.956519
-0.963389
-0.969678
-0.975384
-0.980502
-0.985029
-0.988963
-0.992301
-0.995041
-0.997182
-0.998723
-0.999662
-0.999998
-0.999733
-0.998865
-0.997395
-0.995325
-0.992655
-0.989387
-0.985523
-0.981065
-0.976017
-0.970381
-0.96416
-0.957358
-0.94998
-0.942029
-0.933511
-0.924431
-0.914794
-0.904605
-0.893872
-0.882601
-0.870798
-0.85847
-0.845625
-0.832271
-0.818415
-0.804067
-0.789234
-0.773926
-0.758151
-0.74192
-0.725242
-0.708127
-0.690586
-0.672628
-0.654266
-0.635509
-0.61637
-0.596859
-0.576989
-0.556771
-0.536217
-0.515341
-0.494155
-0.47267
-0.450901
-0.428861
-0.406562
-0.384018
-0.361242
-0.33825
-0.315053
-0.291667
-0.268105
-0.244381
-0.220511
-0.196507
-0.172385
-0.148159
-0.123844
-0.0994549
-0.0750054
-0.0505108
-0.0259857
-0.00144491
0.0230967
0.0476244
0.0721234
0.096579
0.120976
0.145301
0.169538
0.193673
0.217691
0.241578
0.26532
0.288901
0.312309
0.335529
0.358546
0.381348
0.40392
0.426248
0.44832
0.470122
0.49164
0.512862
0.533776
0.554368
0.574626
0.594538
0.614091
0.633275
0.652078
0.670487
0.688493
0.706084
0.723249
0.739979
0.756264
0.772092
0.787456
0.802345
0.816751
0.830665
0.844079
0.856984
0.869373
0.881239
0.892573
0.90337
0.913623
0.923325
0.932471
0.941056
0.949073
0.956519
