0.638452
0.657148
0.675448
0.693342
0.710817
0.727865
0.744474
0.760635
0.776337
0.791572
0.80633
0.820603
0.834381
0.847656
0.860421
0.872668
0.884389
0.895577
0.906226
0.916329
0.92588
0.934873
0.943303
0.951165
0.958454
0.965165
0.971296
0.976841
0.981798
0.986163
0.989934
0.993109
0.995686
0.997663
0.999039
0.999813
0.999985
0.999555
0.998523
0.996889
0.994654
0.991821
0.98839
0.984364
0.979744
0.974535
0.968738
0.962358
0.955399
0.947864
0.939757
0.931085
0.921852
0.912064
0.901726
0.890845
0.879428
0.867481
0.855011
0.842026
0.828534
0.814543
0.800061
0.785097
0.769661
0.753761
0.737406
0.720608
0.703375
0.685719
0.66765
0.649179
0.630316
0.611074
0.591464
0.571497
0.551187
0.530544
0.509582
0.488312
0.466749
0.444904
0.422792
0.400425
0.377816
0.35498
0.33193
0.308681
0.285245
0.261637
0.237872
0.213964
0.189926
0.165775
0.141523
0.117186
0.0927788
0.0683155
0.0438111
0.0192802
-0.00526222
-0.0298015
-0.0543228
-0.0788114
-0.103253
-0.127632
-0.151934
-0.176144
-0.200249
-0.224232
-0.248081
-0.27178
-0.295316
-0.318674
-0.34184
-0.364799
-0.387539
-0.410046
-0.432306
-0.454305
-0.476031
-0.49747
-0.518609
-0.539436
-0.559937
-0.580102
-0.599917
-0.619371
-0.638452
-0.657148
-0.675448
-0.693342
-0.710817
-0.727865
-0.744474
-0.760635
-0.776337
-0.791572
-0.80633
-0.820603
-0.834381
-0.847656
-0.860421
-0.872668
-0.884389
-0.895577
-0.906226
-0.916329
-0.92588
-0.934873
-0.943303
-0.951165
-0.958454
-0.965165
-0.971296
-0.976841
-0.981798
-0.986163
-0.989934
-0.993109
-0.995686
-0.997663
-0.999039
-0.999813
-0.999985
-0.999555
-0.998523
-0.996889
-0.994654
-0.991821
-0.98839
-0.984364
-0.979744
-0.974535
-0.968738
-0.962358
-0.955399
-0.947864
-0.939757
-0.931085
-0.921852
-0.912064
-0.901726
-0.890845
-0.879428
-0.867481
-0.855011
-0.842026
-0.828534
-0.814543
-0.800061
-0.785097
-0.769661
-0.753761
-0.737406
-0.720608
-0.703375
-0.685719
-0.66765
-0.649179
-0.630316
-0.611074
-0.591464
-0.571497
-0.551187
-0.530544
-0.509582
-0.488312
-0.466749
-0.444904
-0.422792
-0.400425
-0.377816
-0.35498
-0.33193
-0.308681
-0.285245
-0.261637
-0.237872
-0.213964
-0.189926
-0.165775
-0.141523
-0.117186
-0.0927788
-0.0683155
-0.0438111
-0.0192802
0.00526222
0.0298015
0.0543228
0.0788114
0.103253
0.127632
0.151934
0.176144
0.200249
0.224232
0.248081
0.27178
0.295316
0.318674
0.34184
0.364799
0.387539
0.410046
0.432306
0.454305
0.476031
0.49747
0.518609
0.539436
0.559937
0.580102
0.599917
0.619371
