-0.988444
-0.990229
-0.991866
-0.993353
-0.994691
-0.995879
-0.996917
-0.997805
-0.998542
-0.999129
-0.999566
-0.999852
-0.999988
-0.999973
-0.999807
-0.999491
-0.999024
-0.998407
-0.99764
-0.996722
-0.995654
-0.994437
-0.993069
-0.991552
-0.989886
-0.98807
-0.986106
-0.983993
-0.981732
-0.979323
-0.976767
-0.974064
-0.971213
-0.968217
-0.965075
-0.961787
-0.958355
-0.954778
-0.951058
-0.947194
-0.943188
-0.93904
-0.93475
-0.930319
-0.925749
-0.921039
-0.91619
-0.911203
-0.906079
-0.900819
-0.895423
-0.889892
-0.884227
-0.878429
-0.872498
-0.866437
-0.860244
-0.853922
-0.847472
-0.840894
-0.834189
-0.827359
-0.820404
-0.813326
-0.806125
-0.798802
-0.79136
-0.783798
-0.776118
-0.768321
-0.760409
-0.752382
-0.744242
-0.73599
-0.727626
-0.719154
-0.710573
-0.701885
-0.693091
-0.684193
-0.675191
-0.666089
-0.656885
-0.647583
-0.638184
-0.628688
-0.619098
-0.609414
-0.599639
-0.589773
-0.579818
-0.569777
-0.559649
-0.549437
-0.539142
-0.528766
-0.518311
-0.507777
-0.497167
-0.486482
-0.475724
-0.464895
-0.453995
-0.443027
-0.431992
-0.420892
-0.409728
-0.398503
-0.387218
-0.375875
-0.364475
-0.35302
-0.341512
-0.329953
-0.318343
-0.306686
-0.294983
-0.283235
-0.271445
-0.259614
-0.247743
-0.235836
-0.223893
-0.211916
-0.199907
-0.187868
-0.175801
-0.163707
-0.151589
-0.139448
-0.127286
-0.115104
-0.102906
-0.0906916
-0.0784638
-0.0662242
-0.0539746
-0.0417169
-0.0294529
-0.0171845
-0.00491348
0.00735828
0.0196289
0.0318966
0.0441595
0.0564158
0.0686635
0.0809009
0.0931261
0.105337
0.117533
0.12971
0.141868
0.154005
0.166119
0.178207
0.190269
0.202302
0.214305
0.226275
0.238211
0.250111
0.261974
0.273797
0.285579
0.297318
0.309012
0.32066
0.33226
0.343809
0.355306
0.366751
0.378139
0.389471
0.400744
0.411957
0.423108
0.434195
0.445217
0.456172
0.467058
0.477873
0.488617
0.499287
0.509882
0.5204
0.53084
0.5412
0.551478
0.561673
0.571784
0.581809
0.591746
0.601593
0.611351
0.621016
0.630587
0.640064
0.649444
0.658727
0.66791
0.676993
0.685974
0.694851
0.703624
0.712291
0.72085
0.729301
0.737642
0.745873
0.75399
0.761995
0.769884
0.777658
0.785314
0.792852
0.800271
0.807569
0.814746
0.8218
0.82873
0.835535
0.842215
0.848767
0.855192
0.861488
0.867655
0.87369
0.879594
0.885366
0.891004
0.896508
0.901878
0.907111
0.912208
0.917167
0.921988
0.92667
0.931213
0.935616
0.939877
0.943998
0.947975
0.951811
0.955502
0.95905
0.962454
0.965713
0.968826
0.971793
0.974614
0.977288
0.979815
0.982194
0.984426
0.986509
0.988444
0.990229
0.991866
0.993353
0.994691
0.995879
0.996917
0.997805
0.998542
0.999129
0.999566
0.999852
0.999988
0.999973
0.999807
0.999491
0.999024
0.998407
0.99764
0.996722
0.995654
0.994437
0.993069
0.991552
0.989886
0.98807
0.986106
0.983993
0.981732
0.979323
0.976767
0.974064
0.971213
0.968217
0.965075
0.961787
0.958355
0.954778
0.951058
0.947194
0.943188
0.93904
0.93475
0.930319
0.925749
0.921039
0.91619
0.911203
0.906079
0.900819
0.895423
0.889892
0.884227
0.878429
0.872498
0.866437
0.860244
0.853922
0.847472
0.840894
0.834189
0.827359
0.820404
0.813326
0.806125
0.798802
0.79136
0.783798
0.776118
0.768321
0.760409
0.752382
0.744242
0.73599
0.727626
0.719154
0.710573
0.701885
0.693091
0.684193
0.675191
0.666089
0.656885
0.647583
0.638184
0.628688
0.619098
0.609414
0.599639
0.589773
0.579818
0.569777
0.559649
0.549437
0.539142
0.528766
0.518311
0.507777
0.497167
0.486482
0.475724
0.464895
0.453995
0.443027
0.431992
0.420892
0.409728
0.398503
0.387218
0.375875
0.364475
0.35302
0.341512
0.329953
0.318343
0.306686
0.294983
0.283235
0.271445
0.259614
0.247743
0.235836
0.223893
0.211916
0.199907
0.187868
0.175801
0.163707
0.151589
0.139448
0.127286
0.115104
0.102906
0.0906916
0.0784638
0.0662242
0.0539746
0.0417169
0.0294529
0.0171845
0.00491348
-0.00735828
-0.0196289
-0.0318966
-0.0441595
-0.0564158
-0.0686635
-0.0809009
-0.0931261
-0.105337
-0.117533
-0.12971
-0.141868
-0.154005
-0.166119
-0.178207
-0.190269
-0.202302
-0.214305
-0.226275
-0.238211
-0.250111
-0.261974
-0.273797
-0.285579
-0.297318
-0.309012
-0.32066
-0.33226
-0.343809
-0.355306
-0.366751
-0.378139
-0.389471
-0.400744
-0.411957
-0.423108
-0.434195
-0.445217
-0.456172
-0.467058
-0.477873
-0.488617
-0.499287
-0.509882
-0.5204
-0.53084
-0.5412
-0.551478
-0.561673
-0.571784
-0.581809
-0.591746
-0.601593
-0.611351
-0.621016
-0.630587
-0.640064
-0.649444
-0.658727
-0.66791
-0.676993
-0.685974
-0.694851
-0.703624
-0.712291
-0.72085
-0.729301
-0.737642
-0.745873
-0.75399
-0.761995
-0.769884
-0.777658
-0.785314
-0.792852
-0.800271
-0.807569
-0.814746
-0.8218
-0.82873
-0.835535
-0.842215
-0.848767
-0.855192
-0.861488
-0.867655
-0.87369
-0.879594
-0.885366
-0.891004
-0.896508
-0.901878
-0.907111
-0.912208
-0.917167
-0.921988
-0.92667
-0.931213
-0.935616
-0.939877
-0.943998
-0.947975
-0.951811
-0.955502
-0.95905
-0.962454
-0.965713
-0.968826
-0.971793
-0.974614
-0.977288
-0.979815
-0.982194
-0.984426
-0.986509
