0.999973
0.999807
0.999491
0.999025
0.998408
0.99764
0.996723
0.995655
0.994437
0.99307
0.991553
0.989887
0.988071
0.986107
0.983994
0.981734
0.979325
0.976769
0.974065
0.971215
0.968219
0.965077
0.96179
0.958357
0.954781
0.951061
0.947197
0.943191
0.939042
0.934753
0.930322
0.925752
0.921042
0.916193
0.911207
0.906083
0.900822
0.895426
0.889895
0.884231
0.878433
0.872502
0.866441
0.860248
0.853927
0.847476
0.840898
0.834194
0.827364
0.820409
0.81333
0.80613
0.798807
0.791365
0.783803
0.776123
0.768327
0.760414
0.752388
0.744247
0.735995
0.727632
0.719159
0.710578
0.70189
0.693097
0.684199
0.675198
0.666095
0.656892
0.64759
0.63819
0.628694
0.619104
0.609421
0.599645
0.58978
0.579825
0.569783
0.559656
0.549444
0.539149
0.528773
0.518318
0.507785
0.497175
0.48649
0.475732
0.464902
0.454002
0.443034
0.431999
0.420899
0.409736
0.398511
0.387226
0.375883
0.364483
0.353028
0.34152
0.32996
0.318351
0.306694
0.294991
0.283243
0.271453
0.259622
0.247751
0.235844
0.223901
0.211924
0.199915
0.187876
0.175809
0.163715
0.151597
0.139456
0.127294
0.115113
0.102914
0.0906998
0.078472
0.0662324
0.0539829
0.0417252
0.0294612
0.0171927
0.00492171
-0.00735005
-0.0196207
-0.0318884
-0.0441513
-0.0564075
-0.0686553
-0.0808927
-0.0931179
-0.105329
-0.117524
-0.129702
-0.14186
-0.153997
-0.166111
-0.178199
-0.190261
-0.202294
-0.214296
-0.226267
-0.238203
-0.250103
-0.261966
-0.273789
-0.285571
-0.29731
-0.309005
-0.320652
-0.332252
-0.343801
-0.355299
-0.366743
-0.378132
-0.389464
-0.400737
-0.41195
-0.423101
-0.434188
-0.44521
-0.456164
-0.46705
-0.477866
-0.48861
-0.49928
-0.509875
-0.520393
-0.530833
-0.541193
-0.551471
-0.561667
-0.571777
-0.581802
-0.591739
-0.601587
-0.611344
-0.621009
-0.630581
-0.640058
-0.649438
-0.658721
-0.667904
-0.676987
-0.685968
-0.694845
-0.703618
-0.712285
-0.720845
-0.729296
-0.737637
-0.745867
-0.753985
-0.761989
-0.769879
-0.777652
-0.785309
-0.792847
-0.800266
-0.807564
-0.814741
-0.821795
-0.828725
-0.835531
-0.84221
-0.848763
-0.855188
-0.861484
-0.867651
-0.873686
-0.87959
-0.885362
-0.891001
-0.896505
-0.901874
-0.907107
-0.912204
-0.917164
-0.921985
-0.926667
-0.93121
-0.935613
-0.939875
-0.943995
-0.947973
-0.951808
-0.9555
-0.959048
-0.962452
-0.96571
-0.968824
-0.971791
-0.974612
-0.977286
-0.979813
-0.982193
-0.984424
-0.986508
-0.988442
-0.990228
-0.991865
-0.993352
-0.99469
-0.995878
-0.996916
-0.997804
-0.998542
-0.999129
-0.999566
-0.999852
-0.999988
-0.999973
-0.999807
-0.999491
-0.999025
-0.998408
-0.99764
-0.996723
-0.995655
-0.994437
-0.99307
-0.991553
-0.989887
-0.988071
-0.986107
-0.983994
-0.981734
-0.979325
-0.976769
-0.974065
-0.971215
-0.968219
-0.965077
-0.96179
-0.958357
-0.954781
-0.951061
-0.947197
-0.943191
-0.939042
-0.934753
-0.930322
-0.925752
-0.921042
-0.916193
-0.911207
-0.906083
-0.900822
-0.895426
-0.889895
-0.884231
-0.878433
-0.872502
-0.866441
-0.860248
-0.853927
-0.847476
-0.840898
-0.834194
-0.827364
-0.820409
-0.81333
-0.80613
-0.798807
-0.791365
-0.783803
-0.776123
-0.768327
-0.760414
-0.752388
-0.744247
-0.735995
-0.727632
-0.719159
-0.710578
-0.70189
-0.693097
-0.684199
-0.675198
-0.666095
-0.656892
-0.64759
-0.63819
-0.628694
-0.619104
-0.609421
-0.599645
-0.58978
-0.579825
-0.569783
-0.559656
-0.549444
-0.539149
-0.528773
-0.518318
-0.507785
-0.497175
-0.48649
-0.475732
-0.464902
-0.454002
-0.443034
-0.431999
-0.420899
-0.409736
-0.398511
-0.387226
-0.375883
-0.364483
-0.353028
-0.34152
-0.32996
-0.318351
-0.306694
-0.294991
-0.283243
-0.271453
-0.259622
-0.247751
-0.235844
-0.223901
-0.211924
-0.199915
-0.187876
-0.175809
-0.163715
-0.151597
-0.139456
-0.127294
-0.115113
-0.102914
-0.0906998
-0.078472
-0.0662324
-0.0539829
-0.0417252
-0.0294612
-0.0171927
-0.00492171
0.00735005
0.0196207
0.0318884
0.0441513
0.0564075
0.0686553
0.0808927
0.0931179
0.105329
0.117524
0.129702
0.14186
0.153997
0.166111
0.178199
0.190261
0.202294
0.214296
0.226267
0.238203
0.250103
0.261966
0.273789
0.285571
0.29731
0.309005
0.320652
0.332252
0.343801
0.355299
0.366743
0.378132
0.389464
0.400737
0.41195
0.423101
0.434188
0.44521
0.456164
0.46705
0.477866
0.48861
0.49928
0.509875
0.520393
0.530833
0.541193
0.551471
0.561667
0.571777
0.581802
0.591739
0.601587
0.611344
0.621009
0.630581
0.640058
0.649438
0.658721
0.667904
0.676987
0.685968
0.694845
0.703618
0.712285
0.720845
0.729296
0.737637
0.745867
0.753985
0.761989
0.769879
0.777652
0.785309
0.792847
0.800266
0.807564
0.814741
0.821795
0.828725
0.835531
0.84221
0.848763
0.855188
0.861484
0.867651
0.873686
0.87959
0.885362
0.891001
0.896505
0.901874
0.907107
0.912204
0.917164
0.921985
0.926667
0.93121
0.935613
0.939875
0.943995
0.947973
0.951808
0.9555
0.959048
0.962452
0.96571
0.968824
0.971791
0.974612
0.977286
0.979813
0.982193
0.984424
0.986508
0.988442
0.990228
0.991865
0.993352
0.99469
0.995878
0.996916
0.997804
0.998542
0.999129
0.999566
0.999852
0.999988
