0.756535
0.772356
0.787712
0.802593
0.816991
0.830897
0.844302
0.857198
0.869578
0.881435
0.89276
0.903548
0.913791
0.923484
0.932621
0.941196
0.949204
0.95664
0.9635
0.96978
0.975475
0.980583
0.9851
0.989024
0.992352
0.995083
0.997213
0.998744
0.999672
0.999999
0.999723
0.998845
0.997365
0.995284
0.992604
0.989326
0.985452
0.980985
0.975926
0.97028
0.964049
0.957238
0.94985
0.94189
0.933362
0.924272
0.914626
0.904428
0.893686
0.882405
0.870593
0.858257
0.845403
0.83204
0.818177
0.80382
0.788979
0.773663
0.75788
0.741641
0.724956
0.707834
0.690285
0.672321
0.653952
0.635188
0.616042
0.596525
0.576649
0.556425
0.535867
0.514985
0.493793
0.472304
0.45053
0.428485
0.406182
0.383634
0.360855
0.337859
0.314659
0.291269
0.267705
0.243978
0.220105
0.1961
0.171976
0.147749
0.123432
0.0990415
0.0745911
0.0500958
0.0255704
0.00102947
-0.023512
-0.0480394
-0.0725378
-0.0969925
-0.121389
-0.145712
-0.169947
-0.19408
-0.218096
-0.241981
-0.26572
-0.289299
-0.312704
-0.33592
-0.358934
-0.381732
-0.4043
-0.426624
-0.448691
-0.470488
-0.492002
-0.513219
-0.534127
-0.554714
-0.574966
-0.594872
-0.614419
-0.633597
-0.652392
-0.670795
-0.688794
-0.706378
-0.723536
-0.740259
-0.756535
-0.772356
-0.787712
-0.802593
-0.816991
-0.830897
-0.844302
-0.857198
-0.869578
-0.881435
-0.89276
-0.903548
-0.913791
-0.923484
-0.932621
-0.941196
-0.949204
-0.95664
-0.9635
-0.96978
-0.975475
-0.980583
-0.9851
-0.989024
-0.992352
-0.995083
-0.997213
-0.998744
-0.999672
-0.999999
-0.999723
-0.998845
-0.997365
-0.995284
-0.992604
-0.989326
-0.985452
-0.980985
-0.975926
-0.97028
-0.964049
-0.957238
-0.94985
-0.94189
-0.933362
-0.924272
-0.914626
-0.904428
-0.893686
-0.882405
-0.870593
-0.858257
-0.845403
-0.83204
-0.818177
-0.80382
-0.788979
-0.773663
-0.75788
-0.741641
-0.724956
-0.707834
-0.690285
-0.672321
-0.653952
-0.635188
-0.616042
-0.596525
-0.576649
-0.556425
-0.535867
-0.514985
-0.493793
-0.472304
-0.45053
-0.428485
-0.406182
-0.383634
-0.360855
-0.337859
-0.314659
-0.291269
-0.267705
-0.243978
-0.220105
-0.1961
-0.171976
-0.147749
-0.123432
-0.0990415
-0.0745911
-0.0500958
-0.0255704
-0.00102947
0.023512
0.0480394
0.0725378
0.0969925
0.121389
0.145712
0.169947
0.19408
0.218096
0.241981
0.26572
0.289299
0.312704
0.33592
0.358934
0.381732
0.4043
0.426624
0.448691
0.470488
0.492002
0.513219
0.534127
0.554714
0.574966
0.594872
0.614419
0.633597
0.652392
0.670795
0.688794
0.706378
0.723536
0.740259
