0.947973
0.951808
0.9555
0.959048
0.962451
0.96571
0.968823
0.971791
0.974612
0.977286
0.979813
0.982193
0.984424
0.986507
0.988442
0.990228
0.991865
0.993352
0.99469
0.995878
0.996916
0.997804
0.998542
0.999129
0.999566
0.999852
0.999988
0.999973
0.999808
0.999491
0.999025
0.998408
0.99764
0.996723
0.995655
0.994437
0.99307
0.991553
0.989887
0.988071
0.986107
0.983995
0.981734
0.979325
0.976769
0.974066
0.971216
0.968219
0.965077
0.96179
0.958358
0.954781
0.951061
0.947197
0.943191
0.939043
0.934753
0.930323
0.925752
0.921042
0.916194
0.911207
0.906083
0.900823
0.895427
0.889896
0.884231
0.878433
0.872503
0.866441
0.860249
0.853927
0.847477
0.840899
0.834194
0.827364
0.820409
0.813331
0.80613
0.798808
0.791365
0.783804
0.776124
0.768327
0.760415
0.752388
0.744248
0.735996
0.727633
0.71916
0.710579
0.701891
0.693097
0.684199
0.675198
0.666095
0.656892
0.64759
0.638191
0.628695
0.619105
0.609421
0.599646
0.58978
0.579826
0.569784
0.559657
0.549445
0.53915
0.528774
0.518319
0.507785
0.497175
0.48649
0.475732
0.464903
0.454003
0.443035
0.432
0.4209
0.409737
0.398512
0.387227
0.375883
0.364483
0.353029
0.341521
0.329961
0.318352
0.306695
0.294992
0.283244
0.271454
0.259623
0.247752
0.235845
0.223902
0.211925
0.199916
0.187877
0.17581
0.163716
0.151598
0.139457
0.127295
0.115114
0.102915
0.0907007
0.078473
0.0662334
0.0539838
0.0417261
0.0294621
0.0171936
0.00492262
-0.00734914
-0.0196198
-0.0318875
-0.0441504
-0.0564066
-0.0686544
-0.0808918
-0.093117
-0.105328
-0.117524
-0.129701
-0.141859
-0.153996
-0.16611
-0.178198
-0.19026
-0.202293
-0.214296
-0.226266
-0.238202
-0.250103
-0.261965
-0.273788
-0.28557
-0.29731
-0.309004
-0.320651
-0.332251
-0.3438
-0.355298
-0.366742
-0.378131
-0.389463
-0.400736
-0.411949
-0.4231
-0.434187
-0.445209
-0.456164
-0.46705
-0.477865
-0.488609
-0.499279
-0.509874
-0.520392
-0.530832
-0.541192
-0.55147
-0.561666
-0.571777
-0.581801
-0.591738
-0.601586
-0.611343
-0.621009
-0.63058
-0.640057
-0.649437
-0.65872
-0.667903
-0.676986
-0.685967
-0.694845
-0.703617
-0.712284
-0.720844
-0.729295
-0.737636
-0.745866
-0.753984
-0.761989
-0.769878
-0.777652
-0.785308
-0.792847
-0.800265
-0.807564
-0.81474
-0.821794
-0.828725
-0.83553
-0.84221
-0.848763
-0.855187
-0.861484
-0.86765
-0.873686
-0.87959
-0.885362
-0.891
-0.896504
-0.901874
-0.907107
-0.912204
-0.917163
-0.921985
-0.926667
-0.93121
-0.935613
-0.939874
-0.943994
-0.947973
-0.951808
-0.9555
-0.959048
-0.962451
-0.96571
-0.968823
-0.971791
-0.974612
-0.977286
-0.979813
-0.982193
-0.984424
-0.986507
-0.988442
-0.990228
-0.991865
-0.993352
-0.99469
-0.995878
-0.996916
-0.997804
-0.998542
-0.999129
-0.999566
-0.999852
-0.999988
-0.999973
-0.999808
-0.999491
-0.999025
-0.998408
-0.99764
-0.996723
-0.995655
-0.994437
-0.99307
-0.991553
-0.989887
-0.988071
-0.986107
-0.983995
-0.981734
-0.979325
-0.976769
-0.974066
-0.971216
-0.968219
-0.965077
-0.96179
-0.958358
-0.954781
-0.951061
-0.947197
-0.943191
-0.939043
-0.934753
-0.930323
-0.925752
-0.921042
-0.916194
-0.911207
-0.906083
-0.900823
-0.895427
-0.889896
-0.884231
-0.878433
-0.872503
-0.866441
-0.860249
-0.853927
-0.847477
-0.840899
-0.834194
-0.827364
-0.820409
-0.813331
-0.80613
-0.798808
-0.791365
-0.783804
-0.776124
-0.768327
-0.760415
-0.752388
-0.744248
-0.735996
-0.727633
-0.71916
-0.710579
-0.701891
-0.693097
-0.684199
-0.675198
-0.666095
-0.656892
-0.64759
-0.638191
-0.628695
-0.619105
-0.609421
-0.599646
-0.58978
-0.579826
-0.569784
-0.559657
-0.549445
-0.53915
-0.528774
-0.518319
-0.507785
-0.497175
-0.48649
-0.475732
-0.464903
-0.454003
-0.443035
-0.432
-0.4209
-0.409737
-0.398512
-0.387227
-0.375883
-0.364483
-0.353029
-0.341521
-0.329961
-0.318352
-0.306695
-0.294992
-0.283244
-0.271454
-0.259623
-0.247752
-0.235845
-0.223902
-0.211925
-0.199916
-0.187877
-0.17581
-0.163716
-0.151598
-0.139457
-0.127295
-0.115114
-0.102915
-0.0907007
-0.078473
-0.0662334
-0.0539838
-0.0417261
-0.0294621
-0.0171936
-0.00492262
0.00734914
0.0196198
0.0318875
0.0441504
0.0564066
0.0686544
0.0808918
0.093117
0.105328
0.117524
0.129701
0.141859
0.153996
0.16611
0.178198
0.19026
0.202293
0.214296
0.226266
0.238202
0.250103
0.261965
0.273788
0.28557
0.29731
0.309004
0.320651
0.332251
0.3438
0.355298
0.366742
0.378131
0.389463
0.400736
0.411949
0.4231
0.434187
0.445209
0.456164
0.46705
0.477865
0.488609
0.499279
0.509874
0.520392
0.530832
0.541192
0.55147
0.561666
0.571777
0.581801
0.591738
0.601586
0.611343
0.621009
0.63058
0.640057
0.649437
0.65872
0.667903
0.676986
0.685967
0.694845
0.703617
0.712284
0.720844
0.729295
0.737636
0.745866
0.753984
0.761989
0.769878
0.777652
0.785308
0.792847
0.800265
0.807564
0.81474
0.821794
0.828725
0.83553
0.84221
0.848763
0.855187
0.861484
0.86765
0.873686
0.87959
0.885362
0.891
0.896504
0.901874
0.907107
0.912204
0.917163
0.921985
0.926667
0.93121
0.935613
0.939874
0.943994
