0.549815
0.570148
0.590138
0.609772
0.629039
0.647928
0.666426
0.684522
0.702206
0.719467
0.736295
0.75268
0.76861
0.784078
0.799074
0.813588
0.827613
0.841138
0.854157
0.866662
0.878644
0.890097
0.901014
0.911389
0.921214
0.930484
0.939194
0.947339
0.954912
0.96191
0.968329
0.974165
0.979414
0.984073
0.988139
0.99161
0.994483
0.996758
0.998432
0.999505
0.999975
0.999844
0.99911
0.997774
0.995837
0.9933
0.990165
0.986434
0.982108
0.977191
0.971685
0.965594
0.958921
0.951671
0.943847
0.935455
0.926499
0.916986
0.90692
0.896307
0.885155
0.873469
0.861258
0.848527
0.835286
0.821541
0.807301
0.792576
0.777372
0.761701
0.74557
0.728991
0.711972
0.694525
0.676659
0.658386
0.639716
0.62066
0.601231
0.58144
0.561298
0.540819
0.520013
0.498895
0.477475
0.455769
0.433787
0.411545
0.389054
0.366329
0.343384
0.320231
0.296886
0.273362
0.249673
0.225834
0.201858
0.177762
0.153558
0.129261
0.104887
0.0804497
0.0559638
0.0314442
0.00690568
-0.017637
-0.0421691
-0.0666758
-0.0911423
-0.115554
-0.139896
-0.164154
-0.188313
-0.212358
-0.236275
-0.260051
-0.283669
-0.307117
-0.33038
-0.353443
-0.376294
-0.398918
-0.421302
-0.443432
-0.465295
-0.486877
-0.508167
-0.52915
-0.549815
-0.570148
-0.590138
-0.609772
-0.629039
-0.647928
-0.666426
-0.684522
-0.702206
-0.719467
-0.736295
-0.75268
-0.76861
-0.784078
-0.799074
-0.813588
-0.827613
-0.841138
-0.854157
-0.866662
-0.878644
-0.890097
-0.901014
-0.911389
-0.921214
-0.930484
-0.939194
-0.947339
-0.954912
-0.96191
-0.968329
-0.974165
-0.979414
-0.984073
-0.988139
-0.99161
-0.994483
-0.996758
-0.998432
-0.999505
-0.999975
-0.999844
-0.99911
-0.997774
-0.995837
-0.9933
-0.990165
-0.986434
-0.982108
-0.977191
-0.971685
-0.965594
-0.958921
-0.951671
-0.943847
-0.935455
-0.926499
-0.916986
-0.90692
-0.896307
-0.885155
-0.873469
-0.861258
-0.848527
-0.835286
-0.821541
-0.807301
-0.792576
-0.777372
-0.761701
-0.74557
-0.728991
-0.711972
-0.694525
-0.676659
-0.658386
-0.639716
-0.62066
-0.601231
-0.58144
-0.561298
-0.540819
-0.520013
-0.498895
-0.477475
-0.455769
-0.433787
-0.411545
-0.389054
-0.366329
-0.343384
-0.320231
-0.296886
-0.273362
-0.249673
-0.225834
-0.201858
-0.177762
-0.153558
-0.129261
-0.104887
-0.0804497
-0.0559638
-0.0314442
-0.00690568
0.017637
0.0421691
0.0666758
0.0911423
0.115554
0.139896
0.164154
0.188313
0.212358
0.236275
0.260051
0.283669
0.307117
0.33038
0.353443
0.376294
0.398918
0.421302
0.443432
0.465295
0.486877
0.508167
0.52915
