-0.960092
-0.952939
-0.945212
-0.936916
-0.928055
-0.918636
-0.908663
-0.898142
-0.887081
-0.875485
-0.863362
-0.850719
-0.837563
-0.823903
-0.809747
-0.795102
-0.779979
-0.764386
-0.748333
-0.731829
-0.714884
-0.697508
-0.679713
-0.661507
-0.642904
-0.623913
-0.604546
-0.584815
-0.564732
-0.544309
-0.523558
-0.502491
-0.481122
-0.459463
-0.437527
-0.415328
-0.392878
-0.370192
-0.347283
-0.324164
-0.300851
-0.277356
-0.253694
-0.229879
-0.205926
-0.181848
-0.157662
-0.13338
-0.109018
-0.08459
-0.0601113
-0.0355963
-0.0110599
0.0134831
0.0380181
0.0625301
0.0870045
0.111426
0.135781
0.160054
0.184231
0.208297
0.232237
0.256037
0.279683
0.303161
0.326456
0.349554
0.372442
0.395105
0.417531
0.439705
0.461614
0.483245
0.504585
0.525621
0.54634
0.56673
0.586779
0.606475
0.625805
0.644758
0.663323
0.681488
0.699243
0.716576
0.733478
0.749938
0.765947
0.781494
0.79657
0.811166
0.825274
0.838885
0.85199
0.864582
0.876654
0.888197
0.899205
0.909672
0.91959
0.928955
0.93776
0.946001
0.953671
0.960767
0.967284
0.973219
0.978567
0.983326
0.987493
0.991065
0.99404
0.996416
0.998191
0.999366
0.999939
0.999909
0.999277
0.998043
0.996208
0.993772
0.990739
0.987108
0.982883
0.978066
0.972659
0.966667
0.960092
0.952939
0.945212
0.936916
0.928055
0.918636
0.908663
0.898142
0.887081
0.875485
0.863362
0.850719
0.837563
0.823903
0.809747
0.795102
0.779979
0.764386
0.748333
0.731829
0.714884
0.697508
0.679713
0.661507
0.642904
0.623913
0.604546
0.584815
0.564732
0.544309
0.523558
0.502491
0.481122
0.459463
0.437527
0.415328
0.392878
0.370192
0.347283
0.324164
0.300851
0.277356
0.253694
0.229879
0.205926
0.181848
0.157662
0.13338
0.109018
0.08459
0.0601113
0.0355963
0.0110599
-0.0134831
-0.0380181
-0.0625301
-0.0870045
-0.111426
-0.135781
-0.160054
-0.184231
-0.208297
-0.232237
-0.256037
-0.279683
-0.303161
-0.326456
-0.349554
-0.372442
-0.395105
-0.417531
-0.439705
-0.461614
-0.483245
-0.504585
-0.525621
-0.54634
-0.56673
-0.586779
-0.606475
-0.625805
-0.644758
-0.663323
-0.681488
-0.699243
-0.716576
-0.733478
-0.749938
-0.765947
-0.781494
-0.79657
-0.811166
-0.825274
-0.838885
-0.85199
-0.864582
-0.876654
-0.888197
-0.899205
-0.909672
-0.91959
-0.928955
-0.93776
-0.946001
-0.953671
-0.960767
-0.967284
-0.973219
-0.978567
-0.983326
-0.987493
-0.991065
-0.99404
-0.996416
-0.998191
-0.999366
-0.999939
-0.999909
-0.999277
-0.998043
-0.996208
-0.993772
-0.990739
-0.987108
-0.982883
-0.978066
-0.972659
-0.966667
