-0.875585
-0.863467
-0.850828
-0.837677
-0.824021
-0.809869
-0.795228
-0.780109
-0.76452
-0.748471
-0.73197
-0.715029
-0.697657
-0.679865
-0.661663
-0.643063
-0.624075
-0.604712
-0.584984
-0.564904
-0.544483
-0.523735
-0.502671
-0.481304
-0.459647
-0.437714
-0.415516
-0.393069
-0.370385
-0.347477
-0.324361
-0.301049
-0.277555
-0.253895
-0.230081
-0.206129
-0.182053
-0.157867
-0.133586
-0.109224
-0.084797
-0.0603186
-0.0358039
-0.0112676
0.0132754
0.0378105
0.0623228
0.0867975
0.11122
0.135575
0.159849
0.184027
0.208093
0.232035
0.255836
0.279484
0.302963
0.326259
0.34936
0.372249
0.394915
0.417342
0.439518
0.46143
0.483063
0.504405
0.525444
0.546166
0.566559
0.586611
0.60631
0.625643
0.644599
0.663167
0.681336
0.699094
0.716432
0.733337
0.749801
0.765813
0.781364
0.796444
0.811045
0.825157
0.838772
0.851881
0.864478
0.876554
0.888101
0.899114
0.909585
0.919509
0.928878
0.937688
0.945933
0.953609
0.96071
0.967232
0.973171
0.978525
0.983289
0.98746
0.991037
0.994017
0.996398
0.998179
0.999359
0.999936
0.999912
0.999285
0.998056
0.996226
0.993796
0.990767
0.987141
0.982921
0.978109
0.972707
0.96672
0.96015
0.953002
0.94528
0.936989
0.928133
0.918718
0.908749
0.898234
0.887177
0.875585
0.863467
0.850828
0.837677
0.824021
0.809869
0.795228
0.780109
0.76452
0.748471
0.73197
0.715029
0.697657
0.679865
0.661663
0.643063
0.624075
0.604712
0.584984
0.564904
0.544483
0.523735
0.502671
0.481304
0.459647
0.437714
0.415516
0.393069
0.370385
0.347477
0.324361
0.301049
0.277555
0.253895
0.230081
0.206129
0.182053
0.157867
0.133586
0.109224
0.084797
0.0603186
0.0358039
0.0112676
-0.0132754
-0.0378105
-0.0623228
-0.0867975
-0.11122
-0.135575
-0.159849
-0.184027
-0.208093
-0.232035
-0.255836
-0.279484
-0.302963
-0.326259
-0.34936
-0.372249
-0.394915
-0.417342
-0.439518
-0.46143
-0.483063
-0.504405
-0.525444
-0.546166
-0.566559
-0.586611
-0.60631
-0.625643
-0.644599
-0.663167
-0.681336
-0.699094
-0.716432
-0.733337
-0.749801
-0.765813
-0.781364
-0.796444
-0.811045
-0.825157
-0.838772
-0.851881
-0.864478
-0.876554
-0.888101
-0.899114
-0.909585
-0.919509
-0.928878
-0.937688
-0.945933
-0.953609
-0.96071
-0.967232
-0.973171
-0.978525
-0.983289
-0.98746
-0.991037
-0.994017
-0.996398
-0.998179
-0.999359
-0.999936
-0.999912
-0.999285
-0.998056
-0.996226
-0.993796
-0.990767
-0.987141
-0.982921
-0.978109
-0.972707
-0.96672
-0.96015
-0.953002
-0.94528
-0.936989
-0.928133
-0.918718
-0.908749
-0.898234
-0.887177
