-0.0247397
-0.000198587
0.0243427
0.0488693
0.0733664
0.0978194
0.122213
0.146534
0.170766
0.194895
0.218907
0.242787
0.266521
0.290094
0.313493
0.336703
0.359709
0.3825
0.405059
0.427375
0.449434
0.471221
0.492725
0.513932
0.534829
0.555405
0.575645
0.595539
0.615074
0.634239
0.653022
0.671411
0.689396
0.706966
0.724109
0.740817
0.757078
0.772884
0.788224
0.803088
0.81747
0.831359
0.844747
0.857626
0.869988
0.881827
0.893134
0.903904
0.914128
0.923803
0.93292
0.941476
0.949465
0.956882
0.963722
0.969982
0.975658
0.980746
0.985243
0.989146
0.992454
0.995164
0.997275
0.998785
0.999693
0.999999
0.999703
0.998804
0.997304
0.995203
0.992503
0.989205
0.985311
0.980823
0.975745
0.970079
0.963828
0.956997
0.94959
0.94161
0.933063
0.923955
0.914289
0.904073
0.893313
0.882014
0.870184
0.85783
0.844959
0.831579
0.817698
0.803325
0.788468
0.773136
0.757338
0.741084
0.724383
0.707247
0.689684
0.671705
0.653323
0.634546
0.615388
0.595858
0.57597
0.555735
0.535165
0.514273
0.493071
0.471571
0.449788
0.427734
0.405422
0.382867
0.36008
0.337077
0.31387
0.290474
0.266904
0.243173
0.219295
0.195285
0.171157
0.146927
0.122608
0.0982147
0.0737625
0.049266
0.0247397
0.000198587
-0.0243427
-0.0488693
-0.0733664
-0.0978194
-0.122213
-0.146534
-0.170766
-0.194895
-0.218907
-0.242787
-0.266521
-0.290094
-0.313493
-0.336703
-0.359709
-0.3825
-0.405059
-0.427375
-0.449434
-0.471221
-0.492725
-0.513932
-0.534829
-0.555405
-0.575645
-0.595539
-0.615074
-0.634239
-0.653022
-0.671411
-0.689396
-0.706966
-0.724109
-0.740817
-0.757078
-0.772884
-0.788224
-0.803088
-0.81747
-0.831359
-0.844747
-0.857626
-0.869988
-0.881827
-0.893134
-0.903904
-0.914128
-0.923803
-0.93292
-0.941476
-0.949465
-0.956882
-0.963722
-0.969982
-0.975658
-0.980746
-0.985243
-0.989146
-0.992454
-0.995164
-0.997275
-0.998785
-0.999693
-0.999999
-0.999703
-0.998804
-0.997304
-0.995203
-0.992503
-0.989205
-0.985311
-0.980823
-0.975745
-0.970079
-0.963828
-0.956997
-0.94959
-0.94161
-0.933063
-0.923955
-0.914289
-0.904073
-0.893313
-0.882014
-0.870184
-0.85783
-0.844959
-0.831579
-0.817698
-0.803325
-0.788468
-0.773136
-0.757338
-0.741084
-0.724383
-0.707247
-0.689684
-0.671705
-0.653323
-0.634546
-0.615388
-0.595858
-0.57597
-0.555735
-0.535165
-0.514273
-0.493071
-0.471571
-0.449788
-0.427734
-0.405422
-0.382867
-0.36008
-0.337077
-0.31387
-0.290474
-0.266904
-0.243173
-0.219295
-0.195285
-0.171157
-0.146927
-0.122608
-0.0982147
-0.0737625
-0.049266
