-0.356607
-0.379427
-0.402019
-0.424368
-0.446462
-0.468287
-0.48983
-0.511078
-0.532018
-0.552638
-0.572925
-0.592866
-0.612451
-0.631666
-0.650502
-0.668945
-0.686985
-0.704612
-0.721814
-0.738581
-0.754903
-0.770771
-0.786174
-0.801104
-0.815551
-0.829507
-0.842964
-0.855912
-0.868345
-0.880255
-0.891635
-0.902477
-0.912776
-0.922526
-0.931719
-0.940351
-0.948417
-0.955912
-0.96283
-0.969169
-0.974924
-0.980092
-0.984669
-0.988653
-0.992042
-0.994833
-0.997025
-0.998616
-0.999606
-0.999993
-0.999779
-0.998962
-0.997543
-0.995523
-0.992904
-0.989687
-0.985873
-0.981466
-0.976467
-0.970881
-0.964709
-0.957956
-0.950627
-0.942724
-0.934254
-0.925221
-0.915631
-0.905489
-0.894802
-0.883576
-0.871817
-0.859534
-0.846732
-0.833421
-0.819607
-0.8053
-0.790508
-0.77524
-0.759504
-0.743312
-0.726671
-0.709593
-0.692087
-0.674164
-0.655835
-0.637112
-0.618004
-0.598524
-0.578684
-0.558495
-0.53797
-0.51712
-0.495959
-0.4745
-0.452754
-0.430736
-0.408459
-0.385935
-0.363179
-0.340204
-0.317024
-0.293653
-0.270106
-0.246395
-0.222536
-0.198543
-0.174431
-0.150213
-0.125905
-0.101522
-0.0770766
-0.0525852
-0.0280621
-0.0035221
0.02102
0.0455495
0.0700515
0.0945114
0.118914
0.143246
0.167491
0.191635
0.215663
0.239562
0.263316
0.286912
0.310335
0.333571
0.356607
0.379427
0.402019
0.424368
0.446462
0.468287
0.48983
0.511078
0.532018
0.552638
0.572925
0.592866
0.612451
0.631666
0.650502
0.668945
0.686985
0.704612
0.721814
0.738581
0.754903
0.770771
0.786174
0.801104
0.815551
0.829507
0.842964
0.855912
0.868345
0.880255
0.891635
0.902477
0.912776
0.922526
0.931719
0.940351
0.948417
0.955912
0.96283
0.969169
0.974924
0.980092
0.984669
0.988653
0.992042
0.994833
0.997025
0.998616
0.999606
0.999993
0.999779
0.998962
0.997543
0.995523
0.992904
0.989687
0.985873
0.981466
0.976467
0.970881
0.964709
0.957956
0.950627
0.942724
0.934254
0.925221
0.915631
0.905489
0.894802
0.883576
0.871817
0.859534
0.846732
0.833421
0.819607
0.8053
0.790508
0.77524
0.759504
0.743312
0.726671
0.709593
0.692087
0.674164
0.655835
0.637112
0.618004
0.598524
0.578684
0.558495
0.53797
0.51712
0.495959
0.4745
0.452754
0.430736
0.408459
0.385935
0.363179
0.340204
0.317024
0.293653
0.270106
0.246395
0.222536
0.198543
0.174431
0.150213
0.125905
0.101522
0.0770766
0.0525852
0.0280621
0.0035221
-0.02102
-0.0455495
-0.0700515
-0.0945114
-0.118914
-0.143246
-0.167491
-0.191635
-0.215663
-0.239562
-0.263316
-0.286912
-0.310335
-0.333571
