-0.304546
-0.32783
-0.350916
-0.373791
-0.396441
-0.418852
-0.44101
-0.462903
-0.484517
-0.50584
-0.526857
-0.547557
-0.567928
-0.587956
-0.60763
-0.626938
-0.645869
-0.66441
-0.682551
-0.700281
-0.71759
-0.734466
-0.750899
-0.766881
-0.7824
-0.797448
-0.812016
-0.826094
-0.839675
-0.85275
-0.865312
-0.877352
-0.888864
-0.89984
-0.910274
-0.92016
-0.929492
-0.938264
-0.946471
-0.954107
-0.961169
-0.967652
-0.973552
-0.978866
-0.98359
-0.987721
-0.991257
-0.994197
-0.996537
-0.998278
-0.999417
-0.999953
-0.999888
-0.99922
-0.997951
-0.99608
-0.993609
-0.99054
-0.986874
-0.982614
-0.977761
-0.97232
-0.966293
-0.959684
-0.952497
-0.944736
-0.936407
-0.927513
-0.91806
-0.908054
-0.897502
-0.886408
-0.874781
-0.862627
-0.849953
-0.836768
-0.823078
-0.808892
-0.79422
-0.779068
-0.763448
-0.747368
-0.730837
-0.713866
-0.696466
-0.678645
-0.660416
-0.641789
-0.622776
-0.603387
-0.583635
-0.563531
-0.543088
-0.522318
-0.501233
-0.479846
-0.458171
-0.436219
-0.414004
-0.39154
-0.368841
-0.345919
-0.322788
-0.299463
-0.275958
-0.252287
-0.228464
-0.204503
-0.180418
-0.156226
-0.131939
-0.107572
-0.0831411
-0.0586598
-0.0341431
-0.00960595
0.014937
0.039471
0.0639812
0.0884529
0.112871
0.137222
0.161489
0.18566
0.209718
0.233651
0.257442
0.281079
0.304546
0.32783
0.350916
0.373791
0.396441
0.418852
0.44101
0.462903
0.484517
0.50584
0.526857
0.547557
0.567928
0.587956
0.60763
0.626938
0.645869
0.66441
0.682551
0.700281
0.71759
0.734466
0.750899
0.766881
0.7824
0.797448
0.812016
0.826094
0.839675
0.85275
0.865312
0.877352
0.888864
0.89984
0.910274
0.92016
0.929492
0.938264
0.946471
0.954107
0.961169
0.967652
0.973552
0.978866
0.98359
0.987721
0.991257
0.994197
0.996537
0.998278
0.999417
0.999953
0.999888
0.99922
0.997951
0.99608
0.993609
0.99054
0.986874
0.982614
0.977761
0.97232
0.966293
0.959684
0.952497
0.944736
0.936407
0.927513
0.91806
0.908054
0.897502
0.886408
0.874781
0.862627
0.849953
0.836768
0.823078
0.808892
0.79422
0.779068
0.763448
0.747368
0.730837
0.713866
0.696466
0.678645
0.660416
0.641789
0.622776
0.603387
0.583635
0.563531
0.543088
0.522318
0.501233
0.479846
0.458171
0.436219
0.414004
0.39154
0.368841
0.345919
0.322788
0.299463
0.275958
0.252287
0.228464
0.204503
0.180418
0.156226
0.131939
0.107572
0.0831411
0.0586598
0.0341431
0.00960595
-0.014937
-0.039471
-0.0639812
-0.0884529
-0.112871
-0.137222
-0.161489
-0.18566
-0.209718
-0.233651
-0.257442
-0.281079
