0.23584
0.223897
0.21192
0.199912
0.187873
0.175805
0.163712
0.151594
0.139452
0.12729
0.115109
0.10291
0.0906962
0.0784684
0.0662288
0.0539792
0.0417215
0.0294575
0.0171891
0.00491805
-0.00735371
-0.0196244
-0.0318921
-0.044155
-0.0564112
-0.0686589
-0.0808964
-0.0931216
-0.105333
-0.117528
-0.129706
-0.141864
-0.154001
-0.166114
-0.178203
-0.190264
-0.202297
-0.2143
-0.22627
-0.238207
-0.250107
-0.26197
-0.273793
-0.285575
-0.297314
-0.309008
-0.320656
-0.332255
-0.343805
-0.355302
-0.366746
-0.378135
-0.389467
-0.40074
-0.411953
-0.423104
-0.434191
-0.445213
-0.456168
-0.467054
-0.477869
-0.488613
-0.499283
-0.509878
-0.520396
-0.530836
-0.541196
-0.551474
-0.56167
-0.57178
-0.581805
-0.591742
-0.60159
-0.611347
-0.621012
-0.630584
-0.640061
-0.649441
-0.658723
-0.667907
-0.67699
-0.68597
-0.694848
-0.703621
-0.712288
-0.720847
-0.729298
-0.737639
-0.74587
-0.753987
-0.761992
-0.769881
-0.777655
-0.785311
-0.792849
-0.800268
-0.807566
-0.814743
-0.821797
-0.828727
-0.835533
-0.842212
-0.848765
-0.85519
-0.861486
-0.867652
-0.873688
-0.879592
-0.885364
-0.891002
-0.896506
-0.901876
-0.907109
-0.912206
-0.917165
-0.921986
-0.926669
-0.931212
-0.935614
-0.939876
-0.943996
-0.947974
-0.951809
-0.955501
-0.959049
-0.962453
-0.965711
-0.968825
-0.971792
-0.974613
-0.977287
-0.979814
-0.982193
-0.984425
-0.986508
-0.988443
-0.990229
-0.991866
-0.993353
-0.994691
-0.995879
-0.996917
-0.997804
-0.998542
-0.999129
-0.999566
-0.999852
-0.999988
-0.999973
-0.999807
-0.999491
-0.999025
-0.998408
-0.99764
-0.996723
-0.995655
-0.994437
-0.99307
-0.991553
-0.989886
-0.988071
-0.986107
-0.983994
-0.981733
-0.979324
-0.976768
-0.974065
-0.971215
-0.968218
-0.965076
-0.961789
-0.958356
-0.95478
-0.951059
-0.947196
-0.94319
-0.939041
-0.934751
-0.930321
-0.92575
-0.92104
-0.916192
-0.911205
-0.906081
-0.900821
-0.895425
-0.889894
-0.884229
-0.878431
-0.872501
-0.866439
-0.860247
-0.853925
-0.847474
-0.840896
-0.834192
-0.827362
-0.820407
-0.813328
-0.806127
-0.798805
-0.791363
-0.783801
-0.776121
-0.768324
-0.760412
-0.752385
-0.744245
-0.735993
-0.72763
-0.719157
-0.710576
-0.701888
-0.693094
-0.684196
-0.675195
-0.666092
-0.656889
-0.647587
-0.638187
-0.628692
-0.619101
-0.609418
-0.599642
-0.589777
-0.579822
-0.56978
-0.559653
-0.549441
-0.539146
-0.52877
-0.518315
-0.507781
-0.497171
-0.486486
-0.475728
-0.464899
-0.453999
-0.443031
-0.431996
-0.420896
-0.409733
-0.398508
-0.387222
-0.375879
-0.364479
-0.353024
-0.341516
-0.329957
-0.318348
-0.306691
-0.294987
-0.28324
-0.271449
-0.259618
-0.247748
-0.23584
-0.223897
-0.21192
-0.199912
-0.187873
-0.175805
-0.163712
-0.151594
-0.139452
-0.12729
-0.115109
-0.10291
-0.0906962
-0.0784684
-0.0662288
-0.0539792
-0.0417215
-0.0294575
-0.0171891
-0.00491805
0.00735371
0.0196244
0.0318921
0.044155
0.0564112
0.0686589
0.0808964
0.0931216
0.105333
0.117528
0.129706
0.141864
0.154001
0.166114
0.178203
0.190264
0.202297
0.2143
0.22627
0.238207
0.250107
0.26197
0.273793
0.285575
0.297314
0.309008
0.320656
0.332255
0.343805
0.355302
0.366746
0.378135
0.389467
0.40074
0.411953
0.423104
0.434191
0.445213
0.456168
0.467054
0.477869
0.488613
0.499283
0.509878
0.520396
0.530836
0.541196
0.551474
0.56167
0.57178
0.581805
0.591742
0.60159
0.611347
0.621012
0.630584
0.640061
0.649441
0.658723
0.667907
0.67699
0.68597
0.694848
0.703621
0.712288
0.720847
0.729298
0.737639
0.74587
0.753987
0.761992
0.769881
0.777655
0.785311
0.792849
0.800268
0.807566
0.814743
0.821797
0.828727
0.835533
0.842212
0.848765
0.85519
0.861486
0.867652
0.873688
0.879592
0.885364
0.891002
0.896506
0.901876
0.907109
0.912206
0.917165
0.921986
0.926669
0.931212
0.935614
0.939876
0.943996
0.947974
0.951809
0.955501
0.959049
0.962453
0.965711
0.968825
0.971792
0.974613
0.977287
0.979814
0.982193
0.984425
0.986508
0.988443
0.990229
0.991866
0.993353
0.994691
0.995879
0.996917
0.997804
0.998542
0.999129
0.999566
0.999852
0.999988
0.999973
0.999807
0.999491
0.999025
0.998408
0.99764
0.996723
0.995655
0.994437
0.99307
0.991553
0.989886
0.988071
0.986107
0.983994
0.981733
0.979324
0.976768
0.974065
0.971215
0.968218
0.965076
0.961789
0.958356
0.95478
0.951059
0.947196
0.94319
0.939041
0.934751
0.930321
0.92575
0.92104
0.916192
0.911205
0.906081
0.900821
0.895425
0.889894
0.884229
0.878431
0.872501
0.866439
0.860247
0.853925
0.847474
0.840896
0.834192
0.827362
0.820407
0.813328
0.806127
0.798805
0.791363
0.783801
0.776121
0.768324
0.760412
0.752385
0.744245
0.735993
0.72763
0.719157
0.710576
0.701888
0.693094
0.684196
0.675195
0.666092
0.656889
0.647587
0.638187
0.628692
0.619101
0.609418
0.599642
0.589777
0.579822
0.56978
0.559653
0.549441
0.539146
0.52877
0.518315
0.507781
0.497171
0.486486
0.475728
0.464899
0.453999
0.443031
0.431996
0.420896
0.409733
0.398508
0.387222
0.375879
0.364479
0.353024
0.341516
0.329957
0.318348
0.306691
0.294987
0.28324
0.271449
0.259618
0.247748
