-0.202299
-0.214301
-0.226272
-0.238208
-0.250108
-0.261971
-0.273794
-0.285576
-0.297315
-0.309009
-0.320657
-0.332256
-0.343806
-0.355303
-0.366747
-0.378136
-0.389468
-0.400741
-0.411954
-0.423105
-0.434192
-0.445214
-0.456169
-0.467055
-0.47787
-0.488614
-0.499284
-0.509879
-0.520397
-0.530837
-0.541197
-0.551475
-0.561671
-0.571781
-0.581806
-0.591743
-0.601591
-0.611348
-0.621013
-0.630585
-0.640062
-0.649442
-0.658724
-0.667908
-0.67699
-0.685971
-0.694849
-0.703622
-0.712288
-0.720848
-0.729299
-0.73764
-0.74587
-0.753988
-0.761992
-0.769882
-0.777655
-0.785312
-0.79285
-0.800269
-0.807567
-0.814744
-0.821798
-0.828728
-0.835533
-0.842213
-0.848766
-0.85519
-0.861487
-0.867653
-0.873689
-0.879593
-0.885364
-0.891003
-0.896507
-0.901876
-0.907109
-0.912206
-0.917166
-0.921987
-0.926669
-0.931212
-0.935615
-0.939876
-0.943996
-0.947974
-0.95181
-0.955501
-0.959049
-0.962453
-0.965712
-0.968825
-0.971792
-0.974613
-0.977287
-0.979814
-0.982194
-0.984425
-0.986508
-0.988443
-0.990229
-0.991866
-0.993353
-0.994691
-0.995879
-0.996917
-0.997805
-0.998542
-0.999129
-0.999566
-0.999852
-0.999988
-0.999973
-0.999807
-0.999491
-0.999025
-0.998408
-0.99764
-0.996722
-0.995655
-0.994437
-0.993069
-0.991552
-0.989886
-0.988071
-0.986106
-0.983994
-0.981733
-0.979324
-0.976768
-0.974064
-0.971214
-0.968218
-0.965076
-0.961788
-0.958356
-0.954779
-0.951059
-0.947195
-0.943189
-0.939041
-0.934751
-0.930321
-0.92575
-0.92104
-0.916191
-0.911204
-0.906081
-0.90082
-0.895424
-0.889893
-0.884228
-0.87843
-0.8725
-0.866438
-0.860246
-0.853924
-0.847474
-0.840896
-0.834191
-0.827361
-0.820406
-0.813328
-0.806127
-0.798804
-0.791362
-0.7838
-0.77612
-0.768324
-0.760411
-0.752384
-0.744244
-0.735992
-0.727629
-0.719156
-0.710575
-0.701887
-0.693093
-0.684195
-0.675194
-0.666091
-0.656888
-0.647586
-0.638186
-0.628691
-0.6191
-0.609417
-0.599641
-0.589776
-0.579821
-0.569779
-0.559652
-0.54944
-0.539145
-0.528769
-0.518314
-0.50778
-0.49717
-0.486485
-0.475727
-0.464898
-0.453998
-0.44303
-0.431995
-0.420895
-0.409731
-0.398506
-0.387221
-0.375878
-0.364478
-0.353023
-0.341515
-0.329956
-0.318347
-0.30669
-0.294986
-0.283239
-0.271448
-0.259617
-0.247747
-0.235839
-0.223896
-0.211919
-0.19991
-0.187871
-0.175804
-0.163711
-0.151592
-0.139451
-0.127289
-0.115108
-0.102909
-0.090695
-0.0784672
-0.0662276
-0.053978
-0.0417203
-0.0294563
-0.0171878
-0.00491683
0.00735493
0.0196256
0.0318933
0.0441562
0.0564124
0.0686602
0.0808976
0.0931228
0.105334
0.117529
0.129707
0.141865
0.154002
0.166115
0.178204
0.190266
0.202299
0.214301
0.226272
0.238208
0.250108
0.261971
0.273794
0.285576
0.297315
0.309009
0.320657
0.332256
0.343806
0.355303
0.366747
0.378136
0.389468
0.400741
0.411954
0.423105
0.434192
0.445214
0.456169
0.467055
0.47787
0.488614
0.499284
0.509879
0.520397
0.530837
0.541197
0.551475
0.561671
0.571781
0.581806
0.591743
0.601591
0.611348
0.621013
0.630585
0.640062
0.649442
0.658724
0.667908
0.67699
0.685971
0.694849
0.703622
0.712288
0.720848
0.729299
0.73764
0.74587
0.753988
0.761992
0.769882
0.777655
0.785312
0.79285
0.800269
0.807567
0.814744
0.821798
0.828728
0.835533
0.842213
0.848766
0.85519
0.861487
0.867653
0.873689
0.879593
0.885364
0.891003
0.896507
0.901876
0.907109
0.912206
0.917166
0.921987
0.926669
0.931212
0.935615
0.939876
0.943996
0.947974
0.95181
0.955501
0.959049
0.962453
0.965712
0.968825
0.971792
0.974613
0.977287
0.979814
0.982194
0.984425
0.986508
0.988443
0.990229
0.991866
0.993353
0.994691
0.995879
0.996917
0.997805
0.998542
0.999129
0.999566
0.999852
0.999988
0.999973
0.999807
0.999491
0.999025
0.998408
0.99764
0.996722
0.995655
0.994437
0.993069
0.991552
0.989886
0.988071
0.986106
0.983994
0.981733
0.979324
0.976768
0.974064
0.971214
0.968218
0.965076
0.961788
0.958356
0.954779
0.951059
0.947195
0.943189
0.939041
0.934751
0.930321
0.92575
0.92104
0.916191
0.911204
0.906081
0.90082
0.895424
0.889893
0.884228
0.87843
0.8725
0.866438
0.860246
0.853924
0.847474
0.840896
0.834191
0.827361
0.820406
0.813328
0.806127
0.798804
0.791362
0.7838
0.77612
0.768324
0.760411
0.752384
0.744244
0.735992
0.727629
0.719156
0.710575
0.701887
0.693093
0.684195
0.675194
0.666091
0.656888
0.647586
0.638186
0.628691
0.6191
0.609417
0.599641
0.589776
0.579821
0.569779
0.559652
0.54944
0.539145
0.528769
0.518314
0.50778
0.49717
0.486485
0.475727
0.464898
0.453998
0.44303
0.431995
0.420895
0.409731
0.398506
0.387221
0.375878
0.364478
0.353023
0.341515
0.329956
0.318347
0.30669
0.294986
0.283239
0.271448
0.259617
0.247747
0.235839
0.223896
0.211919
0.19991
0.187871
0.175804
0.163711
0.151592
0.139451
0.127289
0.115108
0.102909
0.090695
0.0784672
0.0662276
0.053978
0.0417203
0.0294563
0.0171878
0.00491683
-0.00735493
-0.0196256
-0.0318933
-0.0441562
-0.0564124
-0.0686602
-0.0808976
-0.0931228
-0.105334
-0.117529
-0.129707
-0.141865
-0.154002
-0.166115
-0.178204
-0.190266
