0.823947
0.837605
0.850759
0.863401
0.875522
0.887116
0.898176
0.908695
0.918666
0.928084
0.936943
0.945237
0.952962
0.960114
0.966686
0.972677
0.978081
0.982897
0.98712
0.990749
0.993781
0.996214
0.998047
0.999279
0.999909
0.999937
0.999363
0.998186
0.996408
0.99403
0.991054
0.98748
0.983312
0.978551
0.9732
0.967264
0.960745
0.953647
0.945975
0.937733
0.928926
0.919559
0.909639
0.89917
0.88816
0.876615
0.864542
0.851949
0.838842
0.825229
0.81112
0.796522
0.781444
0.765896
0.749886
0.733425
0.716521
0.699186
0.68143
0.663264
0.644698
0.625743
0.606412
0.586716
0.566666
0.546274
0.525554
0.504517
0.483176
0.461544
0.439634
0.417459
0.395033
0.372369
0.34948
0.326382
0.303086
0.279608
0.255961
0.23216
0.20822
0.184154
0.159977
0.135704
0.111348
0.0869263
0.0624518
0.0379397
0.0134048
-0.0111383
-0.0356746
-0.0601895
-0.084668
-0.109096
-0.133458
-0.157739
-0.181925
-0.206002
-0.229955
-0.253769
-0.277431
-0.300925
-0.324238
-0.347356
-0.370264
-0.39295
-0.415399
-0.437597
-0.459532
-0.48119
-0.502559
-0.523624
-0.544374
-0.564796
-0.584879
-0.604608
-0.623974
-0.642963
-0.661566
-0.67977
-0.697564
-0.714938
-0.731882
-0.748385
-0.764437
-0.780028
-0.79515
-0.809792
-0.823947
-0.837605
-0.850759
-0.863401
-0.875522
-0.887116
-0.898176
-0.908695
-0.918666
-0.928084
-0.936943
-0.945237
-0.952962
-0.960114
-0.966686
-0.972677
-0.978081
-0.982897
-0.98712
-0.990749
-0.993781
-0.996214
-0.998047
-0.999279
-0.999909
-0.999937
-0.999363
-0.998186
-0.996408
-0.99403
-0.991054
-0.98748
-0.983312
-0.978551
-0.9732
-0.967264
-0.960745
-0.953647
-0.945975
-0.937733
-0.928926
-0.919559
-0.909639
-0.89917
-0.88816
-0.876615
-0.864542
-0.851949
-0.838842
-0.825229
-0.81112
-0.796522
-0.781444
-0.765896
-0.749886
-0.733425
-0.716521
-0.699186
-0.68143
-0.663264
-0.644698
-0.625743
-0.606412
-0.586716
-0.566666
-0.546274
-0.525554
-0.504517
-0.483176
-0.461544
-0.439634
-0.417459
-0.395033
-0.372369
-0.34948
-0.326382
-0.303086
-0.279608
-0.255961
-0.23216
-0.20822
-0.184154
-0.159977
-0.135704
-0.111348
-0.0869263
-0.0624518
-0.0379397
-0.0134048
0.0111383
0.0356746
0.0601895
0.084668
0.109096
0.133458
0.157739
0.181925
0.206002
0.229955
0.253769
0.277431
0.300925
0.324238
0.347356
0.370264
0.39295
0.415399
0.437597
0.459532
0.48119
0.502559
0.523624
0.544374
0.564796
0.584879
0.604608
0.623974
0.642963
0.661566
0.67977
0.697564
0.714938
0.731882
0.748385
0.764437
0.780028
0.79515
0.809792
