0.902264
0.891411
0.880021
0.8681
0.855657
0.842698
0.829231
0.815265
0.800808
0.785869
0.770456
0.754579
0.738248
0.721472
0.704261
0.686626
0.668578
0.650126
0.631283
0.61206
0.592469
0.57252
0.552226
0.5316
0.510654
0.4894
0.467851
0.44602
0.423921
0.401566
0.37897
0.356145
0.333106
0.309866
0.286439
0.26284
0.239083
0.215181
0.19115
0.167004
0.142757
0.118424
0.0940197
0.0695589
0.0450562
0.0205263
-0.00401591
-0.0285557
-0.0530783
-0.077569
-0.102013
-0.126395
-0.150702
-0.174917
-0.199027
-0.223018
-0.246874
-0.270581
-0.294125
-0.317492
-0.340668
-0.363639
-0.38639
-0.408909
-0.431182
-0.453195
-0.474934
-0.496388
-0.517543
-0.538386
-0.558905
-0.579087
-0.59892
-0.618392
-0.637492
-0.656208
-0.674529
-0.692443
-0.70994
-0.72701
-0.743642
-0.759825
-0.775551
-0.79081
-0.805593
-0.81989
-0.833694
-0.846995
-0.859786
-0.872059
-0.883807
-0.895022
-0.905698
-0.915829
-0.925408
-0.93443
-0.942889
-0.95078
-0.958098
-0.964839
-0.970999
-0.976574
-0.98156
-0.985956
-0.989757
-0.992963
-0.99557
-0.997577
-0.998984
-0.999789
-0.999991
-0.999592
-0.99859
-0.996986
-0.994782
-0.991979
-0.988579
-0.984583
-0.979993
-0.974814
-0.969047
-0.962697
-0.955766
-0.94826
-0.940183
-0.931539
-0.922335
-0.912574
-0.902264
-0.891411
-0.880021
-0.8681
-0.855657
-0.842698
-0.829231
-0.815265
-0.800808
-0.785869
-0.770456
-0.754579
-0.738248
-0.721472
-0.704261
-0.686626
-0.668578
-0.650126
-0.631283
-0.61206
-0.592469
-0.57252
-0.552226
-0.5316
-0.510654
-0.4894
-0.467851
-0.44602
-0.423921
-0.401566
-0.37897
-0.356145
-0.333106
-0.309866
-0.286439
-0.26284
-0.239083
-0.215181
-0.19115
-0.167004
-0.142757
-0.118424
-0.0940197
-0.0695589
-0.0450562
-0.0205263
0.00401591
0.0285557
0.0530783
0.077569
0.102013
0.126395
0.150702
0.174917
0.199027
0.223018
0.246874
0.270581
0.294125
0.317492
0.340668
0.363639
0.38639
0.408909
0.431182
0.453195
0.474934
0.496388
0.517543
0.538386
0.558905
0.579087
0.59892
0.618392
0.637492
0.656208
0.674529
0.692443
0.70994
0.72701
0.743642
0.759825
0.775551
0.79081
0.805593
0.81989
0.833694
0.846995
0.859786
0.872059
0.883807
0.895022
0.905698
0.915829
0.925408
0.93443
0.942889
0.95078
0.958098
0.964839
0.970999
0.976574
0.98156
0.985956
0.989757
0.992963
0.99557
0.997577
0.998984
0.999789
0.999991
0.999592
0.99859
0.996986
0.994782
0.991979
0.988579
0.984583
0.979993
0.974814
0.969047
0.962697
0.955766
0.94826
0.940183
0.931539
0.922335
0.912574
