0.924668
0.915045
0.904871
0.894152
0.882894
0.871104
0.858789
0.845958
0.832616
0.818773
0.804437
0.789617
0.77432
0.758558
0.742338
0.725671
0.708567
0.691036
0.673089
0.654737
0.63599
0.61686
0.597359
0.577497
0.557288
0.536743
0.515875
0.494696
0.473219
0.451457
0.429423
0.407131
0.384593
0.361824
0.338836
0.315645
0.292263
0.268705
0.244986
0.221118
0.197118
0.172999
0.148776
0.124463
0.100075
0.0756268
0.0511331
0.0266086
0.00206807
-0.0224737
-0.047002
-0.0715019
-0.0959588
-0.120358
-0.144684
-0.168924
-0.193061
-0.217083
-0.240973
-0.264719
-0.288305
-0.311717
-0.334942
-0.357965
-0.380772
-0.40335
-0.425684
-0.447763
-0.469572
-0.491097
-0.512327
-0.533249
-0.553849
-0.574116
-0.594037
-0.6136
-0.632793
-0.651605
-0.670025
-0.688041
-0.705642
-0.722819
-0.73956
-0.755856
-0.771696
-0.787072
-0.801973
-0.816392
-0.830318
-0.843745
-0.856663
-0.869065
-0.880944
-0.892292
-0.903103
-0.913369
-0.923086
-0.932246
-0.940845
-0.948877
-0.956337
-0.963222
-0.969526
-0.975246
-0.980379
-0.984921
-0.98887
-0.992224
-0.994979
-0.997136
-0.998691
-0.999645
-0.999997
-0.999747
-0.998894
-0.99744
-0.995385
-0.99273
-0.989477
-0.985628
-0.981186
-0.976153
-0.970531
-0.964325
-0.957538
-0.950174
-0.942238
-0.933735
-0.924668
-0.915045
-0.904871
-0.894152
-0.882894
-0.871104
-0.858789
-0.845958
-0.832616
-0.818773
-0.804437
-0.789617
-0.77432
-0.758558
-0.742338
-0.725671
-0.708567
-0.691036
-0.673089
-0.654737
-0.63599
-0.61686
-0.597359
-0.577497
-0.557288
-0.536743
-0.515875
-0.494696
-0.473219
-0.451457
-0.429423
-0.407131
-0.384593
-0.361824
-0.338836
-0.315645
-0.292263
-0.268705
-0.244986
-0.221118
-0.197118
-0.172999
-0.148776
-0.124463
-0.100075
-0.0756268
-0.0511331
-0.0266086
-0.00206807
0.0224737
0.047002
0.0715019
0.0959588
0.120358
0.144684
0.168924
0.193061
0.217083
0.240973
0.264719
0.288305
0.311717
0.334942
0.357965
0.380772
0.40335
0.425684
0.447763
0.469572
0.491097
0.512327
0.533249
0.553849
0.574116
0.594037
0.6136
0.632793
0.651605
0.670025
0.688041
0.705642
0.722819
0.73956
0.755856
0.771696
0.787072
0.801973
0.816392
0.830318
0.843745
0.856663
0.869065
0.880944
0.892292
0.903103
0.913369
0.923086
0.932246
0.940845
0.948877
0.956337
0.963222
0.969526
0.975246
0.980379
0.984921
0.98887
0.992224
0.994979
0.997136
0.998691
0.999645
0.999997
0.999747
0.998894
0.99744
0.995385
0.99273
0.989477
0.985628
0.981186
0.976153
0.970531
0.964325
0.957538
0.950174
0.942238
0.933735
