0.595039
0.614583
0.633757
0.65255
0.670949
0.688945
0.706525
0.72368
0.740398
0.756671
0.772488
0.78784
0.802717
0.817111
0.831012
0.844413
0.857305
0.869681
0.881533
0.892854
0.903637
0.913876
0.923564
0.932696
0.941266
0.949269
0.956701
0.963556
0.96983
0.975521
0.980624
0.985136
0.989055
0.992378
0.995103
0.997229
0.998754
0.999677
0.999999
0.999718
0.998835
0.99735
0.995264
0.992579
0.989296
0.985417
0.980944
0.975881
0.97023
0.963994
0.957178
0.949785
0.94182
0.933287
0.924193
0.914542
0.90434
0.893593
0.882308
0.870491
0.85815
0.845292
0.831925
0.818057
0.803696
0.788851
0.773531
0.757745
0.741502
0.724813
0.707687
0.690135
0.672167
0.653794
0.635028
0.615879
0.596359
0.576479
0.556253
0.535691
0.514807
0.493613
0.472121
0.450345
0.428297
0.405992
0.383442
0.360661
0.337663
0.314462
0.291071
0.267504
0.243777
0.219903
0.195896
0.171771
0.147543
0.123226
0.0988348
0.074384
0.0498884
0.0253627
0.000821747
-0.0237197
-0.0482469
-0.072745
-0.0971992
-0.121595
-0.145917
-0.170152
-0.194284
-0.218299
-0.242183
-0.26592
-0.289498
-0.312901
-0.336116
-0.359128
-0.381924
-0.40449
-0.426812
-0.448877
-0.470671
-0.492183
-0.513397
-0.534303
-0.554886
-0.575136
-0.595039
-0.614583
-0.633757
-0.65255
-0.670949
-0.688945
-0.706525
-0.72368
-0.740398
-0.756671
-0.772488
-0.78784
-0.802717
-0.817111
-0.831012
-0.844413
-0.857305
-0.869681
-0.881533
-0.892854
-0.903637
-0.913876
-0.923564
-0.932696
-0.941266
-0.949269
-0.956701
-0.963556
-0.96983
-0.975521
-0.980624
-0.985136
-0.989055
-0.992378
-0.995103
-0.997229
-0.998754
-0.999677
-0.999999
-0.999718
-0.998835
-0.99735
-0.995264
-0.992579
-0.989296
-0.985417
-0.980944
-0.975881
-0.97023
-0.963994
-0.957178
-0.949785
-0.94182
-0.933287
-0.924193
-0.914542
-0.90434
-0.893593
-0.882308
-0.870491
-0.85815
-0.845292
-0.831925
-0.818057
-0.803696
-0.788851
-0.773531
-0.757745
-0.741502
-0.724813
-0.707687
-0.690135
-0.672167
-0.653794
-0.635028
-0.615879
-0.596359
-0.576479
-0.556253
-0.535691
-0.514807
-0.493613
-0.472121
-0.450345
-0.428297
-0.405992
-0.383442
-0.360661
-0.337663
-0.314462
-0.291071
-0.267504
-0.243777
-0.219903
-0.195896
-0.171771
-0.147543
-0.123226
-0.0988348
-0.074384
-0.0498884
-0.0253627
-0.000821747
0.0237197
0.0482469
0.072745
0.0971992
0.121595
0.145917
0.170152
0.194284
0.218299
0.242183
0.26592
0.289498
0.312901
0.336116
0.359128
0.381924
0.40449
0.426812
0.448877
0.470671
0.492183
0.513397
0.534303
0.554886
0.575136
