0.0723495
0.0601047
0.0478508
0.0355897
0.0233233
0.0110533
-0.00121831
-0.0134897
-0.0257592
-0.0380247
-0.0502845
-0.0625367
-0.0747795
-0.0870111
-0.0992295
-0.111433
-0.12362
-0.135788
-0.147935
-0.160061
-0.172162
-0.184237
-0.196285
-0.208303
-0.22029
-0.232243
-0.244162
-0.256044
-0.267887
-0.27969
-0.29145
-0.303167
-0.314838
-0.326462
-0.338037
-0.34956
-0.361031
-0.372448
-0.383809
-0.395112
-0.406355
-0.417537
-0.428656
-0.439711
-0.450699
-0.46162
-0.472471
-0.483251
-0.493958
-0.504591
-0.515147
-0.525627
-0.536027
-0.546346
-0.556583
-0.566736
-0.576804
-0.586785
-0.596677
-0.60648
-0.616192
-0.62581
-0.635335
-0.644763
-0.654095
-0.663328
-0.672461
-0.681493
-0.690422
-0.699248
-0.707968
-0.716581
-0.725087
-0.733483
-0.741769
-0.749943
-0.758004
-0.765951
-0.773783
-0.781498
-0.789095
-0.796574
-0.803933
-0.81117
-0.818286
-0.825278
-0.832146
-0.838888
-0.845505
-0.851994
-0.858354
-0.864586
-0.870687
-0.876657
-0.882495
-0.8882
-0.893771
-0.899208
-0.90451
-0.909675
-0.914703
-0.919593
-0.924345
-0.928958
-0.933431
-0.937763
-0.941954
-0.946003
-0.94991
-0.953673
-0.957293
-0.960769
-0.9641
-0.967286
-0.970327
-0.973221
-0.975968
-0.978569
-0.981022
-0.983328
-0.985485
-0.987494
-0.989355
-0.991066
-0.992628
-0.994041
-0.995303
-0.996416
-0.997379
-0.998192
-0.998854
-0.999366
-0.999728
-0.999939
-0.999999
-0.999909
-0.999668
-0.999277
-0.998735
-0.998043
-0.9972
-0.996207
-0.995065
-0.993772
-0.99233
-0.990738
-0.988997
-0.987107
-0.985069
-0.982882
-0.980547
-0.978064
-0.975434
-0.972658
-0.969735
-0.966665
-0.96345
-0.96009
-0.956586
-0.952937
-0.949145
-0.94521
-0.941133
-0.936914
-0.932554
-0.928053
-0.923413
-0.918633
-0.913715
-0.90866
-0.903468
-0.898139
-0.892676
-0.887078
-0.881346
-0.875482
-0.869486
-0.863359
-0.857102
-0.850715
-0.844201
-0.83756
-0.830792
-0.823899
-0.816883
-0.809743
-0.802481
-0.795099
-0.787596
-0.779975
-0.772237
-0.764382
-0.756413
-0.748329
-0.740132
-0.731825
-0.723406
-0.714879
-0.706245
-0.697504
-0.688658
-0.679708
-0.670656
-0.661503
-0.65225
-0.642899
-0.633451
-0.623908
-0.614271
-0.604541
-0.59472
-0.58481
-0.574812
-0.564727
-0.554557
-0.544303
-0.533968
-0.523552
-0.513057
-0.502485
-0.491838
-0.481116
-0.470322
-0.459457
-0.448523
-0.437521
-0.426453
-0.415322
-0.404127
-0.392872
-0.381558
-0.370186
-0.358758
-0.347276
-0.335743
-0.324158
-0.312525
-0.300844
-0.289119
-0.277349
-0.265538
-0.253687
-0.241798
-0.229873
-0.217912
-0.205919
-0.193895
-0.181842
-0.169761
-0.157655
-0.145525
-0.133373
-0.121201
-0.109011
-0.0968046
-0.0845834
-0.0723495
-0.0601047
-0.0478508
-0.0355897
-0.0233233
-0.0110533
0.00121831
0.0134897
0.0257592
0.0380247
0.0502845
0.0625367
0.0747795
0.0870111
0.0992295
0.111433
0.12362
0.135788
0.147935
0.160061
0.172162
0.184237
0.196285
0.208303
0.22029
0.232243
0.244162
0.256044
0.267887
0.27969
0.29145
0.303167
0.314838
0.326462
0.338037
0.34956
0.361031
0.372448
0.383809
0.395112
0.406355
0.417537
0.428656
0.439711
0.450699
0.46162
0.472471
0.483251
0.493958
0.504591
0.515147
0.525627
0.536027
0.546346
0.556583
0.566736
0.576804
0.586785
0.596677
0.60648
0.616192
0.62581
0.635335
0.644763
0.654095
0.663328
0.672461
0.681493
0.690422
0.699248
0.707968
0.716581
0.725087
0.733483
0.741769
0.749943
0.758004
0.765951
0.773783
0.781498
0.789095
0.796574
0.803933
0.81117
0.818286
0.825278
0.832146
0.838888
0.845505
0.851994
0.858354
0.864586
0.870687
0.876657
0.882495
0.8882
0.893771
0.899208
0.90451
0.909675
0.914703
0.919593
0.924345
0.928958
0.933431
0.937763
0.941954
0.946003
0.94991
0.953673
0.957293
0.960769
0.9641
0.967286
0.970327
0.973221
0.975968
0.978569
0.981022
0.983328
0.985485
0.987494
0.989355
0.991066
0.992628
0.994041
0.995303
0.996416
0.997379
0.998192
0.998854
0.999366
0.999728
0.999939
0.999999
0.999909
0.999668
0.999277
0.998735
0.998043
0.9972
0.996207
0.995065
0.993772
0.99233
0.990738
0.988997
0.987107
0.985069
0.982882
0.980547
0.978064
0.975434
0.972658
0.969735
0.966665
0.96345
0.96009
0.956586
0.952937
0.949145
0.94521
0.941133
0.936914
0.932554
0.928053
0.923413
0.918633
0.913715
0.90866
0.903468
0.898139
0.892676
0.887078
0.881346
0.875482
0.869486
0.863359
0.857102
0.850715
0.844201
0.83756
0.830792
0.823899
0.816883
0.809743
0.802481
0.795099
0.787596
0.779975
0.772237
0.764382
0.756413
0.748329
0.740132
0.731825
0.723406
0.714879
0.706245
0.697504
0.688658
0.679708
0.670656
0.661503
0.65225
0.642899
0.633451
0.623908
0.614271
0.604541
0.59472
0.58481
0.574812
0.564727
0.554557
0.544303
0.533968
0.523552
0.513057
0.502485
0.491838
0.481116
0.470322
0.459457
0.448523
0.437521
0.426453
0.415322
0.404127
0.392872
0.381558
0.370186
0.358758
0.347276
0.335743
0.324158
0.312525
0.300844
0.289119
0.277349
0.265538
0.253687
0.241798
0.229873
0.217912
0.205919
0.193895
0.181842
0.169761
0.157655
0.145525
0.133373
0.121201
0.109011
0.0968046
0.0845834
