-0.993052
-0.989865
-0.986081
-0.981704
-0.976736
-0.971179
-0.965037
-0.958313
-0.951013
-0.94314
-0.934698
-0.925694
-0.916132
-0.906018
-0.895358
-0.884159
-0.872427
-0.86017
-0.847395
-0.834109
-0.820321
-0.806039
-0.791271
-0.776027
-0.760315
-0.744145
-0.727527
-0.71047
-0.692986
-0.675084
-0.656776
-0.638072
-0.618984
-0.599522
-0.5797
-0.559529
-0.53902
-0.518187
-0.497041
-0.475597
-0.453865
-0.431861
-0.409596
-0.387084
-0.36434
-0.341376
-0.318206
-0.294844
-0.271305
-0.247603
-0.223751
-0.199765
-0.175658
-0.151446
-0.127142
-0.102761
-0.0783192
-0.0538298
-0.0293079
-0.00476841
0.019774
0.0443044
0.0688082
0.0932706
0.117677
0.142012
0.166262
0.190411
0.214446
0.238352
0.262114
0.285718
0.30915
0.332396
0.355442
0.378274
0.400877
0.42324
0.445347
0.467186
0.488744
0.510007
0.530963
0.551599
0.571903
0.591862
0.611465
0.6307
0.649555
0.668018
0.686079
0.703727
0.720951
0.73774
0.754085
0.769976
0.785404
0.800358
0.81483
0.828811
0.842293
0.855267
0.867727
0.879663
0.89107
0.90194
0.912267
0.922044
0.931266
0.939927
0.948021
0.955545
0.962493
0.968861
0.974646
0.979844
0.984451
0.988465
0.991884
0.994706
0.996928
0.99855
0.99957
0.999988
0.999804
0.999018
0.99763
0.995641
0.993052
0.989865
0.986081
0.981704
0.976736
0.971179
0.965037
0.958313
0.951013
0.94314
0.934698
0.925694
0.916132
0.906018
0.895358
0.884159
0.872427
0.86017
0.847395
0.834109
0.820321
0.806039
0.791271
0.776027
0.760315
0.744145
0.727527
0.71047
0.692986
0.675084
0.656776
0.638072
0.618984
0.599522
0.5797
0.559529
0.53902
0.518187
0.497041
0.475597
0.453865
0.431861
0.409596
0.387084
0.36434
0.341376
0.318206
0.294844
0.271305
0.247603
0.223751
0.199765
0.175658
0.151446
0.127142
0.102761
0.0783192
0.0538298
0.0293079
0.00476841
-0.019774
-0.0443044
-0.0688082
-0.0932706
-0.117677
-0.142012
-0.166262
-0.190411
-0.214446
-0.238352
-0.262114
-0.285718
-0.30915
-0.332396
-0.355442
-0.378274
-0.400877
-0.42324
-0.445347
-0.467186
-0.488744
-0.510007
-0.530963
-0.551599
-0.571903
-0.591862
-0.611465
-0.6307
-0.649555
-0.668018
-0.686079
-0.703727
-0.720951
-0.73774
-0.754085
-0.769976
-0.785404
-0.800358
-0.81483
-0.828811
-0.842293
-0.855267
-0.867727
-0.879663
-0.89107
-0.90194
-0.912267
-0.922044
-0.931266
-0.939927
-0.948021
-0.955545
-0.962493
-0.968861
-0.974646
-0.979844
-0.984451
-0.988465
-0.991884
-0.994706
-0.996928
-0.99855
-0.99957
-0.999988
-0.999804
-0.999018
-0.99763
-0.995641
