0.502918
0.523978
0.544723
0.565139
0.585215
0.604939
0.624298
0.643282
0.661877
0.680074
0.697862
0.715229
0.732165
0.74866
0.764704
0.780288
0.795401
0.810036
0.824182
0.837832
0.850978
0.86361
0.875723
0.887308
0.898359
0.908868
0.91883
0.928239
0.937088
0.945373
0.953088
0.96023
0.966792
0.972773
0.978168
0.982973
0.987186
0.990805
0.993827
0.99625
0.998073
0.999295
0.999915
0.999932
0.999348
0.998161
0.996373
0.993985
0.990998
0.987414
0.983236
0.978465
0.973105
0.967158
0.960629
0.953522
0.94584
0.937588
0.928772
0.919396
0.909466
0.898988
0.887969
0.876415
0.864333
0.851731
0.838615
0.824995
0.810877
0.796271
0.781185
0.765629
0.749611
0.733142
0.716231
0.698889
0.681126
0.662953
0.64438
0.625419
0.606082
0.586379
0.566323
0.545926
0.5252
0.504158
0.482812
0.461175
0.439261
0.417082
0.394651
0.371983
0.349091
0.325989
0.30269
0.279209
0.25556
0.231756
0.207813
0.183745
0.159567
0.135292
0.110936
0.0865125
0.0620372
0.0375246
0.0129894
-0.0115537
-0.0360898
-0.0606041
-0.085082
-0.109509
-0.133869
-0.158149
-0.182334
-0.206409
-0.230359
-0.254171
-0.27783
-0.301321
-0.324631
-0.347745
-0.37065
-0.393332
-0.415776
-0.437971
-0.459901
-0.481554
-0.502918
-0.523978
-0.544723
-0.565139
-0.585215
-0.604939
-0.624298
-0.643282
-0.661877
-0.680074
-0.697862
-0.715229
-0.732165
-0.74866
-0.764704
-0.780288
-0.795401
-0.810036
-0.824182
-0.837832
-0.850978
-0.86361
-0.875723
-0.887308
-0.898359
-0.908868
-0.91883
-0.928239
-0.937088
-0.945373
-0.953088
-0.96023
-0.966792
-0.972773
-0.978168
-0.982973
-0.987186
-0.990805
-0.993827
-0.99625
-0.998073
-0.999295
-0.999915
-0.999932
-0.999348
-0.998161
-0.996373
-0.993985
-0.990998
-0.987414
-0.983236
-0.978465
-0.973105
-0.967158
-0.960629
-0.953522
-0.94584
-0.937588
-0.928772
-0.919396
-0.909466
-0.898988
-0.887969
-0.876415
-0.864333
-0.851731
-0.838615
-0.824995
-0.810877
-0.796271
-0.781185
-0.765629
-0.749611
-0.733142
-0.716231
-0.698889
-0.681126
-0.662953
-0.64438
-0.625419
-0.606082
-0.586379
-0.566323
-0.545926
-0.5252
-0.504158
-0.482812
-0.461175
-0.439261
-0.417082
-0.394651
-0.371983
-0.349091
-0.325989
-0.30269
-0.279209
-0.25556
-0.231756
-0.207813
-0.183745
-0.159567
-0.135292
-0.110936
-0.0865125
-0.0620372
-0.0375246
-0.0129894
0.0115537
0.0360898
0.0606041
0.085082
0.109509
0.133869
0.158149
0.182334
0.206409
0.230359
0.254171
0.27783
0.301321
0.324631
0.347745
0.37065
0.393332
0.415776
0.437971
0.459901
0.481554
