-0.556584
-0.566738
-0.576805
-0.586786
-0.596679
-0.606482
-0.616193
-0.625812
-0.635336
-0.644765
-0.654096
-0.663329
-0.672463
-0.681494
-0.690424
-0.699249
-0.707969
-0.716582
-0.725088
-0.733484
-0.74177
-0.749944
-0.758005
-0.765952
-0.773784
-0.781499
-0.789097
-0.796575
-0.803934
-0.811171
-0.818287
-0.825279
-0.832147
-0.838889
-0.845506
-0.851995
-0.858355
-0.864587
-0.870688
-0.876658
-0.882496
-0.888201
-0.893772
-0.899209
-0.90451
-0.909675
-0.914704
-0.919594
-0.924346
-0.928958
-0.933431
-0.937763
-0.941954
-0.946004
-0.94991
-0.953674
-0.957294
-0.96077
-0.964101
-0.967287
-0.970327
-0.973221
-0.975969
-0.978569
-0.981023
-0.983328
-0.985486
-0.987495
-0.989355
-0.991066
-0.992628
-0.994041
-0.995304
-0.996417
-0.997379
-0.998192
-0.998855
-0.999367
-0.999728
-0.999939
-0.999999
-0.999909
-0.999668
-0.999277
-0.998735
-0.998043
-0.9972
-0.996207
-0.995064
-0.993772
-0.992329
-0.990738
-0.988997
-0.987107
-0.985068
-0.982881
-0.980547
-0.978064
-0.975434
-0.972657
-0.969734
-0.966665
-0.96345
-0.96009
-0.956585
-0.952937
-0.949145
-0.94521
-0.941132
-0.936913
-0.932553
-0.928052
-0.923412
-0.918632
-0.913715
-0.908659
-0.903467
-0.898139
-0.892675
-0.887077
-0.881345
-0.875481
-0.869485
-0.863358
-0.857101
-0.850714
-0.8442
-0.837559
-0.830791
-0.823898
-0.816882
-0.809742
-0.80248
-0.795097
-0.787595
-0.779974
-0.772236
-0.764381
-0.756411
-0.748328
-0.740131
-0.731823
-0.723405
-0.714878
-0.706243
-0.697502
-0.688656
-0.679707
-0.670654
-0.661501
-0.652248
-0.642897
-0.63345
-0.623906
-0.614269
-0.60454
-0.594719
-0.584809
-0.57481
-0.564725
-0.554555
-0.544302
-0.533966
-0.523551
-0.513056
-0.502484
-0.491836
-0.481114
-0.47032
-0.459455
-0.448521
-0.437519
-0.426452
-0.41532
-0.404126
-0.39287
-0.381556
-0.370184
-0.358756
-0.347275
-0.335741
-0.324156
-0.312523
-0.300843
-0.289117
-0.277348
-0.265537
-0.253686
-0.241796
-0.229871
-0.217911
-0.205918
-0.193893
-0.18184
-0.16976
-0.157653
-0.145523
-0.133372
-0.1212
-0.109009
-0.0968028
-0.0845816
-0.0723477
-0.0601028
-0.047849
-0.0355879
-0.0233214
-0.0110515
0.00122014
0.0134916
0.025761
0.0380265
0.0502863
0.0625385
0.0747813
0.0870129
0.0992313
0.111435
0.123622
0.13579
0.147937
0.160063
0.172164
0.184239
0.196287
0.208305
0.220292
0.232245
0.244164
0.256045
0.267888
0.279691
0.291452
0.303169
0.31484
0.326464
0.338038
0.349562
0.361033
0.37245
0.38381
0.395113
0.406356
0.417539
0.428658
0.439712
0.450701
0.461621
0.472472
0.483252
0.493959
0.504592
0.515149
0.525628
0.536028
0.546347
0.556584
0.566738
0.576805
0.586786
0.596679
0.606482
0.616193
0.625812
0.635336
0.644765
0.654096
0.663329
0.672463
0.681494
0.690424
0.699249
0.707969
0.716582
0.725088
0.733484
0.74177
0.749944
0.758005
0.765952
0.773784
0.781499
0.789097
0.796575
0.803934
0.811171
0.818287
0.825279
0.832147
0.838889
0.845506
0.851995
0.858355
0.864587
0.870688
0.876658
0.882496
0.888201
0.893772
0.899209
0.90451
0.909675
0.914704
0.919594
0.924346
0.928958
0.933431
0.937763
0.941954
0.946004
0.94991
0.953674
0.957294
0.96077
0.964101
0.967287
0.970327
0.973221
0.975969
0.978569
0.981023
0.983328
0.985486
0.987495
0.989355
0.991066
0.992628
0.994041
0.995304
0.996417
0.997379
0.998192
0.998855
0.999367
0.999728
0.999939
0.999999
0.999909
0.999668
0.999277
0.998735
0.998043
0.9972
0.996207
0.995064
0.993772
0.992329
0.990738
0.988997
0.987107
0.985068
0.982881
0.980547
0.978064
0.975434
0.972657
0.969734
0.966665
0.96345
0.96009
0.956585
0.952937
0.949145
0.94521
0.941132
0.936913
0.932553
0.928052
0.923412
0.918632
0.913715
0.908659
0.903467
0.898139
0.892675
0.887077
0.881345
0.875481
0.869485
0.863358
0.857101
0.850714
0.8442
0.837559
0.830791
0.823898
0.816882
0.809742
0.80248
0.795097
0.787595
0.779974
0.772236
0.764381
0.756411
0.748328
0.740131
0.731823
0.723405
0.714878
0.706243
0.697502
0.688656
0.679707
0.670654
0.661501
0.652248
0.642897
0.63345
0.623906
0.614269
0.60454
0.594719
0.584809
0.57481
0.564725
0.554555
0.544302
0.533966
0.523551
0.513056
0.502484
0.491836
0.481114
0.47032
0.459455
0.448521
0.437519
0.426452
0.41532
0.404126
0.39287
0.381556
0.370184
0.358756
0.347275
0.335741
0.324156
0.312523
0.300843
0.289117
0.277348
0.265537
0.253686
0.241796
0.229871
0.217911
0.205918
0.193893
0.18184
0.16976
0.157653
0.145523
0.133372
0.1212
0.109009
0.0968028
0.0845816
0.0723477
0.0601028
0.047849
0.0355879
0.0233214
0.0110515
-0.00122014
-0.0134916
-0.025761
-0.0380265
-0.0502863
-0.0625385
-0.0747813
-0.0870129
-0.0992313
-0.111435
-0.123622
-0.13579
-0.147937
-0.160063
-0.172164
-0.184239
-0.196287
-0.208305
-0.220292
-0.232245
-0.244164
-0.256045
-0.267888
-0.279691
-0.291452
-0.303169
-0.31484
-0.326464
-0.338038
-0.349562
-0.361033
-0.37245
-0.38381
-0.395113
-0.406356
-0.417539
-0.428658
-0.439712
-0.450701
-0.461621
-0.472472
-0.483252
-0.493959
-0.504592
-0.515149
-0.525628
-0.536028
-0.546347
