-0.958355
-0.954778
-0.951058
-0.947194
-0.943188
-0.939039
-0.934749
-0.930319
-0.925748
-0.921038
-0.916189
-0.911203
-0.906079
-0.900818
-0.895422
-0.889891
-0.884226
-0.878428
-0.872498
-0.866436
-0.860244
-0.853922
-0.847471
-0.840893
-0.834189
-0.827358
-0.820403
-0.813325
-0.806124
-0.798802
-0.791359
-0.783797
-0.776117
-0.768321
-0.760408
-0.752381
-0.744241
-0.735989
-0.727626
-0.719153
-0.710572
-0.701884
-0.69309
-0.684192
-0.675191
-0.666088
-0.656885
-0.647582
-0.638183
-0.628687
-0.619097
-0.609413
-0.599638
-0.589772
-0.579817
-0.569776
-0.559648
-0.549436
-0.539141
-0.528765
-0.51831
-0.507776
-0.497166
-0.486481
-0.475723
-0.464893
-0.453994
-0.443025
-0.431991
-0.420891
-0.409727
-0.398502
-0.387217
-0.375874
-0.364474
-0.353019
-0.341511
-0.329951
-0.318342
-0.306685
-0.294982
-0.283234
-0.271444
-0.259613
-0.247742
-0.235835
-0.223891
-0.211915
-0.199906
-0.187867
-0.1758
-0.163706
-0.151588
-0.139447
-0.127285
-0.115103
-0.102905
-0.0906904
-0.0784626
-0.066223
-0.0539734
-0.0417157
-0.0294517
-0.0171833
-0.00491226
0.0073595
0.0196302
0.0318979
0.0441607
0.056417
0.0686647
0.0809021
0.0931274
0.105339
0.117534
0.129712
0.14187
0.154006
0.16612
0.178208
0.19027
0.202303
0.214306
0.226276
0.238212
0.250113
0.261975
0.273798
0.28558
0.297319
0.309014
0.320661
0.332261
0.34381
0.355308
0.366752
0.37814
0.389472
0.400746
0.411958
0.423109
0.434196
0.445218
0.456173
0.467059
0.477874
0.488618
0.499288
0.509883
0.520401
0.530841
0.541201
0.551479
0.561674
0.571785
0.58181
0.591747
0.601594
0.611352
0.621017
0.630588
0.640065
0.649445
0.658728
0.667911
0.676994
0.685975
0.694852
0.703625
0.712292
0.720851
0.729302
0.737643
0.745873
0.753991
0.761995
0.769885
0.777658
0.785315
0.792853
0.800272
0.80757
0.814746
0.8218
0.82873
0.835536
0.842215
0.848768
0.855193
0.861489
0.867655
0.873691
0.879595
0.885367
0.891005
0.896509
0.901878
0.907111
0.912208
0.917167
0.921989
0.926671
0.931214
0.935616
0.939878
0.943998
0.947976
0.951811
0.955503
0.959051
0.962454
0.965713
0.968826
0.971793
0.974614
0.977288
0.979815
0.982194
0.984426
0.986509
0.988444
0.99023
0.991866
0.993354
0.994691
0.995879
0.996917
0.997805
0.998542
0.99913
0.999566
0.999852
0.999988
0.999973
0.999807
0.999491
0.999024
0.998407
0.99764
0.996722
0.995654
0.994436
0.993069
0.991552
0.989885
0.98807
0.986106
0.983993
0.981732
0.979323
0.976767
0.974063
0.971213
0.968217
0.965075
0.961787
0.958355
0.954778
0.951058
0.947194
0.943188
0.939039
0.934749
0.930319
0.925748
0.921038
0.916189
0.911203
0.906079
0.900818
0.895422
0.889891
0.884226
0.878428
0.872498
0.866436
0.860244
0.853922
0.847471
0.840893
0.834189
0.827358
0.820403
0.813325
0.806124
0.798802
0.791359
0.783797
0.776117
0.768321
0.760408
0.752381
0.744241
0.735989
0.727626
0.719153
0.710572
0.701884
0.69309
0.684192
0.675191
0.666088
0.656885
0.647582
0.638183
0.628687
0.619097
0.609413
0.599638
0.589772
0.579817
0.569776
0.559648
0.549436
0.539141
0.528765
0.51831
0.507776
0.497166
0.486481
0.475723
0.464893
0.453994
0.443025
0.431991
0.420891
0.409727
0.398502
0.387217
0.375874
0.364474
0.353019
0.341511
0.329951
0.318342
0.306685
0.294982
0.283234
0.271444
0.259613
0.247742
0.235835
0.223891
0.211915
0.199906
0.187867
0.1758
0.163706
0.151588
0.139447
0.127285
0.115103
0.102905
0.0906904
0.0784626
0.066223
0.0539734
0.0417157
0.0294517
0.0171833
0.00491226
-0.0073595
-0.0196302
-0.0318979
-0.0441607
-0.056417
-0.0686647
-0.0809021
-0.0931274
-0.105339
-0.117534
-0.129712
-0.14187
-0.154006
-0.16612
-0.178208
-0.19027
-0.202303
-0.214306
-0.226276
-0.238212
-0.250113
-0.261975
-0.273798
-0.28558
-0.297319
-0.309014
-0.320661
-0.332261
-0.34381
-0.355308
-0.366752
-0.37814
-0.389472
-0.400746
-0.411958
-0.423109
-0.434196
-0.445218
-0.456173
-0.467059
-0.477874
-0.488618
-0.499288
-0.509883
-0.520401
-0.530841
-0.541201
-0.551479
-0.561674
-0.571785
-0.58181
-0.591747
-0.601594
-0.611352
-0.621017
-0.630588
-0.640065
-0.649445
-0.658728
-0.667911
-0.676994
-0.685975
-0.694852
-0.703625
-0.712292
-0.720851
-0.729302
-0.737643
-0.745873
-0.753991
-0.761995
-0.769885
-0.777658
-0.785315
-0.792853
-0.800272
-0.80757
-0.814746
-0.8218
-0.82873
-0.835536
-0.842215
-0.848768
-0.855193
-0.861489
-0.867655
-0.873691
-0.879595
-0.885367
-0.891005
-0.896509
-0.901878
-0.907111
-0.912208
-0.917167
-0.921989
-0.926671
-0.931214
-0.935616
-0.939878
-0.943998
-0.947976
-0.951811
-0.955503
-0.959051
-0.962454
-0.965713
-0.968826
-0.971793
-0.974614
-0.977288
-0.979815
-0.982194
-0.984426
-0.986509
-0.988444
-0.99023
-0.991866
-0.993354
-0.994691
-0.995879
-0.996917
-0.997805
-0.998542
-0.99913
-0.999566
-0.999852
-0.999988
-0.999973
-0.999807
-0.999491
-0.999024
-0.998407
-0.99764
-0.996722
-0.995654
-0.994436
-0.993069
-0.991552
-0.989885
-0.98807
-0.986106
-0.983993
-0.981732
-0.979323
-0.976767
-0.974063
-0.971213
-0.968217
-0.965075
-0.961787
