-0.0525611
0.177609
-0.0604813
-0.45167
1.8729
-3.66469
5.51814
-5.81605
4.51652
-1.33245
-1.92339
4.99768
-5.8909
4.85892
-1.5399
-0.735994
1.66883
-0.854496
1.67081
-3.11411
4.97434
-3.56138
-0.220029
7.30903
-14.1637
20.1733
-20.7866
17.2379
-10.2354
6.47104
-6.057
9.29614
-9.85261
7.46468
-0.272225
-5.90651
9.38209
-5.79412
0.682041
2.91428
1.10542
-7.88786
14.9964
-16.3793
15.6873
-12.0498
9.41374
-5.30177
3.38731
-0.415424
-1.52007
5.64209
-7.55649
9.39537
-8.14815
7.79232
-5.86844
6.26408
-5.83267
7.56455
-8.35816
11.5493
-12.1013
10.7374
-4.24725
-0.502697
3.71484
-2.8937
4.28524
-5.75506
9.16819
-9.55714
9.82987
-7.68214
7.78473
-8.0667
11.6695
-14.0209
16.8389
-17.4511
20.1844
-20.7185
18.0203
-6.51421
-8.87023
26.0243
-36.9157
39.7617
-28.6843
8.09095
17.1217
-34.6333
39.8112
-27.6522
4.77455
20.8907
-35.6367
35.5481
-18.9857
-5.14269
28.5312
-39.9358
37.7487
-21.6019
-1.70593
27.0698
-46.0988
56.5991
-55.5893
44.0301
-20.7946
-8.88226
37.953
-55.3179
55.4886
-36.7125
6.33827
25.0984
-45.1932
47.9675
-32.2012
4.44395
24.7602
-43.2176
44.2554
-27.277
-0.960529
29.2878
-46.4856
46.3398
-29.0445
0.708063
27.9438
-48.2533
57.2219
-56.8998
46.7988
-26.0763
-3.26597
31.1093
-47.6962
46.3409
-28.8461
0.649165
26.831
-45.6435
49.6257
-39.1127
15.3173
12.2604
-34.2357
40.2875
-29.7283
5.6207
19.6068
-37.0658
38.8464
-27.3639
6.17094
12.3039
-19.1895
7.43415
13.1399
-28.4438
23.3113
-3.94259
-14.3399
13.4223
2.32339
-19.405
21.5608
-14.058
6.14908
-5.59092
2.42271
6.86279
-21.5452
30.7652
-36.0877
38.0439
-39.8527
33.8273
-21.9408
6.97035
0.439947
-1.26926
-4.58197
9.06534
-11.9614
8.4256
-1.94897
-8.48842
15.6072
-19.5387
17.2292
-15.2018
13.4785
-16.7504
20.9305
-26.1493
24.563
-17.0728
3.65717
6.21088
-13.0709
16.8627
-23.1742
24.2699
-16.0174
-3.18719
17.6211
-17.7511
0.758319
18.3868
-31.5806
35.6609
-38.2125
34.5742
-20.1591
-6.03772
24.7263
-21.3204
-4.77804
30.8294
-43.6102
46.0091
-53.1201
59.3223
-49.1354
14.489
24.8196
-49.476
55.87
-57.3973
54.0266
-37.2303
4.62949
22.1248
-21.7077
-7.35915
40.1993
-57.2523
59.3558
-60.5778
58.4224
-39.1927
0.904668
31.1404
-30.8054
-2.17424
42.9738
-88.4655
188.431
-377.078
530.997
-416.556
