-2.41471e+91
4.781e+91
-6.99962e+91
8.89325e+91
-1.02188e+92
1.0721e+92
-1.02134e+92
8.66009e+91
-6.2257e+91
3.27117e+91
-2.86818e+90
-2.22247e+91
3.86915e+91
-4.4953e+91
4.23479e+91
-3.51008e+91
2.96439e+91
-3.34257e+91
5.341e+91
-9.45138e+91
1.58271e+92
-2.42037e+92
3.39e+92
-4.39133e+92
5.30936e+92
-6.03559e+92
6.48741e+92
-6.62022e+92
6.42994e+92
-5.94673e+92
5.22378e+92
-4.32543e+92
3.31737e+92
-2.25968e+92
1.20185e+92
-1.79234e+91
-7.88399e+91
1.69448e+92
-2.53872e+92
3.31681e+92
-4.01063e+92
4.58338e+92
-4.98292e+92
5.15292e+92
-5.04813e+92
4.64855e+92
-3.96754e+92
3.0517e+92
-1.97324e+92
8.17591e+91
3.30273e+91
-1.39785e+92
2.33336e+92
-3.10916e+92
3.72e+92
-4.17674e+92
4.49694e+92
-4.69482e+92
4.77371e+92
-4.72331e+92
4.52304e+92
-4.15038e+92
3.59141e+92
-2.8496e+92
1.94988e+92
-9.36416e+91
-1.34966e+91
1.20732e+92
-2.2328e+92
3.18e+92
-4.03659e+92
4.80686e+92
-5.50425e+92
6.14039e+92
-6.71227e+92
7.19104e+92
-7.5159e+92
7.59731e+92
-7.33199e+92
6.62951e+92
-5.44607e+92
3.81673e+92
-1.87452e+92
-1.54497e+91
1.98591e+92
-3.33789e+92
4.00403e+92
-3.91587e+92
3.17193e+92
-2.01832e+92
7.81584e+91
2.27331e+91
-8.06432e+91
9.19558e+91
-6.9455e+91
3.61423e+91
-1.52194e+91
1.99586e+91
-4.73473e+91
7.80607e+91
-8.29963e+91
3.41796e+91
8.37649e+91
-2.65629e+92
4.84015e+92
-6.94919e+92
8.49008e+92
-9.05318e+92
8.4333e+92
-6.69798e+92
4.18136e+92
-1.40288e+92
-1.06809e+92
2.76341e+92
-3.43883e+92
3.13036e+92
-2.12642e+92
8.64279e+91
2.15394e+91
-8.07555e+91
8.28501e+91
-4.20015e+91
-1.27566e+91
5.03793e+91
-5.1011e+91
1.46607e+91
3.78316e+91
-7.1892e+91
5.18223e+91
4.55535e+91
-2.20979e+92
4.50013e+92
-6.88412e+92
8.84001e+92
-9.91359e+92
9.84913e+92
-8.66539e+92
6.65458e+92
-4.30417e+92
2.16394e+92
-6.962e+91
1.53043e+91
-5.16572e+91
1.51983e+92
-2.74124e+92
3.74212e+92
-4.20307e+92
4.01536e+92
-3.29939e+92
2.34695e+92
-1.51077e+92
1.08196e+92
-1.19856e+92
1.81494e+92
-2.73723e+92
3.70558e+92
-4.48758e+92
4.94722e+92
-5.06762e+92
4.92737e+92
-4.64939e+92
4.34866e+92
-4.10001e+92
3.93224e+92
-3.84058e+92
3.80226e+92
-3.78309e+92
3.73274e+92
-3.5762e+92
3.21251e+92
-2.52813e+92
1.42436e+92
1.49428e+91
-2.16837e+92
4.52031e+92
-7.0144e+92
9.40911e+92
-1.14535e+93
1.2933e+93
-1.37085e+93
1.37401e+93
-1.30887e+93
1.18937e+93
-1.03351e+93
8.58839e+92
-6.78791e+92
5.00788e+92
-3.26594e+92
1.54453e+92
1.79983e+91
-1.91218e+92
3.62441e+92
-5.25745e+92
6.7308e+92
-7.95567e+92
8.84562e+92
-9.3235e+92
9.32742e+92
-8.81957e+92
7.79923e+92
-6.31706e+92
4.48373e+92
-2.46528e+92
4.60767e+91
1.33583e+92
-2.78027e+92
3.81537e+92
-4.48671e+92
4.92791e+92
-5.31678e+92
5.81442e+92
-6.50811e+92
7.37927e+92
-8.31077e+92
9.13366e+92
-9.69751e+92
9.93827e+92
-9.91597e+92
9.8046e+92
-9.8336e+92
1.0199e+93
-1.09747e+93
1.2056e+93
-1.31577e+93
1.38726e+93
-1.37744e+93
1.25372e+93
-1.00366e+93
6.40103e+92
-1.99717e+92
-2.65008e+92
6.98253e+92
-1.05442e+93
1.30885e+93
-1.4624e+93
1.53859e+93
-1.57413e+93
1.60606e+93
-1.65998e+93
1.74354e+93
-1.84791e+93
1.95678e+93
-2.0602e+93
2.16773e+93
-2.31537e+93
2.56131e+93
-2.96873e+93
3.57815e+93
-4.37633e+93
5.27305e+93
-6.09751e+93
6.62277e+93
-6.61777e+93
5.9153e+93
-4.47452e+93
2.41417e+93
