-6.07206e+132
1.17632e+133
-1.66848e+133
2.04504e+133
-2.27116e+133
2.32184e+133
-2.18874e+133
1.88544e+133
-1.44866e+133
9.33804e+132
-4.04876e+132
-7.97087e+131
4.82216e+132
-7.97877e+132
1.06092e+133
-1.34215e+133
1.73763e+133
-2.35012e+133
3.26664e+133
-4.53646e+133
6.1544e+133
-8.0533e+133
1.01077e+134
-1.21489e+134
1.39879e+134
-1.54427e+134
1.63635e+134
-1.66515e+134
1.62684e+134
-1.52353e+134
1.36235e+134
-1.15393e+134
9.10705e+133
-6.45331e+133
3.69465e+133
-9.30998e+132
-1.75541e+133
4.29587e+133
-6.62766e+133
8.68611e+133
-1.03992e+134
1.16874e+134
-1.24703e+134
1.26783e+134
-1.22674e+134
1.12323e+134
-9.61451e+133
7.50259e+133
-5.02396e+133
2.33038e+133
4.20145e+132
-3.08088e+133
5.52991e+133
-7.67745e+133
9.46599e+133
-1.08646e+134
1.18594e+134
-1.24439e+134
1.26113e+134
-1.23521e+134
1.16569e+134
-1.05226e+134
8.96151e+133
-7.0077e+133
4.71996e+133
-2.17906e+133
-5.201e+132
3.27939e+133
-6.00836e+133
8.63208e+133
-1.10932e+134
1.33478e+134
-1.53547e+134
1.70629e+134
-1.83994e+134
1.92638e+134
-1.95332e+134
1.90807e+134
-1.78051e+134
1.56677e+134
-1.27274e+134
9.16149e+133
-5.26333e+133
1.41101e+133
1.9915e+133
-4.58911e+133
6.14861e+133
-6.6093e+133
6.09489e+133
-4.88034e+133
3.32094e+133
-1.76392e+133
4.68991e+132
4.37053e+132
-9.57994e+132
1.18068e+133
-1.20127e+133
1.05413e+133
-6.72308e+132
-1.02656e+132
1.46141e+133
-3.53666e+133
6.31376e+133
-9.57586e+133
1.29081e+134
-1.57668e+134
1.76002e+134
-1.79862e+134
1.67504e+134
-1.40262e+134
1.02377e+134
-6.00796e+133
2.0146e+133
1.16602e+133
-3.18385e+133
3.97498e+133
-3.74182e+133
2.86378e+133
-1.76927e+133
8.11227e+132
-1.85021e+132
-8.78844e+131
1.10783e+132
-2.01934e+131
-1.10584e+132
3.34418e+132
-8.34259e+132
1.86435e+133
-3.64832e+133
6.27027e+133
-9.59854e+133
1.32727e+134
-1.67637e+134
1.9493e+134
-2.09784e+134
2.09635e+134
-1.94915e+134
1.6901e+134
-1.37443e+134
1.06489e+134
-8.16314e+133
6.62834e+133
-6.11286e+133
6.42448e+133
-7.19377e+133
8.00036e+133
-8.5023e+133
8.52959e+133
-8.11627e+133
7.46636e+133
-6.86983e+133
6.60001e+133
-6.82658e+133
7.57024e+133
-8.70873e+133
1.00258e+134
-1.12818e+134
1.228e+134
-1.29103e+134
1.31584e+134
-1.30879e+134
1.28035e+134
-1.24115e+134
1.19878e+134
-1.15576e+134
1.10885e+134
-1.04916e+134
9.63195e+133
-8.34496e+133
6.46121e+133
-3.83818e+133
3.95807e+132
3.8508e+133
-8.76984e+133
1.41102e+134
-1.95215e+134
2.45959e+134
-2.89243e+134
3.2155e+134
-3.40443e+134
3.44858e+134
-3.35145e+134
3.12845e+134
-2.8029e+134
2.40119e+134
-1.94846e+134
1.4657e+134
-9.6872e+133
4.68966e+133
2.45183e+132
-5.02791e+133
9.55142e+133
-1.36817e+134
1.72593e+134
-2.01111e+134
2.20687e+134
-2.29908e+134
2.27864e+134
-2.14367e+134
1.90097e+134
-1.56651e+134
1.16452e+134
-7.24818e+133
2.78792e+133
1.45406e+133
-5.27342e+133
8.57241e+133
-1.13645e+134
1.37517e+134
-1.58792e+134
1.78831e+134
-1.98446e+134
2.17702e+134
-2.36012e+134
2.52514e+134
-2.66566e+134
2.78164e+134
-2.88081e+134
2.97636e+134
-3.08113e+134
3.20016e+134
-3.32403e+134
3.42582e+134
-3.46326e+134
3.38624e+134
-3.14827e+134
2.71878e+134
-2.09289e+134
1.29565e+134
-3.79256e+133
-5.86368e+133
1.52732e+134
-2.3802e+134
3.10349e+134
-3.68301e+134
4.13045e+134
-4.47601e+134
4.7583e+134
-5.01522e+134
5.27897e+134
-5.57691e+134
5.93695e+134
-6.39405e+134
6.99304e+134
-7.78316e+134
8.80231e+134
-1.00528e+135
1.14749e+135
-1.2928e+135
1.41886e+135
-1.49736e+135
1.49879e+135
-1.39898e+135
1.1857e+135
-8.63546e+134
4.55482e+134
