5.47675e+135
-1.06027e+136
1.5024e+136
-1.83947e+136
2.04094e+136
-2.08547e+136
1.96661e+136
-1.69711e+136
1.30957e+136
-8.52461e+135
3.81177e+135
5.42175e+134
-4.2196e+135
7.19066e+135
-9.76344e+135
1.25608e+136
-1.64204e+136
2.22325e+136
-3.0744e+136
4.23681e+136
-5.704e+136
7.41529e+136
-9.25915e+136
1.10862e+137
-1.27297e+137
1.40284e+137
-1.48495e+137
1.51046e+137
-1.47584e+137
1.38281e+137
-1.23755e+137
1.04942e+137
-8.29442e+136
5.88941e+136
-3.38444e+136
8.70832e+135
1.5751e+136
-3.88865e+136
6.01055e+136
-7.88028e+136
9.43181e+136
-1.05938e+137
1.12952e+137
-1.14758e+137
1.1098e+137
-1.0159e+137
8.6969e+136
-6.79088e+136
4.5544e+136
-2.12238e+136
-3.64405e+135
2.7746e+136
-4.99818e+136
6.95288e+136
-8.5847e+136
9.86314e+136
-1.07732e+137
1.13073e+137
-1.14585e+137
1.12188e+137
-1.0581e+137
9.54446e+136
-8.12179e+136
6.3449e+136
-4.26706e+136
1.96048e+136
4.90381e+135
-2.99811e+136
5.48161e+136
-7.8727e+136
1.01179e+137
-1.21744e+137
1.40017e+137
-1.55503e+137
1.6752e+137
-1.75159e+137
1.77336e+137
-1.72958e+137
1.6118e+137
-1.41729e+137
1.15193e+137
-8.31892e+136
4.83355e+136
-1.39613e+136
-1.64031e+136
3.96714e+136
-5.38226e+136
5.83278e+136
-5.42447e+136
4.393e+136
-3.04368e+136
1.67647e+136
-5.18945e+135
-3.12174e+135
8.09455e+135
-1.03557e+136
1.06231e+136
-9.12126e+135
5.25905e+135
2.27953e+135
-1.50348e+136
3.40177e+136
-5.89682e+136
8.79089e+136
-1.17197e+137
1.42127e+137
-1.5796e+137
1.61097e+137
-1.50079e+137
1.26088e+137
-9.2801e+136
5.55959e+136
-2.03246e+136
-8.0181e+135
2.63619e+136
-3.40756e+136
3.28091e+136
-2.57457e+136
1.65256e+136
-8.19468e+135
2.50568e+135
2.3197e+134
-7.54887e+134
9.28776e+133
1.22675e+135
-3.69742e+135
8.86076e+135
-1.88128e+136
3.53531e+136
-5.90773e+136
8.87493e+136
-1.21204e+137
1.51867e+137
-1.75771e+137
1.88794e+137
-1.88757e+137
1.76045e+137
-1.53573e+137
1.26086e+137
-9.89789e+136
7.69836e+136
-6.30763e+136
5.79118e+136
-5.99201e+136
6.60054e+136
-7.26124e+136
7.6822e+136
-7.71502e+136
7.38306e+136
-6.85402e+136
6.37008e+136
-6.16174e+136
6.3741e+136
-7.02752e+136
8.02118e+136
-9.17311e+136
1.02789e+137
-1.11684e+137
1.17427e+137
-1.19846e+137
1.1944e+137
-1.17078e+137
1.1366e+137
-1.09835e+137
1.05819e+137
-1.01316e+137
9.55368e+136
-8.7282e+136
7.51002e+136
-5.75117e+136
3.3292e+136
-1.78257e+135
-3.68288e+136
8.13284e+136
-1.29461e+137
1.78112e+137
-2.23673e+137
2.62529e+137
-2.91575e+137
3.08644e+137
-3.1277e+137
3.04223e+137
-2.84323e+137
2.55096e+137
-2.18862e+137
1.77858e+137
-1.33983e+137
8.87048e+136
-4.31173e+136
-1.89787e+135
4.54786e+136
-8.66223e+136
1.24104e+137
-1.56491e+137
1.82237e+137
-1.99851e+137
2.08092e+137
-2.06176e+137
1.93964e+137
-1.7209e+137
1.41998e+137
-1.05846e+137
6.62735e+136
-2.60476e+136
-1.2355e+136
4.71294e+136
-7.73906e+136
1.0321e+137
-1.25418e+137
1.45225e+137
-1.63774e+137
1.81763e+137
-1.99274e+137
2.15855e+137
-2.30829e+137
2.43704e+137
-2.54509e+137
2.63899e+137
-2.72949e+137
2.82666e+137
-2.93357e+137
3.0409e+137
-3.12448e+137
3.1473e+137
-3.06606e+137
2.84099e+137
-2.44631e+137
1.87852e+137
-1.15994e+137
3.36239e+136
5.31659e+136
-1.37936e+137
2.15137e+137
-2.8109e+137
3.34463e+137
-3.76156e+137
4.08707e+137
-4.35444e+137
4.59725e+137
-4.84521e+137
5.12463e+137
-5.46257e+137
5.89171e+137
-6.45189e+137
7.1846e+137
-8.11902e+137
9.25121e+137
-1.05221e+138
1.18024e+138
-1.28926e+138
1.35443e+138
-1.3502e+138
1.25593e+138
-1.06154e+138
7.71604e+137
-4.06505e+137
