-6.66365e+49
1.45497e+50
-2.42502e+50
3.52428e+50
-4.57297e+50
5.29612e+50
-5.40701e+50
4.72064e+50
-3.25296e+50
1.25699e+50
8.321e+49
-2.52939e+50
3.45719e+50
-3.46038e+50
2.63689e+50
-1.2875e+50
-1.70961e+49
1.28061e+50
-1.58955e+50
6.96376e+49
1.67093e+50
-5.53837e+50
1.05826e+51
-1.61223e+51
2.12561e+51
-2.51207e+51
2.71596e+51
-2.72692e+51
2.57459e+51
-2.30752e+51
1.96924e+51
-1.58604e+51
1.17148e+51
-7.40427e+50
3.18494e+50
6.28355e+49
-3.82919e+50
6.47165e+50
-8.86951e+50
1.14103e+51
-1.42889e+51
1.73299e+51
-2.00119e+51
2.16779e+51
-2.18046e+51
2.01893e+51
-1.69808e+51
1.2583e+51
-7.5101e+50
2.27147e+50
2.69063e+50
-7.02737e+50
1.05049e+51
-1.30326e+51
1.46818e+51
-1.56683e+51
1.62826e+51
-1.67813e+51
1.7277e+51
-1.76739e+51
1.76871e+51
-1.69483e+51
1.51601e+51
-1.22333e+51
8.33696e+50
-3.84332e+50
-8.01464e+49
5.20706e+50
-9.1139e+50
1.24043e+51
-1.50818e+51
1.72528e+51
-1.9113e+51
2.09156e+51
-2.2898e+51
2.51737e+51
-2.76218e+51
2.98172e+51
-3.10349e+51
3.03529e+51
-2.68716e+51
2.00362e+51
-9.99661e+50
-2.13484e+50
1.42969e+51
-2.38778e+51
2.84624e+51
-2.67087e+51
1.90064e+51
-7.58757e+50
-4.06032e+50
1.23433e+51
-1.48647e+51
1.13575e+51
-3.82302e+50
-4.2313e+50
9.1842e+50
-8.76661e+50
3.00421e+50
5.74395e+50
-1.36544e+51
1.68579e+51
-1.28587e+51
1.45047e+50
1.51485e+51
-3.29233e+51
4.72069e+51
-5.39867e+51
5.10279e+51
-3.85463e+51
1.92608e+51
2.22793e+50
-2.06337e+51
3.14804e+51
-3.24654e+51
2.42219e+51
-1.01546e+51
-4.67241e+50
1.52535e+51
-1.83644e+51
1.36528e+51
-3.67764e+50
-7.12906e+50
1.41901e+51
-1.45477e+51
7.99559e+50
2.83959e+50
-1.3481e+51
1.92524e+51
-1.69662e+51
6.04142e+50
1.13037e+51
-3.07727e+51
4.73098e+51
-5.65641e+51
5.60817e+51
-4.59556e+51
2.88073e+51
-9.1132e+50
-7.99208e+50
1.81549e+51
-1.90853e+51
1.12629e+51
2.21184e+50
-1.66214e+51
2.71792e+51
-3.0603e+51
2.61682e+51
-1.58716e+51
3.64345e+50
6.11332e+50
-1.01197e+51
7.35384e+50
7.12931e+49
-1.08568e+51
1.94933e+51
-2.4116e+51
2.41591e+51
-2.09305e+51
1.6712e+51
-1.35287e+51
1.22461e+51
-1.244e+51
1.30135e+51
-1.30926e+51
1.25931e+51
-1.21276e+51
1.2394e+51
-1.35204e+51
1.48132e+51
-1.50189e+51
1.2871e+51
-7.58022e+50
-9.33487e+49
1.20565e+51
-2.46259e+51
3.71192e+51
-4.788e+51
5.54042e+51
-5.86624e+51
5.73789e+51
-5.21499e+51
4.43124e+51
-3.55571e+51
2.73984e+51
-2.07026e+51
1.54816e+51
-1.10453e+51
6.43672e+50
-9.33405e+49
-5.62635e+50
1.28261e+51
-1.99284e+51
2.6232e+51
-3.13184e+51
3.50658e+51
-3.74569e+51
3.83391e+51
-3.73184e+51
3.38844e+51
-2.77121e+51
1.8981e+51
-8.53759e+50
-2.19052e+50
1.15131e+51
-1.79403e+51
2.06642e+51
-1.99127e+51
1.70152e+51
-1.40671e+51
1.32238e+51
-1.58564e+51
2.19324e+51
-2.99313e+51
3.73787e+51
-4.18065e+51
4.17664e+51
-3.74978e+51
3.09701e+51
-2.52376e+51
2.33127e+51
-2.69809e+51
3.6033e+51
-4.82076e+51
5.98271e+51
-6.68505e+51
6.59948e+51
-5.56495e+51
3.63981e+51
-1.10169e+51
-1.61145e+51
4.01129e+51
-5.69298e+51
6.45263e+51
-6.34886e+51
5.68373e+51
-4.90212e+51
4.43814e+51
-4.56122e+51
5.28133e+51
-6.35326e+51
7.37936e+51
-7.97219e+51
7.92075e+51
-7.30968e+51
6.55887e+51
-6.36567e+51
7.54206e+51
-1.075e+52
1.61647e+52
-2.31523e+52
3.01207e+52
-3.47355e+52
3.45974e+52
-2.82271e+52
1.59271e+52
