6.09684e+28
-1.6671e+29
3.50344e+29
-6.17662e+29
9.31458e+29
-1.20816e+30
1.33827e+30
-1.22977e+30
8.56828e+29
-2.87497e+29
-3.29433e+29
8.18212e+29
-1.04722e+30
9.80681e+29
-6.81766e+29
2.67358e+29
1.50893e+29
-4.94538e+29
6.99236e+29
-6.78093e+29
3.17372e+29
4.71546e+29
-1.67075e+30
3.10465e+30
-4.46867e+30
5.44041e+30
-5.82109e+30
5.62441e+30
-5.05086e+30
4.35522e+30
-3.69258e+30
3.05029e+30
-2.3137e+30
1.41121e+30
-4.19387e+29
-4.61659e+29
1.05013e+30
-1.33122e+30
1.48984e+30
-1.79203e+30
2.39902e+30
-3.25107e+30
4.1004e+30
-4.65696e+30
4.73702e+30
-4.32396e+30
3.53015e+30
-2.5127e+30
1.40646e+30
-3.04133e+29
-7.26309e+29
1.6188e+30
-2.3078e+30
2.75138e+30
-2.959e+30
2.9993e+30
-2.97888e+30
3.00164e+30
-3.12597e+30
3.3347e+30
-3.52928e+30
3.55921e+30
-3.28673e+30
2.66033e+30
-1.7499e+30
7.11976e+29
2.93579e+29
-1.17319e+30
1.90738e+30
-2.50799e+30
2.97864e+30
-3.31771e+30
3.55205e+30
-3.75733e+30
4.03611e+30
-4.46586e+30
5.05349e+30
-5.71969e+30
6.30579e+30
-6.58421e+30
6.27658e+30
-5.11189e+30
2.94731e+30
8.19516e+28
-3.47276e+30
6.41375e+30
-8.01868e+30
7.66512e+30
-5.30147e+30
1.57249e+30
2.33059e+30
-5.07716e+30
5.71705e+30
-4.09141e+30
9.36734e+29
2.39027e+30
-4.46513e+30
4.38858e+30
-2.15993e+30
-1.32748e+30
4.65232e+30
-6.42041e+30
5.77323e+30
-2.66297e+30
-2.17136e+30
7.46862e+30
-1.18233e+31
1.40519e+31
-1.34741e+31
1.00829e+31
-4.59019e+30
-1.68508e+30
7.11484e+30
-1.02198e+31
1.01622e+31
-7.08211e+30
2.10787e+30
3.00348e+30
-6.48336e+30
7.19339e+30
-5.04123e+30
1.00497e+30
3.24805e+30
-6.00474e+30
6.16543e+30
-3.66321e+30
-5.18209e+29
4.73054e+30
-7.29112e+30
7.10303e+30
-4.02455e+30
-1.13471e+30
6.94561e+30
-1.18438e+31
1.45684e+31
-1.4442e+31
1.14898e+31
-6.43408e+30
5.65478e+29
4.54579e+30
-7.48594e+30
7.46098e+30
-4.59665e+30
-7.43841e+28
4.95248e+30
-8.41291e+30
9.35224e+30
-7.55355e+30
3.75138e+30
6.31358e+29
-3.99887e+30
5.17568e+30
-3.8495e+30
6.7354e+29
3.02793e+30
-5.83198e+30
6.81982e+30
-5.94199e+30
3.97498e+30
-2.07984e+30
1.17487e+30
-1.46082e+30
2.38732e+30
-3.0941e+30
3.03377e+30
-2.33159e+30
1.62469e+30
-1.52956e+30
2.17437e+30
-3.14283e+30
3.80254e+30
-3.69123e+30
2.67032e+30
-8.34173e+29
-1.6315e+30
4.49153e+30
-7.42677e+30
1.00296e+31
-1.18757e+31
1.26353e+31
-1.21749e+31
1.06272e+31
-8.39779e+30
6.06534e+30
-4.17513e+30
3.01322e+30
-2.49376e+30
2.23315e+30
-1.76864e+30
7.96186e+29
6.95669e+29
-2.45269e+30
4.11304e+30
-5.40255e+30
6.257e+30
-6.80435e+30
7.22374e+30
-7.5751e+30
7.71393e+30
-7.35294e+30
6.23517e+30
-4.30689e+30
1.78304e+30
9.17459e+29
-3.29893e+30
4.90352e+30
-5.40886e+30
4.74974e+30
-3.24359e+30
1.59645e+30
-6.77265e+29
1.11868e+30
-2.97907e+30
5.68862e+30
-8.3005e+30
9.87807e+30
-9.83636e+30
8.16048e+30
-5.47341e+30
2.88727e+30
-1.59614e+30
2.34453e+30
-5.07308e+30
8.96675e+30
-1.283e+31
1.54947e+31
-1.60595e+31
1.40133e+31
-9.37934e+30
2.8464e+30
4.29947e+30
-1.05281e+31
1.45518e+31
-1.57119e+31
1.41605e+31
-1.08485e+31
7.29892e+30
-5.11397e+30
5.32734e+30
-7.9349e+30
1.19161e+31
-1.57284e+31
1.79461e+31
-1.77326e+31
1.50846e+31
-1.09296e+31
7.06936e+30
-5.88625e+30
9.82113e+30
-2.06905e+31
3.87515e+31
-6.14192e+31
8.22402e+31
-9.1696e+31
8.10544e+31
-4.79924e+31
