-4.0461e+73
8.20483e+73
-1.24234e+74
1.63808e+74
-1.94952e+74
2.10553e+74
-2.04486e+74
1.7412e+74
-1.22111e+74
5.66429e+73
1.01831e+73
-6.54238e+73
9.88564e+73
-1.05891e+74
8.90065e+73
-5.74786e+73
2.56884e+73
-1.05304e+73
2.83334e+73
-9.15693e+73
2.05685e+74
-3.667e+74
5.60503e+74
-7.64621e+74
9.52511e+74
-1.09933e+75
1.18724e+75
-1.20852e+75
1.16536e+75
-1.0671e+75
9.26537e+74
-7.56922e+74
5.70533e+74
-3.78389e+74
1.90001e+74
-1.24374e+73
-1.50961e+74
3.01068e+74
-4.41594e+74
5.75874e+74
-7.03154e+74
8.16339e+74
-9.02605e+74
9.46823e+74
-9.36362e+74
8.65241e+74
-7.36123e+74
5.59738e+74
-3.524e+74
1.3272e+74
8.15181e+73
-2.75781e+74
4.40376e+74
-5.71124e+74
6.6905e+74
-7.38989e+74
7.87273e+74
-8.1902e+74
8.35856e+74
-8.34956e+74
8.09886e+74
-7.53052e+74
6.58902e+74
-5.26612e+74
3.61252e+74
-1.73004e+74
-2.51322e+73
2.20245e+74
-4.02063e+74
5.64546e+74
-7.06359e+74
8.30308e+74
-9.41876e+74
1.04693e+75
-1.1488e+75
1.24524e+75
-1.32605e+75
1.3725e+75
-1.35954e+75
1.26118e+75
-1.05873e+75
7.49996e+74
-3.56585e+74
-7.41298e+73
4.75105e+74
-7.74087e+74
9.13473e+74
-8.69471e+74
6.63244e+74
-3.58377e+74
4.35217e+73
1.95127e+74
-3.02122e+74
2.71108e+74
-1.45537e+74
5.92796e+71
8.73491e+73
-7.2192e+73
-4.17092e+73
1.98694e+74
-3.10888e+74
2.90374e+74
-8.28553e+73
-3.08978e+74
8.20356e+74
-1.33926e+75
1.73661e+75
-1.90277e+75
1.77983e+75
-1.38033e+75
7.86828e+74
-1.31604e+74
-4.38556e+74
8.02837e+74
-9.00242e+74
7.45959e+74
-4.2431e+74
5.98452e+73
2.24244e+74
-3.46367e+74
2.91386e+74
-1.11303e+74
-9.83216e+73
2.37384e+74
-2.41155e+74
1.06317e+74
1.06369e+74
-2.93507e+74
3.46541e+74
-1.9167e+74
-1.81765e+74
7.13819e+74
-1.28934e+75
1.77073e+75
-2.03765e+75
2.02173e+75
-1.72647e+75
1.22698e+75
-6.49612e+74
1.3708e+74
1.91295e+74
-2.72682e+74
1.17178e+74
1.97781e+74
-5.5362e+74
8.29207e+74
-9.39273e+74
8.59918e+74
-6.3283e+74
3.47208e+74
-1.06333e+74
-8.83211e+72
-3.42037e+73
2.12603e+74
-4.61943e+74
7.03782e+74
-8.7509e+74
9.47724e+74
-9.31308e+74
8.6078e+74
-7.76571e+74
7.07639e+74
-6.64556e+74
6.4342e+74
-6.35419e+74
6.34726e+74
-6.39823e+74
6.48486e+74
-6.50873e+74
6.26098e+74
-5.45182e+74
3.79442e+74
-1.10657e+74
-2.6102e+74
7.13934e+74
-1.20714e+75
1.68709e+75
-2.09724e+75
2.38882e+75
-2.53049e+75
2.51471e+75
-2.35862e+75
2.09877e+75
-1.78075e+75
1.44677e+75
-1.12544e+75
8.27086e+74
-5.46059e+74
2.68414e+74
1.86043e+73
-3.19345e+74
6.27321e+74
-9.27546e+74
1.2014e+75
-1.43103e+75
1.60127e+75
-1.69919e+75
1.71285e+75
-1.63177e+75
1.45008e+75
-1.17162e+75
8.1468e+74
-4.13247e+74
1.30128e+73
3.37984e+74
-6.01733e+74
7.61757e+74
-8.29389e+74
8.41569e+74
-8.49575e+74
9.01573e+74
-1.02488e+75
1.21488e+75
-1.43562e+75
1.63303e+75
-1.75633e+75
1.77972e+75
-1.71556e+75
1.61317e+75
-1.54267e+75
1.56899e+75
-1.72535e+75
1.9958e+75
-2.31335e+75
2.57493e+75
-2.66869e+75
2.50583e+75
-2.04749e+75
1.31926e+75
-4.08574e+74
-5.55019e+74
1.43207e+75
-2.10928e+75
2.52886e+75
-2.70191e+75
2.70087e+75
-2.63292e+75
2.60277e+75
-2.67759e+75
2.86666e+75
-3.12383e+75
3.37273e+75
-3.54702e+75
3.63203e+75
-3.69279e+75
3.87516e+75
-4.37294e+75
5.36192e+75
-6.91336e+75
8.91214e+75
-1.10142e+76
1.26768e+76
-1.32777e+76
1.23027e+76
-9.54402e+75
5.22692e+75
