3.15517e+82
-6.31032e+82
9.37208e+82
-1.20996e+83
1.41172e+83
-1.49988e+83
1.44049e+83
-1.2225e+83
8.67315e+82
-4.29153e+82
-1.52784e+81
3.8538e+82
-6.18159e+82
6.86249e+82
-6.07536e+82
4.44329e+82
-2.92903e+82
2.65886e+82
-4.7042e+82
9.85095e+82
-1.83924e+83
2.99921e+83
-4.36667e+83
5.79202e+83
-7.10168e+83
8.13269e+83
-8.76431e+83
8.9369e+83
-8.65361e+83
7.96724e+83
-6.96012e+83
5.72541e+83
-4.35445e+83
2.92964e+83
-1.5192e+83
1.71666e+82
1.08866e+83
-2.26061e+83
3.35602e+83
-4.3818e+83
5.32104e+83
-6.12264e+83
6.70571e+83
-6.97879e+83
6.86658e+83
-6.33397e+83
5.399e+83
-4.13142e+83
2.63913e+83
-1.04805e+83
-5.1873e+82
1.95845e+83
-3.20033e+83
4.21029e+83
-4.98843e+83
5.55934e+83
-5.95724e+83
6.20958e+83
-6.324e+83
6.28335e+83
-6.05105e+83
5.58543e+83
-4.85786e+83
3.86817e+83
-2.65142e+83
1.27397e+83
1.79615e+82
-1.62385e+83
2.98865e+83
-4.23036e+83
5.33564e+83
-6.31775e+83
7.20594e+83
-8.02922e+83
8.79678e+83
-9.4792e+83
9.99603e+83
-1.02165e+84
9.97828e+83
-9.12642e+83
7.56614e+83
-5.31793e+83
2.55567e+83
3.91698e+82
-3.08756e+83
5.08212e+83
-6.0326e+83
5.81249e+83
-4.56849e+83
2.69618e+83
-7.31879e+82
-8.09672e+82
1.59712e+83
-1.58415e+83
1.00952e+83
-2.91458e+82
-1.47103e+82
5.67951e+81
5.24833e+82
-1.2702e+83
1.67282e+83
-1.23411e+83
-3.39933e+82
3.0016e+83
-6.3318e+83
9.63031e+83
-1.20999e+84
1.30702e+84
-1.2196e+84
9.57024e+83
-5.71799e+83
1.4673e+83
2.26945e+83
-4.74297e+83
5.57019e+83
-4.82951e+83
3.01569e+83
-8.66529e+82
-8.82906e+82
1.73611e+83
-1.58045e+83
6.92214e+82
3.98358e+82
-1.13092e+83
1.14454e+83
-4.28024e+82
-6.63695e+82
1.53251e+83
-1.55413e+83
3.1145e+82
2.23723e+83
-5.71197e+83
9.40135e+83
-1.24592e+84
1.41462e+84
-1.40435e+84
1.21768e+84
-9.01414e+83
5.33998e+83
-2.039e+83
-1.47815e+82
8.24469e+82
-3.84158e+81
-1.75428e+83
3.84649e+83
-5.51025e+83
6.22506e+83
-5.83e+83
4.55115e+83
-2.89907e+83
1.47667e+83
-7.68483e+82
9.86738e+82
-2.02566e+83
3.53217e+83
-5.05622e+83
6.21608e+83
-6.81351e+83
6.86162e+83
-6.52886e+83
6.0383e+83
-5.57401e+83
5.23291e+83
-5.0302e+83
4.93692e+83
-4.9161e+83
4.93313e+83
-4.93832e+83
4.84018e+83
-4.49382e+83
3.71971e+83
-2.3503e+83
2.87471e+82
2.45039e+83
-5.70827e+83
9.20757e+83
-1.25892e+84
1.5477e+84
-1.75485e+84
1.85962e+84
-1.85663e+84
1.75618e+84
-1.58083e+84
1.35908e+84
-1.11797e+84
8.76999e+83
-6.45233e+83
4.22263e+83
-2.02274e+83
-2.07335e+82
2.48702e+83
-4.77683e+83
6.98546e+83
-8.99227e+83
1.06711e+84
-1.19048e+84
1.25901e+84
-1.26391e+84
1.19884e+84
-1.06191e+84
8.58371e+83
-6.02779e+83
3.18969e+83
-3.70185e+82
-2.12708e+83
4.06998e+83
-5.3635e+83
6.08136e+83
-6.4468e+83
6.76186e+83
-7.30436e+83
8.22745e+83
-9.50028e+83
1.09164e+84
-1.21723e+84
1.29903e+84
-1.32399e+84
1.30084e+84
-1.25892e+84
1.23847e+84
-1.27546e+84
1.38631e+84
-1.55781e+84
1.74646e+84
-1.8876e+84
1.91224e+84
-1.76652e+84
1.42825e+84
-9.15634e+83
2.85196e+83
3.80763e+83
-9.94287e+83
1.48386e+84
-1.81204e+84
1.9833e+84
-2.0392e+84
2.04249e+84
-2.05525e+84
2.11854e+84
-2.24091e+84
2.40032e+84
-2.55935e+84
2.68887e+84
-2.79193e+84
2.9182e+84
-3.16111e+84
3.63347e+84
-4.4242e+84
5.54569e+84
-6.88945e+84
8.21031e+84
-9.15655e+84
9.34954e+84
-8.49682e+84
6.50269e+84
-3.53281e+84
