-5.40079e+61
1.12584e+62
-1.76935e+62
2.42619e+62
-2.99269e+62
3.32835e+62
-3.30016e+62
2.83586e+62
-1.96566e+62
8.32687e+61
3.36782e+61
-1.29564e+62
1.84856e+62
-1.90849e+62
1.5192e+62
-8.42806e+61
1.24163e+61
3.52561e+61
-3.08052e+61
-4.84999e+61
2.14855e+62
-4.64706e+62
7.75811e+62
-1.10915e+63
1.41675e+63
-1.6535e+63
1.78872e+63
-1.81234e+63
1.73347e+63
-1.57287e+63
1.3538e+63
-1.09631e+63
8.16598e+62
-5.29563e+62
2.5042e+62
7.32982e+60
-2.36678e+62
4.40657e+62
-6.30736e+62
8.19412e+62
-1.01057e+63
1.19323e+63
-1.34249e+63
1.42765e+63
-1.42321e+63
1.3176e+63
-1.11638e+63
8.39649e+62
-5.16203e+62
1.77227e+62
1.4864e+62
-4.38591e+62
6.77774e+62
-8.60504e+62
9.90228e+62
-1.07757e+63
1.13628e+63
-1.17785e+63
1.20656e+63
-1.21707e+63
1.19581e+63
-1.12607e+63
9.94936e+62
-7.99181e+62
5.47615e+62
-2.59067e+62
-4.2821e+61
3.35556e+62
-6.02308e+62
8.34085e+62
-1.02993e+63
1.19588e+63
-1.34299e+63
1.48412e+63
-1.62917e+63
1.77939e+63
-1.92222e+63
2.02863e+63
-2.05516e+63
1.95182e+63
-1.67613e+63
1.21087e+63
-5.80673e+62
-1.39588e+62
8.31605e+62
-1.35839e+63
1.60296e+63
-1.50911e+63
1.10863e+63
-5.20989e+62
-7.88857e+61
5.16632e+62
-6.78782e+62
5.53734e+62
-2.35563e+62
-1.13004e+62
3.254e+62
-2.98772e+62
3.74985e+61
3.44668e+62
-6.64739e+62
7.37513e+62
-4.44614e+62
-2.18766e+62
1.13453e+63
-2.09149e+63
2.84397e+63
-3.18134e+63
2.98911e+63
-2.28495e+63
1.21942e+63
-3.96536e+61
-9.76263e+62
1.59732e+63
-1.70703e+63
1.33813e+63
-6.60797e+62
-7.42127e+61
6.19776e+62
-8.15184e+62
6.37764e+62
-2.04299e+62
-2.78455e+62
5.95733e+62
-6.08486e+62
3.07572e+62
1.81425e+62
-6.43768e+62
8.53787e+62
-6.56721e+62
2.52525e+61
9.27451e+62
-1.9803e+63
2.86959e+63
-3.36554e+63
3.33766e+63
-2.79147e+63
1.86786e+63
-8.05292e+62
-1.25646e+62
6.98086e+62
-7.93607e+62
4.35657e+62
2.20213e+62
-9.37681e+62
1.47673e+63
-1.67106e+63
1.47965e+63
-9.94683e+62
4.03558e+62
8.10891e+61
-2.97361e+62
1.87977e+62
1.87525e+62
-6.8519e+62
1.13856e+63
-1.42321e+63
1.49687e+63
-1.40049e+63
1.22397e+63
-1.05705e+63
9.5104e+62
-9.08448e+62
9.00805e+62
-8.9856e+62
8.92377e+62
-8.93348e+62
9.14987e+62
-9.51439e+62
9.67165e+62
-9.04391e+62
7.034e+62
-3.24779e+62
-2.35663e+62
9.42817e+62
-1.72766e+63
2.4991e+63
-3.15986e+63
3.62461e+63
-3.83763e+63
3.78572e+63
-3.50164e+63
3.0552e+63
-2.53315e+63
2.01397e+63
-1.54641e+63
1.14018e+63
-7.72095e+62
4.04227e+62
-5.38859e+60
-4.33805e+62
8.97962e+62
-1.35525e+63
1.77064e+63
-2.11626e+63
2.37368e+63
-2.5291e+63
2.56658e+63
-2.4659e+63
2.20855e+63
-1.78993e+63
1.23184e+63
-5.88206e+62
-6.06265e+61
6.249e+62
-1.02973e+63
1.23914e+63
-1.27125e+63
1.19715e+63
-1.12061e+63
1.14284e+63
-1.32429e+63
1.6587e+63
-2.07187e+63
2.4479e+63
-2.67435e+63
2.68929e+63
-2.51113e+63
2.23843e+63
-2.0175e+63
1.98873e+63
-2.23102e+63
2.72532e+63
-3.35055e+63
3.91309e+63
-4.19996e+63
4.0392e+63
-3.35066e+63
2.17398e+63
-6.65572e+62
-9.36459e+62
2.3722e+63
-3.42926e+63
4.00118e+63
-4.11581e+63
3.92243e+63
-3.63952e+63
3.47915e+63
-3.57408e+63
3.93431e+63
-4.45011e+63
4.94196e+63
-5.24116e+63
5.27433e+63
-5.1242e+63
5.04409e+63
-5.41227e+63
6.62361e+63
-8.93065e+63
1.22697e+64
-1.61338e+64
1.95719e+64
-2.13747e+64
2.04395e+64
-1.62088e+64
8.99312e+63
