-1.88798e+10
-3.63495e+10
2.67406e+11
-7.72345e+11
1.55356e+12
-2.43096e+12
3.052e+12
-3.03977e+12
2.20929e+12
-7.0818e+11
-1.00964e+12
2.35608e+12
-2.85928e+12
2.41038e+12
-1.3504e+12
2.45717e+11
5.35818e+11
-1.04893e+12
1.5365e+12
-1.97919e+12
1.92258e+12
-7.66239e+11
-1.75893e+12
5.29621e+12
-8.90404e+12
1.1409e+13
-1.19779e+13
1.06531e+13
-8.41637e+12
6.55949e+12
-5.75202e+12
5.58297e+12
-4.98592e+12
3.18941e+12
-4.21211e+11
-2.17749e+12
3.39005e+12
-2.91863e+12
1.73007e+12
-1.36986e+12
2.74869e+12
-5.4524e+12
8.15667e+12
-9.66439e+12
9.59333e+12
-8.29396e+12
6.36927e+12
-4.29974e+12
2.30729e+12
-3.90043e+11
-1.50739e+12
3.29157e+12
-4.69038e+12
5.44776e+12
-5.53931e+12
5.20317e+12
-4.79543e+12
4.61858e+12
-4.83697e+12
5.46823e+12
-6.34487e+12
7.03071e+12
-6.90251e+12
5.55749e+12
-3.24598e+12
7.79128e+11
1.12425e+12
-2.37936e+12
3.39093e+12
-4.46575e+12
5.48202e+12
-6.10447e+12
6.20963e+12
-6.07095e+12
6.17985e+12
-6.89225e+12
8.19223e+12
-9.76246e+12
1.12621e+13
-1.24476e+13
1.29255e+13
-1.18748e+13
8.29929e+12
-1.82536e+12
-6.61944e+12
1.48401e+13
-2.00918e+13
2.01124e+13
-1.41569e+13
3.66906e+12
7.89378e+12
-1.62651e+13
1.81461e+13
-1.27334e+13
2.25926e+12
8.82314e+12
-1.5752e+13
1.55642e+13
-8.35638e+12
-2.84987e+12
1.34845e+13
-1.9348e+13
1.81675e+13
-1.01821e+13
-2.25892e+12
1.56925e+13
-2.66526e+13
3.24835e+13
-3.16899e+13
2.4045e+13
-1.07893e+13
-5.17084e+12
1.9591e+13
-2.8074e+13
2.77586e+13
-1.86706e+13
3.98467e+12
1.10404e+13
-2.10348e+13
2.25474e+13
-1.53223e+13
2.38478e+12
1.10948e+13
-1.97844e+13
2.02705e+13
-1.23859e+13
-7.47993e+11
1.39762e+13
-2.21465e+13
2.20844e+13
-1.37068e+13
-1.54988e+11
1.51235e+13
-2.7101e+13
3.34772e+13
-3.31947e+13
2.62985e+13
-1.39424e+13
-1.1629e+12
1.48635e+13
-2.28447e+13
2.24627e+13
-1.39642e+13
4.24862e+11
1.34616e+13
-2.30904e+13
2.5423e+13
-1.98489e+13
8.38945e+12
4.81986e+12
-1.48797e+13
1.80229e+13
-1.32377e+13
2.74861e+12
8.96685e+12
-1.71667e+13
1.88772e+13
-1.40974e+13
5.77285e+12
1.51089e+12
-3.8463e+12
3.82072e+11
5.88204e+12
-1.00198e+13
8.88535e+12
-3.67666e+12
-1.0939e+12
1.52889e+12
2.40631e+12
-7.3161e+12
9.76176e+12
-8.95873e+12
6.28893e+12
-2.92306e+12
-1.32648e+12
6.94083e+12
-1.33607e+13
1.9184e+13
-2.32532e+13
2.50222e+13
-2.41299e+13
2.03879e+13
-1.44839e+13
8.28212e+12
-3.93143e+12
2.49702e+12
-3.38003e+12
4.87883e+12
-5.2457e+12
3.51174e+12
1.81757e+11
-4.73232e+12
8.66155e+12
-1.09334e+13
1.15305e+13
-1.13668e+13
1.15883e+13
-1.27479e+13
1.43534e+13
-1.50662e+13
1.35283e+13
-9.35257e+12
3.4651e+12
2.5961e+12
-7.71749e+12
1.14066e+13
-1.30599e+13
1.1642e+13
-6.77985e+12
2.3416e+11
4.35272e+12
-3.86438e+12
-1.89621e+12
1.02187e+13
-1.76871e+13
2.20817e+13
-2.23869e+13
1.8091e+13
-9.7421e+12
2.88459e+11
5.38758e+12
-3.63957e+12
-4.92935e+12
1.60805e+13
-2.56247e+13
3.19079e+13
-3.4578e+13
3.22284e+13
-2.29215e+13
7.20849e+12
1.06564e+13
-2.53323e+13
3.37068e+13
-3.52437e+13
3.02813e+13
-1.98509e+13
7.41073e+12
1.05752e+12
-5.99953e+11
-8.66329e+12
2.16365e+13
-3.24818e+13
3.81852e+13
-3.81162e+13
3.18928e+13
-1.97655e+13
5.21574e+12
4.76692e+12
-3.51398e+12
-1.20511e+13
4.35294e+13
-9.41021e+13
1.6154e+14
-2.22355e+14
2.30626e+14
-1.50725e+14
