2.64445e+88
-5.25172e+88
7.72209e+88
-9.85891e+88
1.13812e+89
-1.19863e+89
1.14462e+89
-9.70587e+88
6.94585e+88
-3.57926e+88
1.74859e+87
2.67757e+88
-4.52224e+88
5.16872e+88
-4.76416e+88
3.78911e+88
-2.97949e+88
3.19082e+88
-5.2277e+88
9.66545e+88
-1.66953e+89
2.60293e+89
-3.68973e+89
4.81545e+89
-5.84833e+89
6.66431e+89
-7.1697e+89
7.31525e+89
-7.09851e+89
6.55579e+89
-5.74861e+89
4.74985e+89
-3.63302e+89
2.465e+89
-1.30083e+89
1.79584e+88
8.77679e+88
-1.86579e+89
2.78751e+89
-3.64119e+89
4.40862e+89
-5.04873e+89
5.50129e+89
-5.70021e+89
5.59191e+89
-5.15219e+89
4.39571e+89
-3.37562e+89
2.17439e+89
-8.89183e+88
-3.83852e+88
1.56327e+89
-2.59161e+89
3.4392e+89
-4.10215e+89
4.59506e+89
-4.94003e+89
5.15487e+89
-5.24402e+89
5.19526e+89
-4.98364e+89
4.58144e+89
-3.97079e+89
3.15429e+89
-2.15979e+89
1.03779e+89
1.47702e+88
-1.33154e+89
2.45941e+89
-3.49626e+89
4.42937e+89
-5.26548e+89
6.02245e+89
-6.71662e+89
7.34812e+89
-7.88737e+89
8.26736e+89
-8.3863e+89
8.12392e+89
-7.37169e+89
6.07216e+89
-4.25752e+89
2.07384e+89
2.22504e+88
-2.30347e+89
3.83996e+89
-4.58789e+89
4.46345e+89
-3.57945e+89
2.22416e+89
-7.82592e+88
-3.77914e+88
1.01966e+89
-1.10357e+89
7.87649e+88
-3.53082e+88
8.36743e+87
-1.43559e+88
5.00109e+88
-9.22936e+88
1.0618e+89
-5.77061e+88
-7.23038e+88
2.78662e+89
-5.29834e+89
7.74477e+89
-9.54713e+89
1.02227e+90
-9.52743e+89
7.53649e+89
-4.63832e+89
1.43951e+89
1.39396e+89
-3.31496e+89
4.04015e+89
-3.61704e+89
2.39116e+89
-8.83078e+88
-3.84869e+88
1.05422e+89
-1.03254e+89
4.97787e+88
1.94513e+88
-6.65845e+88
6.73439e+88
-2.14499e+88
-4.62234e+88
9.41653e+88
-7.93343e+88
-2.65219e+88
2.25038e+89
-4.87942e+89
7.63442e+89
-9.90256e+89
1.11496e+90
-1.10741e+90
9.6967e+89
-7.35938e+89
4.63323e+89
-2.16227e+89
4.87284e+88
9.90094e+87
3.77634e+88
-1.59785e+89
3.0607e+89
-4.24698e+89
4.78101e+89
-4.53891e+89
3.66955e+89
-2.52464e+89
1.52581e+89
-1.01795e+89
1.16048e+89
-1.89236e+89
2.9769e+89
-4.10225e+89
4.99432e+89
-5.49854e+89
5.60444e+89
-5.41386e+89
5.07677e+89
-4.72793e+89
4.44988e+89
-4.26939e+89
4.17607e+89
-4.14312e+89
4.13513e+89
-4.10043e+89
3.95811e+89
-3.59427e+89
2.87686e+89
-1.68821e+89
-3.51455e+87
2.26964e+89
-4.89043e+89
7.68117e+89
-1.03663e+90
1.26589e+90
-1.43131e+90
1.51704e+90
-1.51868e+90
1.44348e+90
-1.30783e+90
1.13267e+90
-9.38259e+89
7.39779e+89
-5.4521e+89
3.55814e+89
-1.68793e+89
-1.9185e+88
2.08986e+89
-3.9754e+89
5.78052e+89
-7.41336e+89
8.77407e+89
-9.76666e+89
1.03056e+90
-1.03212e+90
9.76828e+89
-8.6417e+89
6.99377e+89
-4.94617e+89
2.68632e+89
-4.42518e+88
-1.5603e+89
3.15347e+89
-4.2696e+89
4.96249e+89
-5.39088e+89
5.76692e+89
-6.2837e+89
7.04628e+89
-8.03243e+89
9.10043e+89
-1.00447e+90
1.06804e+90
-1.09261e+90
1.08499e+90
-1.0659e+90
1.06305e+90
-1.10048e+90
1.18797e+90
-1.31418e+90
1.44629e+90
-1.53683e+90
1.53576e+90
-1.40453e+90
1.12803e+90
-7.20686e+89
2.24845e+89
2.98549e+89
-7.84589e+89
1.18036e+90
-1.45755e+90
1.61799e+90
-1.69015e+90
1.71794e+90
-1.7453e+90
1.80214e+90
-1.89643e+90
2.01581e+90
-2.13836e+90
2.24916e+90
-2.35642e+90
2.50043e+90
-2.74954e+90
3.18078e+90
-3.84763e+90
4.74291e+90
-5.76979e+90
6.73526e+90
-7.37662e+90
7.42157e+90
-6.66872e+90
5.06315e+90
-2.73777e+90
