6.94002e+34
-1.71287e+35
3.27093e+35
-5.35742e+35
7.65184e+35
-9.5379e+35
1.02693e+36
-9.26421e+35
6.41175e+35
-2.22821e+35
-2.25081e+35
5.82904e+35
-7.60327e+35
7.28627e+35
-5.23656e+35
2.21137e+35
9.60883e+34
-3.55673e+35
4.90809e+35
-4.27984e+35
9.21249e+34
5.60105e+35
-1.49478e+36
2.57664e+36
-3.59393e+36
4.33102e+36
-4.65508e+36
4.56723e+36
-4.18461e+36
3.66209e+36
-3.10382e+36
2.52393e+36
-1.88086e+36
1.15393e+36
-3.97753e+35
-2.73464e+35
7.63096e+35
-1.07061e+36
1.30584e+36
-1.62124e+36
2.10755e+36
-2.72653e+36
3.32561e+36
-3.71893e+36
3.77716e+36
-3.47312e+36
2.86907e+36
-2.07036e+36
1.18134e+36
-2.85492e+35
-5.51922e+35
1.27501e+36
-1.83739e+36
2.21425e+36
-2.41632e+36
2.49283e+36
-2.5171e+36
2.55917e+36
-2.65605e+36
2.79144e+36
-2.89498e+36
2.86607e+36
-2.61747e+36
2.11904e+36
-1.41597e+36
6.07959e+35
1.97477e+35
-9.25643e+35
1.54503e+36
-2.05104e+36
2.44733e+36
-2.7444e+36
2.97183e+36
-3.18457e+36
3.44883e+36
-3.81177e+36
4.27223e+36
-4.76549e+36
5.16293e+36
-5.28278e+36
4.91691e+36
-3.88678e+36
2.13075e+36
2.04563e+35
-2.72305e+36
4.8379e+36
-5.94009e+36
5.62812e+36
-3.90649e+36
1.25456e+36
1.4909e+36
-3.41943e+36
3.89544e+36
-2.82549e+36
7.17702e+35
1.50843e+36
-2.89235e+36
2.82754e+36
-1.31238e+36
-1.04777e+36
3.28038e+36
-4.41866e+36
3.85388e+36
-1.5389e+36
-2.01025e+36
5.88684e+36
-9.06078e+36
1.06551e+37
-1.01694e+37
7.61518e+36
-3.54169e+36
-1.0674e+36
5.03089e+36
-7.30368e+36
7.31474e+36
-5.18374e+36
1.71294e+36
1.86943e+36
-4.33486e+36
4.89354e+36
-3.47744e+36
7.55166e+35
2.13071e+36
-4.00534e+36
4.11309e+36
-2.40515e+36
-4.46321e+35
3.30877e+36
-5.01726e+36
4.79955e+36
-2.53741e+36
-1.21958e+36
5.46452e+36
-9.06225e+36
1.10716e+37
-1.09758e+37
8.79366e+36
-5.07569e+36
7.84907e+35
2.93713e+36
-5.08801e+36
5.11923e+36
-3.13023e+36
-1.48169e+35
3.59013e+36
-6.05125e+36
6.75224e+36
-5.53679e+36
2.91508e+36
1.25549e+35
-2.48246e+36
3.34474e+36
-2.49022e+36
3.4988e+35
2.19186e+36
-4.17943e+36
4.98584e+36
-4.55188e+36
3.3552e+36
-2.12486e+36
1.44757e+36
-1.47957e+36
1.92872e+36
-2.31105e+36
2.30458e+36
-1.95475e+36
1.59569e+36
-1.56672e+36
1.95047e+36
-2.51819e+36
2.88592e+36
-2.72944e+36
1.9044e+36
-4.38458e+35
-1.53129e+36
3.79846e+36
-6.09561e+36
8.1087e+36
-9.5256e+36
1.0111e+37
-9.7805e+36
8.64614e+36
-7.00649e+36
5.26526e+36
-3.79237e+36
2.78454e+36
-2.19863e+36
1.79781e+36
-1.28701e+36
4.64218e+35
6.8994e+35
-2.02349e+36
3.30887e+36
-4.36373e+36
5.12757e+36
-5.65351e+36
6.02637e+36
-6.26392e+36
6.26885e+36
-5.86682e+36
4.90909e+36
-3.37687e+36
1.42699e+36
6.38284e+35
-2.45068e+36
3.66895e+36
-4.07248e+36
3.65275e+36
-2.67293e+36
1.63406e+36
-1.11036e+36
1.50271e+36
-2.83858e+36
4.73618e+36
-6.55364e+36
7.64393e+36
-7.60622e+36
6.45301e+36
-4.64271e+36
2.94507e+36
-2.1552e+36
2.76121e+36
-4.72952e+36
7.51796e+36
-1.02835e+37
1.21487e+37
-1.24157e+37
1.07142e+37
-7.10901e+36
2.14532e+36
3.23746e+36
-7.9467e+36
1.10581e+37
-1.20955e+37
1.11806e+37
-9.01372e+36
6.67251e+36
-5.2476e+36
5.42616e+36
-7.21277e+36
9.94101e+36
-1.25678e+37
1.40912e+37
-1.39157e+37
1.2079e+37
-9.33192e+36
7.06437e+36
-7.06091e+36
1.10793e+37
-2.02468e+37
3.42721e+37
-5.06358e+37
6.4321e+37
-6.88865e+37
5.91535e+37
-3.44149e+37
