6.69646e+194
-1.29069e+195
1.81818e+195
-2.21441e+195
2.4522e+195
-2.51742e+195
2.4103e+195
-2.14478e+195
1.74566e+195
-1.24346e+195
6.6766e+194
-3.93348e+193
-6.35165e+194
1.36807e+195
-2.19024e+195
3.14672e+195
-4.2882e+195
5.65941e+195
-7.28651e+195
9.16577e+195
-1.12559e+196
1.34757e+196
-1.57079e+196
1.78094e+196
-1.96248e+196
2.10038e+196
-2.1817e+196
2.19698e+196
-2.1411e+196
2.01367e+196
-1.81878e+196
1.56441e+196
-1.26145e+196
9.22737e+195
-5.62065e+195
1.93434e+195
1.69467e+195
-5.13563e+195
8.26555e+195
-1.09705e+196
1.31474e+196
-1.4708e+196
1.55832e+196
-1.57293e+196
1.51343e+196
-1.38216e+196
1.18521e+196
-9.32185e+195
6.35699e+195
-3.10438e+195
-2.78843e+194
3.63621e+195
-6.8216e+195
9.70639e+195
-1.21837e+196
1.41693e+196
-1.56014e+196
1.64377e+196
-1.66537e+196
1.62416e+196
-1.52094e+196
1.35818e+196
-1.14012e+196
8.72746e+195
-5.63751e+195
2.22261e+195
1.41506e+195
-5.16671e+195
8.92068e+195
-1.25652e+196
1.59895e+196
-1.9083e+196
2.17351e+196
-2.38347e+196
2.52734e+196
-2.59525e+196
2.57937e+196
-2.47548e+196
2.28446e+196
-2.01367e+196
1.67754e+196
-1.2972e+196
8.9891e+195
-5.11338e+195
1.6214e+195
1.25636e+195
-3.3657e+195
4.64707e+195
-5.13815e+195
4.96042e+195
-4.29357e+195
3.34397e+195
-2.31519e+195
1.38647e+195
-7.02602e+194
3.74194e+194
-4.83878e+194
1.09224e+195
-2.23778e+195
3.92831e+195
-6.12513e+195
8.72587e+195
-1.15539e+196
1.4362e+196
-1.68544e+196
1.87268e+196
-1.97172e+196
1.96565e+196
-1.85062e+196
1.63736e+196
-1.34977e+196
1.02095e+196
-6.87377e+195
3.82655e+195
-1.32196e+195
-5.005e+194
1.62264e+195
-2.13008e+195
2.17835e+195
-1.9537e+195
1.6395e+195
-1.3955e+195
1.35159e+195
-1.61232e+195
2.26484e+195
-3.38218e+195
5.017e+195
-7.18535e+195
9.84553e+195
-1.28805e+196
1.60931e+196
-1.92202e+196
2.19667e+196
-2.40544e+196
2.52735e+196
-2.55259e+196
2.48471e+196
-2.34002e+196
2.1444e+196
-1.92807e+196
1.71977e+196
-1.54167e+196
1.40619e+196
-1.31547e+196
1.26319e+196
-1.23824e+196
1.22887e+196
-1.22633e+196
1.22688e+196
-1.23201e+196
1.24682e+196
-1.27749e+196
1.32854e+196
-1.40084e+196
1.49081e+196
-1.59099e+196
1.69159e+196
-1.78249e+196
1.85508e+196
-1.90341e+196
1.92441e+196
-1.9172e+196
1.88183e+196
-1.81772e+196
1.7224e+196
-1.59074e+196
1.41497e+196
-1.18558e+196
8.92903e+195
-5.29246e+195
9.12068e+194
4.18273e+195
-9.88471e+195
1.60044e+196
-2.22773e+196
2.83832e+196
-3.39751e+196
3.87138e+196
-4.23026e+196
4.45171e+196
-4.52248e+196
4.43929e+196
-4.2083e+196
3.84358e+196
-3.365e+196
2.79589e+196
-2.16099e+196
1.485e+196
-7.91756e+195
1.03983e+195
5.56558e+195
-1.16886e+196
1.71267e+196
-2.16883e+196
2.52015e+196
-2.75254e+196
2.85652e+196
-2.82841e+196
2.67141e+196
-2.39577e+196
2.01833e+196
-1.56111e+196
1.04917e+196
-5.08069e+195
-3.87062e+194
5.71836e+195
-1.0775e+196
1.54767e+196
-1.97947e+196
2.3738e+196
-2.73369e+196
3.06283e+196
-3.36455e+196
3.64148e+196
-3.89551e+196
4.12804e+196
-4.33973e+196
4.52983e+196
-4.6948e+196
4.82664e+196
-4.91153e+196
4.92942e+196
-4.85509e+196
4.66104e+196
-4.32175e+196
3.81876e+196
-3.14525e+196
2.30925e+196
-1.33429e+196
2.57386e+195
8.7553e+195
-2.01588e+196
3.11913e+196
-4.15071e+196
5.09008e+196
-5.93258e+196
6.68906e+196
-7.38372e+196
8.051e+196
-8.73182e+196
9.46935e+196
-1.03041e+197
1.12675e+197
-1.23744e+197
1.36139e+197
-1.49402e+197
1.62663e+197
-1.74623e+197
1.83616e+197
-1.87767e+197
1.85233e+197
-1.74502e+197
1.54703e+197
-1.25852e+197
8.89801e+196
-4.60994e+196
