-3.25501e+150
6.28595e+150
-8.87577e+150
1.08262e+151
-1.19765e+151
1.22274e+151
-1.15641e+151
1.00701e+151
-7.92347e+150
5.37093e+150
-2.68139e+150
8.5603e+148
2.28471e+150
-4.44371e+150
6.57054e+150
-8.99237e+150
1.21304e+151
-1.64165e+151
2.21948e+151
-2.96285e+151
3.86309e+151
-4.88362e+151
5.962e+151
-7.01659e+151
7.95678e+151
-8.69485e+151
9.15726e+151
-9.29347e+151
9.08073e+151
-8.52471e+151
7.65606e+151
-6.52431e+151
5.19035e+151
-3.71918e+151
2.17407e+151
-6.12937e+150
-9.12797e+150
2.35724e+151
-3.67775e+151
4.83257e+151
-5.77954e+151
6.47682e+151
-6.88591e+151
6.9766e+151
-6.73264e+151
6.15675e+151
-5.27346e+151
4.12882e+151
-2.78691e+151
1.32351e+151
1.81617e+150
-1.65244e+151
3.02286e+151
-4.24041e+151
5.26712e+151
-6.07791e+151
6.65733e+151
-6.99603e+151
7.08799e+151
-6.92938e+151
6.5193e+151
-5.86194e+151
4.96931e+151
-3.86338e+151
2.57672e+151
-1.15122e+151
-3.65104e+150
1.92225e+151
-3.47235e+151
4.97249e+151
-6.38529e+151
7.6771e+151
-8.81418e+151
9.75832e+151
-1.04635e+152
1.0876e+152
-1.09383e+152
1.05994e+152
-9.82713e+151
8.62398e+151
-7.03854e+151
5.17106e+151
-3.16858e+151
1.20852e+151
5.27266e+150
-1.88318e+151
2.75808e+151
-3.1237e+151
3.02769e+151
-2.57995e+151
1.92555e+151
-1.21172e+151
5.58607e+150
-4.19472e+149
-3.07689e+150
4.90467e+150
-5.14299e+150
3.73112e+150
-3.59022e+149
-5.47774e+150
1.42636e+151
-2.61573e+151
4.07051e+151
-5.66901e+151
7.21981e+151
-8.49171e+151
9.26108e+151
-9.36456e+151
8.7424e+151
-7.45956e+151
5.69727e+151
-3.71629e+151
1.80086e+151
-1.9822e+150
-9.30356e+150
1.53441e+151
-1.66983e+151
1.46842e+151
-1.09259e+151
6.89957e+150
-3.61629e+150
1.52634e+150
-6.46876e+149
8.37335e+149
-2.09706e+150
4.75585e+150
-9.47138e+150
1.70217e+151
-2.79603e+151
4.2258e+151
-5.90688e+151
7.67238e+151
-9.29848e+151
1.05508e+152
-1.12394e+152
1.12667e+152
-1.06546e+152
9.54187e+151
-8.15248e+151
6.7424e+151
-5.54036e+151
4.69807e+151
-4.26346e+151
4.18279e+151
-4.32967e+151
4.55073e+151
-4.71375e+151
4.74403e+151
-4.63939e+151
4.4613e+151
-4.30729e+151
4.27492e+151
-4.42942e+151
4.78459e+151
-5.30121e+151
5.90145e+151
-6.49258e+151
6.99169e+151
-7.34383e+151
7.52942e+151
-7.56066e+151
7.46985e+151
-7.29418e+151
7.06124e+151
-6.77833e+151
6.42699e+151
-5.96295e+151
5.32122e+151
-4.42567e+151
3.20228e+151
-1.59486e+151
-4.19131e+150
2.81537e+151
-5.51539e+151
8.38761e+151
-1.1258e+152
1.39292e+152
-1.62052e+152
1.79167e+152
-1.89429e+152
1.92244e+152
-1.87659e+152
1.76283e+152
-1.59131e+152
1.37429e+152
-1.12433e+152
8.5291e+151
-5.69795e+151
2.83099e+151
1.71794e+148
-2.73328e+151
5.29301e+151
-7.60257e+151
9.5765e+151
-1.11271e+152
1.21729e+152
-1.26491e+152
1.2519e+152
-1.17823e+152
1.04819e+152
-8.70286e+151
6.56673e+151
-4.21772e+151
1.80449e+151
5.4007e+150
-2.71657e+151
4.67004e+151
-6.39114e+151
7.90712e+151
-9.26526e+151
1.05137e+152
-1.16856e+152
1.27918e+152
-1.38232e+152
1.4763e+152
-1.56007e+152
1.63437e+152
-1.7019e+152
1.76618e+152
-1.82946e+152
1.89015e+152
-1.94077e+152
1.96737e+152
-1.95083e+152
1.87014e+152
-1.70699e+152
1.45046e+152
-1.1007e+152
6.70261e+151
-1.82856e+151
-3.30527e+151
8.37089e+151
-1.30799e+152
1.72298e+152
-2.07292e+152
2.35971e+152
-2.5941e+152
2.79243e+152
-2.97342e+152
3.15629e+152
-3.36028e+152
3.60532e+152
-3.91244e+152
4.30244e+152
-4.79157e+152
5.384e+152
-6.06244e+152
6.7796e+152
-7.45406e+152
7.97387e+152
-8.20974e+152
8.03685e+152
-7.36151e+152
6.14659e+152
-4.42857e+152
2.32074e+152
