1.23422e+112
-2.40851e+112
3.45282e+112
-4.28344e+112
4.81037e+112
-4.95527e+112
4.67517e+112
-3.9839e+112
2.96246e+112
-1.75208e+112
5.2881e+111
5.35873e+111
-1.31906e+112
1.78371e+112
-1.9991e+112
2.13812e+112
-2.45023e+112
3.21421e+112
-4.67924e+112
7.00552e+112
-1.0217e+113
1.41777e+113
-1.85981e+113
2.30735e+113
-2.71468e+113
3.03814e+113
-3.24288e+113
3.30756e+113
-3.22613e+113
3.00683e+113
-2.66903e+113
2.23898e+113
-1.74554e+113
1.2164e+113
-6.75457e+112
1.41293e+112
3.72875e+112
-8.57847e+112
1.30597e+113
-1.70823e+113
2.05195e+113
-2.3201e+113
2.4928e+113
-2.55082e+113
2.48012e+113
-2.2761e+113
1.94621e+113
-1.51008e+113
9.97276e+112
-4.43111e+112
-1.16281e+112
6.48603e+112
-1.1288e+113
1.54065e+113
-1.87636e+113
2.13452e+113
-2.31702e+113
2.42589e+113
-2.461e+113
2.41927e+113
-2.29569e+113
2.08572e+113
-1.78826e+113
1.40814e+113
-9.57249e+112
4.53836e+112
7.98412e+111
-6.20874e+112
1.1491e+113
-1.64957e+113
2.11343e+113
-2.53684e+113
2.91804e+113
-3.25335e+113
3.53294e+113
-3.73784e+113
3.83953e+113
-3.80319e+113
3.59492e+113
-3.19198e+113
2.59396e+113
-1.8315e+113
9.69054e+112
-9.9152e+111
-6.72432e+112
1.2481e+113
-1.56122e+113
1.59355e+113
-1.38117e+113
1.00578e+113
-5.72854e+112
1.82842e+112
9.54057e+111
-2.40091e+112
2.75254e+112
-2.53279e+112
2.27468e+112
-2.24972e+112
2.30565e+112
-1.88046e+112
1.9728e+111
3.4222e+112
-9.23388e+112
1.6854e+113
-2.52342e+113
3.2853e+113
-3.80805e+113
3.9612e+113
-3.68455e+113
3.00859e+113
-2.05097e+113
9.8913e+112
-1.63059e+111
-7.06664e+112
1.08988e+113
-1.13206e+113
9.1245e+112
-5.60092e+112
2.10795e+112
3.40296e+111
-1.333e+112
1.09018e+112
-2.60832e+111
-4.25418e+111
5.19522e+111
-9.07804e+110
-2.49034e+111
-4.52644e+111
3.13113e+112
-8.31592e+112
1.58496e+113
-2.48168e+113
3.37175e+113
-4.08382e+113
4.47125e+113
-4.45335e+113
4.03927e+113
-3.32736e+113
2.47996e+113
-1.68058e+113
1.08607e+113
-7.87296e+112
7.89796e+112
-1.01939e+113
1.35043e+113
-1.64741e+113
1.80645e+113
-1.78418e+113
1.60531e+113
-1.34812e+113
1.11399e+113
-9.92237e+112
1.03228e+113
-1.23162e+113
1.54206e+113
-1.88979e+113
2.20077e+113
-2.42205e+113
2.53253e+113
-2.54162e+113
2.47899e+113
-2.38087e+113
2.2784e+113
-2.19082e+113
2.12346e+113
-2.06863e+113
2.0071e+113
-1.90947e+113
1.73797e+113
-1.45015e+113
1.00565e+113
-3.75592e+112
-4.47534e+112
1.44215e+113
-2.55506e+113
3.70552e+113
-4.79583e+113
5.72638e+113
-6.41196e+113
6.79562e+113
-6.85671e+113
6.61148e+113
-6.106e+113
5.40378e+113
-4.57148e+113
3.66659e+113
-2.73018e+113
1.7861e+113
-8.45463e+112
-8.56473e+111
9.98575e+112
-1.8768e+113
2.69417e+113
-3.41631e+113
4.00425e+113
-4.4189e+113
4.6259e+113
-4.60053e+113
4.33268e+113
-3.83144e+113
3.1281e+113
-2.27597e+113
1.34548e+113
-4.14297e+112
-4.46098e+112
1.1843e+113
-1.77913e+113
2.24247e+113
-2.61302e+113
2.94214e+113
-3.27598e+113
3.6398e+113
-4.03012e+113
4.41797e+113
-4.76241e+113
5.02959e+113
-5.20997e+113
5.32643e+113
-5.42898e+113
5.57648e+113
-5.81079e+113
6.13221e+113
-6.48532e+113
6.76158e+113
-6.81987e+113
6.52041e+113
-5.76299e+113
4.51831e+113
-2.84303e+113
8.73116e+112
1.20351e+113
-3.18814e+113
4.91507e+113
-6.28571e+113
7.28355e+113
-7.96629e+113
8.43866e+113
-8.81583e+113
9.19058e+113
-9.61615e+113
1.01113e+114
-1.06855e+114
1.13738e+114
-1.22646e+114
1.35036e+114
-1.52615e+114
1.76661e+114
-2.07129e+114
2.41814e+114
-2.75944e+114
3.02482e+114
-3.13282e+114
3.00939e+114
-2.60884e+114
1.93102e+114
-1.02846e+114
