0.0157083
0.0314072
0.0470873
0.0627393
0.0783537
0.0939214
0.109433
0.124879
0.14025
0.155538
0.170733
0.185825
0.200807
0.215669
0.230401
0.244996
0.259445
0.273738
0.287868
0.301826
0.315603
0.329192
0.342584
0.355771
0.368746
0.3815
0.394026
0.406317
0.418365
0.430162
0.441703
0.45298
0.463986
0.474714
0.485159
0.495314
0.505173
0.51473
0.523979
0.532916
0.541533
0.549827
0.557793
0.565425
0.572718
0.57967
0.586275
0.59253
0.598431
0.603974
0.609156
0.613974
0.618425
0.622506
0.626216
0.629551
0.632509
0.63509
0.637291
0.639111
0.64055
0.641605
0.642277
0.642565
0.642469
0.641989
0.641125
0.639878
0.638249
0.636238
0.633847
0.631077
0.62793
0.624408
0.620512
0.616245
0.611611
0.60661
0.601247
0.595525
0.589447
0.583016
0.576237
0.569114
0.56165
0.553851
0.545721
0.537265
0.528487
0.519394
0.50999
0.500281
0.490273
0.479973
0.469385
0.458517
0.447375
0.435965
0.424295
0.412372
0.400201
0.387792
0.375151
0.362286
0.349204
0.335913
0.322422
0.308737
0.294869
0.280824
0.266611
0.252239
0.237716
0.223052
0.208253
0.193331
0.178292
0.163148
0.147905
0.132575
0.117165
0.101685
0.086144
0.0705519
0.0549173
0.0392502
0.0235595
0.00785467
-0.00785465
-0.0235596
-0.0392501
-0.0549174
-0.0705518
-0.0861439
-0.101685
-0.117165
-0.132575
-0.147905
-0.163148
-0.178293
-0.193331
-0.208253
-0.223052
-0.237716
-0.252239
-0.266611
-0.280824
-0.294869
-0.308738
-0.322422
-0.335913
-0.349204
-0.362285
-0.375151
-0.387792
-0.400201
-0.412372
-0.424295
-0.435965
-0.447375
-0.458517
-0.469385
-0.479973
-0.490273
-0.500281
-0.50999
-0.519394
-0.528487
-0.537265
-0.545721
-0.553851
-0.56165
-0.569114
-0.576237
-0.583016
-0.589447
-0.595525
-0.601247
-0.60661
-0.611611
-0.616245
-0.620512
-0.624408
-0.62793
-0.631077
-0.633847
-0.636238
-0.638249
-0.639878
-0.641125
-0.641989
-0.642469
-0.642565
-0.642277
-0.641605
-0.64055
-0.639111
-0.637291
-0.63509
-0.632509
-0.629551
-0.626216
-0.622506
-0.618425
-0.613974
-0.609156
-0.603974
-0.598431
-0.59253
-0.586275
-0.57967
-0.572718
-0.565424
-0.557793
-0.549827
-0.541533
-0.532916
-0.52398
-0.51473
-0.505173
-0.495314
-0.485159
-0.474714
-0.463986
-0.45298
-0.441703
-0.430162
-0.418365
-0.406317
-0.394026
-0.3815
-0.368746
-0.355771
-0.342584
-0.329192
-0.315603
-0.301826
-0.287868
-0.273738
-0.259445
-0.244996
-0.230401
-0.215669
-0.200807
-0.185826
-0.170733
-0.155538
-0.140251
-0.124879
-0.109433
-0.0939215
-0.0783536
-0.0627393
-0.047087
-0.0314082
-0.015707
