-9.19515e+185
1.77228e+186
-2.4963e+186
3.03917e+186
-3.36275e+186
3.44709e+186
-3.29286e+186
2.92097e+186
-2.36892e+186
1.68359e+186
-9.11219e+185
8.6274e+184
7.7855e+185
-1.69876e+186
2.71887e+186
-3.9064e+186
5.33956e+186
-7.09007e+186
9.20419e+186
-1.16855e+187
1.44831e+187
-1.74874e+187
2.05359e+187
-2.34271e+187
2.59417e+187
-2.78671e+187
2.9021e+187
-2.9271e+187
2.85476e+187
-2.68479e+187
2.42324e+187
-2.08147e+187
1.67474e+187
-1.22069e+187
7.3804e+186
-2.45469e+186
-2.38978e+186
6.98215e+186
-1.11619e+187
1.47794e+187
-1.76975e+187
1.97962e+187
-2.09793e+187
2.11836e+187
-2.03884e+187
1.86221e+187
-1.59655e+187
1.25497e+187
-8.5476e+186
4.16137e+186
3.93227e+185
-4.90278e+186
9.17009e+186
-1.3024e+187
1.63249e+187
-1.89648e+187
2.08659e+187
-2.19758e+187
2.22643e+187
-2.17212e+187
2.03561e+187
-1.81999e+187
1.5307e+187
-1.1756e+187
7.64919e+186
-3.10914e+186
-1.72676e+186
6.71284e+186
-1.17012e+187
1.65455e+187
-2.11027e+187
2.52309e+187
-2.8787e+187
3.16248e+187
-3.35968e+187
3.45632e+187
-3.44068e+187
3.30551e+187
-3.05048e+187
2.68432e+187
-2.22607e+187
1.70476e+187
-1.15733e+187
6.24738e+186
-1.46797e+186
-2.43235e+186
5.23314e+186
-6.85434e+186
7.35995e+186
-6.93659e+186
5.85262e+186
-4.40868e+186
2.892e+186
-1.54489e+186
5.52722e+185
-4.95238e+184
1.33618e+185
-8.82115e+185
2.35432e+186
-4.57886e+186
7.52679e+186
-1.10799e+187
1.50076e+187
-1.89666e+187
2.253e+187
-2.52467e+187
2.67199e+187
-2.66868e+187
2.50802e+187
-2.20538e+187
1.7962e+187
-1.32988e+187
8.60707e+186
-4.38175e+186
9.87742e+185
1.38816e+186
-2.74383e+186
3.22992e+186
-3.09285e+186
2.61147e+186
-2.04517e+186
1.60531e+186
-1.45193e+186
1.70864e+186
-2.48241e+186
3.87409e+186
-5.97074e+186
8.81875e+186
-1.23863e+187
1.65298e+187
-2.09796e+187
2.53576e+187
-2.92272e+187
3.21685e+187
-3.38608e+187
3.41515e+187
-3.30924e+187
3.09314e+187
-2.80623e+187
2.49429e+187
-2.20027e+187
1.9564e+187
-1.77935e+187
1.66963e+187
-1.61488e+187
1.59586e+187
-1.59332e+187
1.59367e+187
-1.59204e+187
1.59224e+187
-1.60396e+187
1.6383e+187
-1.70341e+187
1.80119e+187
-1.9263e+187
2.06719e+187
-2.20881e+187
2.33596e+187
-2.4362e+187
2.50161e+187
-2.52903e+187
2.51879e+187
-2.47266e+187
2.39135e+187
-2.27248e+187
2.10939e+187
-1.89109e+187
1.60351e+187
-1.23184e+187
7.63642e+186
-1.92256e+186
-4.80076e+186
1.23997e+187
-2.06209e+187
2.91008e+187
-3.73929e+187
4.50096e+187
-5.1473e+187
5.63664e+187
-5.93773e+187
6.03263e+187
-5.91767e+187
5.60256e+187
-5.10796e+187
4.46217e+187
-3.69763e+187
2.84802e+187
-1.94617e+187
1.02317e+187
-1.08244e+186
-7.70661e+186
1.58637e+187
-2.31222e+187
2.92248e+187
-3.39352e+187
3.70555e+187
-3.84476e+187
3.80533e+187
-3.591e+187
3.21563e+187
-2.70252e+187
2.08252e+187
-1.3909e+187
6.63613e+186
6.65256e+185
-7.73028e+186
1.43765e+187
-2.05075e+187
2.61015e+187
-3.11887e+187
3.58249e+187
-4.00682e+187
4.39652e+187
-4.75472e+187
5.08352e+187
-5.3847e+187
5.65983e+187
-5.90941e+187
6.13077e+187
-6.31526e+187
6.44566e+187
-6.49494e+187
6.42746e+187
-6.20284e+187
5.78245e+187
-5.13712e+187
4.25444e+187
-3.14392e+187
1.83827e+187
-3.90557e+186
-1.13278e+187
2.66136e+187
-4.13104e+187
5.4926e+187
-6.71766e+187
7.80085e+187
-8.75869e+187
9.62604e+187
-1.04514e+188
1.12917e+188
-1.22078e+188
1.3258e+188
-1.4491e+188
1.59354e+188
-1.7587e+188
1.93943e+188
-2.12472e+188
2.29717e+188
-2.4336e+188
2.50712e+188
-2.49056e+188
2.36095e+188
-2.10422e+188
1.71906e+188
-1.21916e+188
6.32808e+187
