-7.44304e+191
1.43456e+192
-2.02074e+192
2.46076e+192
-2.72421e+192
2.79529e+192
-2.67438e+192
2.37749e+192
-1.93311e+192
1.3765e+192
-7.41902e+191
5.41988e+190
6.78548e+191
-1.46963e+192
2.35394e+192
-3.38307e+192
4.61563e+192
-6.10406e+192
7.88016e+192
-9.94209e+192
1.22455e+193
-1.47006e+193
1.71768e+193
-1.95136e+193
2.1537e+193
-2.30781e+193
2.39921e+193
-2.4173e+193
2.35642e+193
-2.21619e+193
2.00127e+193
-1.72062e+193
1.38643e+193
-1.01298e+193
6.15524e+192
-2.09483e+192
-1.90127e+192
5.69001e+192
-9.13691e+192
1.21171e+193
-1.45173e+193
1.62396e+193
-1.7207e+193
1.73702e+193
-1.67146e+193
1.52653e+193
-1.30892e+193
1.0293e+193
-7.01662e+192
3.42338e+192
3.12112e+191
-4.01638e+192
7.52797e+192
-1.07054e+193
1.34317e+193
-1.56154e+193
1.71896e+193
-1.81088e+193
1.83467e+193
-1.78948e+193
1.67616e+193
-1.4974e+193
1.25778e+193
-9.63888e+192
6.24165e+192
-2.48681e+192
-1.51295e+192
5.63775e+192
-9.76503e+192
1.37725e+193
-1.75394e+193
2.09456e+193
-2.38703e+193
2.61916e+193
-2.77895e+193
2.85529e+193
-2.83924e+193
2.72571e+193
-2.5153e+193
2.21582e+193
-1.84312e+193
1.4207e+193
-9.77977e+192
5.47213e+192
-1.59623e+192
-1.58767e+192
3.90602e+192
-5.2931e+192
5.79394e+192
-5.54864e+192
4.7624e+192
-3.669e+192
2.49667e+192
-1.44372e+192
6.67755e+191
-2.87311e+191
3.90513e+191
-1.04327e+192
2.29009e+192
-4.14418e+192
6.56863e+192
-9.4552e+192
1.26105e+193
-1.57585e+193
1.85652e+193
-2.06839e+193
2.18137e+193
-2.1759e+193
2.04735e+193
-1.8078e+193
1.4845e+193
-1.11524e+193
7.41648e+192
-4.01936e+192
1.2476e+192
7.44854e+191
-1.94352e+192
2.45193e+192
-2.4513e+192
2.15461e+192
-1.76776e+192
1.46646e+192
-1.39066e+192
1.65173e+192
-2.34345e+192
3.54721e+192
-5.32527e+192
7.70159e+192
-1.06361e+193
1.4003e+193
-1.75832e+193
2.10798e+193
-2.41569e+193
2.64955e+193
-2.78543e+193
2.81197e+193
-2.7332e+193
2.56786e+193
-2.3457e+193
2.1014e+193
-1.86781e+193
1.67001e+193
-1.52173e+193
1.42472e+193
-1.37102e+193
1.34725e+193
-1.33957e+193
1.33782e+193
-1.3379e+193
1.34191e+193
-1.35619e+193
1.38827e+193
-1.44369e+193
1.52361e+193
-1.62395e+193
1.7361e+193
-1.84878e+193
1.95041e+193
-2.03127e+193
2.0848e+193
-2.10785e+193
2.09987e+193
-2.06133e+193
1.99199e+193
-1.88937e+193
1.74787e+193
-1.55877e+193
1.31123e+193
-9.94097e+192
5.98321e+192
-1.19594e+192
-4.3929e+192
1.06677e+193
-1.74196e+193
2.43546e+193
-3.11151e+193
3.73127e+193
-4.25671e+193
4.65462e+193
-4.89996e+193
4.97805e+193
-4.88547e+193
4.62939e+193
-4.22579e+193
3.697e+193
-3.06907e+193
2.36941e+193
-1.6252e+193
8.62474e+192
-1.0599e+192
-6.20583e+192
1.29434e+193
-1.89308e+193
2.39567e+193
-2.783e+193
3.03931e+193
-3.15383e+193
3.12233e+193
-2.94814e+193
2.64264e+193
-2.22459e+193
1.71861e+193
-1.15277e+193
5.55699e+192
4.63601e+191
-6.31955e+192
1.18592e+193
-1.6997e+193
2.17055e+193
-2.59995e+193
2.99161e+193
-3.34986e+193
3.67843e+193
-3.98013e+193
4.25697e+193
-4.51049e+193
4.74161e+193
-4.94991e+193
5.13201e+193
-5.27962e+193
5.37782e+193
-5.40443e+193
5.33113e+193
-5.12669e+193
4.76182e+193
-4.21499e+193
3.47788e+193
-2.55898e+193
1.48458e+193
-2.9637e+192
-9.53719e+192
2.21075e+193
-3.42445e+193
4.55593e+193
-5.58229e+193
6.49859e+193
-7.31729e+193
8.0657e+193
-8.78245e+193
9.51329e+193
-1.03067e+194
1.12084e+194
-1.22551e+194
1.34654e+194
-1.483e+194
1.6301e+194
-1.77841e+194
1.91358e+194
-2.01702e+194
2.06757e+194
-2.04426e+194
1.92971e+194
-1.71371e+194
1.39602e+194
-9.87998e+193
5.12177e+193
