-2.6394e+156
5.09385e+156
-7.18615e+156
8.7576e+156
-9.68298e+156
9.88816e+156
-9.3661e+156
8.18509e+156
-6.48384e+156
4.45034e+156
-2.28574e+156
1.58974e+155
1.83832e+156
-3.72561e+156
5.64617e+156
-7.85241e+156
1.06637e+157
-1.44025e+157
1.93194e+157
-2.55235e+157
3.29301e+157
-4.12404e+157
4.99577e+157
-5.84385e+157
6.59704e+157
-7.18635e+157
7.55364e+157
-7.65848e+157
7.48205e+157
-7.02772e+157
6.31875e+157
-5.39364e+157
4.30053e+157
-3.09161e+157
1.81847e+157
-5.29266e+156
-7.32472e+156
1.92731e+157
-3.01852e+157
3.97053e+157
-4.74826e+157
5.31784e+157
-5.64895e+157
5.71854e+157
-5.51498e+157
5.04171e+157
-4.31918e+157
3.38464e+157
-2.28929e+157
1.09361e+157
1.38607e+156
-1.34606e+157
2.47478e+157
-3.4811e+157
4.33251e+157
-5.00665e+157
5.48911e+157
-5.77092e+157
5.84657e+157
-5.71312e+157
5.37068e+157
-4.82386e+157
4.0836e+157
-3.16858e+157
2.10562e+157
-9.286e+156
-3.23845e+156
1.6114e+157
-2.895e+157
4.13885e+157
-5.31082e+157
6.38113e+157
-7.3197e+157
8.09315e+157
-8.66291e+157
8.98565e+157
-9.01717e+157
8.7199e+157
-8.07308e+157
7.08353e+157
-5.79413e+157
4.28696e+157
-2.6787e+157
1.10767e+157
2.85943e+156
-1.38295e+157
2.10588e+157
-2.4322e+157
2.39634e+157
-2.07962e+157
1.59047e+157
-1.04066e+157
5.24034e+156
-1.03807e+156
-1.8864e+156
3.443e+156
-3.61183e+156
2.29887e+156
7.33391e+155
-5.82201e+156
1.32511e+157
-2.30395e+157
3.47471e+157
-4.73808e+157
5.94559e+157
-6.92238e+157
7.50203e+157
-7.56492e+157
7.06935e+157
-6.0664e+157
4.69327e+157
-3.14615e+157
1.63911e+157
-3.59867e+156
-5.66347e+156
1.09546e+157
-1.26218e+157
1.15893e+157
-9.03727e+156
6.07633e+156
-3.51535e+156
1.78213e+156
-1.00023e+156
1.1699e+156
-2.36616e+156
4.86424e+156
-9.1327e+156
1.56864e+157
-2.48469e+157
3.64967e+157
-4.99245e+157
6.38329e+157
-7.65311e+157
8.62736e+157
-9.16599e+157
9.19797e+157
-8.74064e+157
7.89763e+157
-6.83544e+157
5.74493e+157
-4.79794e+157
4.11094e+157
-3.72494e+157
3.60648e+157
-3.66788e+157
3.79984e+157
-3.90612e+157
3.93016e+157
-3.86668e+157
3.75624e+157
-3.66622e+157
3.66546e+157
-3.8009e+157
4.08341e+157
-4.48575e+157
4.95209e+157
-5.41456e+157
5.81096e+157
-6.09823e+157
6.25858e+157
-6.29758e+157
6.2362e+157
-6.09973e+157
5.90691e+157
-5.66159e+157
5.34824e+157
-4.93177e+157
4.36162e+157
-3.57935e+157
2.52929e+157
-1.17077e+157
-5.09755e+156
2.48893e+157
-4.70137e+157
7.04102e+157
-9.36961e+157
1.15315e+158
-1.33727e+158
1.47597e+158
-1.55966e+158
1.58345e+158
-1.54743e+158
1.45607e+158
-1.3171e+158
1.14008e+158
-9.34983e+157
7.1118e+157
-4.76889e+157
2.39139e+157
-4.12695e+155
-2.22249e+157
4.33898e+157
-6.24263e+157
7.86371e+157
-9.13204e+157
9.98356e+157
-1.03684e+158
1.02594e+158
-9.65879e+157
8.60231e+157
-7.15882e+157
5.42479e+157
-3.51377e+157
1.54232e+157
3.85192e+156
-2.18974e+157
3.82565e+157
-5.28143e+157
6.57325e+157
-7.73308e+157
8.79494e+157
-9.78366e+157
1.07093e+158
-1.15691e+158
1.23544e+158
-1.3061e+158
1.36957e+158
-1.42764e+158
1.48242e+158
-1.53478e+158
1.58257e+158
-1.61928e+158
1.63376e+158
-1.61128e+158
1.53607e+158
-1.39468e+158
1.17941e+158
-8.90926e+157
5.39252e+157
-1.42719e+157
-2.74882e+157
6.88359e+157
-1.07539e+158
1.42001e+158
-1.71454e+158
1.9597e+158
-2.16322e+158
2.33752e+158
-2.49755e+158
2.65923e+158
-2.83891e+158
3.05344e+158
-3.31984e+158
3.65375e+158
-4.06573e+158
4.55547e+158
-5.10506e+158
5.67322e+158
-6.1932e+158
6.57649e+158
-6.72349e+158
6.54028e+158
-5.95849e+158
4.95383e+158
-3.55814e+158
1.86111e+158
