-4.93815e+138
9.55414e+138
-1.35262e+139
1.65449e+139
-1.83422e+139
1.87354e+139
-1.76755e+139
1.52807e+139
-1.18407e+139
7.779e+138
-3.57521e+138
-3.41671e+137
3.70462e+138
-6.4978e+138
8.9982e+138
-1.17537e+139
1.54946e+139
-2.09918e+139
2.8886e+139
-3.95229e+139
5.28283e+139
-6.82538e+139
8.48075e+139
-1.01167e+140
1.15857e+140
-1.27454e+140
1.34775e+140
-1.37032e+140
1.33899e+140
-1.25516e+140
1.12419e+140
-9.54327e+139
7.55349e+139
-5.37382e+139
3.09934e+139
-8.13506e+138
-1.41298e+139
3.5194e+139
-5.44992e+139
7.1481e+139
-8.55348e+139
9.60198e+139
-1.02309e+140
1.03877e+140
-1.00409e+140
9.18922e+139
-7.86758e+139
6.14702e+139
-4.12857e+139
1.93228e+139
3.16358e+138
-2.4997e+139
4.5184e+139
-6.2972e+139
7.78552e+139
-8.95359e+139
9.78578e+139
-1.02736e+140
1.04103e+140
-1.0189e+140
9.60445e+139
-8.6575e+139
7.36114e+139
-5.74511e+139
3.85765e+139
-1.76339e+139
-4.624e+138
2.74175e+139
-5.00186e+139
7.18067e+139
-9.22823e+139
1.11034e+140
-1.27665e+140
1.41699e+140
-1.52502e+140
1.59254e+140
-1.60998e+140
1.56793e+140
-1.45937e+140
1.28248e+140
-1.04303e+140
7.55765e+139
-4.44021e+139
1.3713e+139
1.34036e+139
-3.42619e+139
4.7108e+139
-5.14789e+139
4.82778e+139
-3.95262e+139
2.78497e+139
-1.58432e+139
5.50391e+138
2.09498e+138
-6.79552e+138
9.03216e+138
-9.3287e+138
7.81693e+138
-3.97599e+138
-3.28521e+138
1.52053e+139
-3.25406e+139
5.49504e+139
-8.06347e+139
1.06394e+140
-1.28151e+140
1.41834e+140
-1.44374e+140
1.34549e+140
-1.13408e+140
8.41394e+139
-5.13887e+139
2.02134e+139
5.05423e+138
-2.17188e+139
2.91656e+139
-2.87351e+139
2.30974e+139
-1.53471e+139
8.11506e+138
-2.97293e+138
2.95355e+137
4.19992e+137
6.57068e+136
-1.3881e+138
4.00565e+138
-9.21776e+138
1.875e+139
-3.40432e+139
5.54994e+139
-8.19634e+139
1.10654e+140
-1.37613e+140
1.58572e+140
-1.70006e+140
1.7006e+140
-1.5908e+140
1.39576e+140
-1.15626e+140
9.18714e+139
-7.23986e+139
5.98048e+139
-5.47123e+139
5.58427e+139
-6.06035e+139
6.59884e+139
-6.95055e+139
6.98598e+139
-6.72025e+139
6.291e+139
-5.90041e+139
5.74278e+139
-5.94204e+139
6.51768e+139
-7.38648e+139
8.39517e+139
-9.36944e+139
1.01618e+140
-1.06841e+140
1.09173e+140
-1.09e+140
1.07042e+140
-1.04059e+140
1.00603e+140
-9.6855e+139
9.25479e+139
-8.69772e+139
7.908e+139
-6.75779e+139
5.11799e+139
-2.88352e+139
4.71081e+135
3.50984e+139
-7.53582e+139
1.1875e+140
-1.62504e+140
2.03424e+140
-2.38318e+140
2.64437e+140
-2.79856e+140
2.83699e+140
-2.7617e+140
2.58399e+140
-2.3215e+140
1.9946e+140
-1.62321e+140
1.22453e+140
-8.12135e+139
3.96417e+139
1.41014e+138
-4.11153e+139
7.85363e+139
-1.12554e+140
1.41877e+140
-1.65127e+140
1.80983e+140
-1.88355e+140
1.86568e+140
-1.75523e+140
1.5581e+140
-1.2873e+140
9.62071e+139
-6.05796e+139
2.42868e+139
1.04894e+139
-4.21519e+139
6.9898e+139
-9.37478e+139
1.14376e+140
-1.32788e+140
1.49946e+140
-1.66448e+140
1.82391e+140
-1.97429e+140
2.11038e+140
-2.22843e+140
2.32894e+140
-2.41745e+140
2.50269e+140
-2.59243e+140
2.68826e+140
-2.78107e+140
2.84917e+140
-2.86015e+140
2.77659e+140
-2.56443e+140
2.20197e+140
-1.68679e+140
1.0388e+140
-2.97975e+139
-4.82552e+139
1.24661e+140
-1.94561e+140
2.54691e+140
-3.03806e+140
3.42593e+140
-3.73184e+140
3.98454e+140
-4.21386e+140
4.44711e+140
-4.70936e+140
5.02652e+140
-5.4289e+140
5.95174e+140
-6.62985e+140
7.4852e+140
-8.50913e+140
9.64405e+140
-1.07715e+141
1.17135e+141
-1.22521e+141
1.2166e+141
-1.12791e+141
9.50829e+140
-6.8982e+140
3.63004e+140
