8.85581e-164
1.45328e-163
2.33072e-163
3.14206e-162
1.42479e-160
6.56006e-159
2.99935e-157
1.36173e-155
6.13932e-154
2.74882e-152
1.22236e-150
5.39889e-149
2.36865e-147
1.03233e-145
4.46994e-144
1.92302e-142
8.2207e-141
3.49237e-139
1.47457e-137
6.18861e-136
2.58199e-134
1.07103e-132
4.41766e-131
1.81211e-129
7.39324e-128
3.0006e-126
1.21163e-124
4.86833e-123
1.94675e-121
7.74867e-120
3.07044e-118
1.21143e-116
4.75986e-115
1.86276e-113
7.262e-112
2.82074e-110
1.09181e-108
4.21191e-107
1.61965e-105
6.20932e-104
2.37361e-102
9.04854e-101
3.44043e-99
1.30487e-97
4.93743e-96
1.86408e-94
7.02272e-93
2.64043e-91
9.90866e-90
3.71167e-88
1.38796e-86
5.18174e-85
1.93152e-83
7.18925e-82
2.67212e-80
9.91855e-79
3.67693e-77
1.36143e-75
5.03498e-74
1.86002e-72
6.864e-71
2.53043e-69
9.31944e-68
3.42909e-66
1.2606e-64
4.63024e-63
1.6993e-61
6.23146e-60
2.28337e-58
8.36064e-57
3.05909e-55
1.11852e-53
4.087e-52
1.4924e-50
5.4462e-49
1.98628e-47
7.2399e-46
2.63742e-44
9.6026e-43
3.49434e-41
1.27091e-39
4.62001e-38
1.67863e-36
6.09615e-35
2.21287e-33
8.02905e-32
2.91202e-30
1.05574e-28
3.82612e-27
1.38613e-25
5.01973e-24
1.8171e-22
6.57473e-21
2.37774e-19
8.59483e-18
3.10538e-16
1.1216e-14
4.05026e-13
1.46278e-11
5.28314e-10
1.90509e-08
6.86648e-07
2.5115e-05
0.000927604
0.0302612
0.162906
0.353385
0.552666
0.727083
0.857684
0.940119
0.981445
0.995176
0.998752
0.999679
0.999918
0.999979
0.999995
0.999999
1
1
1
1
1
1
1
1
1
1
1
1
1
1
1
1
1
1
1
1
1
1
1
1
1
1
1
1
1
1
1
1
1
1
1
1
1
1
1
1
1
1
1
1
1
1
1
1
1
1
1
1
1
1
1
1
1
1
1
1
1
1
1
1
1
1
1
1
1
1
1
1
1
1
1
1
1
1
1
1
1
1
1
1
1
1
1
1
1
1
1
1
1
1
1
1
1
1
1
1
1
1
1
1
1
1
1
1
1
1
1
1
1
1
1
1
1
1
1
1
1
1
1
1
1
1
1
1
1
1
1
1
1
1
1
1
1
1
1
1
1
1
1
1
1
1
1
1
1
1
1
1
1
1
1
1
1
1
1
1
1
1
1
1
1
1
1
1
1
1
1
1
1
1
1
1
1
1
1
1
1
1
1
1
1
1
1
1
1
1
1
1
1
1
1
1
1
1
1
1
1
1
1
1
1
1
1
1
1
1
1
1
1
1
1
1
1
1
1
1
1
1
1
1
1
1
1
1
1
1
1
1
1
1
1
1
1
1
0.999999
0.999975
0.999072
0.969739
0.837094
0.646615
0.447334
0.272917
0.142316
0.0598811
0.018555
0.00482352
0.00124775
0.000320997
8.2037e-05
2.08038e-05
5.22764e-06
1.29969e-06
3.19176e-07
7.72885e-08
1.84206e-08
4.31309e-09
9.90281e-10
2.22541e-10
4.88597e-11
1.04619e-11
2.18091e-12
4.41878e-13
8.68748e-14
1.65469e-14
3.04848e-15
5.42395e-16
9.30535e-17
1.5369e-17
2.43981e-18
3.71655e-19
5.4231e-20
7.56648e-21
1.0075e-21
1.27767e-22
1.53979e-23
1.75932e-24
1.90082e-25
1.93651e-26
1.85445e-27
1.66342e-28
1.39209e-29
1.0821e-30
7.77269e-32
5.12864e-33
3.08696e-34
1.68095e-35
8.19803e-37
3.53677e-38
1.32866e-39
4.25774e-41
1.13157e-42
2.39439e-44
3.78187e-46
3.96343e-48
2.0671e-50
4.05655e-214
2.32979e-213
1.3258e-212
7.47538e-212
4.17608e-211
2.3114e-210
1.26747e-209
6.88568e-209
3.70585e-208
1.97582e-207
1.04354e-206
5.45959e-206
2.82932e-205
1.45231e-204
7.3837e-204
3.71797e-203
1.85412e-202
9.15688e-202
4.47833e-201
2.16881e-200
1.04002e-199
4.93805e-199
2.32134e-198
1.08036e-197
4.97763e-197
2.27026e-196
1.02496e-195
4.58022e-195
2.02579e-194
8.86762e-194
3.84148e-193
1.64681e-192
6.98586e-192
2.93226e-191
1.21777e-190
5.00362e-190
2.03393e-189
8.17885e-189
3.25334e-188
1.28002e-187
4.98119e-187
1.9171e-186
7.29663e-186
2.74622e-185
1.022e-184
3.76041e-184
1.36788e-183
4.91873e-183
1.74827e-182
6.14141e-182
2.132e-181
7.31336e-181
2.47859e-180
8.29842e-180
2.74431e-179
8.96311e-179
2.89075e-178
9.20507e-178
2.89363e-177
8.97826e-177
2.74923e-176
8.30673e-176
2.4762e-175
7.28133e-175
2.11174e-174
6.03962e-174
1.70315e-173
4.73489e-173
1.29751e-172
3.50425e-172
9.32587e-172
2.44524e-171
6.31559e-171
1.60649e-170
4.02364e-170
9.9204e-170
2.40709e-169
5.74617e-169
1.34912e-168
3.11433e-168
7.06592e-168
1.57511e-167
3.44855e-167
7.41293e-167
1.56392e-166
3.23707e-166
6.57102e-166
1.30762e-165
2.54987e-165
4.87032e-165
9.10732e-165
1.66618e-164
2.97917e-164
5.20137e-164
