1
1
1
1
1
1
1
1
1
1
1
1
1
1
1
1
1
1
1
1
1
1
1
1
1
1
1
1
1
1
1
1
1
1
1
1
1
1
1
1
1
1
1
1
1
1
1
1
1
1
1
1
1
1
1
1
1
1
1
1
1
1
1
1
1
1
1
1
1
1
1
1
1
1
1
1
1
1
1
1
1
1
1
1
1
1
1
1
0.999996
0.999865
0.99517
0.903624
0.693063
0.448081
0.235121
0.0923031
0.0249231
0.00602362
0.00141775
0.000322888
7.06656e-05
1.47586e-05
2.9207e-06
5.43833e-07
9.45961e-08
1.52587e-08
2.26479e-09
3.06724e-10
3.75465e-11
4.10899e-12
3.96778e-13
3.32608e-14
2.37008e-15
1.39532e-16
6.51397e-18
2.26042e-19
5.18216e-21
5.88649e-23
0
0
0
0
0
0
0
0
0
0
0
0
1.18576e-322
6.0859e-320
2.32274e-317
7.07674e-315
1.79425e-312
3.89529e-310
7.39227e-308
1.24549e-305
1.88558e-303
2.5895e-301
3.25084e-299
3.75436e-297
4.01009e-295
3.97954e-293
3.68382e-291
3.1921e-289
2.59734e-287
1.99018e-285
1.43975e-283
9.85714e-282
6.40081e-280
3.95023e-278
2.32132e-276
1.30118e-274
6.96849e-273
3.57111e-271
1.75367e-269
8.26309e-268
3.74044e-266
1.62847e-264
6.82601e-263
2.75744e-261
1.07443e-259
4.04151e-258
1.46866e-256
5.15951e-255
1.75338e-253
5.76729e-252
1.83706e-250
5.66946e-249
1.69597e-247
4.91968e-246
1.38441e-244
3.78059e-243
1.00226e-241
2.58028e-240
6.45308e-239
1.56826e-237
3.7047e-236
8.5096e-235
1.90115e-233
4.13244e-232
8.74191e-231
1.80028e-229
3.61021e-228
7.05181e-227
1.34202e-225
2.48896e-224
4.49965e-223
7.9312e-222
1.36329e-220
2.28563e-219
3.73823e-218
5.96531e-217
9.28891e-216
1.4116e-214
2.09369e-213
3.03117e-212
4.28385e-211
5.91036e-210
7.9612e-209
1.04702e-207
1.34454e-206
1.68604e-205
2.06477e-204
2.46963e-203
2.88532e-202
3.2932e-201
3.67252e-200
4.00226e-199
4.263e-198
4.43885e-197
4.51908e-196
4.49911e-195
4.38092e-194
4.17273e-193
3.88801e-192
3.54409e-191
3.16043e-190
2.75689e-189
2.35217e-188
1.9625e-187
1.60079e-186
1.27618e-185
9.93995e-185
7.56101e-184
5.61448e-183
4.0679e-182
2.87445e-181
1.97993e-180
1.32878e-179
8.68519e-179
5.52678e-178
3.4231e-177
2.06334e-176
1.21043e-175
6.91241e-175
3.8442e-174
2.08301e-173
1.10028e-172
5.66742e-172
2.84648e-171
1.393e-170
6.63149e-170
3.06311e-169
1.36806e-168
5.88504e-168
2.42962e-167
9.60347e-167
3.63036e-166
1.31556e-165
4.5949e-165
1.48953e-164
4.36994e-164
1.74452e-162
1.79457e-160
1.82623e-158
1.82912e-156
1.80313e-154
1.74948e-152
1.67066e-150
1.57024e-148
1.45259e-146
1.32256e-144
1.18517e-142
1.0453e-140
9.07388e-139
7.75232e-137
6.51862e-135
5.39463e-133
4.39386e-131
3.52212e-129
2.77865e-127
2.1574e-125
1.64851e-123
1.23968e-121
9.17453e-120
6.68206e-118
4.78946e-116
3.37838e-114
2.34517e-112
1.60208e-110
1.07705e-108
7.12569e-107
4.63942e-105
2.97266e-103
1.87447e-101
1.16324e-99
7.10428e-98
4.27019e-96
2.52616e-94
1.47088e-92
8.42972e-91
4.75547e-89
2.64085e-87
1.44376e-85
7.7711e-84
4.11859e-82
2.14952e-80
1.10489e-78
5.59418e-77
2.79042e-75
1.3715e-73
6.64366e-72
3.17249e-70
1.49378e-68
6.93729e-67
3.17864e-65
1.43744e-63
6.41789e-62
2.83024e-60
1.23329e-58
5.31269e-57
2.26349e-55
9.5427e-54
3.98308e-52
1.64684e-50
6.74844e-49
2.74228e-47
1.10563e-45
4.42518e-44
1.75914e-42
6.94923e-41
2.72927e-39
1.06617e-37
4.14437e-36
1.60367e-34
6.17942e-33
2.37195e-31
9.07232e-30
3.45865e-28
1.31456e-26
4.9824e-25
1.88354e-23
7.10344e-22
2.67299e-20
1.00373e-18
3.76158e-17
1.40702e-15
5.25359e-14
1.95835e-12
7.28772e-11
2.70907e-09
1.0088e-07
3.75514e-06
0.000134761
0.00483016
0.0963763
0.306937
0.551919
0.764879
0.907697
0.975077
0.993976
0.998582
0.999677
0.999929
0.999985
0.999997
0.999999
1
1
1
1
1
1
1
1
1
1
1
1
1
1
1
1
1
1
1
1
1
1
1
1
1
1
1
1
1
1
1
1
1
1
1
1
1
1
1
1
1
1
1
1
1
1
1
1
1
1
1
1
1
1
1
1
1
1
1
1
1
1
1
1
1
1
1
1
1
1
1
1
1
1
1
1
1
1
1
1
1
1
1
1
1
1
1
1
1
1
1
1
1
1
1
1
1
1
1
1
1
1
1
1
1
1
1
1
1
1
1
1
1
1
1
1
1
1
1
1
1
1
1
1
1
1
1
1
1
1
1
1
1
1
1
1
1
1
1
1
1
1
1
1
1
1
1
1
1
1
1
1
