1
1
1
1
1
1
1
1
1
1
1
1
1
1
1
1
1
1
1
1
1
1
1
1
1
1
1
1
1
1
1
1
1
1
1
1
1
1
1
1
1
1
1
1
1
1
1
1
1
1
1
1
1
1
1
1
1
1
1
1
1
1
1
1
1
1
1
1
1
1
1
1
1
1
1
1
1
1
1
1
1
1
1
1
1
1
1
1
1
1
1
1
1
1
1
1
1
1
1
1
1
1
1
1
1
1
1
1
1
1
1
1
1
1
1
0.999995
0.999828
0.993404
0.894419
0.686028
0.448106
0.241064
0.0995198
0.0284434
0.00699615
0.0016856
0.000395946
9.01787e-05
1.98011e-05
4.16749e-06
8.35873e-07
1.58848e-07
2.84375e-08
4.7679e-09
7.44144e-10
1.07421e-10
1.42428e-11
1.72099e-12
1.87823e-13
1.83196e-14
1.57657e-15
1.17805e-16
7.48554e-18
3.93168e-19
1.63853e-20
5.07918e-22
1.04094e-23
1.05781e-25
3.71146e-312
3.01742e-310
2.32968e-308
1.71148e-306
1.19851e-304
8.01382e-303
5.12434e-301
3.13813e-299
1.84304e-297
1.0394e-295
5.63555e-294
2.94096e-292
1.47877e-290
7.17136e-289
3.35737e-287
1.51871e-285
6.64331e-284
2.81229e-282
1.15296e-280
4.58079e-279
1.76484e-277
6.5973e-276
2.39418e-274
8.43908e-273
2.89059e-271
9.62551e-270
3.11733e-268
9.82266e-267
3.01246e-265
8.99507e-264
2.61589e-262
7.41133e-261
2.04626e-259
5.50726e-258
1.44522e-256
3.69888e-255
9.2353e-254
2.25e-252
5.35018e-251
1.24196e-249
2.81516e-248
6.23231e-247
1.34785e-245
2.8482e-244
5.88207e-243
1.18743e-241
2.34363e-240
4.5233e-239
8.53863e-238
1.57675e-236
2.84874e-235
5.03648e-234
8.71462e-233
1.47597e-231
2.44721e-230
3.97266e-229
6.31471e-228
9.82949e-227
1.49849e-225
2.23747e-224
3.27247e-223
4.68853e-222
6.58067e-221
9.04902e-220
1.21915e-218
1.60939e-217
2.08182e-216
2.63892e-215
3.27823e-214
3.9913e-213
4.76303e-212
5.57162e-211
6.38921e-210
7.18325e-209
7.91853e-208
8.55979e-207
9.07445e-206
9.43543e-205
9.62343e-204
9.62865e-203
9.45155e-202
9.10276e-201
8.60197e-200
7.97608e-199
7.25691e-198
6.47851e-197
5.67465e-196
4.87653e-195
4.11096e-194
3.39921e-193
2.75643e-192
2.19162e-191
1.70821e-190
1.3049e-189
9.76705e-189
7.16123e-188
5.14203e-187
3.61483e-186
2.48734e-185
1.67482e-184
1.1033e-183
7.10924e-183
4.48018e-182
2.76099e-181
1.66383e-180
9.80462e-180
5.65004e-179
3.18425e-178
1.75524e-177
9.46389e-177
4.99111e-176
2.57429e-175
1.29809e-174
6.39595e-174
3.07685e-173
1.44364e-172
6.59822e-172
2.93377e-171
1.26728e-170
5.31203e-170
2.15894e-169
8.50632e-169
3.25128e-168
1.20733e-167
4.36318e-167
1.53566e-166
5.25897e-166
1.74861e-165
5.62552e-165
1.78376e-164
4.96179e-164
4.51923e-163
3.84484e-161
3.41628e-159
2.99155e-157
2.5826e-155
2.19803e-153
1.84425e-151
1.52551e-149
1.24398e-147
1.00003e-145
7.92522e-144
6.19155e-142
4.76844e-140
3.62023e-138
2.70942e-136
1.99891e-134
1.45372e-132
1.04216e-130
7.36466e-129
5.13018e-127
3.52265e-125
2.3843e-123
1.59077e-121
1.04618e-119
6.78193e-118
4.33364e-116
2.72965e-114
1.69479e-112
1.03725e-110
6.25769e-109
3.72149e-107
2.18172e-105
1.26088e-103
7.18375e-102
4.03505e-100
2.23452e-98
1.22006e-96
6.56847e-95
3.48709e-93
1.82562e-91
9.42643e-90
4.80082e-88
2.41194e-86
1.19551e-84
5.84714e-83
2.8223e-81
1.34466e-79
6.32489e-78
2.93781e-76
1.34781e-74
6.10911e-73
2.73651e-71
1.21177e-69
5.30623e-68
2.29853e-66
9.85315e-65
4.18147e-63
1.75749e-61
7.31897e-60
3.02129e-58
1.23685e-56
5.02361e-55
2.02532e-53
8.10853e-52
3.22522e-50
1.27506e-48
5.01238e-47
1.96006e-45
7.62738e-44
2.95472e-42
1.13983e-40
4.3801e-39
1.67715e-37
6.40062e-36
2.43523e-34
9.23893e-33
3.49589e-31
1.31956e-29
4.96939e-28
1.86744e-26
7.00356e-25
2.62164e-23
9.79638e-22
3.65465e-20
1.36131e-18
5.06323e-17
1.88048e-15
6.97387e-14
2.58233e-12
9.54712e-11
3.52808e-09
1.30619e-07
4.80593e-06
0.000171614
0.00659601
0.105581
0.313972
0.551894
0.758936
0.90048
0.971557
0.993004
0.998314
0.999604
0.99991
0.99998
0.999996
0.999999
1
1
1
1
1
1
1
1
1
1
1
1
1
1
1
1
1
1
1
1
1
1
1
1
1
1
1
1
1
1
1
1
1
1
1
1
1
1
1
1
1
1
1
1
1
1
1
1
1
1
1
1
1
1
1
1
1
1
1
1
1
1
1
1
1
1
1
1
1
1
1
1
1
1
1
1
1
1
1
1
1
1
1
1
1
1
1
1
1
1
1
1
1
1
1
1
1
1
1
1
1
1
1
1
1
1
1
1
1
1
1
1
1
1
1
1
1
1
1
1
1
1
1
1
1
