1
1
1
1
1
1
1
1
1
1
1
1
1
1
1
1
1
1
1
1
1
1
1
1
1
1
1
1
1
1
1
1
1
1
1
1
1
1
1
1
1
1
1
1
0.99999
0.999626
0.98452
0.818662
0.517713
0.229776
0.0603568
0.0119484
0.00206831
0.000300757
3.49535e-05
3.02399e-06
1.7234e-07
4.83874e-09
4.99778e-102
1.2446e-99
2.84718e-97
6.19186e-95
1.2813e-92
2.52508e-90
4.7428e-88
8.49657e-86
1.45274e-83
2.37206e-81
3.70086e-79
5.51996e-77
7.87457e-75
1.07488e-72
1.40444e-70
1.75714e-68
2.10577e-66
2.41793e-64
2.66084e-62
2.80698e-60
2.83923e-58
2.75418e-56
2.56267e-54
2.28759e-52
1.95939e-50
1.61062e-48
1.27078e-46
9.62553e-45
7.00076e-43
4.8902e-41
3.28159e-39
2.11617e-37
1.31187e-35
7.82176e-34
4.48781e-32
2.47958e-30
1.32037e-28
6.78305e-27
3.3658e-25
1.61548e-23
7.51255e-22
3.39129e-20
1.48918e-18
6.37571e-17
2.66779e-15
1.0936e-13
4.40171e-12
1.74365e-10
6.82038e-09
2.63673e-07
9.96312e-06
0.000373563
0.0154797
0.181338
0.482287
0.770224
0.939643
0.988052
0.997932
0.999699
0.999965
0.999997
1
1
1
1
1
1
1
1
