1.04095e-13
2.70624e-15
3.45793e-17
0
0
0
0
0
0
0
0
0
0
0
0
0
0
0
0
0
0
0
0
0
0
0
0
0
0
0
0
0
0
0
0
0
0
0
0
0
0
0
0
0
0
0
0
0
0
0
0
0
0
0
0
0
0
0
0
0
0
0
0
0
1.25295e-80
1.54837e-77
9.40941e-75
3.74945e-72
1.10217e-69
2.54927e-67
4.83247e-65
7.72144e-63
1.06147e-60
1.27518e-58
1.35526e-56
1.28692e-54
1.10075e-52
8.53835e-51
6.04091e-49
3.91747e-47
2.33844e-45
1.28965e-43
6.59248e-42
3.1326e-40
1.38722e-38
5.73808e-37
2.22157e-35
8.06572e-34
2.7508e-32
8.82674e-31
2.66879e-29
7.61409e-28
2.05261e-26
5.23561e-25
1.26529e-23
2.90124e-22
6.32103e-21
1.31067e-19
2.59093e-18
4.89218e-17
8.84217e-16
1.53337e-14
2.55806e-13
4.11734e-12
6.41469e-11
9.70779e-10
1.43223e-08
2.06672e-07
2.92636e-06
4.06278e-05
0.000557327
0.00757106
0.0878777
0.31644
0.599822
0.835812
0.960273
0.99219
0.998546
0.999747
0.99996
0.999994
0.999999
1
1
1
1
1
1
1
1
1
1
1
1
1
1
1
1
1
1
1
1
1
1
1
1
1
1
1
1
1
1
1
1
1
1
1
1
1
1
1
1
1
1
1
1
1
1
1
1
1
1
1
1
1
1
1
1
1
1
1
1
1
1
1
1
1
1
1
1
1
1
1
1
1
1
1
1
1
1
1
1
1
1
1
1
1
1
1
1
1
1
1
1
1
1
1
1
1
1
1
1
1
1
1
1
1
1
1
1
1
1
1
1
1
0.999997
0.999959
0.999443
0.992429
0.912122
0.68356
0.400178
0.164188
0.0397269
0.00780979
0.00145361
0.00025254
4.03637e-05
5.85502e-06
7.59568e-07
8.67217e-08
8.55558e-09
7.13144e-10
4.87638e-11
2.62375e-12
