1
1
1
1
1
1
1
1
1
1
1
1
1
1
1
1
1
1
1
1
1
1
1
1
1
1
1
1
1
1
1
1
1
1
1
1
1
1
1
1
1
0.999997
0.999884
0.996003
0.895432
0.618496
0.309029
0.0952702
0.0193672
0.00344058
0.000514719
6.16376e-05
5.49899e-06
3.23267e-07
9.36201e-09
8.41706e-104
2.34822e-101
6.01414e-99
1.45831e-96
3.35195e-94
7.31123e-92
1.51484e-89
2.98418e-87
5.59409e-85
9.98645e-83
1.69893e-80
2.75612e-78
4.26614e-76
6.30404e-74
8.89734e-72
1.19992e-69
1.54693e-67
1.90711e-65
2.24913e-63
2.53813e-61
2.74156e-59
2.83513e-57
2.80763e-55
2.66312e-53
2.41997e-51
2.10708e-49
1.75826e-47
1.40636e-45
1.07847e-43
7.9306e-42
5.59367e-40
3.78531e-38
2.45847e-36
1.53306e-34
9.18333e-33
5.28745e-31
2.9283e-29
1.56134e-27
8.02338e-26
3.97886e-24
1.90707e-22
8.85029e-21
3.98488e-19
1.74471e-17
7.4462e-16
3.10576e-14
1.26926e-12
5.09393e-11
2.01104e-09
7.84102e-08
3.04236e-06
0.000115983
0.0039972
0.104568
0.381504
0.690971
0.90473
0.980633
0.996559
0.999485
0.999938
0.999995
1
1
1
1
1
1
1
1
1
1
1
