1
1
1
1
1
1
1
1
1
1
1
1
1
1
1
1
1
1
1
1
1
1
1
1
1
1
1
1
1
0.999997
0.999963
0.999522
0.993838
0.931315
0.752808
0.518183
0.291671
0.123223
0.0332917
0.00726867
0.00156509
0.000330607
6.82924e-05
1.37413e-05
2.68138e-06
5.05127e-07
9.14645e-08
1.58516e-08
2.61857e-09
4.10642e-10
6.0887e-11
8.50157e-12
1.11327e-12
1.36131e-13
1.54734e-14
1.62676e-15
1.57315e-16
1.39065e-17
1.11567e-18
8.05475e-20
5.18026e-21
2.93097e-22
1.43608e-23
5.96902e-25
2.04625e-26
5.55441e-28
1.11928e-29
1.4885e-31
9.79861e-34
3.91084e-145
1.52264e-142
5.00805e-140
1.4295e-137
3.59722e-135
8.07962e-133
1.63607e-130
3.01152e-128
5.07394e-126
7.87111e-124
1.12994e-121
1.5077e-119
1.87712e-117
2.18807e-115
2.39522e-113
2.46898e-111
2.40238e-109
2.21143e-107
1.92968e-105
1.59906e-103
1.2605e-101
9.46636e-100
6.7826e-98
4.64246e-96
3.03921e-94
1.90511e-92
1.14465e-90
6.59845e-89
3.65271e-87
1.94339e-85
9.9452e-84
4.8989e-82
2.32442e-80
1.06302e-78
4.68863e-77
1.99562e-75
8.20111e-74
3.25576e-72
1.24919e-70
4.63443e-69
1.66322e-67
5.77651e-66
1.9423e-64
6.32506e-63
1.99557e-61
6.10204e-60
1.80897e-58
5.20087e-57
1.45059e-55
3.92619e-54
1.03154e-52
2.63156e-51
6.52055e-50
1.56974e-48
3.67257e-47
8.35307e-46
1.84752e-44
3.97506e-43
8.32251e-42
1.6962e-40
3.36651e-39
6.50938e-38
1.22673e-36
2.25433e-35
4.04177e-34
7.07393e-33
1.20936e-31
2.02095e-30
3.30359e-29
5.28687e-28
8.29046e-27
1.2751e-25
1.92547e-24
2.85781e-23
4.17377e-22
6.00531e-21
8.5226e-20
1.19441e-18
1.65494e-17
2.26959e-16
3.08412e-15
4.15716e-14
5.56414e-13
7.40201e-12
9.79481e-11
1.28995e-09
1.6911e-08
2.20661e-07
2.86612e-06
3.70038e-05
0.000477888
0.00616157
0.0686852
0.247192
0.481817
0.708329
0.876777
0.966708
0.992731
0.998435
0.999669
0.999932
0.999986
0.999997
0.999999
1
1
1
1
1
1
1
1
1
1
1
1
1
1
1
1
1
1
1
1
1
1
1
1
1
1
1
1
1
1
1
1
1
1
1
1
1
1
1
1
1
1
1
1
1
1
1
1
1
1
1
1
1
1
1
1
1
1
1
1
1
1
1
1
1
1
1
1
1
1
1
1
1
1
1
1
1
1
1
1
1
1
