1
1
1
1
1
1
1
1
1
1
1
1
1
1
1
1
1
1
1
1
1
1
1
1
1
1
1
1
1
1
0.999988
0.999547
0.981473
0.831967
0.580432
0.324615
0.134397
0.0367172
0.00849869
0.0018796
0.000392743
7.66131e-05
1.37844e-05
2.25894e-06
3.32651e-07
4.33575e-08
4.91349e-09
4.73509e-10
3.76823e-11
2.37531e-12
1.11119e-13
3.42773e-15
5.22793e-17
0
0
0
0
0
0
0
0
0
0
0
0
0
0
0
0
0
0
0
0
0
0
0
0
0
0
0
0
0
0
0
0
0
0
0
0
0
0
0
0
0
0
0
0
0
0
0
0
0
0
0
0
0
0
0
0
0
0
0
0
0
0
0
0
0
0
0
0
0
0
0
0
0
0
0
1e-263
9.6436e-261
4.59518e-258
1.45473e-255
3.46026e-253
6.6118e-251
1.05701e-248
1.45151e-246
1.74307e-244
1.85419e-242
1.76449e-240
1.51428e-238
1.18008e-236
8.40229e-235
5.4963e-233
3.31998e-231
1.86043e-229
9.71291e-228
4.74266e-226
2.17339e-224
9.3765e-223
3.81858e-221
1.47141e-219
5.37511e-218
1.86457e-216
6.1502e-215
1.93105e-213
5.77665e-212
1.64764e-210
4.48363e-209
1.16477e-207
2.8903e-206
6.85501e-205
1.55495e-203
3.37582e-202
7.01978e-201
1.39926e-199
2.67581e-198
4.91294e-197
8.66721e-196
1.4701e-194
2.39868e-193
3.76624e-192
5.69171e-191
8.27941e-190
1.15917e-188
1.56181e-187
2.02475e-186
2.52538e-185
3.03031e-184
3.49876e-183
3.88826e-182
4.16175e-181
4.29405e-180
4.27619e-179
4.11592e-178
3.83451e-177
3.46123e-176
3.02772e-175
2.5644e-174
2.09926e-173
1.6575e-172
1.26018e-171
9.21691e-171
6.47745e-170
4.36148e-169
2.7975e-168
1.69833e-167
9.73935e-167
5.24777e-166
2.65153e-165
1.53095e-164
1.64717e-163
2.59906e-161
4.14503e-159
6.46335e-157
9.85481e-155
1.4694e-152
2.14276e-150
3.05622e-148
4.26388e-146
5.81927e-144
7.76972e-142
1.01495e-139
1.2972e-137
1.62226e-135
1.98521e-133
2.37731e-131
2.78596e-129
3.19516e-127
3.58636e-125
3.93977e-123
4.23601e-121
4.45781e-119
4.59171e-117
4.62939e-115
4.56852e-113
4.413e-111
4.17259e-109
3.86182e-107
3.49861e-105
3.10255e-103
2.69316e-101
2.28837e-99
1.90331e-97
1.54958e-95
1.23492e-93
9.63349e-92
7.35611e-90
5.49838e-88
4.02294e-86
2.88124e-84
2.01998e-82
1.38629e-80
9.31346e-79
6.12531e-77
3.94388e-75
2.4861e-73
1.53439e-71
9.27283e-70
5.4876e-68
3.18049e-66
1.80552e-64
1.00408e-62
5.47112e-61
2.92152e-59
1.52923e-57
7.84847e-56
3.95079e-54
1.95131e-52
9.45997e-51
4.50373e-49
2.10667e-47
9.6875e-46
4.38215e-44
1.95128e-42
8.55907e-41
3.70122e-39
1.57917e-37
6.65341e-36
2.77054e-34
1.14121e-32
4.65393e-31
1.88056e-29
7.53565e-28
2.99674e-26
1.18353e-24
4.64518e-23
1.8129e-21
7.03927e-20
2.72059e-18
1.047e-16
4.01343e-15
1.53273e-13
5.83342e-12
2.21446e-10
8.39303e-09
3.16339e-07
1.17971e-05
0.000453154
0.0185267
0.168033
0.419568
0.675385
0.865603
0.963283
0.991501
0.99812
0.999607
0.999923
0.999986
0.999998
1
1
1
1
1
1
1
1
1
1
1
1
1
1
1
1
1
1
1
1
1
1
1
1
1
1
1
1
1
1
1
1
1
1
1
1
1
1
1
1
1
1
1
1
1
1
1
1
1
1
1
1
1
1
1
1
1
1
1
1
1
1
1
1
1
1
1
1
1
1
1
1
1
1
1
1
1
1
1
1
1
1
1
1
1
1
1
1
1
1
1
1
1
1
1
1
1
1
1
1
1
1
1
1
1
1
1
1
1
1
1
1
1
1
1
1
1
1
1
1
1
1
1
1
1
1
1
1
1
1
1
1
1
1
1
1
1
1
1
1
1
1
1
1
1
1
1
1
1
1
1
1
1
1
1
1
1
1
1
1
1
1
1
1
1
1
1
1
1
1
1
1
1
1
1
1
1
1
1
1
1
1
1
1
1
1
1
1
1
1
1
1
1
1
1
1
1
1
1
1
1
1
1
1
1
1
1
1
1
1
1
1
