1
1
1
1
1
1
1
1
0.999998
0.999924
0.996977
0.905352
0.590762
0.241069
0.0497779
0.00709603
0.000678106
3.21037e-05
0
0
0
0
0
0
0
0
0
0
0
0
0
0
5.69047e-98
2.82919e-94
6.91381e-91
1.10688e-87
1.30554e-84
1.20952e-81
9.16351e-79
5.83605e-76
3.18755e-73
1.51567e-70
6.34792e-68
2.36347e-65
7.88134e-63
2.36828e-60
6.44534e-58
1.59543e-55
3.60483e-53
7.45761e-51
1.41634e-48
2.47508e-46
3.98781e-44
5.93437e-42
8.16935e-40
1.04177e-37
1.23216e-35
1.35316e-33
1.3812e-31
1.3116e-29
1.15979e-27
9.55851e-26
7.34948e-24
5.27781e-22
3.54437e-20
2.22941e-18
1.31597e-16
7.30796e-15
3.83085e-13
1.90301e-11
8.98818e-10
4.05415e-08
1.77011e-06
7.57948e-05
0.00302264
0.0946484
0.409238
0.758931
0.950222
0.992904
0.999322
0.999968
1
1
1
1
1
1
1
1
1
1
1
1
1
1
1
1
1
1
1
1
1
1
1
1
1
1
1
1
1
1
1
1
1
1
1
1
1
1
1
1
1
1
1
1
1
1
