1
1
1
1
1
1
1
1
1
1
1
1
1
1
1
1
1
1
1
1
1
1
1
1
1
1
1
1
1
1
1
1
1
1
1
1
1
1
1
1
1
1
1
1
1
1
1
1
1
1
1
1
1
1
1
1
1
1
1
1
1
1
1
1
1
1
1
1
1
1
1
1
1
1
0.999994
0.999923
0.999027
0.987574
0.898924
0.719957
0.503564
0.298625
0.141092
0.0467248
0.0108102
0.0024241
0.000539312
0.000118928
2.59526e-05
5.59285e-06
1.1876e-06
2.4791e-07
5.0757e-08
1.0168e-08
1.98825e-09
3.78594e-10
7.00405e-11
1.25613e-11
2.17924e-12
3.64971e-13
5.88882e-14
9.13612e-15
1.36025e-15
1.9398e-16
2.64444e-17
3.43937e-18
4.25889e-19
5.01011e-20
5.58648e-21
5.88989e-22
5.85605e-23
5.47495e-24
4.79793e-25
3.9273e-26
2.99078e-27
2.1095e-28
1.37105e-29
8.16261e-31
4.42063e-32
2.15986e-33
9.42534e-35
3.62845e-36
1.21304e-37
3.45001e-39
8.11607e-41
1.51616e-42
2.10867e-44
1.94095e-46
8.86839e-49
4.10618e-98
1.55113e-96
5.29546e-95
1.76786e-93
5.77137e-92
1.84276e-90
5.75556e-89
1.75874e-87
5.2587e-86
1.53879e-84
4.40724e-83
1.23566e-81
3.39187e-80
9.11676e-79
2.39972e-77
6.18666e-76
1.56236e-74
3.86536e-73
9.36993e-72
2.22575e-70
5.18159e-69
1.18237e-67
2.64484e-66
5.80044e-65
1.24737e-63
2.63067e-62
5.44169e-61
1.10424e-59
2.19849e-58
4.29525e-57
8.23631e-56
1.55038e-54
2.86547e-53
5.2011e-52
9.2734e-51
1.62456e-49
2.79706e-48
4.7344e-47
7.88065e-46
1.29045e-44
2.07954e-43
3.2992e-42
5.15532e-41
7.93796e-40
1.20499e-38
1.8043e-37
2.66642e-36
3.89133e-35
5.6116e-34
8.00152e-33
1.12887e-31
1.57685e-30
2.18228e-29
2.99432e-28
4.07604e-27
5.50825e-26
7.39413e-25
9.86532e-24
1.30894e-22
1.72798e-21
2.27079e-20
2.97191e-19
3.87529e-18
5.03679e-17
6.52719e-16
8.43576e-15
1.08743e-13
1.39817e-12
1.79302e-11
2.29342e-10
2.92649e-09
3.72742e-08
4.74262e-07
6.03139e-06
7.68218e-05
0.000973473
0.0124258
0.101076
0.280043
0.496436
0.701375
0.858908
0.953275
0.98919
0.997576
0.999461
0.999881
0.999974
0.999994
0.999999
1
1
1
1
1
1
1
1
1
1
1
1
1
1
1
1
1
1
1
1
1
1
1
1
1
1
1
1
1
1
1
1
1
1
1
1
1
