1
1
1
1
1
1
1
1
1
1
1
1
1
1
1
1
1
1
1
1
1
1
1
1
1
1
1
1
1
1
1
1
1
1
1
1
1
1
1
1
1
1
1
1
1
1
1
1
1
1
1
1
1
1
1
1
1
1
1
1
1
1
1
1
1
1
1
1
1
1
1
1
1
1
1
1
1
1
1
1
1
1
1
1
1
1
1
1
1
1
1
1
1
1
1
1
1
1
1
1
1
1
1
1
1
1
1
1
1
1
1
1
1
1
1
1
1
1
1
1
1
1
1
1
1
1
1
1
1
1
1
1
1
1
1
1
1
1
1
1
1
1
1
1
1
1
1
1
1
1
1
1
1
1
1
1
1
1
1
1
1
1
1
1
1
1
1
1
1
1
1
1
1
1
1
1
1
1
1
1
1
1
1
1
1
1
1
1
1
1
1
0.999999
0.999945
0.998088
0.946424
0.777418
0.558071
0.345345
0.177533
0.0705793
0.0199197
0.00502332
0.00125162
0.000307289
7.41042e-05
1.74937e-05
4.02811e-06
9.01365e-07
1.95286e-07
4.08153e-08
8.19952e-09
1.5777e-09
2.89741e-10
5.0608e-11
8.37744e-12
1.30949e-12
1.92545e-13
2.65238e-14
3.40802e-15
4.06463e-16
4.47542e-17
4.52117e-18
4.16063e-19
3.45847e-20
2.57045e-21
1.68695e-22
9.62272e-24
4.67326e-25
1.87856e-26
6.00042e-28
1.42779e-29
2.24969e-31
1.76049e-33
1.31981e-261
2.12056e-260
3.35678e-259
5.23544e-258
8.04565e-257
1.21834e-255
1.81801e-254
2.6734e-253
3.87426e-252
5.53336e-251
7.78901e-250
1.08065e-248
1.47779e-247
1.99197e-246
2.64673e-245
3.46664e-244
4.47606e-243
5.69754e-242
7.14984e-241
8.84585e-240
1.07903e-238
1.29775e-237
1.53897e-236
1.79956e-235
2.07499e-234
2.35937e-233
2.64558e-232
2.92555e-231
3.1906e-230
3.43188e-229
3.64083e-228
3.80972e-227
3.93209e-226
4.00318e-225
4.02022e-224
3.98262e-223
3.89198e-222
3.752e-221
3.56822e-220
3.34764e-219
3.09832e-218
2.82886e-217
2.54796e-216
2.26392e-215
1.98431e-214
1.71563e-213
1.46315e-212
1.2308e-211
1.02118e-210
8.35621e-210
6.74345e-209
5.36653e-208
4.21129e-207
3.25848e-206
2.48578e-205
1.86948e-204
1.38599e-203
1.01284e-202
7.29503e-202
5.1783e-201
3.62231e-200
2.49682e-199
1.69575e-198
1.13469e-197
7.48001e-197
4.8575e-196
3.10729e-195
1.95789e-194
1.2151e-193
7.42734e-193
4.47131e-192
2.65094e-191
1.54779e-190
8.89935e-190
5.03867e-189
2.80908e-188
1.54198e-187
8.33342e-187
4.43365e-186
2.32191e-185
1.19679e-184
6.07028e-184
3.02932e-183
1.48709e-182
7.17945e-182
3.40803e-181
1.59025e-180
7.29234e-180
3.28546e-179
1.45393e-178
6.31836e-178
2.69578e-177
1.12901e-176
4.64049e-176
1.87161e-175
7.40618e-175
2.87503e-174
1.09472e-173
4.08801e-173
1.49689e-172
5.3733e-172
1.8903e-171
6.51456e-171
2.19828e-170
7.25844e-170
2.34327e-169
7.38942e-169
2.27372e-168
6.81837e-168
1.99019e-167
5.64752e-167
1.55652e-166
4.16482e-166
1.08211e-165
2.73094e-165
6.68264e-165
1.57803e-164
3.67667e-164
8.15275e-164
5.20116e-163
3.29592e-161
2.18486e-159
1.43314e-157
9.29592e-156
5.96266e-154
3.78207e-152
2.37224e-150
1.47138e-148
9.0246e-147
5.47354e-145
3.28281e-143
1.94698e-141
1.14187e-139
6.62235e-138
3.79799e-136
2.154e-134
1.20807e-132
6.7004e-131
3.67519e-129
1.9936e-127
1.06951e-125
5.67463e-124
2.97788e-122
1.54566e-120
7.93546e-119
4.03002e-117
2.02461e-115
1.00624e-113
4.94792e-112
2.40731e-110
1.15896e-108
5.5217e-107
2.6037e-105
1.21527e-103
5.61523e-102
2.56884e-100
1.16371e-98
5.22108e-97
2.32036e-95
1.02166e-93
4.45766e-92
1.9277e-90
8.26427e-89
3.51319e-87
1.48128e-85
6.19622e-84
2.57207e-82
1.05981e-80
4.33599e-79
1.76193e-77
7.11309e-76
2.85385e-74
1.13825e-72
4.51449e-71
1.78105e-69
6.99148e-68
2.73156e-66
1.06249e-64
4.11559e-63
1.58797e-61
6.10467e-60
2.33882e-58
8.93187e-57
3.40086e-55
1.29128e-53
4.89007e-52
1.84734e-50
6.96279e-49
2.61869e-47
9.82894e-46
3.68216e-44
1.37696e-42
5.14045e-41
1.91596e-39
7.1304e-38
2.64982e-36
9.83387e-35
3.64475e-33
1.34919e-31
4.98839e-30
1.84227e-28
6.79626e-27
2.50459e-25
9.22099e-24
3.39176e-22
1.24654e-20
4.57769e-19
1.67976e-17
6.15871e-16
2.25606e-14
8.25714e-13
3.01941e-11
1.10261e-09
4.02325e-08
1.47656e-06
5.45707e-05
0.00191209
0.0535758
0.222582
0.441929
0.654655
0.822467
0.929421
0.98008
0.994977
0.998748
0.999693
0.999926
0.999983
0.999996
0.999999
1
1
1
1
1
1
1
1
1
1
1
1
1
1
1
1
1
1
1
1
1
1
1
1
1
1
1
1
1
1
1
1
1
1
1
1
1
1
1
1
1
1
1
1
1
1
1
1
