1
1
1
1
1
1
1
1
1
1
1
1
1
1
1
1
1
1
1
1
1
1
1
1
1
1
1
1
1
1
1
1
1
1
1
1
1
1
1
1
1
1
1
0.999998
0.999913
0.997027
0.921399
0.707244
0.447942
0.222864
0.0785256
0.0193634
0.0044758
0.000990484
0.000207797
4.09026e-05
7.47468e-06
1.25447e-06
1.91156e-07
2.61171e-08
3.15377e-09
3.30841e-10
2.95019e-11
2.17232e-12
1.26721e-13
5.48799e-15
1.56797e-16
2.21618e-18
0
0
0
0
0
0
0
0
0
0
0
0
0
0
0
0
0
0
0
0
0
0
0
0
0
0
0
0
0
0
0
0
0
0
0
0
0
0
0
0
0
0
0
0
0
0
0
0
0
0
0
0
0
0
0
0
0
0
0
0
1e-278
1.09936e-275
5.98211e-273
2.16041e-270
5.84785e-268
1.26816e-265
2.29644e-263
3.56946e-261
4.85461e-259
5.85821e-257
6.33894e-255
6.20211e-253
5.52496e-251
4.50768e-249
3.3859e-247
2.35246e-245
1.51825e-243
9.13761e-242
5.14683e-240
2.722e-238
1.35576e-236
6.37683e-235
2.8394e-233
1.19951e-231
4.81716e-230
1.84218e-228
6.7185e-227
2.33978e-225
7.78959e-224
2.48142e-222
7.56978e-221
2.21292e-219
6.20321e-218
1.66834e-216
4.30725e-215
1.06806e-213
2.54505e-212
5.83096e-211
1.2852e-209
2.7267e-208
5.57181e-207
1.09725e-205
2.08363e-204
3.8175e-203
6.7516e-202
1.15319e-200
1.90296e-199
3.03475e-198
4.67818e-197
6.97188e-196
1.00455e-194
1.39944e-193
1.88489e-192
2.4545e-191
3.09018e-190
3.76163e-189
4.42787e-188
5.04131e-187
5.55361e-186
5.9225e-185
6.11789e-184
6.12596e-183
5.95038e-182
5.6105e-181
5.13747e-180
4.56937e-179
3.9467e-178
3.30856e-177
2.68974e-176
2.11842e-175
1.61458e-174
1.18935e-173
8.45505e-173
5.79009e-172
3.81155e-171
2.40666e-170
1.45478e-169
8.40745e-169
4.64047e-168
2.44295e-167
1.23329e-166
6.11771e-166
2.99439e-165
1.44131e-164
9.69156e-164
1.1612e-161
1.63964e-159
2.2662e-157
3.06916e-155
4.07322e-153
5.29754e-151
6.75228e-149
8.43504e-147
1.03277e-144
1.2394e-142
1.45792e-140
1.68104e-138
1.90003e-136
2.10519e-134
2.28656e-132
2.43468e-130
2.54142e-128
2.60072e-126
2.60914e-124
2.56623e-122
2.47451e-120
2.33928e-118
2.16808e-116
1.97001e-114
1.75495e-112
1.53272e-110
1.31239e-108
1.10169e-106
9.06688e-105
7.31562e-103
5.78681e-101
4.48766e-99
3.41188e-97
2.54306e-95
1.85828e-93
1.33124e-91
9.3497e-90
6.43775e-88
4.34584e-86
2.87622e-84
1.86635e-82
1.18739e-80
7.40708e-79
4.53076e-77
2.71764e-75
1.5986e-73
9.22264e-72
5.21891e-70
2.89713e-68
1.5779e-66
8.43314e-65
4.42363e-63
2.27795e-61
1.15185e-59
5.72085e-58
2.79176e-56
1.33909e-54
6.31587e-53
2.93055e-51
1.33837e-49
6.01939e-48
2.66772e-46
1.16579e-44
5.02668e-43
2.14013e-41
9.0036e-40
3.74576e-38
1.54221e-36
6.28865e-35
2.54161e-33
1.01887e-31
4.05398e-30
1.6021e-28
6.29226e-27
2.45741e-25
9.54813e-24
3.69252e-22
1.42188e-20
5.45365e-19
2.08421e-17
7.93899e-16
3.0152e-14
1.14219e-12
4.31534e-11
1.62508e-09
6.10903e-08
2.30652e-06
8.65015e-05
0.00297335
0.0786008
0.292756
0.552058
0.777136
0.921474
0.980637
0.995524
0.99901
0.999792
0.999959
0.999993
0.999999
1
1
1
1
1
1
1
1
1
1
1
1
1
1
1
1
1
1
1
1
1
1
1
1
1
1
1
1
1
1
1
1
1
1
1
1
1
1
1
1
1
1
1
1
1
1
1
1
1
1
1
1
1
1
1
1
1
1
1
1
1
1
1
1
1
1
1
1
1
1
1
1
1
1
1
1
1
1
1
1
1
1
1
1
1
1
1
1
1
1
1
1
1
1
1
1
1
1
1
1
1
1
1
1
1
1
1
1
1
1
1
1
1
1
1
1
1
1
1
1
1
1
1
1
1
1
1
1
1
1
1
1
1
1
1
1
1
1
1
1
1
1
1
1
1
1
1
1
1
1
1
1
1
1
1
1
1
1
1
1
1
1
1
1
1
1
1
1
1
1
1
1
1
1
1
1
1
1
1
1
1
1
1
1
1
1
1
1
1
1
1
1
1
1
1
1
1
1
