1
1
1
1
1
1
1
1
1
1
1
1
1
1
1
1
1
1
1
1
1
1
1
1
1
1
1
1
1
1
1
1
1
1
1
1
1
1
1
1
1
1
1
1
1
1
1
1
1
1
1
1
1
0.999999
0.999992
0.999892
0.998642
0.982108
0.874999
0.6795
0.453436
0.249713
0.104325
0.0283204
0.00630471
0.00139159
0.000303463
6.52639e-05
1.38101e-05
2.86707e-06
5.82184e-07
1.1527e-07
2.21859e-08
4.13844e-09
7.45969e-10
1.29567e-10
2.1625e-11
3.45896e-12
5.28841e-13
7.70834e-14
1.06836e-14
1.4042e-15
1.74542e-16
2.04582e-17
2.25414e-18
2.32695e-19
2.24229e-20
2.00876e-21
1.66537e-22
1.2711e-23
8.87839e-25
5.63553e-26
3.22383e-27
1.64545e-28
7.40085e-30
2.88762e-31
9.5746e-33
2.62308e-34
5.70043e-36
9.21312e-38
9.84433e-40
5.21601e-42
3.30574e-114
2.04976e-112
1.17302e-110
6.49798e-109
3.4861e-107
1.81223e-105
9.13289e-104
4.46402e-102
2.11718e-100
9.74724e-99
4.35784e-97
1.89274e-95
7.98904e-94
3.27817e-92
1.30811e-90
5.07769e-89
1.91791e-87
7.05107e-86
2.52385e-84
8.79763e-83
2.98726e-81
9.883e-80
3.1865e-78
1.00149e-76
3.06884e-75
9.17054e-74
2.67296e-72
7.60066e-71
2.1089e-69
5.71066e-68
1.50946e-66
3.89531e-65
9.81573e-64
2.41569e-62
5.80731e-61
1.36396e-59
3.13038e-58
7.02172e-57
1.53965e-55
3.30078e-54
6.92014e-53
1.41909e-51
2.84705e-50
5.58952e-49
1.07413e-47
2.02097e-46
3.72398e-45
6.72257e-44
1.1893e-42
2.06267e-41
3.50856e-40
5.85564e-39
9.59335e-38
1.54361e-36
2.44073e-35
3.79466e-34
5.80466e-33
8.74237e-32
1.29732e-30
1.89828e-29
2.74107e-28
3.90915e-27
5.5108e-26
7.68582e-25
1.06141e-23
1.45264e-22
1.97186e-21
2.65691e-20
3.55606e-19
4.73079e-18
6.25911e-17
8.23987e-16
1.07984e-14
1.40941e-13
1.83309e-12
2.37705e-11
3.07483e-10
3.96905e-09
5.11323e-08
6.57221e-07
8.42448e-06
0.000107881
0.00135762
0.0178922
0.125001
0.3205
0.546564
0.750287
0.895675
0.97168
0.993695
0.998608
0.999697
0.999935
0.999986
0.999997
0.999999
1
1
1
1
1
1
1
1
1
1
1
1
1
1
1
1
1
1
1
1
1
1
1
1
1
1
1
1
1
1
1
1
1
1
1
1
1
1
1
1
1
1
1
1
1
1
1
1
1
1
1
1
1
1
1
1
1
