3.9037e-145
1.71659e-143
7.49733e-142
3.25262e-140
1.40181e-138
6.00229e-137
2.55366e-135
1.07964e-133
4.5364e-132
1.8946e-130
7.86595e-129
3.24693e-127
1.33273e-125
5.44028e-124
2.2089e-122
8.92226e-121
3.58579e-119
1.43409e-117
5.70847e-116
2.26198e-114
8.92396e-113
3.50589e-111
1.37178e-109
5.34674e-108
2.07628e-106
8.0343e-105
3.09846e-103
1.1911e-101
4.5648e-100
1.74436e-98
6.64738e-97
2.52656e-95
9.57921e-94
3.62334e-92
1.36748e-90
5.15006e-89
1.93569e-87
7.26163e-86
2.71926e-84
1.01654e-82
3.79396e-81
1.41381e-79
5.26084e-78
1.95484e-76
7.2542e-75
2.68855e-73
9.95224e-72
3.67979e-70
1.35908e-68
5.0143e-67
1.84815e-65
6.80523e-64
2.5035e-62
9.20163e-61
3.37918e-59
1.23994e-57
4.54619e-56
1.66557e-54
6.09758e-53
2.23071e-51
8.1551e-50
2.97938e-48
1.08779e-46
3.9691e-45
1.44737e-43
5.27491e-42
1.92136e-40
6.99463e-39
2.54503e-37
9.25538e-36
3.36414e-34
1.22218e-32
4.43795e-31
1.61074e-29
5.84359e-28
2.11913e-26
7.68204e-25
2.78386e-23
1.0085e-21
3.65214e-20
1.32204e-18
4.78331e-17
1.72972e-15
6.25138e-14
2.25795e-12
8.15046e-11
2.94291e-09
1.06548e-07
3.84422e-06
0.00013443
0.00497616
0.0832079
0.252301
0.453539
0.645152
0.800016
0.906407
0.966452
0.990959
0.99766
0.999398
0.999846
0.999961
0.99999
0.999998
0.999999
1
1
1
1
1
1
1
1
1
1
1
1
1
1
1
1
1
1
1
1
1
1
1
1
1
1
1
1
1
1
1
1
1
1
1
1
1
1
1
1
1
1
1
1
1
1
1
1
1
1
1
1
1
1
1
1
1
1
1
1
1
1
1
1
1
1
1
1
1
1
1
1
1
1
1
1
1
1
1
1
1
1
1
1
1
1
1
1
1
1
1
1
1
1
1
1
1
1
1
1
1
1
1
1
1
1
1
1
1
1
1
1
1
1
1
1
1
1
1
1
1
1
1
1
1
1
1
1
1
1
1
1
1
1
1
1
1
1
1
1
1
1
1
1
1
1
1
1
1
1
1
1
1
1
1
1
1
1
1
1
1
1
1
1
1
1
1
1
1
1
1
1
1
1
1
1
1
1
1
1
1
1
1
1
1
1
1
1
1
1
1
1
1
1
1
1
1
1
1
1
1
1
1
1
1
1
1
1
1
1
1
1
1
1
1
1
1
1
1
1
1
1
1
1
1
1
1
1
1
1
1
1
1
1
1
1
1
1
0.999996
0.999866
0.995024
0.916792
0.747699
0.546461
0.354848
0.199984
0.0935926
0.0335476
0.00904147
0.00234021
0.000602377
0.000154047
3.90913e-05
9.82976e-06
2.44549e-06
6.00907e-07
1.45572e-07
3.47017e-08
8.12426e-09
1.86435e-09
4.18543e-10
9.17464e-11
1.96004e-11
4.07363e-12
8.22183e-13
1.60872e-13
3.04636e-14
5.57381e-15
9.83721e-16
1.67194e-16
2.73193e-17
4.28422e-18
6.43658e-19
9.24731e-20
1.26796e-20
1.65588e-21
2.05504e-22
2.41791e-23
2.69004e-24
2.82185e-25
2.78224e-26
2.5693e-27
2.21347e-28
1.77103e-29
1.30931e-30
8.89069e-32
5.50655e-33
3.0851e-34
1.5479e-35
6.8692e-37
2.65416e-38
8.74697e-40
2.3904e-41
5.20052e-43
8.44437e-45
9.09682e-47
4.87626e-49
1.01005e-216
6.13e-216
3.68554e-215
2.1951e-214
1.29513e-213
7.56952e-213
4.38236e-212
2.51319e-211
1.4276e-210
8.03233e-210
4.47631e-209
2.47075e-208
1.35069e-207
7.31282e-207
3.92107e-206
2.08208e-205
1.09483e-204
5.70082e-204
2.93934e-203
1.5006e-202
7.58515e-202
3.796e-201
1.88074e-200
9.22465e-200
4.47885e-199
2.15256e-198
1.02398e-197
4.82117e-197
2.24652e-196
1.03595e-195
4.72731e-195
2.13457e-194
9.53672e-194
4.21556e-193
1.84354e-192
7.97566e-192
3.41325e-191
1.44488e-190
6.04965e-190
2.50518e-189
1.02596e-188
4.15503e-188
1.66398e-187
6.589e-187
2.57966e-186
9.98493e-186
3.82064e-185
1.44512e-184
5.40272e-184
1.99629e-183
7.28958e-183
2.63029e-182
9.37743e-182
3.3029e-181
1.14918e-180
3.94922e-180
1.34031e-179
4.49169e-179
1.48616e-178
4.85404e-178
1.5648e-177
4.97807e-177
1.56257e-176
4.83858e-176
1.47784e-175
4.45137e-175
1.32203e-174
3.87079e-174
1.11711e-173
3.17734e-173
8.9049e-173
2.45881e-172
6.68776e-172
1.79153e-171
4.72589e-171
1.22737e-170
3.13767e-170
7.89372e-170
1.95382e-169
4.75649e-169
1.13853e-168
2.67859e-168
6.19159e-168
1.40561e-167
3.13269e-167
6.85156e-167
1.46998e-166
3.09253e-166
6.37709e-166
1.2884e-165
2.54911e-165
4.93643e-165
9.35226e-165
1.73294e-164
3.14028e-164
5.55474e-164
9.52698e-164
1.61248e-163
3.34795e-163
9.8403e-162
4.61868e-160
2.1664e-158
1.00852e-156
4.66063e-155
2.13816e-153
9.73857e-152
4.4039e-150
1.9774e-148
8.81651e-147
