0
0
0
0
0
0
0
0
0
0
0
0
0
0
0
0
0
0
0
0
0
0
0
0
0
0
0
0
0
0
0
0
0
0
0
0
0
0
0
0
0
0
0
0
0
0
0
0
0
0
0
0
0
0
0
0
0
0
0
0
0
0
0
0
0
0
0
0
0
0
0
0
0
0
0
0
0
0
0
0
0
0
0
0
0
0
0
0
0
0
0
0
0
0
0
0
0
0
0
0
0
0
0
0
0
0
0
0
0
0
0
0
0
0
0
0
0
0
0
0
0
0
0
0
0
0
0
0
1e-101
5.491e-98
1.48179e-94
2.61952e-91
3.41165e-88
3.49043e-85
2.92082e-82
2.05523e-79
1.24069e-76
6.52359e-74
3.02299e-71
1.24615e-68
4.60423e-66
1.5342e-63
4.63411e-61
1.27428e-58
3.20143e-56
7.37124e-54
1.55955e-51
3.03889e-49
5.46448e-47
9.08358e-45
1.39799e-42
1.99469e-40
2.64169e-38
3.25071e-36
3.72018e-34
3.9628e-32
3.93215e-30
3.6373e-28
3.13897e-26
2.52941e-24
1.90505e-22
1.34267e-20
8.86867e-19
5.50043e-17
3.21099e-15
1.77015e-13
9.2538e-12
4.60496e-10
2.18764e-08
1.00211e-06
4.52953e-05
0.00198157
0.0719058
0.368749
0.726673
0.940237
0.991299
0.999149
0.999959
1
1
1
1
1
1
1
1
1
1
1
1
1
1
1
1
1
1
1
1
1
1
1
1
1
1
1
1
1
1
1
1
1
1
1
1
1
1
1
1
1
1
1
1
1
1
1
1
1
1
1
1
1
1
1
1
1
1
1
1
1
1
1
1
1
1
1
1
1
1
1
1
1
1
1
1
1
1
1
1
1
1
1
1
1
1
1
1
1
1
1
1
1
1
1
1
1
1
1
1
1
1
1
1
1
1
1
1
1
1
1
1
1
1
1
1
1
1
1
1
1
1
1
1
1
1
1
1
1
1
1
1
1
1
1
1
1
1
1
1
1
1
1
1
1
1
1
1
1
1
1
1
1
1
1
1
1
1
1
1
1
1
1
1
1
1
1
1
1
1
1
1
1
1
1
1
1
1
1
1
1
1
1
1
1
1
1
1
1
1
1
1
1
1
1
1
1
1
1
1
1
1
1
1
1
1
1
1
1
1
1
1
1
1
1
1
1
1
1
1
1
1
1
1
1
1
1
1
1
1
1
1
1
1
1
1
1
1
1
1
1
1
1
1
1
1
0.999999
0.999955
0.998018
0.928094
0.631251
0.273327
0.0597626
0.00870099
0.000850594
4.12361e-05
0
0
0
0
0
0
0
0
0
0
0
0
0
0
0
0
0
0
0
0
0
0
0
0
0
0
0
0
0
0
0
0
0
0
0
0
0
0
0
0
0
0
0
0
0
0
0
0
0
0
0
0
0
0
0
0
0
0
0
0
0
0
0
0
0
0
0
0
0
0
0
0
0
0
0
0
0
