0
0
0
0
0
0
0
0
0
0
0
0
0
0
0
0
0
0
0
0
0
0
0
0
0
0
0
0
0
0
0
0
0
0
0
0
0
0
0
0
0
0
0
0
0
0
0
0
0
0
0
0
0
0
0
0
0
0
0
0
0
0
0
0
8.63226e-52
6.9601e-49
2.731e-46
6.95702e-44
1.2947e-41
1.87758e-39
2.21003e-37
2.17133e-35
1.81734e-33
1.31599e-31
8.34533e-30
4.67987e-28
2.33929e-26
1.04923e-24
4.24652e-23
1.55838e-21
5.20764e-20
1.5908e-18
4.45828e-17
1.1503e-15
2.74201e-14
6.06067e-13
1.247e-11
2.39893e-10
4.33711e-09
7.41225e-08
1.20523e-06
1.87923e-05
0.000280195
0.00411537
0.0580988
0.286507
0.60316
0.861793
0.972773
0.995381
0.999311
0.999912
0.999991
0.999999
1
1
1
1
1
1
1
1
1
1
1
1
1
1
1
1
1
1
1
1
1
1
1
1
1
1
1
1
1
1
1
1
1
1
1
1
1
1
1
1
1
1
1
1
1
1
1
1
1
1
1
1
1
1
1
1
1
1
1
1
1
1
1
1
1
1
1
1
1
1
1
1
1
1
1
1
1
1
1
1
1
1
1
1
1
1
1
1
1
1
1
1
1
1
1
1
1
1
1
1
1
1
1
1
1
1
1
1
1
1
1
1
1
1
0.999999
0.999981
0.99972
0.995885
0.941901
0.713493
0.39684
0.138207
0.0272268
0.0046187
0.000689153
8.793e-05
9.25178e-06
7.65931e-07
4.66388e-08
1.85264e-09
3.59868e-11
0
0
0
0
0
0
0
0
0
0
0
0
0
0
0
0
0
0
0
0
0
