1
1
1
1
1
1
1
1
1
1
1
1
1
1
1
1
1
1
1
1
1
1
1
1
1
1
1
1
1
1
1
1
1
1
1
1
1
1
1
1
1
1
1
1
1
1
1
1
1
1
1
1
1
1
1
1
1
1
1
1
1
1
0.999999
0.99999
0.999877
0.998459
0.979626
0.868263
0.673803
0.45173
0.251691
0.107638
0.0304397
0.00680897
0.00151194
0.00033273
7.23921e-05
1.55334e-05
3.27947e-06
6.79538e-07
1.37824e-07
2.72855e-08
5.25829e-09
9.83789e-10
1.78228e-10
3.11873e-11
5.25836e-12
8.52255e-13
1.32476e-13
1.97043e-14
2.79809e-15
3.78473e-16
4.86473e-17
5.92746e-18
6.82876e-19
7.4179e-20
7.5752e-21
7.24886e-22
6.47665e-23
5.38141e-24
4.13948e-25
2.93264e-26
1.90217e-27
1.12172e-28
5.96443e-30
2.83101e-31
1.18473e-32
4.30311e-34
1.32889e-35
3.3926e-37
6.87388e-39
1.03633e-40
1.03345e-42
5.11299e-45
1.67988e-106
8.07378e-105
3.552e-103
1.52138e-101
6.34548e-100
2.578e-98
1.0205e-96
3.93704e-95
1.48069e-93
5.43008e-92
1.9422e-90
6.77684e-89
2.30728e-87
7.66662e-86
2.48671e-84
7.87498e-83
2.43533e-81
7.35576e-80
2.17039e-78
6.25691e-77
1.76266e-75
4.85324e-74
1.30623e-72
3.43717e-71
8.84385e-70
2.22539e-68
5.47725e-67
1.31879e-65
3.10676e-64
7.16192e-63
1.61587e-61
3.56868e-60
7.71618e-59
1.63367e-57
3.38743e-56
6.88015e-55
1.36909e-53
2.66968e-52
5.10242e-51
9.56052e-50
1.75664e-48
3.16591e-47
5.59825e-46
9.71582e-45
1.6555e-43
2.7705e-42
4.55556e-41
7.36322e-40
1.17041e-38
1.83053e-37
2.81849e-36
4.27473e-35
6.39037e-34
9.42218e-33
1.37115e-31
1.97079e-30
2.79987e-29
3.93469e-28
5.47382e-27
7.54424e-26
1.03089e-24
1.39768e-23
1.88147e-22
2.51631e-21
3.34555e-20
4.42428e-19
5.8225e-18
7.6292e-17
9.95773e-16
1.29527e-14
1.67986e-13
2.17298e-12
2.80418e-11
3.61025e-10
4.63644e-09
5.93799e-08
7.58062e-07
9.64656e-06
0.000122639
0.00154134
0.0203739
0.131737
0.326197
0.54827
0.748309
0.892362
0.96956
0.993191
0.998488
0.999667
0.999928
0.999984
0.999997
0.999999
1
1
1
1
1
1
1
1
1
1
1
1
1
1
1
1
1
1
1
1
1
1
1
1
1
1
1
1
1
1
1
1
1
1
1
1
1
1
1
1
1
1
1
1
1
1
1
1
