1
1
1
1
1
1
1
1
1
1
1
1
1
1
1
1
1
1
1
1
1
1
1
1
1
1
1
1
1
1
1
1
1
1
1
1
1
1
1
1
1
1
1
1
1
1
1
1
1
1
1
1
1
1
1
1
1
1
1
1
1
1
1
1
1
1
1
1
1
1
1
1
1
1
1
1
1
1
1
1
1
1
1
1
1
1
1
1
1
1
1
1
1
1
1
1
1
1
1
1
1
1
1
1
1
1
1
1
1
1
1
1
1
1
1
1
1
1
1
1
1
1
1
1
1
1
1
1
1
1
1
1
1
1
1
1
1
1
1
1
1
1
1
1
1
1
1
1
1
1
1
1
1
1
1
1
1
1
1
1
1
1
1
1
1
1
1
1
1
1
1
1
1
1
1
1
1
1
1
1
1
1
1
1
1
1
1
1
1
1
1
1
1
1
1
1
1
1
1
1
1
1
1
1
1
1
1
1
1
1
1
1
1
1
1
1
1
1
0.999998
0.999934
0.997769
0.940779
0.771204
0.555639
0.347424
0.182292
0.0752441
0.0221906
0.00563929
0.00141923
0.000352872
8.64624e-05
2.08183e-05
4.91073e-06
1.13123e-06
2.53658e-07
5.5187e-08
1.16125e-08
2.35591e-09
4.59402e-10
8.5845e-11
1.53257e-11
2.60611e-12
4.20824e-13
6.43223e-14
9.27527e-15
1.25734e-15
1.59611e-16
1.88942e-17
2.07588e-18
2.1056e-19
1.95975e-20
1.66187e-21
1.27326e-22
8.72507e-24
5.28119e-25
2.77942e-26
1.24587e-27
4.62433e-29
1.36445e-30
3.00038e-32
4.3708e-34
3.16362e-36
1.152e-250
1.43693e-249
1.76946e-248
2.15119e-247
2.58203e-246
3.05988e-245
3.5803e-244
4.13637e-243
4.71863e-242
5.31523e-241
5.91223e-240
6.49404e-239
7.04411e-238
7.54565e-237
7.98247e-236
8.33987e-235
8.60544e-234
8.76978e-233
8.82702e-232
8.77523e-231
8.61644e-230
8.35658e-229
8.00505e-228
7.57423e-227
7.07869e-226
6.53443e-225
5.95801e-224
5.36574e-223
4.77296e-222
4.19343e-221
3.63886e-220
3.11865e-219
2.63972e-218
2.20662e-217
1.82163e-216
1.48503e-215
1.19547e-214
9.50264e-214
7.45822e-213
5.77946e-212
4.42157e-211
3.33948e-210
2.48983e-209
1.83241e-208
1.3311e-207
9.54358e-207
6.75298e-206
4.71563e-205
3.24951e-204
2.20957e-203
1.48246e-202
9.81355e-202
6.40931e-201
4.12972e-200
2.62504e-199
1.64603e-198
1.01814e-197
6.21207e-197
3.73854e-196
2.21917e-195
1.29924e-194
7.50203e-194
4.27211e-193
2.39917e-192
1.32865e-191
7.25554e-191
3.90664e-190
2.07387e-189
1.08533e-188
5.59888e-188
2.84674e-187
1.42642e-186
7.04267e-186
3.42571e-185
1.64141e-184
7.74571e-184
3.59921e-183
1.64656e-182
7.41468e-182
3.28607e-181
1.43303e-180
6.14831e-180
2.59485e-179
1.07711e-178
4.39685e-178
1.76481e-177
6.96426e-177
2.70159e-176
1.03008e-175
3.85983e-175
1.42114e-174
5.14034e-174
1.82612e-173
6.36975e-173
2.18083e-172
7.32567e-172
2.41318e-171
7.79132e-171
2.464e-170
7.6276e-170
2.30966e-169
6.83616e-169
1.97644e-168
5.57815e-168
1.53603e-167
4.12507e-167
1.08012e-166
2.75744e-166
6.86529e-166
1.66786e-165
3.95561e-165
9.15401e-165
2.06041e-164
4.52421e-164
1.07191e-163
3.94903e-163
2.1763e-161
1.33615e-159
8.11963e-158
4.88318e-156
2.90639e-154
1.71195e-152
9.9797e-151
5.75747e-149
3.28728e-147
1.85753e-145
1.0388e-143
5.74953e-142
3.1495e-140
1.70752e-138
9.16252e-137
4.86628e-135
2.55814e-133
1.3311e-131
6.85595e-130
3.49553e-128
1.76427e-126
8.81546e-125
4.36088e-123
2.13589e-121
1.03583e-119
4.97427e-118
2.36559e-116
1.11418e-114
5.19778e-113
2.40199e-111
1.09967e-109
4.98822e-108
2.24221e-106
9.98886e-105
4.41093e-103
1.93103e-101
8.38234e-100
3.60862e-98
1.54099e-96
6.52873e-95
2.74488e-93
1.14546e-91
4.74573e-90
1.95252e-88
7.97932e-87
3.23987e-85
1.30735e-83
5.24419e-82
2.0917e-80
8.29804e-79
3.27507e-77
1.28633e-75
5.02899e-74
1.95759e-72
7.58891e-71
2.93063e-69
1.12763e-67
4.32404e-66
1.65282e-64
6.29879e-63
2.39369e-61
9.0726e-60
3.43021e-58
1.2939e-56
4.87005e-55
1.82925e-53
6.85764e-52
2.56616e-50
9.58615e-49
3.57518e-47
1.33131e-45
4.95026e-44
1.83811e-42
6.81615e-41
2.5244e-39
9.33803e-38
3.45027e-36
1.27343e-34
4.6951e-33
1.72936e-31
6.36381e-30
2.3397e-28
8.59465e-27
3.1545e-25
1.15684e-23
4.23902e-22
1.55209e-20
5.67874e-19
2.07636e-17
7.58759e-16
2.77134e-14
1.01178e-12
3.69141e-11
1.34482e-09
4.89678e-08
1.79325e-06
6.56244e-05
0.0022308
0.0592212
0.228796
0.444361
0.652576
0.817708
0.924756
0.977809
0.994361
0.998581
0.999647
0.999914
0.999979
0.999995
0.999999
1
1
1
1
1
1
1
1
1
1
1
1
1
1
1
1
1
1
1
1
1
