1
1
1
1
1
1
1
1
1
1
1
1
1
1
1
1
1
1
1
1
1
1
1
1
1
1
1
1
1
1
1
1
1
1
0.999995
0.999825
0.993636
0.865332
0.568059
0.259729
0.0687398
0.0130941
0.00211827
0.000275767
2.68239e-05
1.72125e-06
5.44169e-08
3.41498e-109
1.41102e-106
5.30235e-104
1.8535e-101
6.04392e-99
1.84294e-96
5.26648e-94
1.41316e-91
3.56684e-89
8.48154e-87
1.90273e-84
4.03222e-82
8.08119e-80
1.53329e-77
2.75675e-75
4.70081e-73
7.60827e-71
1.16962e-68
1.70895e-66
2.3746e-64
3.1395e-62
3.95134e-60
4.73622e-58
5.40871e-56
5.88685e-54
6.10859e-52
6.045e-50
5.70649e-48
5.14009e-46
4.41886e-44
3.62656e-42
2.84209e-40
2.12744e-38
1.52155e-36
1.04012e-34
6.79879e-33
4.25161e-31
2.54521e-29
1.45975e-27
8.02845e-26
4.23921e-24
2.15203e-22
1.05209e-20
4.96325e-19
2.26456e-17
1.00193e-15
4.31102e-14
1.80918e-12
7.42472e-11
2.9887e-09
1.1867e-07
4.65695e-06
0.0001749
0.00636392
0.134668
0.431941
0.740271
0.93126
0.986906
0.997882
0.999724
0.999973
0.999998
1
1
1
1
1
1
1
1
1
1
1
1
1
1
1
1
1
1
