1
1
1
1
1
1
1
1
1
1
1
1
1
1
1
1
1
1
1
1
1
1
1
1
1
1
1
1
1
1
1
1
1
1
1
1
1
1
1
1
1
1
1
1
1
1
1
1
1
1
1
1
1
1
1
1
1
1
1
1
1
1
1
1
1
1
1
1
1
1
1
1
1
1
1
1
1
1
1
1
1
1
1
1
1
1
1
1
1
1
1
1
1
1
1
1
1
1
1
1
1
1
1
1
1
1
1
1
1
1
1
1
1
1
1
1
1
1
1
1
1
1
1
1
1
1
1
1
1
1
1
1
1
1
1
1
1
1
1
1
1
1
0.999994
0.999784
0.991371
0.885986
0.679815
0.448106
0.246238
0.105954
0.0321613
0.00801186
0.00196454
0.000472171
0.000110757
2.52366e-05
5.55888e-06
1.17793e-06
2.3896e-07
4.61859e-08
8.46452e-09
1.46393e-09
2.37762e-10
3.60787e-11
5.08742e-12
6.62706e-13
7.92268e-14
8.62797e-15
8.48509e-16
7.45791e-17
5.78489e-18
3.89739e-19
2.23379e-20
1.05884e-21
3.98455e-23
1.11597e-24
2.06771e-26
1.90089e-28
4.79996e-289
1.61339e-287
5.29158e-286
1.694e-284
5.29479e-283
1.61627e-281
4.81972e-280
1.40437e-278
3.99947e-277
1.11348e-275
3.03121e-274
8.07046e-273
2.10194e-271
5.35635e-270
1.33576e-268
3.2605e-267
7.79137e-266
1.82305e-264
4.17748e-263
9.37641e-262
2.06177e-260
4.44219e-259
9.37943e-258
1.9411e-256
3.93804e-255
7.83316e-254
1.52785e-252
2.92263e-251
5.48371e-250
1.00934e-248
1.82273e-247
3.22981e-246
5.6163e-245
9.58494e-244
1.6056e-242
2.64021e-241
4.26215e-240
6.7553e-239
1.05128e-237
1.60652e-236
2.41088e-235
3.55313e-234
5.14305e-233
7.31188e-232
1.02108e-230
1.40067e-229
1.88745e-228
2.49865e-227
3.2497e-226
4.15254e-225
5.21361e-224
6.4319e-223
7.79725e-222
9.28902e-221
1.08755e-219
1.25143e-218
1.41538e-217
1.57352e-216
1.71964e-215
1.84755e-214
1.95154e-213
2.02679e-212
2.06975e-211
2.0784e-210
2.0524e-209
1.99315e-208
1.9036e-207
1.78803e-206
1.65176e-205
1.50069e-204
1.34089e-203
1.17827e-202
1.01818e-201
8.65164e-201
7.22832e-200
5.93743e-199
4.79439e-198
3.8053e-197
2.96829e-196
2.27521e-195
1.71344e-194
1.2676e-193
9.2105e-193
6.57213e-192
4.60446e-191
3.1669e-190
2.13799e-189
1.41656e-188
9.21024e-188
5.87579e-187
3.67777e-186
2.25839e-185
1.36047e-184
8.03979e-184
4.6608e-183
2.65052e-182
1.47861e-181
8.09113e-181
4.34282e-180
2.28608e-179
1.18001e-178
5.97093e-178
2.96078e-177
1.43809e-176
6.83838e-176
3.18163e-175
1.44744e-174
6.43469e-174
2.79365e-173
1.18388e-172
4.89521e-172
1.9745e-171
7.76856e-171
2.9816e-170
1.11645e-169
4.07886e-169
1.45376e-168
5.05244e-168
1.71093e-167
5.6399e-167
1.80796e-166
5.62798e-166
1.69563e-165
4.91821e-165
1.35879e-164
3.45732e-164
8.50268e-164
2.87283e-162
2.26931e-160
1.78166e-158
1.38092e-156
1.05653e-154
7.97922e-153
5.94846e-151
4.37731e-149
3.17955e-147
2.27969e-145
1.61336e-143
1.12702e-141
7.7709e-140
5.28868e-138
3.55268e-136
2.35557e-134
1.54157e-132
9.95767e-131
6.3486e-129
3.99506e-127
2.48139e-125
1.52122e-123
9.20493e-122
5.49769e-120
3.24099e-118
1.8859e-116
1.08321e-114
6.14135e-113
3.43707e-111
1.89888e-109
1.03564e-107
5.57622e-106
2.96423e-104
1.55578e-102
8.0627e-101
4.12607e-99
2.08523e-97
1.04082e-95
5.13145e-94
2.49921e-92
1.20259e-90
5.71808e-89
2.68699e-87
1.24807e-85
5.7313e-84
2.60254e-82
1.16888e-80
5.19368e-79
2.28363e-77
9.93903e-76
4.28309e-74
1.82811e-72
7.73076e-71
3.24017e-69
1.34647e-67
5.54965e-66
2.26957e-64
9.21288e-63
3.71358e-61
1.48698e-59
5.91695e-58
2.34066e-56
9.20847e-55
3.60414e-53
1.40388e-51
5.444e-50
2.10232e-48
8.08725e-47
3.09987e-45
1.18423e-43
4.51009e-42
1.7127e-40
6.48657e-39
2.45054e-37
9.23629e-36
3.47365e-34
1.30373e-32
4.88381e-31
1.8262e-29
6.81711e-28
2.5407e-26
9.45452e-25
3.51309e-23
1.30357e-21
4.83069e-20
1.78796e-18
6.61035e-17
2.44145e-15
9.00809e-14
3.31964e-12
1.22161e-10
4.49318e-09
1.65296e-07
6.01517e-06
0.000215936
0.00862923
0.114014
0.320185
0.551894
0.753762
0.894046
0.967839
0.991988
0.998035
0.999528
0.999889
0.999975
0.999994
0.999999
1
1
1
1
1
1
1
1
1
1
1
1
1
1
1
1
1
1
1
1
1
1
1
1
1
1
1
1
1
1
1
1
1
1
1
1
1
1
1
1
1
1
1
1
1
1
1
1
1
1
1
1
1
1
1
1
1
1
1
1
1
1
1
1
1
1
1
1
1
1
1
1
1
1
1
1
1
1
1
1
1
1
1
1
1
1
1
1
1
1
1
1
1
1
1
1
1
1
