0
0
0
0
0
0
0
0
0
0
0
0
0
0
0
0
0
0
0
0
0
0
0
0
0
0
0
0
0
0
0
0
0
0
0
0
0
0
0
0
0
0
0
0
0
0
0
0
0
0
0
0
0
0
0
0
0
0
0
0
0
0
0
0
0
0
0
0
0
0
0
0
0
0
0
0
0
0
0
0
0
0
0
0
0
0
0
0
0
0
0
0
0
0
0
0
0
0
0
0
0
0
0
0
0
0
0
0
0
0
0
0
0
0
0
0
0
0
0
0
0
0
0
0
0
0
0
0
1e-193
3.3436e-191
5.32561e-189
6.61004e-187
6.62091e-185
5.03593e-183
2.98223e-181
1.43552e-179
5.93572e-178
2.17911e-176
7.26943e-175
2.18606e-173
5.91707e-172
1.40376e-170
2.94816e-169
5.20017e-168
8.25078e-167
9.29929e-166
1.30493e-164
5.39019e-162
2.70165e-159
1.27672e-156
5.69869e-154
2.40714e-151
9.63912e-149
3.66501e-146
1.32509e-143
4.56169e-141
1.49709e-138
4.6892e-136
1.40322e-133
4.01556e-131
1.09986e-128
2.88574e-126
7.25821e-124
1.7513e-121
4.05628e-119
9.02397e-117
1.92934e-114
3.96633e-112
7.84414e-110
1.49305e-107
2.73623e-105
4.83005e-103
8.21532e-101
1.34684e-98
2.1289e-96
3.24539e-94
4.7727e-92
6.77251e-90
9.2751e-88
1.22619e-85
1.56511e-83
1.92909e-81
2.29639e-79
2.64046e-77
2.93299e-75
3.14764e-73
3.26394e-71
3.27056e-69
3.16708e-67
2.96403e-65
2.68116e-63
2.34427e-61
1.98137e-59
1.61891e-57
1.27883e-55
9.76727e-54
7.21344e-52
5.15196e-50
3.55896e-48
2.37832e-46
1.53783e-44
9.62381e-43
5.83079e-41
3.42151e-39
1.94546e-37
1.07247e-35
5.7358e-34
2.97845e-32
1.50303e-30
7.37879e-29
3.52824e-27
1.64541e-25
7.49523e-24
3.34045e-22
1.45917e-20
6.25878e-19
2.64098e-17
1.09827e-15
4.5087e-14
1.82983e-12
7.34991e-11
2.92765e-09
1.16124e-07
4.57324e-06
0.000171796
0.0065615
0.129198
0.401874
0.693202
0.897085
0.97731
0.995517
0.999213
0.999881
0.999985
0.999998
1
1
1
1
1
1
1
1
1
1
1
1
1
1
1
1
1
1
1
1
1
1
1
1
1
1
1
1
1
1
1
1
1
1
1
1
1
1
1
1
1
1
1
1
1
1
1
1
1
1
1
1
1
1
1
1
1
1
1
1
1
1
1
1
1
1
1
1
1
1
1
1
1
1
1
1
1
1
1
1
1
1
1
1
1
1
1
1
1
1
1
1
1
1
1
1
1
1
1
1
1
1
1
1
1
1
1
1
1
1
1
1
1
1
1
1
1
1
1
1
1
1
1
1
1
1
1
1
1
1
1
1
1
1
1
1
1
1
1
1
1
1
1
1
1
1
1
1
1
1
1
1
1
1
1
1
1
1
1
1
1
1
1
1
1
1
1
1
1
1
1
1
1
1
1
1
1
1
1
1
1
1
1
1
1
1
1
1
1
1
1
1
1
1
1
1
1
1
1
1
1
1
1
1
1
1
1
1
1
1
1
1
1
1
1
1
1
1
1
1
1
1
1
1
1
1
1
1
1
1
1
1
1
1
1
1
1
1
1
1
1
1
1
0.999995
0.999828
0.993438
0.870802
0.598126
0.306798
0.102915
0.0226904
0.004483
0.000787248
0.000119253
1.50418e-05
1.50852e-06
1.12344e-07
5.50865e-09
1.33161e-10
0
0
0
0
0
0
0
0
0
0
0
0
0
0
0
0
0
