1
1
1
1
1
1
1
1
1
1
1
1
1
1
1
1
1
1
1
1
1
1
1
1
1
1
1
1
1
1
1
1
1
1
1
1
1
1
1
1
1
1
1
1
1
1
1
1
1
1
1
1
1
1
1
1
1
1
1
1
1
1
1
1
1
1
1
1
1
1
1
1
1
1
1
1
1
1
1
1
1
1
1
1
1
1
1
1
1
1
1
1
1
1
1
1
1
1
1
1
1
1
1
1
1
1
1
1
1
1
1
1
1
1
1
1
1
1
1
1
1
1
1
1
1
1
1
1
1
1
1
1
1
1
1
1
1
1
1
1
1
1
1
1
1
1
1
1
1
1
1
1
1
1
1
1
1
1
1
1
1
1
1
1
1
1
1
1
1
1
1
1
1
1
1
1
1
1
1
1
1
1
1
1
1
1
1
1
1
1
1
1
1
1
1
1
1
1
1
1
0.999998
0.999942
0.997981
0.944523
0.775303
0.557232
0.346062
0.179171
0.072169
0.0206629
0.00522483
0.0013065
0.00032222
7.81511e-05
1.85806e-05
4.31568e-06
9.75843e-07
2.14049e-07
4.53863e-08
9.27068e-09
1.81801e-09
3.41136e-10
6.10462e-11
1.03834e-11
1.67298e-12
2.54435e-13
3.63905e-14
4.8752e-15
6.09128e-16
7.06405e-17
7.56286e-18
7.42906e-19
6.64807e-20
5.37414e-21
3.88477e-22
2.47992e-23
1.37615e-24
6.50246e-26
2.54351e-27
7.90686e-29
1.83131e-30
2.80909e-32
2.14034e-34
9.91667e-258
1.45405e-256
2.10217e-255
2.9967e-254
4.21235e-253
5.83883e-252
7.98113e-251
1.07585e-249
1.43024e-248
1.87519e-247
2.4248e-246
3.09254e-245
3.89027e-244
4.82704e-243
5.90794e-242
7.13276e-241
8.49496e-240
9.98071e-239
1.15684e-237
1.32285e-236
1.49242e-235
1.66122e-234
1.82446e-233
1.97709e-232
2.11406e-231
2.23061e-230
2.3225e-229
2.38631e-228
2.41962e-227
2.4212e-226
2.39101e-225
2.3303e-224
2.24143e-223
2.12779e-222
1.99352e-221
1.84335e-220
1.68222e-219
1.51511e-218
1.34675e-217
1.18141e-216
1.02276e-215
8.73771e-215
7.36637e-214
6.12807e-213
5.03024e-212
4.07405e-211
3.25546e-210
2.56638e-209
1.99584e-208
1.53108e-207
1.15853e-206
8.64609e-206
6.36369e-205
4.61893e-204
3.30587e-203
2.33297e-202
1.62324e-201
1.11346e-200
7.52939e-200
5.01887e-199
3.29753e-198
2.13543e-197
1.36292e-196
8.57287e-196
5.31412e-195
3.24616e-194
1.954e-193
1.15898e-192
6.77353e-192
3.9005e-191
2.21296e-190
1.23695e-189
6.81139e-189
3.6948e-188
1.97416e-187
1.03889e-186
5.38393e-186
2.74736e-185
1.38023e-184
6.82551e-184
3.32186e-183
1.59075e-182
7.49387e-182
3.47212e-181
1.58187e-180
7.08492e-180
3.11884e-179
1.34914e-178
5.73372e-178
2.39364e-177
9.81418e-177
3.95145e-176
1.56209e-175
6.06249e-175
2.30956e-174
8.63527e-174
3.16821e-173
1.14038e-172
4.02584e-172
1.39343e-171
4.72647e-171
1.57027e-170
5.10635e-170
1.62407e-169
5.04748e-169
1.53143e-168
4.53141e-168
1.30634e-167
3.66605e-167
1.00088e-166
2.65728e-166
6.85877e-166
1.7204e-165
4.19087e-165
9.92718e-165
2.31251e-164
5.30097e-164
1.1191e-163
1.89646e-162
1.22647e-160
7.89032e-159
5.02069e-157
3.16007e-155
1.9674e-153
1.21157e-151
7.38012e-150
4.4467e-148
2.65016e-146
1.5623e-144
9.11007e-143
5.25463e-141
2.99799e-139
1.69196e-137
9.44556e-136
5.21613e-134
2.84944e-132
1.53983e-130
8.23182e-129
4.35354e-127
2.27785e-125
1.17913e-123
6.03908e-122
3.06034e-120
1.53456e-118
7.61445e-117
3.73905e-115
1.81712e-113
8.74061e-112
4.16171e-110
1.96163e-108
9.15429e-107
4.23003e-105
1.93566e-103
8.77282e-102
3.93858e-100
1.75186e-98
7.72134e-97
3.37286e-95
1.4605e-93
6.27039e-92
2.66975e-90
1.12753e-88
4.72473e-87
1.96483e-85
8.11119e-84
3.32488e-82
1.35369e-80
5.47565e-79
2.20117e-77
8.79626e-76
3.49539e-74
1.38157e-72
5.43317e-71
2.12648e-69
8.2854e-68
3.21461e-66
1.24227e-64
4.78283e-63
1.835e-61
7.01724e-60
2.67526e-58
1.017e-56
3.85579e-55
1.45819e-53
5.50162e-52
2.07114e-50
7.78083e-49
2.91739e-47
1.09186e-45
4.07926e-44
1.52155e-42
5.66649e-41
2.10719e-39
7.82502e-38
2.90195e-36
1.07484e-34
3.97622e-33
1.46924e-31
5.42294e-30
1.99948e-28
7.36491e-27
2.71025e-25
9.96481e-24
3.66071e-22
1.34372e-20
4.92829e-19
1.80599e-17
6.6124e-16
2.41903e-14
8.84375e-13
3.23137e-11
1.17951e-09
4.30411e-08
1.58e-06
5.82312e-05
0.00201862
0.0554767
0.224697
0.442768
0.653938
0.820829
0.927831
0.979337
0.994775
0.998693
0.999678
0.999922
0.999981
0.999996
0.999999
1
1
1
1
1
1
1
1
1
1
1
1
1
1
1
1
1
1
1
1
1
1
1
1
1
1
1
1
1
1
1
1
1
1
1
1
1
1
1
