5.88474e-18
7.43635e-17
9.38651e-16
1.18374e-14
1.4918e-13
1.87911e-12
2.36603e-11
2.97783e-10
3.74551e-09
4.70701e-08
5.90766e-07
7.40246e-06
9.27812e-05
0.00114558
0.0148018
0.10319
0.266792
0.463282
0.654581
0.811676
0.919259
0.976318
0.994553
0.998751
0.999715
0.999935
0.999985
0.999997
0.999999
1
1
1
1
1
1
1
1
1
1
1
1
1
1
1
1
1
1
1
1
1
1
1
1
1
1
1
1
1
1
1
1
1
1
1
1
1
1
1
1
1
1
1
1
1
1
1
1
1
1
1
1
1
1
1
1
1
1
1
1
1
1
1
1
1
1
1
1
1
1
1
1
1
1
1
1
1
1
1
1
1
1
1
1
1
1
1
1
1
1
1
1
1
1
1
1
1
1
1
1
1
1
1
1
1
1
1
1
1
0.999999
0.999993
0.999907
0.998854
0.985198
0.89681
0.733208
0.536718
0.345419
0.188324
0.0807407
0.0236818
0.0054472
0.00124855
0.000285217
6.49169e-05
1.47118e-05
3.31692e-06
7.43322e-07
1.65426e-07
3.65257e-08
7.99276e-09
1.73136e-09
3.70792e-10
7.84085e-11
1.635e-11
3.35753e-12
6.78118e-13
1.3453e-13
2.61829e-14
4.9932e-15
9.31959e-16
1.70054e-16
3.03029e-17
5.26791e-18
8.9252e-19
1.47232e-19
2.36256e-20
3.68432e-21
5.57866e-22
8.19421e-23
1.16652e-23
1.60802e-24
2.14436e-25
2.76374e-26
3.43925e-27
4.12817e-28
4.7744e-29
5.31455e-30
5.68715e-31
5.84344e-32
5.75729e-33
5.43172e-34
4.89977e-35
4.21923e-36
3.46221e-37
2.70218e-38
2.00179e-39
1.40438e-40
9.30747e-42
5.81112e-43
3.40749e-44
1.87007e-45
9.56847e-47
4.54424e-48
1.99298e-49
8.02425e-51
2.94543e-52
9.77562e-54
2.90429e-55
7.62872e-57
1.74404e-58
3.39945e-60
5.49271e-62
7.06718e-64
1.03727e-65
1.05608e-65
1.80822e-64
2.89478e-63
4.52056e-62
6.9844e-61
1.06747e-59
1.61426e-58
2.41597e-57
3.57955e-56
5.25179e-55
7.63235e-54
1.09906e-52
1.56868e-51
2.21998e-50
3.11615e-49
4.3401e-48
6.00005e-47
8.23659e-46
1.12316e-44
1.52197e-43
2.05023e-42
2.74659e-41
3.6605e-40
4.85505e-39
6.41067e-38
8.42964e-37
1.10419e-35
1.44122e-34
1.87494e-33
2.43175e-32
3.14504e-31
4.057e-30
5.22088e-29
6.70384e-28
8.59061e-27
1.09878e-25
1.40296e-24
1.78841e-23
2.27621e-22
2.89266e-21
3.67056e-20
4.65087e-19
