1
1
1
1
1
1
1
1
1
1
1
1
1
1
1
1
1
1
1
1
1
1
1
1
1
1
1
1
1
1
1
1
0.999998
0.999919
0.99701
0.913014
0.637474
0.316344
0.0937623
0.0181983
0.00300368
0.00039964
3.97659e-05
2.61137e-06
8.44937e-08
9.72479e-111
4.57497e-108
1.94631e-105
7.64682e-103
2.78455e-100
9.42758e-98
2.97588e-95
8.77934e-93
2.42593e-90
6.29074e-88
1.53349e-85
3.51958e-83
7.61609e-81
1.55579e-78
3.00358e-76
5.48582e-74
9.48773e-72
1.55513e-69
2.41761e-67
3.56715e-65
4.99853e-63
6.65577e-61
8.42578e-59
1.01456e-56
1.16249e-54
1.26796e-52
1.31697e-50
1.30299e-48
1.22836e-46
1.10371e-44
9.45462e-43
7.7234e-41
6.01826e-39
4.47468e-37
3.17563e-35
2.15203e-33
1.39323e-31
8.62191e-30
5.10387e-28
2.8926e-26
1.57122e-24
8.19043e-23
4.10381e-21
1.98013e-19
9.22125e-18
4.15501e-16
1.81666e-14
7.73143e-13
3.21269e-11
1.30633e-09
5.21267e-08
2.06092e-06
8.10873e-05
0.0029895
0.0869855
0.362526
0.683656
0.906238
0.981802
0.996996
0.9996
0.99996
0.999997
1
1
1
1
1
1
1
1
1
1
1
1
1
1
1
1
1
1
1
1
