1
1
1
1
1
1
1
1
1
1
1
1
1
1
1
1
1
1
1
1
1
1
1
1
1
1
1
1
1
1
1
1
1
1
1
1
1
1
1
1
1
1
1
1
1
1
1
1
1
1
1
1
1
1
1
1
1
1
1
1
1
1
1
1
1
1
1
1
1
0.999998
0.99998
0.999745
0.996716
0.959808
0.820499
0.615363
0.397393
0.211351
0.0844463
0.022045
0.00494584
0.00110117
0.000243076
5.31061e-05
1.14576e-05
2.43545e-06
5.08843e-07
1.04244e-07
2.08874e-08
4.08305e-09
7.76722e-10
1.43442e-10
2.56566e-11
4.43459e-12
7.39074e-13
1.18517e-13
1.82485e-14
2.69237e-15
3.79845e-16
5.11371e-17
6.55532e-18
7.98381e-19
9.21657e-20
1.00598e-20
1.03539e-21
1.00195e-22
9.08719e-24
7.69686e-25
6.06419e-26
4.42443e-27
2.97396e-28
1.83074e-29
1.02496e-30
5.17585e-32
2.33396e-33
9.28246e-35
3.20529e-36
9.4139e-38
2.28643e-39
4.40883e-41
6.32797e-43
6.0097e-45
2.83254e-47
2.49496e-101
1.02969e-99
3.86097e-98
1.41355e-96
5.05341e-95
1.76443e-93
6.01804e-92
2.00549e-90
6.53101e-89
2.07878e-87
6.46818e-86
1.96776e-84
5.85389e-83
1.70322e-81
4.84747e-80
1.34971e-78
3.67715e-77
9.80362e-76
2.55816e-74
6.53424e-73
1.63397e-71
4.00072e-70
9.5925e-69
2.2526e-67
5.18151e-66
1.16763e-64
2.57807e-63
5.57809e-62
1.18289e-60
2.45886e-59
5.01104e-58
1.00138e-56
1.96257e-55
3.773e-54
7.11662e-53
1.31728e-51
2.39331e-50
4.2692e-49
7.47889e-48
1.28705e-46
2.17652e-45
3.6181e-44
5.91445e-43
9.51121e-42
1.50533e-40
2.34589e-39
3.60145e-38
5.44973e-37
8.13292e-36
1.19772e-34
1.74171e-33
2.50261e-32
3.55556e-31
4.9983e-30
6.95741e-29
9.59606e-28
1.3124e-26
1.781e-25
2.39979e-24
3.21264e-23
4.27545e-22
5.65936e-21
7.45481e-20
9.77691e-19
1.27722e-17
1.66271e-16
2.1579e-15
2.79285e-14
3.60539e-13
4.64273e-12
5.9632e-11
7.63854e-10
9.75767e-09
1.24332e-07
1.58156e-06
2.01098e-05
0.000255307
0.0032838
0.0401921
0.179501
0.384637
0.602607
0.788649
0.915554
0.977955
0.995054
0.998899
0.999757
0.999947
0.999989
0.999998
0.999999
1
1
1
1
1
1
1
1
1
1
1
1
1
1
1
1
1
1
1
1
1
1
1
1
1
1
1
1
1
1
1
1
1
1
1
1
1
1
1
1
1
