1
1
1
1
1
1
1
1
1
1
1
1
1
1
1
1
1
1
1
1
1
1
1
1
1
1
1
1
1
1
1
1
1
1
1
1
1
1
1
1
1
1
1
1
1
1
1
1
1
1
1
1
1
1
1
1
1
1
1
1
1
1
1
1
1
1
1
1
1
1
1
1
1
1
1
1
1
1
1
1
1
1
1
1
1
1
1
1
1
1
1
1
1
1
1
1
1
1
1
1
1
1
1
1
1
1
1
1
1
1
1
1
1
1
1
1
1
1
1
1
1
1
1
1
1
1
1
1
1
1
1
1
1
1
1
1
1
1
1
1
1
1
1
1
1
1
1
1
1
1
1
1
1
1
1
1
1
1
1
1
1
1
1
1
1
1
1
1
1
1
1
1
1
1
1
1
1
1
1
1
1
1
1
1
1
1
1
1
1
1
1
1
1
1
1
1
1
1
1
1
1
1
1
1
1
1
1
1
1
1
1
1
1
1
1
1
1
1
1
1
1
1
1
1
1
1
1
1
1
1
1
1
0.999988
0.999564
0.983077
0.862414
0.663282
0.447876
0.259787
0.123729
0.0444657
0.0118148
0.0030004
0.00075434
0.000187376
4.58704e-05
1.10371e-05
2.60272e-06
5.99711e-07
1.34611e-07
2.93441e-08
6.19389e-09
1.26222e-09
2.47618e-10
4.66316e-11
8.40646e-12
1.44665e-12
2.3697e-13
3.68416e-14
5.41968e-15
7.51961e-16
9.80619e-17
1.19743e-17
1.36343e-18
1.44089e-19
1.40588e-20
1.2588e-21
1.02703e-22
7.57169e-24
4.99341e-25
2.90927e-26
1.47403e-27
6.36213e-29
2.27426e-30
6.46387e-32
1.36943e-33
1.92237e-35
1.34109e-37
7.10942e-246
7.97588e-245
8.84085e-244
9.68259e-243
1.04781e-241
1.12041e-240
1.18381e-239
1.23598e-238
1.27518e-237
1.30009e-236
1.30986e-235
1.30415e-234
1.2832e-233
1.24774e-232
1.19902e-231
1.13868e-230
1.06869e-229
9.91241e-229
9.08613e-228
8.23098e-227
7.36872e-226
6.51922e-225
5.69975e-224
4.92452e-223
4.20446e-222
3.54719e-221
2.95715e-220
2.43591e-219
1.98261e-218
1.59434e-217
1.2667e-216
9.94263e-216
7.70976e-215
5.90572e-214
4.46864e-213
3.33986e-212
2.46551e-211
1.79759e-210
1.29437e-209
9.20417e-209
6.46322e-208
4.48156e-207
3.06835e-206
2.07421e-205
1.38438e-204
9.12206e-204
5.93398e-203
3.81063e-202
2.41563e-201
1.51157e-200
9.33635e-200
5.69195e-199
3.42504e-198
2.03412e-197
1.19228e-196
6.89697e-196
3.93728e-195
2.21806e-194
1.23303e-193
6.76345e-193
3.66045e-192
1.95453e-191
1.02958e-190
5.34989e-190
2.74194e-189
1.38597e-188
6.90844e-188
3.39533e-187
1.64513e-186
7.85734e-186
3.69863e-185
1.71566e-184
7.84119e-184
3.53039e-183
1.56563e-182
6.83779e-182
2.94064e-181
1.2451e-180
5.1898e-180
2.12923e-179
8.59741e-179
3.41614e-178
1.33559e-177
5.13722e-177
1.94376e-176
7.23354e-176
2.64717e-175
9.52465e-175
3.36863e-174
1.17079e-173
3.99745e-173
1.34034e-172
4.41152e-172
1.42464e-171
4.51172e-171
1.40044e-170
4.2582e-170
1.26759e-169
3.69215e-169
1.05173e-168
2.92853e-168
7.96812e-168
2.1179e-167
5.49846e-167
1.39432e-166
3.45401e-166
8.35957e-166
1.9769e-165
4.56705e-165
1.02889e-164
2.24429e-164
4.69206e-164
9.97684e-164
3.04447e-163
1.46074e-161
8.64095e-160
5.07449e-158
2.9501e-156
1.69795e-154
9.67513e-153
5.45806e-151
3.04839e-149
1.68562e-147
9.22802e-146
5.00178e-144
2.6842e-142
1.42622e-140
7.50329e-139
3.90858e-137
2.01606e-135
1.02971e-133
5.20805e-132
2.60854e-130
1.29391e-128
6.35649e-127
3.09286e-125
1.4906e-123
7.11621e-122
3.36555e-120
1.57696e-118
7.32112e-117
3.368e-115
1.5355e-113
6.93838e-112
3.1078e-110
1.38004e-108
6.07626e-107
2.65309e-105
1.14897e-103
4.93608e-102
2.10402e-100
8.90017e-99
3.73691e-97
1.5577e-95
6.44779e-94
2.65087e-92
1.08273e-90
4.39455e-89
1.77285e-87
7.11061e-86
2.83613e-84
1.12523e-82
4.44182e-81
1.74501e-79
6.82428e-78
2.65734e-76
1.03055e-74
3.98131e-73
1.53254e-71
5.87928e-70
2.24826e-68
8.57169e-67
3.25883e-65
1.23568e-63
4.67383e-62
1.7637e-60
6.64081e-59
2.49528e-57
9.35779e-56
3.5029e-54
1.30897e-52
4.88334e-51
1.81898e-49
6.76549e-48
2.51282e-46
9.32058e-45
3.45281e-43
1.27754e-41
4.72147e-40
1.74301e-38
6.42789e-37
2.36811e-35
8.7161e-34
3.20513e-32
1.17757e-30
4.32277e-29
1.58554e-27
5.81096e-26
2.12807e-24
7.78778e-23
2.84808e-21
1.04094e-19
3.80225e-18
1.38803e-16
5.06381e-15
1.84592e-13
6.723e-12
2.44735e-10
8.90602e-09
3.22706e-07
1.16474e-05
0.000436361
0.0169233
0.137586
0.336718
0.552124
0.740213
0.876271
0.955534
0.988185
0.997
0.999246
0.999813
0.999954
0.999989
0.999997
0.999999
1
1
1
1
1
1
1
