1
1
1
1
1
1
1
1
1
1
1
1
1
1
1
1
1
1
1
1
1
1
1
1
1
1
1
1
1
1
1
1
1
1
1
1
1
1
1
1
1
1
1
1
1
1
1
1
1
1
1
1
1
1
1
1
1
1
1
1
1
1
1
1
1
1
1
1
1
1
1
1
1
1
1
1
1
1
1
1
1
1
1
1
1
1
1
1
1
1
1
1
1
1
1
1
1
1
1
1
0.999999
0.999991
0.99989
0.998636
0.982147
0.882054
0.704331
0.496324
0.300683
0.148557
0.0536008
0.0130524
0.002963
0.000669256
0.000150336
3.35489e-05
7.42727e-06
1.62884e-06
3.53326e-07
7.56896e-08
1.59853e-08
3.32237e-09
6.78308e-10
1.35789e-10
2.66062e-11
5.09354e-12
9.51132e-13
1.72956e-13
3.05787e-14
5.24851e-15
8.7327e-16
1.4065e-16
2.18979e-17
3.2911e-18
4.76829e-19
6.65073e-20
8.91774e-21
1.14789e-21
1.41631e-22
1.67252e-23
1.88724e-24
2.03136e-25
2.08189e-26
2.02761e-27
1.87261e-28
1.63622e-29
1.34919e-30
1.04694e-31
7.6217e-33
5.18742e-34
3.28795e-35
1.93217e-36
1.04737e-37
5.20618e-39
2.35661e-40
9.63425e-42
3.52173e-43
1.13691e-44
3.1908e-46
7.6268e-48
1.50951e-49
2.37505e-51
2.7851e-53
2.16375e-55
8.3532e-58
1.28149e-81
3.26847e-80
7.28606e-79
1.59806e-77
3.44676e-76
7.3112e-75
1.52533e-73
3.13027e-72
6.31954e-71
1.25522e-69
2.45319e-68
4.71817e-67
8.93096e-66
1.66403e-64
3.05227e-63
5.51247e-62
9.80395e-61
1.71736e-59
2.96348e-58
5.03863e-57
8.44268e-56
1.39446e-54
2.27086e-53
3.64715e-52
5.77847e-51
9.03446e-50
1.39431e-48
2.1249e-47
3.19889e-46
4.75893e-45
6.99923e-44
1.01815e-42
1.46553e-41
2.08837e-40
2.94753e-39
4.12259e-38
5.71699e-37
7.86454e-36
1.07377e-34
1.45583e-33
1.96101e-32
2.62567e-31
3.49617e-30
4.63164e-29
6.10737e-28
8.01909e-27
1.04884e-25
1.36694e-24
1.7757e-23
2.29975e-22
2.97011e-21
3.82584e-20
4.91613e-19
6.30304e-18
8.06504e-17
1.03015e-15
1.31385e-14
1.67353e-13
2.1292e-12
2.70579e-11
3.43406e-10
4.35152e-09
5.50398e-08
6.9457e-07
8.74327e-06
0.000110032
0.00136397
0.0178533
0.117946
0.295669
0.503676
0.699317
0.851443
0.946399
0.986948
0.997037
0.999331
0.99985
0.999966
0.999993
0.999998
1
1
1
1
1
1
1
1
1
1
