0
0
0
0
0
0
0
0
0
0
0
0
0
0
0
0
0
0
0
0
0
0
0
0
0
0
0
0
0
0
0
0
6.81165e-47
1.61984e-43
1.87153e-40
1.39861e-37
7.58612e-35
3.17455e-32
1.06299e-29
2.91485e-27
6.64628e-25
1.27362e-22
2.06832e-20
2.86833e-18
3.42335e-16
3.54235e-14
3.19436e-12
2.51668e-10
1.74409e-08
1.0861e-06
6.18791e-05
0.00306687
0.112672
0.50853
0.885458
0.990211
1
1
1
1
1
1
1
1
1
1
1
1
1
1
1
1
1
1
1
1
1
1
1
1
1
1
1
1
1
1
1
1
1
1
1
1
1
1
1
1
1
1
1
1
1
1
1
1
1
1
1
1
1
1
1
1
1
0.999999
0.999938
0.996933
0.887328
0.49147
0.114542
0.00978902
0
0
0
0
0
0
0
0
