3.59322e-29
1.52603e-27
6.36312e-26
2.60855e-24
1.05282e-22
4.18926e-21
1.64567e-19
6.39051e-18
2.4561e-16
9.35297e-15
3.53222e-13
1.32419e-11
4.93335e-10
1.82559e-08
6.68854e-07
2.45452e-05
0.000933044
0.0339695
0.22473
0.506207
0.764986
0.927013
0.983758
0.99664
0.999364
0.999892
0.999984
0.999998
1
1
1
1
1
1
1
1
1
1
1
1
1
1
1
1
1
1
1
1
1
1
1
1
1
1
1
1
1
1
1
1
1
1
1
1
1
1
1
1
1
1
1
1
1
1
1
1
1
1
0.999999
0.999975
0.999067
0.966031
0.77527
0.493793
0.235014
0.0729871
0.0162416
0.00335974
0.000635945
0.00010791
1.60553e-05
2.04155e-06
2.14911e-07
1.79316e-08
1.10966e-09
4.52102e-11
9.08773e-13
2.75079e-85
2.95767e-83
2.849e-81
2.66442e-79
2.41924e-77
2.13276e-75
1.82565e-73
1.51748e-71
1.22484e-69
9.60074e-68
7.30836e-66
5.40314e-64
3.87978e-62
2.70601e-60
1.83336e-58
1.20669e-56
7.7165e-55
4.79487e-53
2.89556e-51
1.69968e-49
9.70013e-48
5.38371e-46
2.90684e-44
1.52743e-42
7.8145e-41
3.89471e-39
1.89214e-37
8.96706e-36
4.14882e-34
1.87577e-32
8.29599e-31
