1.22373e-05
0.000153433
0.00193291
0.0246265
0.132755
0.309208
0.510358
0.698187
0.845537
0.940333
0.984609
0.996476
0.999196
0.999817
0.999959
0.999991
0.999998
1
1
1
1
1
1
1
1
1
1
1
1
1
1
1
1
1
1
1
1
1
1
1
1
1
1
1
1
1
1
1
1
1
1
1
1
1
1
1
1
1
1
1
1
1
1
1
1
1
1
1
1
1
1
1
1
1
1
1
1
1
1
1
1
1
1
1
1
1
1
1
1
1
1
1
1
1
1
1
1
1
1
1
1
1
1
1
1
1
1
1
1
1
1
1
1
1
1
1
1
1
1
1
1
1
1
1
1
1
1
0.999999
0.999988
0.999847
0.998067
0.975373
0.867245
0.690792
0.489642
0.301813
0.154463
0.0596667
0.0153907
0.00352381
0.00080448
0.000183002
4.14358e-05
9.32959e-06
2.08722e-06
4.63574e-07
1.02109e-07
2.22777e-08
4.80811e-09
1.02513e-09
2.15609e-10
4.46707e-11
9.10376e-12
1.8224e-12
3.57837e-13
6.88268e-14
1.29507e-14
2.38093e-15
4.27161e-16
7.47006e-17
1.27191e-17
2.10628e-18
3.38879e-19
5.29167e-20
8.01154e-21
1.17483e-21
1.66695e-22
2.28623e-23
3.02766e-24
3.86742e-25
4.75972e-26
5.63753e-27
6.41833e-28
7.01508e-29
7.35089e-30
7.37443e-31
7.07195e-32
6.47241e-33
5.64347e-34
4.679e-35
3.68118e-36
2.74197e-37
1.92884e-38
1.27787e-39
7.94868e-41
4.62624e-42
2.50953e-43
1.26317e-44
5.86988e-46
2.50338e-47
9.73059e-49
3.41882e-50
1.07494e-51
2.98736e-53
7.22363e-55
1.48885e-56
2.54302e-58
3.45575e-60
3.50279e-62
2.35411e-64
7.94113e-67
2.72469e-68
5.40691e-67
9.0914e-66
1.51138e-64
2.481e-63
4.02231e-62
6.44171e-61
1.01929e-59
1.59388e-58
2.46367e-57
3.76518e-56
5.69095e-55
8.50948e-54
1.25913e-52
1.84429e-51
2.67501e-50
3.84336e-49
5.47199e-48
7.72317e-47
1.08101e-45
1.50116e-44
2.06901e-43
2.8315e-42
3.84918e-41
5.19994e-40
6.98364e-39
9.32811e-38
1.23966e-36
1.63971e-35
2.15945e-34
2.83253e-33
3.70164e-32
4.82088e-31
6.25869e-30
8.1016e-29
1.04589e-27
1.34685e-26
1.73046e-25
2.21868e-24
2.83923e-23
3.627e-22
4.62587e-21
5.89081e-20
7.49048e-19
9.51037e-18
1.20567e-16
1.52613e-15
1.92891e-14
2.43473e-13
3.06985e-12
3.86777e-11
4.87119e-10
6.13411e-09
7.72382e-08
9.72217e-07
