1
1
1
1
1
1
1
1
1
1
1
1
1
1
1
1
1
1
1
1
1
1
1
1
1
1
1
1
1
1
1
1
1
1
1
1
1
1
1
0.999987
0.999494
0.979602
0.827629
0.578608
0.326403
0.1379
0.0387272
0.00906897
0.0020385
0.000435442
8.74523e-05
1.63326e-05
2.80486e-06
4.37745e-07
6.12931e-08
7.58833e-09
8.16325e-10
7.46559e-11
5.6378e-12
3.37269e-13
1.49771e-14
4.38703e-16
6.35595e-18
0
0
0
0
0
0
0
0
0
0
0
0
0
0
0
0
0
0
0
0
0
0
0
0
0
0
0
0
0
0
0
0
0
0
0
0
0
0
0
0
0
0
0
0
0
0
0
0
0
0
0
0
0
0
0
0
0
0
0
0
0
0
0
0
0
1e-273
1.05436e-270
5.49955e-268
1.90432e-265
4.94559e-263
1.02978e-260
1.79158e-258
2.67617e-256
3.49755e-254
4.05414e-252
4.21118e-250
3.95231e-248
3.3746e-246
2.63693e-244
1.89572e-242
1.25987e-240
7.77405e-239
4.47175e-237
2.40662e-235
1.21589e-233
5.78446e-232
2.59838e-230
1.10479e-228
4.4559e-227
1.70801e-225
6.23237e-224
2.16783e-222
7.19646e-221
2.28224e-219
6.92015e-218
2.00768e-216
5.57666e-215
1.4839e-213
3.78465e-212
9.25716e-211
2.17272e-209
4.89619e-208
1.06e-206
2.20611e-205
4.41671e-204
8.51154e-203
1.5799e-201
2.8263e-200
4.87538e-199
8.11326e-198
1.30296e-196
2.0199e-195
3.02311e-194
4.3685e-193
6.09484e-192
8.20968e-191
1.06758e-189
1.34022e-188
1.62432e-187
1.90083e-186
2.14836e-185
2.34609e-184
2.47694e-183
2.53018e-182
2.50285e-181
2.39971e-180
2.23181e-179
2.01433e-178
1.76434e-177
1.49898e-176
1.23416e-175
9.83581e-175
7.57843e-174
5.63803e-173
4.04398e-172
2.79106e-171
1.84882e-170
1.172e-169
7.09206e-169
4.08972e-168
2.2465e-167
1.17657e-166
5.83161e-166
2.69134e-165
1.32955e-164
1.1712e-163
1.64303e-161
2.4083e-159
3.45708e-157
4.85961e-155
6.68985e-153
9.01947e-151
1.19103e-148
1.5405e-146
1.95174e-144
2.42229e-142
2.94505e-140
3.50781e-138
4.0933e-136
4.67973e-134
5.24191e-132
5.75297e-130
6.18641e-128
6.51835e-126
6.72972e-124
6.80807e-122
6.74875e-120
6.5554e-118
6.2396e-116
5.81964e-114
5.31889e-112
4.76356e-110
4.1805e-108
3.59509e-106
3.02954e-104
2.50165e-102
2.02423e-100
1.60499e-98
1.247e-96
9.49382e-95
7.0826e-93
5.17755e-91
3.70883e-89
2.60335e-87
1.79068e-85
1.20697e-83
7.97225e-82
5.16037e-80
3.2735e-78
2.03514e-76
1.24008e-74
7.40649e-73
4.33625e-71
2.48885e-69
1.40061e-67
7.72906e-66
4.18311e-64
2.22084e-62
1.15683e-60
5.91386e-59
2.96784e-57
1.46258e-55
7.08057e-54
3.36871e-52
1.57582e-50
7.25131e-49
3.28425e-47
1.46498e-45
6.43997e-44
2.79189e-42
1.19452e-40
5.04779e-39
2.10845e-37
8.71214e-36
3.56395e-34
1.44452e-32
5.80542e-31
2.31514e-29
9.1676e-28
3.60702e-26
1.41095e-24
5.49006e-23
2.12593e-21
8.19604e-20
3.14698e-18
1.20383e-16
4.58939e-15
1.74422e-13
6.61078e-12
2.50053e-10
9.44168e-09
3.54064e-07
1.3153e-05
0.000506078
0.0203984
0.172371
0.421392
0.673597
0.8621
0.961273
0.990931
0.997962
0.999565
0.999913
0.999984
0.999997
1
1
1
1
1
1
1
1
1
1
1
1
1
1
1
1
1
1
1
1
1
1
1
1
1
1
1
1
1
1
1
1
1
1
1
1
1
1
1
1
1
1
1
1
1
1
1
1
1
1
1
1
1
1
1
1
1
1
1
1
1
1
1
1
1
1
1
1
1
1
1
1
1
1
1
1
1
1
1
1
1
1
1
1
1
1
1
1
1
1
1
1
1
1
1
1
1
1
1
1
1
1
1
1
1
1
1
1
1
1
1
1
1
1
1
1
1
1
1
1
1
1
1
1
1
1
1
1
1
1
1
1
1
1
1
1
1
1
1
1
1
1
1
1
1
1
1
1
1
1
1
1
1
1
1
1
1
1
1
1
1
1
1
1
1
1
1
1
1
1
1
1
1
1
1
1
1
1
1
1
1
1
1
1
1
1
1
1
1
1
1
1
1
1
1
1
1
1
1
1
1
1
1
