0
0
0
0
0
0
0
0
0
0
0
0
0
0
0
0
0
0
0
0
0
0
0
0
0
0
0
0
0
0
0
0
8.70211e-53
2.32983e-49
3.03623e-46
2.56492e-43
1.57726e-40
7.51269e-38
2.8785e-35
9.09352e-33
2.40868e-30
5.41309e-28
1.04122e-25
1.72638e-23
2.48273e-21
3.11509e-19
3.42833e-17
3.32383e-15
2.84824e-13
2.16658e-11
1.47548e-09
9.08917e-08
5.03941e-06
0.000244293
0.0120203
0.224188
0.645803
0.935299
0.994941
1
1
1
1
1
1
1
1
1
1
1
1
1
1
1
1
1
1
1
1
1
1
1
1
1
1
1
1
1
1
1
1
1
1
1
1
1
1
1
1
1
1
1
1
1
1
1
1
1
1
1
1
1
1
1
1
1
0.999995
0.999756
0.98798
0.775812
0.354197
0.0647009
0.00505944
0
0
0
0
0
