2.56339e-38
9.39076e-37
3.43772e-35
1.25757e-33
4.59727e-32
1.67948e-30
6.13142e-29
2.23699e-27
8.15628e-26
2.97205e-24
1.08237e-22
3.93981e-21
1.43345e-19
5.21335e-18
1.8953e-16
6.88714e-15
2.50113e-13
9.07714e-12
3.29299e-10
1.19305e-08
4.30135e-07
1.55777e-05
0.000586593
0.0215317
0.147474
0.343323
0.552297
0.734941
0.868943
0.949716
0.98599
0.996406
0.999085
0.999769
0.999942
0.999986
0.999997
0.999999
1
1
1
1
1
1
1
1
1
1
1
1
1
1
1
1
1
1
1
1
1
1
1
1
1
1
1
1
1
1
1
1
1
1
1
1
1
1
1
1
1
1
1
1
1
1
1
1
1
1
1
1
1
1
1
1
1
1
1
1
1
1
1
1
1
1
1
1
1
1
1
1
1
1
1
1
1
1
1
1
1
1
1
1
1
1
1
1
1
1
1
1
1
1
1
1
1
1
1
1
1
1
1
1
1
1
1
1
1
1
1
1
1
1
1
1
1
1
1
1
1
1
1
1
1
1
1
1
1
1
1
1
1
1
1
1
1
1
1
1
1
1
1
1
1
1
1
1
1
1
1
1
1
1
1
1
1
1
1
1
1
1
1
1
1
1
1
1
1
1
1
1
1
1
1
1
1
1
1
1
1
1
1
1
1
1
1
1
1
1
1
1
1
1
1
1
1
1
1
1
1
1
1
1
1
1
1
1
1
1
1
1
1
1
1
1
1
1
1
1
1
1
1
1
1
1
1
1
1
1
1
1
1
1
1
1
1
1
1
0.999984
0.999413
0.978468
0.852526
0.656677
0.447703
0.265059
0.131057
0.0502845
0.0140097
0.00359435
0.000915434
0.000231071
5.77044e-05
1.42276e-05
3.45582e-06
8.2498e-07
1.9308e-07
4.41922e-08
9.86679e-09
2.14364e-09
4.52079e-10
9.23282e-11
1.82181e-11
3.46524e-12
6.33946e-13
1.11298e-13
1.87097e-14
3.00466e-15
4.59885e-16
6.69204e-17
9.23414e-18
1.20492e-18
1.4823e-19
1.71362e-20
1.85488e-21
1.87237e-22
1.75454e-23
1.51836e-24
1.20622e-25
8.73518e-27
5.71866e-28
3.35059e-29
1.73522e-30
7.81904e-32
3.00307e-33
9.55789e-35
2.42003e-36
4.57009e-38
5.72176e-40
3.56213e-42
2.74811e-232
2.31361e-231
1.92765e-230
1.58942e-229
1.29692e-228
1.04723e-227
8.36777e-227
6.61618e-226
5.17633e-225
4.00719e-224
3.06936e-223
2.32612e-222
1.74413e-221
1.29382e-220
9.49516e-220
6.89364e-219
4.95107e-218
3.51753e-217
2.47201e-216
1.71839e-215
1.18152e-214
8.03505e-214
5.40447e-213
3.59519e-212
2.36527e-211
1.53892e-210
9.90181e-210
6.30037e-209
3.96421e-208
2.46647e-207
1.51744e-206
9.23104e-206
5.55242e-205
3.30214e-204
1.94168e-203
1.12879e-202
6.48773e-202
3.68637e-201
2.0707e-200
1.14983e-199
6.31139e-199
3.42432e-198
1.83637e-197
9.73328e-197
5.09853e-196
2.63931e-195
1.3501e-194
6.82403e-194
3.40784e-193
1.6813e-192
8.19416e-192
3.9447e-191
1.87558e-190
8.80693e-190
4.08359e-189
1.86957e-188
8.45054e-188
3.77071e-187
1.6608e-186
7.21976e-186
3.09741e-185
1.3113e-184
5.47766e-184
2.25754e-183
9.17876e-183
3.6813e-182
1.45628e-181
5.68165e-181
2.18598e-180
8.29304e-180
3.10189e-179
1.14375e-178
4.15684e-178
1.48888e-177
5.25471e-177
1.82702e-176
6.25687e-176
2.11003e-175
7.00535e-175
2.2891e-174
7.3599e-174
2.32765e-173
7.23884e-173
2.21303e-172
6.6487e-172
1.96236e-171
5.68832e-171
1.61893e-170
4.52272e-170
1.23992e-169
3.33522e-169
8.80048e-169
2.27751e-168
5.77957e-168
1.43778e-167
3.50485e-167
8.36692e-167
1.95433e-166
4.46126e-166
9.93854e-166
2.15751e-165
4.55941e-165
9.38239e-165
1.88386e-164
3.70041e-164
7.20168e-164
1.33822e-163
5.49905e-163
2.57179e-161
1.37228e-159
7.25747e-158
3.8039e-156
1.97608e-154
1.01747e-152
5.1926e-151
2.62671e-149
1.31708e-147
6.54637e-146
3.22546e-144
1.57545e-142
7.62878e-141
3.6624e-139
1.74325e-137
8.22736e-136
3.85031e-134
1.78688e-132
8.22412e-131
3.75417e-129
1.69983e-127
7.63495e-126
3.40217e-124
1.50419e-122
6.59929e-121
2.87336e-119
1.24176e-117
5.32721e-116
2.26902e-114
9.59669e-113
4.03105e-111
1.6819e-109
6.97179e-108
2.87164e-106
1.17555e-104
4.78363e-103
1.93539e-101
7.78692e-100
3.11627e-98
1.24071e-96
4.91548e-95
1.93825e-93
7.60851e-92
2.97388e-90
1.15764e-88
4.48889e-87
1.73423e-85
6.67672e-84
2.56206e-82
9.80082e-81
3.73819e-79
1.42186e-77
5.39406e-76
2.0413e-74
7.70703e-73
2.90346e-71
1.09156e-69
4.09571e-68
1.53394e-66
5.73497e-65
2.1406e-63
7.97731e-62
2.96846e-60
1.10304e-58
4.09324e-57
1.517e-55
5.61532e-54
2.07614e-52
7.66755e-51
2.82876e-49
1.04254e-47
3.83858e-46
1.41203e-44
5.18954e-43
1.90565e-41
6.99198e-40
