1
1
1
1
1
1
1
1
1
1
1
1
1
1
1
1
1
1
1
1
1
1
1
1
1
1
1
1
1
1
1
1
1
1
1
1
1
1
1
1
1
1
1
1
1
1
1
1
1
1
1
1
1
1
1
1
1
1
0.999997
0.999968
0.99959
0.994761
0.941129
0.781241
0.564796
0.346195
0.169934
0.0591795
0.0138893
0.00308758
0.000680423
0.000148222
3.184e-05
6.72954e-06
1.39571e-06
2.83237e-07
5.60756e-08
1.07997e-08
2.01758e-09
3.64616e-10
6.3572e-11
1.06659e-11
1.71769e-12
2.64872e-13
3.90138e-14
5.47563e-15
7.3048e-16
9.23919e-17
1.10498e-17
1.24607e-18
1.32094e-19
1.31203e-20
1.21661e-21
1.04895e-22
8.37113e-24
6.15159e-25
4.13784e-26
2.52992e-27
1.39439e-28
6.85876e-30
2.97376e-31
1.11877e-32
3.57778e-34
9.4561e-36
1.98303e-37
3.09361e-39
3.19149e-41
1.63308e-43
3.19091e-110
1.72635e-108
8.58777e-107
4.14864e-105
1.94696e-103
8.87965e-102
3.93715e-100
1.69772e-98
7.12183e-97
2.90733e-95
1.15533e-93
4.47043e-92
1.68479e-90
6.18602e-89
2.21337e-87
7.71934e-86
2.62476e-84
8.70325e-83
2.8148e-81
8.88137e-80
2.73442e-78
8.21648e-77
2.41005e-75
6.90181e-74
1.93008e-72
5.27155e-71
1.40645e-69
3.66615e-68
9.33819e-67
2.32464e-65
5.65663e-64
1.34568e-62
3.13025e-61
7.12102e-60
1.58454e-58
3.44938e-57
7.34736e-56
1.53164e-54
3.12537e-53
6.24389e-52
1.22156e-50
2.34088e-49
4.39498e-48
8.08659e-47
1.45857e-45
2.57978e-44
4.47583e-43
7.6201e-42
1.27356e-40
2.09041e-39
3.37138e-38
5.34523e-37
8.33575e-36
1.27938e-34
1.93378e-33
2.88042e-32
4.23113e-31
6.13379e-30
8.78232e-29
1.24291e-27
1.74011e-26
2.41196e-25
3.31261e-24
4.51154e-23
6.09765e-22
8.18446e-21
1.09167e-19
1.44782e-18
1.91026e-17
2.50862e-16
3.28057e-15
4.27419e-14
5.55095e-13
7.18939e-12
9.28939e-11
1.19765e-09
1.54062e-08
1.9767e-07
2.52964e-06
3.22156e-05
0.000410096
0.00523856
0.0588714
0.218759
0.435204
0.653805
0.830066
0.940821
0.986111
0.996912
0.99932
0.999852
0.999968
0.999993
0.999999
1
1
1
1
1
1
1
1
1
1
1
1
1
1
1
1
1
1
1
1
1
1
1
1
1
1
1
1
1
1
1
1
1
1
1
1
1
1
1
1
1
1
1
1
1
1
1
1
1
1
1
1
1
