0.386415
0.0903183
0.0112112
0.000698542
0
0
0
0
0
0
0
0
0
0
0
0
0
0
0
0
0
0
0
0
0
0
0
0
0
0
0
0
1.81444e-70
6.48691e-67
1.13422e-63
1.29232e-60
1.07854e-57
7.02513e-55
3.71531e-52
1.63851e-49
6.14123e-47
1.98368e-44
5.5805e-42
1.37848e-39
3.0092e-37
5.8358e-35
1.00983e-32
1.56504e-30
2.17953e-28
2.7354e-26
3.10171e-24
3.1848e-22
2.96745e-20
2.51455e-18
1.94253e-16
1.37151e-14
8.87309e-13
5.27988e-11
2.91019e-09
1.49731e-07
7.12924e-06
0.000314125
0.0149314
0.223391
0.613585
0.909682
0.988789
0.999301
1
1
1
1
1
1
1
1
1
1
1
1
1
1
1
1
1
1
1
1
1
1
1
1
1
1
1
1
1
1
1
1
1
1
1
1
1
1
1
1
1
1
1
1
1
1
1
1
1
1
1
1
1
1
1
1
0.999993
0.999686
0.985069
0.776609
