1
1
1
1
1
1
1
1
1
1
1
1
1
1
1
1
1
1
1
1
1
1
1
1
1
1
1
1
1
1
1
1
1
1
1
1
1
1
1
1
1
1
1
1
1
1
1
1
1
1
1
1
0.999991
0.999649
0.985611
0.827155
0.535446
0.249984
0.0716246
0.0147982
0.00273794
0.000439121
5.88218e-05
6.27574e-06
4.97571e-07
2.59732e-08
6.6807e-10
2.77096e-97
5.23805e-95
9.07586e-93
1.50765e-90
2.4022e-88
3.67282e-86
5.39075e-84
7.59829e-82
1.02884e-79
1.33868e-77
1.67428e-75
2.01332e-73
2.32828e-71
2.58992e-69
2.77173e-67
2.85436e-65
2.82897e-63
2.69882e-61
2.47859e-59
2.19169e-57
1.86616e-55
1.53026e-53
1.2086e-51
9.19508e-50
6.73978e-48
4.76016e-46
3.24012e-44
2.12597e-42
1.34501e-40
8.20723e-39
4.83216e-37
2.74637e-35
1.50763e-33
7.99916e-32
4.10549e-30
2.04024e-28
9.82861e-27
4.59598e-25
2.08932e-23
9.24945e-22
3.99507e-20
1.68694e-18
6.9781e-17
2.83368e-15
1.13193e-13
4.45583e-12
1.73178e-10
6.66412e-09
2.54143e-07
9.49548e-06
0.000351235
0.0143891
0.172845
0.464554
0.750016
0.928375
0.985202
0.997262
0.999561
0.999941
0.999994
