1
1
1
1
1
1
1
1
1
1
1
1
1
1
1
1
1
1
1
1
1
1
1
1
1
1
1
1
1
1
1
1
1
1
1
1
1
1
1
1
1
1
1
1
1
1
1
1
1
1
1
1
1
1
1
1
1
1
1
1
1
1
1
1
1
1
1
1
1
1
1
1
1
1
1
1
1
1
1
1
1
1
1
1
1
1
1
1
1
1
1
1
1
1
1
1
1
1
1
1
1
1
1
1
1
1
1
1
1
1
1
1
1
1
1
1
1
1
1
1
1
1
1
1
1
1
1
1
1
1
1
1
1
1
1
1
1
1
1
1
1
1
1
1
1
1
1
1
1
1
1
1
1
1
1
1
1
1
1
1
1
1
1
1
1
1
1
1
1
1
1
1
1
1
1
1
1
1
1
1
1
1
1
1
1
1
1
1
1
1
1
1
1
1
1
1
1
1
1
1
1
1
1
1
1
1
1
1
1
1
1
1
1
1
1
1
1
1
1
1
1
1
1
0.999989
0.999592
0.983991
0.86449
0.664731
0.447905
0.258631
0.122151
0.0432699
0.0114028
0.00288817
0.000723883
0.000179103
4.36314e-05
1.04354e-05
2.44293e-06
5.58007e-07
1.2397e-07
2.67034e-08
5.55958e-09
1.11538e-09
2.14983e-10
3.96928e-11
6.99953e-12
1.17541e-12
1.87398e-13
2.82768e-14
4.02493e-15
5.38537e-16
6.74751e-17
7.88345e-18
8.54865e-19
8.55824e-20
7.86204e-21
6.5807e-22
4.97684e-23
3.36656e-24
2.01166e-25
1.04522e-26
4.62576e-28
1.6953e-29
4.93934e-31
1.07258e-32
1.54307e-34
1.10309e-36
5.03971e-249
6.05996e-248
7.19576e-247
8.43799e-246
9.77167e-245
1.11758e-243
1.26235e-242
1.40826e-241
1.55169e-240
1.6887e-239
1.81527e-238
1.92743e-237
2.02152e-236
2.09435e-235
2.14338e-234
2.1669e-233
2.1641e-232
2.1351e-231
2.08098e-230
2.00371e-229
1.90598e-228
1.79112e-227
1.66284e-226
1.52509e-225
1.38184e-224
1.2369e-223
1.09376e-222
9.55447e-222
8.24487e-221
7.02816e-220
5.9179e-219
4.92207e-218
4.04358e-217
3.281e-216
2.62935e-215
2.08101e-214
1.62653e-213
1.25542e-212
9.56833e-212
7.20071e-211
5.35038e-210
3.92499e-209
2.84259e-208
2.03229e-207
1.43426e-206
9.99121e-206
6.86961e-205
4.66173e-204
3.12206e-203
2.06345e-202
1.34581e-201
8.66143e-201
5.50044e-200
3.44658e-199
2.13082e-198
1.29973e-197
7.82167e-197
4.64372e-196
2.7198e-195
1.57144e-194
8.95637e-194
5.03522e-193
2.79214e-192
1.52708e-191
8.2369e-191
4.38139e-190
2.2981e-189
1.18848e-188
6.05944e-188
3.04537e-187
1.50854e-186
7.36406e-186
3.54208e-185
1.67846e-184
7.83427e-184
3.60123e-183
1.63002e-182
7.26358e-182
3.18606e-181
1.37541e-180
5.84276e-180
2.44203e-179
1.00409e-178
4.06093e-178
1.61531e-177
6.31845e-177
2.43015e-176
9.18895e-176
3.41539e-175
1.24761e-174
4.47811e-174
1.57897e-173
5.46749e-173
1.85858e-172
6.19976e-172
2.02842e-171
6.50576e-171
2.04426e-170
6.28919e-170
1.89317e-169
5.57233e-169
1.60275e-168
4.50224e-168
1.23458e-167
3.30356e-167
8.62441e-167
2.19667e-166
5.45993e-166
1.32477e-165
3.13815e-165
7.25682e-165
1.63961e-164
3.61301e-164
7.63999e-164
1.68514e-163
4.90998e-162
2.98192e-160
1.79724e-158
1.0721e-156
6.33001e-155
3.69925e-153
2.13975e-151
1.22506e-149
6.94216e-148
3.89388e-146
2.16184e-144
1.18802e-142
6.4623e-141
3.47956e-139
1.85457e-137
9.78482e-136
5.11052e-134
2.64237e-132
1.35255e-130
6.85429e-129
3.43904e-127
1.70844e-125
8.40378e-124
4.09342e-122
1.97453e-120
9.43274e-119
4.46318e-117
2.0918e-115
9.71198e-114
4.46736e-112
2.0361e-110
9.19612e-109
4.11647e-107
1.8265e-105
8.03447e-104
3.50434e-102
1.5158e-100
6.50341e-99
2.76816e-97
1.16918e-95
4.90117e-94
2.03961e-92
8.42797e-91
3.45885e-89
1.4102e-87
5.71325e-86
2.30063e-84
9.21058e-83
3.66706e-81
1.4523e-79
5.72286e-78
2.24442e-76
8.76269e-75
3.40662e-73
1.31907e-71
5.08832e-70
1.95586e-68
7.49293e-67
2.86158e-65
1.08964e-63
4.13777e-62
1.5672e-60
5.92146e-59
2.23225e-57
8.39705e-56
3.15234e-54
1.18118e-52
4.41792e-51
1.64962e-49
6.14971e-48
2.2891e-46
8.50839e-45
3.15816e-43
1.17072e-41
4.33444e-40
1.60286e-38
5.92062e-37
2.18459e-35
8.05241e-34
2.96523e-32
1.09091e-30
4.00987e-29
1.47265e-27
5.40386e-26
1.98131e-24
7.25866e-23
2.65724e-21
9.72074e-20
3.55381e-18
1.29851e-16
4.74205e-15
1.73072e-13
6.31216e-12
2.30112e-10
8.38606e-09
3.04135e-07
1.09482e-05
0.000408188
0.0160095
0.13551
0.335269
0.552095
0.741369
0.877849
0.95673
0.988597
0.997112
0.999276
0.999821
0.999956
0.99999
0.999998
0.999999
1
1
1
1
1
1
1
1
1
1
1
1
1
1
1
1
