0.998404
0.999599
0.9999
0.999976
0.999994
0.999999
1
1
1
1
1
1
1
1
1
1
1
1
1
1
1
1
1
1
1
1
1
1
1
1
1
1
1
1
1
1
1
1
1
1
1
1
1
1
1
1
1
1
1
1
1
1
1
1
1
1
1
1
1
1
1
1
1
1
1
1
1
1
1
1
1
1
1
1
1
1
1
1
1
1
1
1
1
1
1
1
1
1
1
1
1
1
1
1
1
1
1
1
1
1
1
1
1
1
1
1
1
1
1
1
1
1
1
1
1
1
1
1
1
1
1
1
1
1
1
1
1
1
1
1
1
1
1
1
1
1
1
1
1
1
1
1
1
1
1
1
1
1
1
1
1
1
1
1
1
1
1
1
1
1
1
1
1
1
1
1
1
1
1
1
1
1
1
1
1
1
1
1
1
1
1
1
1
1
1
1
1
1
1
1
1
1
1
1
1
1
1
1
1
1
1
1
1
1
1
1
1
1
1
1
1
1
1
1
1
1
1
1
1
1
1
1
1
1
1
1
1
1
1
1
1
1
1
1
1
1
1
1
1
1
1
1
1
1
1
0.999998
0.999922
0.997431
0.935233
0.765492
0.553382
0.349304
0.186649
0.0795768
0.0245914
0.00629173
0.00159619
0.000400947
9.95002e-05
2.43378e-05
5.85243e-06
1.37974e-06
3.18007e-07
7.14506e-08
1.5605e-08
3.30363e-09
6.76065e-10
1.33379e-10
2.53009e-11
4.60259e-12
8.00849e-13
1.32934e-13
2.09938e-14
3.14553e-15
4.45831e-16
5.95874e-17
7.48469e-18
8.80266e-19
9.65359e-20
9.82636e-21
9.23525e-22
7.9659e-23
6.2617e-24
4.44826e-25
2.82714e-26
1.58766e-27
7.75486e-29
3.22732e-30
1.11257e-31
3.05005e-33
6.2339e-35
8.44393e-37
5.68505e-39
1.89147e-241
1.92917e-240
1.94539e-239
1.93961e-238
1.91206e-237
1.86367e-236
1.79606e-235
1.71145e-234
1.61248e-233
1.50216e-232
1.38366e-231
1.26018e-230
1.1348e-229
1.01039e-228
8.89481e-228
7.74202e-227
6.66245e-226
5.66849e-225
4.7681e-224
3.9651e-223
3.25975e-222
2.64923e-221
2.12836e-220
1.69024e-219
1.32682e-218
1.02948e-217
7.8949e-217
5.98387e-216
4.48235e-215
3.31815e-214
2.42737e-213
1.7547e-212
1.25338e-211
8.84603e-211
6.16859e-210
4.24986e-209
2.89265e-208
1.94505e-207
1.29201e-206
8.47769e-206
5.49483e-205
3.51787e-204
2.22453e-203
1.38936e-202
8.57028e-202
5.22115e-201
3.14134e-200
1.86649e-199
1.09518e-198
6.34574e-198
3.63074e-197
2.05121e-196
1.14422e-195
6.30184e-195
3.42661e-194
1.8394e-193
9.74696e-193
5.09817e-192
2.63194e-191
1.34095e-190
6.74194e-190
3.3446e-189
1.63698e-188
7.90366e-188
3.76398e-187
1.76784e-186
8.18762e-186
3.73882e-185
1.68312e-184
7.46865e-184
3.26632e-183
1.4077e-182
5.9778e-182
2.50094e-181
1.03073e-180
4.18422e-180
1.6729e-179
6.58654e-179
2.55347e-178
9.7462e-178
3.66198e-177
1.35428e-176
4.92879e-176
1.76495e-175
6.21708e-175
2.15376e-174
7.33567e-174
2.4557e-173
8.07696e-173
2.60907e-172
8.27379e-172
2.57459e-171
7.85766e-171
2.35103e-170
6.89286e-170
1.97938e-169
5.56512e-169
1.5314e-168
4.12336e-168
1.08613e-167
2.79858e-167
7.05336e-167
1.73877e-166
4.19182e-166
9.87732e-166
2.27177e-165
5.08695e-165
1.10463e-164
2.31311e-164
4.63277e-164
9.08732e-164
2.25632e-163
8.75031e-162
5.00824e-160
2.84834e-158
1.60435e-156
8.94961e-155
4.94431e-153
2.70527e-151
1.46596e-149
7.86772e-148
4.18212e-146
2.20178e-144
1.14813e-142
5.93005e-141
3.03381e-139
1.53743e-137
7.71782e-136
3.83799e-134
1.89079e-132
9.22853e-131
4.46269e-129
2.13827e-127
1.01521e-125
4.77652e-124
2.22722e-122
1.02931e-120
4.7152e-119
2.14127e-117
9.64064e-116
4.30383e-114
1.90534e-112
8.36598e-111
3.64377e-109
1.57449e-107
6.75083e-106
2.8726e-104
1.21331e-102
5.08778e-101
2.11853e-99
8.76146e-98
3.59956e-96
1.46943e-94
5.96174e-93
2.40449e-91
9.64277e-90
3.84602e-88
1.52602e-86
6.02486e-85
2.36745e-83
9.26107e-82
3.60738e-80
1.3995e-78
5.40874e-77
2.08286e-75
7.99377e-74
3.05814e-72
1.16644e-70
4.43647e-69
1.68291e-67
6.36799e-66
2.40394e-64
9.05491e-63
3.40362e-61
1.27687e-59
4.78133e-58
1.78727e-56
6.66979e-55
2.48516e-53
9.24588e-52
3.43502e-50
1.27446e-48
4.72244e-47
1.74774e-45
6.46075e-44
2.38565e-42
8.79977e-41
3.24263e-39
1.19373e-37
4.39048e-36
1.61337e-34
5.92357e-33
2.17308e-31
7.9657e-30
2.91772e-28
1.06795e-26
3.90626e-25
1.42788e-23
5.2161e-22
1.90424e-20
6.94717e-19
2.5327e-17
9.22653e-16
3.35892e-14
1.22218e-12
4.44467e-11
1.61529e-09
5.87825e-08
2.15172e-06
7.79419e-05
0.00256878
0.0647671
0.234508
0.446618
0.650696
0.813351
0.920423
0.975409
0.993708
