2.26378e-09
9.50303e-11
1.96824e-12
0
0
0
0
0
0
0
0
0
0
0
0
0
0
0
0
0
0
0
0
0
0
0
0
0
0
0
0
0
0
0
0
0
0
0
0
0
0
0
0
0
0
0
0
0
0
0
0
0
0
0
0
0
0
0
0
0
0
0
0
0
0
0
0
0
0
0
0
0
0
0
0
0
0
0
0
0
0
0
0
0
0
0
0
0
0
0
0
0
0
0
0
0
0
0
0
0
0
0
0
0
0
0
0
0
0
0
0
0
0
0
0
0
0
0
0
0
0
0
0
0
0
0
0
0
1e-213
5.1436e-211
1.28831e-208
2.2173e-206
2.98117e-204
3.27067e-202
2.97494e-200
2.27176e-198
1.47848e-196
8.33876e-195
4.14448e-193
1.84295e-191
7.42504e-190
2.73556e-188
9.26937e-187
2.89628e-185
8.3472e-184
2.21639e-182
5.41183e-181
1.21312e-179
2.49661e-178
4.73434e-177
8.33399e-176
1.37281e-174
2.12631e-173
3.10153e-172
4.26163e-171
5.47616e-170
6.43134e-169
6.87066e-168
6.62345e-167
5.74163e-166
6.47485e-165
1.56097e-163
4.8856e-161
1.47904e-158
4.3095e-156
1.20931e-153
3.27026e-151
8.52726e-149
2.14513e-146
5.20877e-144
1.22141e-141
2.76707e-139
6.05896e-137
1.28282e-134
2.6271e-132
5.2058e-130
9.98471e-128
1.85418e-125
3.33475e-123
5.81007e-121
9.80883e-119
1.60498e-116
2.54586e-114
3.91561e-112
5.84044e-110
8.44983e-108
1.18598e-105
1.6151e-103
2.13438e-101
2.73748e-99
3.40789e-97
4.11832e-95
4.83168e-93
5.5037e-91
6.0873e-89
6.53788e-87
6.81895e-85
6.90702e-83
6.79481e-81
6.49225e-79
6.02505e-77
5.43112e-75
4.75547e-73
4.04472e-71
3.34184e-69
2.68225e-67
2.09144e-65
1.58431e-63
1.16602e-61
8.33818e-60
5.79382e-58
3.91225e-56
2.56747e-54
1.63781e-52
1.01571e-50
6.12519e-49
3.59267e-47
2.05019e-45
1.13869e-43
6.15791e-42
3.2441e-40
1.66585e-38
8.34358e-37
4.0792e-35
1.94842e-33
9.10126e-32
4.16207e-30
1.86564e-28
8.20765e-27
3.54878e-25
1.51016e-23
6.3338e-22
2.62189e-20
1.07264e-18
4.34233e-17
1.7415e-15
6.92623e-14
2.73397e-12
1.07195e-10
4.18325e-09
1.62835e-07
6.24933e-06
0.000232755
0.00956444
0.14232
0.408082
0.686886
0.88663
0.973248
0.994349
0.998905
0.999809
0.999971
0.999996
1
1
1
1
1
1
1
1
1
1
1
1
1
1
1
1
1
1
1
1
1
1
1
1
1
1
1
1
1
1
1
1
1
1
1
1
1
1
1
1
1
1
1
1
1
1
1
1
1
1
1
1
1
1
1
1
1
1
1
1
1
1
1
1
1
1
1
1
1
1
1
1
1
1
1
1
1
1
1
1
1
1
1
1
1
1
1
1
1
1
1
1
1
1
1
1
1
1
1
1
1
1
1
1
1
1
1
1
1
1
1
1
1
1
1
1
1
1
1
1
1
1
1
1
1
1
1
1
1
1
1
1
1
1
1
1
1
1
1
1
1
1
1
1
1
1
1
1
1
1
1
1
1
1
1
1
1
1
1
1
1
1
1
1
1
1
1
1
1
1
1
1
1
1
1
1
1
1
1
1
1
1
1
1
1
1
1
1
1
1
1
1
1
1
1
1
1
1
1
1
1
1
1
1
1
1
1
1
1
1
1
1
1
1
1
1
1
1
1
1
1
1
1
1
1
1
1
1
1
1
1
1
1
1
1
1
1
1
1
1
1
1
1
0.999994
0.999767
0.990436
0.85768
0.591918
0.313114
0.11337
0.026752
0.00565051
0.00109493
0.000190622
2.91443e-05
3.81254e-06
4.13192e-07
3.55092e-08
