1
1
1
1
1
1
1
1
1
1
1
1
1
1
1
1
1
1
1
1
1
1
1
1
1
1
1
1
1
1
1
1
1
1
1
1
1
1
1
1
1
1
1
1
1
1
1
1
1
1
1
1
1
1
1
1
1
1
1
1
1
1
1
1
1
1
1
1
1
1
1
1
1
1
1
1
1
1
1
1
1
1
1
1
1
1
1
1
1
1
1
1
1
1
1
1
0.999998
0.999971
0.99963
0.995318
0.947517
0.802702
0.603183
0.395051
0.217086
0.092638
0.0265773
0.00603459
0.00136371
0.000306567
6.8474e-05
1.51729e-05
3.33049e-06
7.23104e-07
1.55042e-07
3.27704e-08
6.8153e-09
1.39198e-09
2.78673e-10
5.45834e-11
1.04407e-11
1.94686e-12
3.53287e-13
6.22864e-14
1.06522e-14
1.76442e-15
2.82637e-16
4.37203e-17
6.52134e-18
9.3662e-19
1.29339e-19
1.71473e-20
2.17921e-21
2.65066e-22
3.08069e-23
3.41525e-24
3.60477e-25
3.61535e-26
3.43806e-27
3.09284e-28
2.62531e-29
2.09685e-30
1.57097e-31
1.10021e-32
7.17445e-34
4.33693e-35
2.4179e-36
1.23592e-37
5.75208e-39
2.41739e-40
9.08256e-42
3.0132e-43
8.68929e-45
2.13373e-46
4.33787e-48
7.0095e-50
8.44036e-52
6.73235e-54
2.66799e-56
4.23933e-84
1.14034e-82
2.69592e-81
6.26574e-80
1.431e-78
3.21182e-77
7.08507e-76
1.53625e-74
3.27449e-73
6.86176e-72
1.41377e-70
2.86434e-69
5.70711e-68
1.11842e-66
2.156e-65
4.08884e-64
7.62989e-63
1.4011e-61
2.53232e-60
4.50547e-59
7.89244e-58
1.3615e-56
2.31338e-55
3.87255e-54
6.38811e-53
1.03869e-51
1.66518e-50
2.63285e-49
4.10697e-48
6.32263e-47
9.60986e-46
1.44261e-44
2.13983e-43
3.13759e-42
4.54991e-41
6.52848e-40
9.27348e-39
1.30473e-37
1.81919e-36
2.51506e-35
3.44958e-34
4.69639e-33
6.34997e-32
8.53125e-31
1.13947e-29
1.51375e-28
2.00106e-27
2.63336e-26
3.45127e-25
4.50635e-24
5.86391e-23
7.60651e-22
9.83826e-21
1.26902e-19
1.6327e-18
2.09562e-17
2.68396e-16
3.43087e-15
4.37847e-14
5.58026e-13
7.10383e-12
9.03399e-11
1.14759e-09
1.45583e-08
1.8437e-07
2.33086e-06
2.9357e-05
0.000369859
0.00468232
0.0524828
0.197298
0.396817
0.604949
0.782914
0.907362
0.973423
0.993965
0.998636
0.999693
0.999932
0.999985
0.999997
0.999999
1
1
1
1
1
1
1
1
1
1
1
1
1
1
