0.993324
0.99881
0.999817
0.999977
0.999998
1
1
1
1
1
1
1
1
1
1
1
1
1
1
1
1
1
1
1
1
1
1
1
1
1
1
1
1
1
1
1
1
1
1
1
1
1
1
1
1
1
1
1
1
1
1
1
1
1
1
1
0.999998
0.99993
0.997454
0.92586
0.679968
0.378975
0.143032
0.0333748
0.00667634
0.00118972
0.00018311
2.34827e-05
2.39532e-06
1.81452e-07
9.04855e-09
2.22379e-10
6.07896e-95
1.01573e-92
1.55134e-90
2.27893e-88
3.22095e-86
4.38129e-84
5.73731e-82
7.23457e-80
8.78657e-78
1.02807e-75
1.15906e-73
1.25935e-71
1.31892e-69
1.33164e-67
1.2963e-65
1.21684e-63
1.10158e-61
9.61848e-60
8.1011e-58
6.58226e-56
5.15993e-54
3.90299e-52
2.84897e-50
2.00712e-48
1.36497e-46
8.96217e-45
5.68253e-43
3.48036e-41
2.05969e-39
1.17827e-37
6.51874e-36
3.48985e-34
1.80915e-32
9.08932e-31
4.42994e-29
2.09686e-27
9.65197e-26
4.32693e-24
1.89223e-22
8.08659e-21
3.38355e-19
1.38877e-17
5.60235e-16
2.22541e-14
8.72081e-13
3.37712e-11
1.29338e-09
4.90314e-08
1.85348e-06
7.03509e-05
0.00254558
0.0741404
0.320032
0.621025
0.856968
0.966625
