6.47219e-38
3.0027e-36
1.36215e-34
6.04772e-33
2.63064e-31
1.12232e-29
4.70192e-28
1.93677e-26
7.8539e-25
3.13951e-23
1.2387e-21
4.82997e-20
1.86341e-18
7.1208e-17
2.69797e-15
1.01441e-13
3.78738e-12
1.40489e-10
5.1858e-09
1.90982e-07
6.9536e-06
0.000246399
0.00957419
0.139282
0.399527
0.674993
0.877018
0.969931
0.993505
0.998698
0.999762
0.999961
0.999994
0.999999
1
1
1
1
1
1
1
1
1
1
1
1
1
1
1
1
1
1
1
1
1
1
1
1
1
1
1
1
1
1
1
1
1
1
1
1
1
1
1
1
1
1
1
1
1
1
1
1
1
1
0.999993
0.999754
0.990426
0.860718
0.600473
0.325007
0.122982
0.0300692
0.00649506
0.00130192
0.000237813
3.88245e-05
5.54598e-06
6.76176e-07
6.81972e-08
5.44988e-09
3.22991e-10
1.26049e-11
2.42763e-13
2.48265e-83
2.46896e-81
2.18771e-79
1.88472e-77
1.57858e-75
1.28549e-73
1.0178e-71
7.83558e-70
5.86553e-68
4.26963e-66
3.02232e-64
2.08057e-62
1.39298e-60
9.07113e-59
5.74611e-57
3.54105e-55
2.12323e-53
1.23892e-51
7.03647e-50
3.89084e-48
2.09524e-46
1.0992e-44
5.62024e-43
2.80204e-41
1.36295e-39
