0
0
0
0
0
0
0
0
0
0
0
0
0
0
0
0
0
0
0
0
0
0
0
0
0
0
0
0
0
0
0
0
5.78545e-43
1.26037e-39
1.33236e-36
9.09548e-34
4.49617e-31
1.70888e-28
5.17236e-26
1.27403e-23
2.58948e-21
4.3861e-19
6.24562e-17
7.5477e-15
7.81951e-13
6.99755e-11
5.41402e-09
3.63474e-07
2.19462e-05
0.00124426
0.059904
0.411661
0.834034
0.9848
1
1
1
1
1
1
1
1
1
1
1
1
1
1
1
1
1
1
1
1
1
1
1
1
1
1
1
1
1
1
1
1
1
1
1
1
1
1
1
1
1
1
1
1
1
1
1
1
1
1
1
1
1
1
1
1
1
1
0.999978
0.998756
0.940096
0.588339
0.165966
0.0151995
0
0
0
0
0
0
0
0
0
0
