1
1
1
1
1
1
1
1
1
1
1
1
1
1
1
1
1
1
1
1
1
1
1
1
1
1
1
1
1
1
1
1
1
1
1
1
1
1
1
1
1
1
1
1
1
1
1
1
1
1
1
1
1
1
1
1
1
1
1
1
1
1
1
1
1
1
1
1
1
1
1
1
1
1
1
1
1
1
1
1
1
1
1
1
1
1
1
1
1
1
1
1
1
1
1
1
1
1
1
1
1
1
1
1
1
1
1
1
1
1
1
1
1
1
1
1
1
1
1
1
1
1
1
1
1
1
1
1
1
1
1
1
1
1
1
1
1
1
1
1
1
1
1
1
1
1
1
1
1
1
1
1
1
1
1
1
1
1
1
1
1
1
1
1
1
1
1
1
1
1
1
1
1
1
1
1
1
1
1
1
1
1
0.999999
0.999949
0.998193
0.948334
0.779591
0.558947
0.344594
0.175841
0.0689532
0.0191929
0.00482528
0.0011977
0.000292608
7.01279e-05
1.6428e-05
3.7473e-06
8.29107e-07
1.77247e-07
3.64721e-08
7.19646e-09
1.35656e-09
2.43396e-10
4.14127e-11
6.65656e-12
1.00682e-12
1.42703e-13
1.88687e-14
2.31602e-15
2.62454e-16
2.72875e-17
2.58431e-18
2.21061e-19
1.6906e-20
1.14153e-21
6.69856e-23
3.34614e-24
1.38334e-25
4.54357e-27
1.11154e-28
1.80038e-30
1.44805e-32
9.46569e-266
1.68146e-264
2.93992e-263
5.05978e-262
8.57251e-261
1.42987e-259
2.34813e-258
3.79678e-257
6.04509e-256
9.47783e-255
1.46338e-253
2.22522e-252
3.33253e-251
4.91569e-250
7.14204e-249
1.02213e-247
1.44097e-246
2.00119e-245
2.73792e-244
3.69037e-243
4.90064e-242
6.41187e-241
8.26576e-240
1.04994e-238
1.31414e-237
1.62083e-236
1.96999e-235
2.35961e-234
2.78536e-233
3.24047e-232
3.71565e-231
4.19935e-230
4.67805e-229
5.13693e-228
5.5605e-227
5.93355e-226
6.24196e-225
6.47366e-224
6.61937e-223
6.6732e-222
6.63308e-221
6.50085e-220
6.28216e-219
5.986e-218
5.62417e-217
5.21046e-216
4.75979e-215
4.28735e-214
3.80779e-213
3.33449e-212
2.87902e-211
2.45077e-210
2.05675e-209
1.70161e-208
1.38775e-207
1.1156e-206
8.83927e-206
6.9025e-205
5.31179e-204
4.02794e-203
3.0095e-202
2.21532e-201
1.60646e-200
1.1475e-199
8.07328e-199
5.59398e-198
3.81706e-197
2.56472e-196
1.69676e-195
1.10519e-194
7.08709e-194
4.47388e-193
2.78012e-192
1.70054e-191
1.02385e-190
6.06735e-190
3.53878e-189
2.03136e-188
1.14757e-187
6.37985e-187
3.4902e-186
1.87874e-185
9.94974e-185
5.18363e-184
2.65624e-183
1.33854e-182
6.63192e-182
3.22986e-181
1.54581e-180
7.26828e-180
3.3565e-179
1.52192e-178
6.77364e-178
2.9584e-177
1.26761e-176
5.32728e-176
2.1955e-175
8.87149e-175
3.51424e-174
1.36453e-173
5.19279e-173
1.93651e-172
7.07567e-172
2.53243e-171
8.87542e-171
3.04458e-170
1.02164e-169
3.35092e-169
1.07328e-168
3.35303e-168
1.02037e-167
3.02008e-167
8.6801e-167
2.41875e-166
6.52663e-166
1.70522e-165
4.32336e-165
1.06684e-164
2.54665e-164
5.92646e-164
1.71663e-163
8.10518e-162
5.54405e-160
3.75484e-158
2.51391e-156
1.6639e-154
1.08874e-152
7.04262e-151
4.50357e-149
2.84702e-147
1.77923e-145
1.09921e-143
6.71336e-142
4.05327e-140
2.41924e-138
1.42746e-136
8.32645e-135
4.80146e-133
2.7372e-131
1.54265e-129
8.5953e-128
4.73475e-126
2.5786e-124
1.38847e-122
7.39204e-121
3.89122e-119
2.02543e-117
1.04251e-115
5.30633e-114
2.67109e-112
1.32981e-110
6.54835e-109
3.18969e-107
1.53702e-105
7.32773e-104
3.45673e-102
1.61369e-100
7.4557e-99
3.40986e-97
1.54394e-95
6.92216e-94
3.07364e-92
1.3519e-90
5.89133e-89
2.5442e-87
1.08909e-85
4.62227e-84
1.94556e-82
8.12357e-81
3.3658e-79
1.38419e-77
5.652e-76
2.29214e-74
9.23523e-73
3.69795e-71
1.47203e-69
5.82714e-68
2.29461e-66
8.99103e-65
3.50661e-63
1.36165e-61
5.26583e-60
2.02863e-58
7.78723e-57
2.97927e-55
1.13626e-53
4.32096e-52
1.63869e-50
6.19879e-49
2.33927e-47
8.80815e-46
3.30962e-44
1.24112e-42
4.64566e-41
1.73588e-39
6.4755e-38
2.41183e-36
8.9697e-35
3.33118e-33
1.23549e-31
4.57645e-30
1.69313e-28
6.25668e-27
2.30945e-25
8.51538e-24
3.13655e-22
1.15421e-20
4.24365e-19
1.55902e-17
5.72331e-16
2.09952e-14
7.69601e-13
2.81856e-11
1.03055e-09
3.76104e-08
1.37893e-06
5.10408e-05
0.00180713
0.0516661
0.220409
0.441053
0.655406
0.824159
0.931047
0.980807
0.995175
0.998802
0.999707
0.99993
0.999984
0.999996
0.999999
1
1
1
1
1
1
1
1
1
1
1
1
1
1
1
1
1
1
1
1
1
1
1
1
1
1
1
1
1
1
1
1
1
1
1
1
1
1
1
1
1
1
1
1
1
1
1
1
1
1
1
1
1
1
1
1
1
