2.59669e-30
3.32566e-29
4.25143e-28
5.42551e-27
6.9125e-26
8.79326e-25
1.11689e-23
1.41658e-22
1.79421e-21
2.2696e-20
2.86761e-19
3.61954e-18
4.56478e-17
5.75281e-16
7.24561e-15
9.12037e-14
1.14726e-12
1.44195e-11
1.81044e-10
2.27015e-09
2.84218e-08
3.55261e-07
4.43105e-06
5.5211e-05
0.000690018
0.00835357
0.07716
0.226999
0.417166
0.610133
0.775474
0.895073
0.964767
0.991639
0.998074
0.999558
0.999899
0.999977
0.999995
0.999999
1
1
1
1
1
1
1
1
1
1
1
1
1
1
1
1
1
1
1
1
1
1
1
1
1
1
1
1
1
1
1
1
1
1
1
1
1
1
1
1
1
1
1
1
1
1
1
1
1
1
1
1
1
1
1
1
1
1
1
1
1
1
1
1
1
1
1
1
1
1
1
1
1
1
1
1
1
1
1
1
1
1
1
1
1
1
1
1
1
1
1
1
1
1
1
1
1
1
1
1
1
1
1
1
1
1
1
1
1
1
0.999996
0.999945
0.99931
0.991646
0.92284
0.773001
0.582834
0.389867
0.224526
0.104927
0.0352331
0.00836126
0.00192623
0.000442077
0.000101087
2.3027e-05
5.22328e-06
1.17902e-06
2.64623e-07
5.90039e-08
1.30581e-08
2.86544e-09
6.2281e-10
1.33931e-10
2.84612e-11
5.96967e-12
1.23437e-12
2.51316e-13
5.03217e-14
9.89815e-15
1.91043e-15
3.61422e-16
6.69513e-17
1.21319e-17
2.14838e-18
3.71451e-19
6.26493e-20
1.02986e-20
1.64862e-21
2.56795e-22
3.88879e-23
5.72078e-24
8.16871e-25
1.13123e-25
1.51805e-26
1.97237e-27
2.47902e-28
3.01138e-29
3.53215e-30
3.99646e-31
4.35741e-32
4.5733e-33
4.61512e-34
4.4726e-35
4.1572e-36
3.70088e-37
3.15083e-38
2.56134e-39
1.98462e-40
1.46298e-41
1.02389e-42
6.78801e-44
4.25233e-45
2.5102e-46
1.39204e-47
7.22707e-49
3.49904e-50
1.57285e-51
6.53081e-53
2.49012e-54
8.65832e-56
2.72279e-57
7.66667e-59
1.90908e-60
4.13953e-62
8.8608e-64
2.77684e-64
2.88573e-63
4.5791e-62
6.86408e-61
1.0181e-59
1.49597e-58
2.178e-57
3.14281e-56
4.49606e-55
6.37869e-54
8.97752e-53
1.25386e-51
1.73842e-50
2.39346e-49
3.27349e-48
4.44903e-47
6.01089e-46
8.07578e-45
1.07932e-43
1.43545e-42
1.90034e-41
2.50508e-40
3.28917e-39
4.30279e-38
5.60954e-37
7.29e-36
9.44609e-35
1.22067e-33
1.57345e-32
2.02349e-31
