0.0143558
0.00287339
0.000550019
9.97125e-05
1.69609e-05
2.68038e-06
3.89649e-07
5.15819e-08
6.15175e-09
6.5311e-10
6.08772e-11
4.89922e-12
3.33226e-13
1.86145e-14
8.19627e-16
2.66659e-17
5.69782e-19
5.99772e-21
0
0
0
0
0
0
0
0
0
0
0
0
0
0
0
0
0
0
0
0
0
0
0
0
0
0
0
0
0
0
0
0
0
0
0
0
0
0
0
0
0
0
0
0
0
0
1.18594e-98
1.78391e-95
1.32385e-92
6.46259e-90
2.33465e-87
6.65727e-85
1.56075e-82
3.09411e-80
5.29443e-78
7.94297e-76
1.05773e-73
1.26273e-71
1.36251e-69
1.33793e-67
1.20257e-65
9.94339e-64
7.59578e-62
5.38097e-60
3.54679e-58
2.18158e-56
1.25546e-54
6.77552e-53
3.43641e-51
1.64102e-49
7.39119e-48
3.14478e-46
1.2658e-44
4.82622e-43
1.74521e-41
5.99209e-40
1.9555e-38
6.07179e-37
1.79543e-35
5.06063e-34
1.36085e-32
3.49433e-31
8.57516e-30
2.01295e-28
4.52409e-27
9.7445e-26
2.01357e-24
3.9961e-23
7.6261e-22
1.40136e-20
2.48331e-19
4.25081e-18
7.04174e-17
1.13122e-15
1.76623e-14
2.68657e-13
3.99064e-12
5.80253e-11
8.27876e-10
1.16194e-08
1.60857e-07
2.20327e-06
2.98879e-05
0.000402859
0.00543862
0.0658608
0.26538
0.532787
0.776466
0.931299
0.985644
0.997127
0.99945
0.9999
0.999983
0.999997
1
1
1
1
1
1
1
1
1
1
1
1
1
1
1
1
1
1
1
1
1
1
1
1
1
1
1
1
1
1
1
1
1
1
1
1
1
1
1
1
1
1
1
1
1
1
1
1
1
1
1
1
1
1
1
1
1
1
1
1
1
1
1
1
1
1
1
1
1
1
1
1
1
1
1
1
1
1
1
1
1
1
1
1
1
1
1
1
1
1
1
1
1
1
1
1
1
1
1
1
1
1
1
1
1
1
1
1
1
1
1
1
1
0.999998
0.99997
0.999597
0.994561
0.934139
0.73462
0.467213
0.223534
0.0687011
