1
1
1
1
1
1
1
1
1
1
1
1
1
1
1
1
1
1
1
1
1
1
1
1
1
1
1
1
1
1
1
1
1
1
1
1
1
1
1
1
1
1
0.999995
0.999831
0.993971
0.871457
0.584786
0.281313
0.0820923
0.016495
0.00290505
0.000430482
5.10342e-05
4.50617e-06
2.62149e-07
7.51317e-09
3.38056e-103
9.06685e-101
2.23316e-98
5.21511e-96
1.15602e-93
2.43481e-91
4.87713e-89
9.29884e-87
1.68886e-84
2.92393e-82
4.82868e-80
7.61088e-78
1.14557e-75
1.64742e-73
2.26452e-71
2.97657e-69
3.74273e-67
4.5034e-65
5.18687e-63
5.72012e-61
6.04158e-59
6.11284e-57
5.92618e-55
5.50595e-53
4.90338e-51
4.18642e-49
3.42729e-47
2.69091e-45
2.02662e-43
1.46441e-41
1.01549e-39
6.75986e-38
4.32115e-36
2.65365e-34
1.56636e-32
8.89233e-31
4.85901e-29
2.55795e-27
1.29878e-25
6.3688e-24
3.02094e-22
1.38862e-20
6.19836e-19
2.69283e-17
1.14139e-15
4.73216e-14
1.92376e-12
7.68428e-11
3.02293e-09
1.177e-07
4.54443e-06
0.000168636
0.00602869
0.128543
0.415214
0.718687
0.917908
0.983505
0.997095
0.99957
0.999949
0.999995
1
1
1
1
1
1
1
1
1
1
