1
1
1
1
1
1
1
1
1
1
1
1
1
1
1
1
1
1
1
1
1
1
1
1
1
1
1
1
1
1
1
1
1
1
1
1
1
1
1
1
1
1
1
1
1
1
1
1
1
1
1
1
1
1
1
1
1
1
1
1
1
1
1
1
1
1
1
1
1
1
1
1
1
1
1
1
1
1
1
1
1
1
1
1
1
1
1
1
1
1
1
1
1
1
1
1
1
1
1
1
1
1
1
1
1
1
1
1
1
1
1
1
1
1
1
1
1
1
1
1
1
1
1
1
1
1
1
1
1
1
1
1
1
1
1
1
1
1
1
1
1
1
1
1
1
1
1
1
1
1
1
1
1
1
1
1
1
1
1
1
1
1
1
1
1
1
1
1
1
1
1
1
1
1
1
1
1
1
1
1
1
1
1
1
1
1
1
1
1
1
1
1
1
1
1
1
0.999991
0.999664
0.986563
0.871165
0.669282
0.447984
0.254937
0.117171
0.0396308
0.0102089
0.00256397
0.000635684
0.000155145
3.71544e-05
8.70125e-06
1.98565e-06
4.39953e-07
9.43025e-08
1.94853e-08
3.86756e-09
7.34881e-10
1.33218e-10
2.29609e-11
3.74961e-12
5.78092e-13
8.38273e-14
1.13869e-14
1.44265e-15
1.6965e-16
1.84178e-17
1.83456e-18
1.66466e-19
1.36444e-20
1.00001e-21
6.47215e-23
3.64098e-24
1.744e-25
6.91491e-27
2.17876e-28
5.11435e-30
7.95029e-32
6.13845e-34
1.23003e-259
1.88606e-258
2.8504e-257
4.24607e-256
6.23472e-255
9.02431e-254
1.28764e-252
1.81124e-251
2.51175e-250
3.43405e-249
4.629e-248
6.15219e-247
8.06215e-246
1.04176e-244
1.32736e-243
1.66776e-242
2.06641e-241
2.52495e-240
3.04269e-239
3.61613e-238
4.23868e-237
4.90038e-236
5.58804e-235
6.28541e-234
6.97379e-233
7.63274e-232
8.24106e-231
8.77792e-230
9.22402e-229
9.56275e-228
9.78119e-227
9.87096e-226
9.82869e-225
9.65628e-224
9.36073e-223
8.95367e-222
8.45061e-221
7.86995e-220
7.23192e-219
6.55736e-218
5.8667e-217
5.17893e-216
4.51085e-215
3.87646e-214
3.28666e-213
2.74917e-212
2.26858e-211
1.84667e-210
1.4828e-209
1.17439e-208
9.17363e-208
7.06718e-207
5.36901e-206
4.0221e-205
2.97091e-204
2.16357e-203
1.55332e-202
1.09934e-201
7.66915e-201
5.27322e-200
3.57345e-199
2.38645e-198
1.57052e-197
1.01844e-196
6.50737e-196
4.09666e-195
2.54091e-194
1.55262e-193
9.34639e-193
5.54249e-192
3.23769e-191
1.86301e-190
1.05592e-189
5.8946e-189
3.24089e-188
1.7548e-187
9.35643e-187
4.91206e-186
2.53884e-185
1.29171e-184
6.46811e-184
3.1871e-183
1.545e-182
7.3669e-182
3.4543e-181
1.5924e-180
7.21534e-180
3.2127e-179
1.40538e-178
6.03853e-178
2.548e-177
1.05565e-176
4.29361e-176
1.71414e-175
6.71632e-175
2.58239e-174
9.74224e-174
3.60554e-173
1.30879e-172
4.6585e-172
1.62538e-171
5.55662e-171
1.86029e-170
6.09511e-170
1.95285e-169
6.11281e-169
1.86747e-168
5.56188e-168
1.61311e-167
4.55134e-167
1.24832e-166
3.32709e-166
8.61597e-166
2.1672e-165
5.29097e-165
1.25251e-164
2.86162e-164
6.40032e-164
1.77731e-163
7.92322e-162
5.19929e-160
3.37683e-158
2.16917e-156
1.37811e-154
8.65912e-153
5.38103e-151
3.30717e-149
2.01023e-147
1.20847e-145
7.18493e-144
4.22485e-142
2.45698e-140
1.41319e-138
8.03906e-137
4.52299e-135
2.5169e-133
1.38527e-131
7.54113e-130
4.06056e-128
2.16268e-126
1.13939e-124
5.93793e-123
3.06128e-121
1.56133e-119
7.87831e-118
3.93316e-116
1.94289e-114
9.49696e-113
4.59393e-111
2.1993e-109
1.04214e-107
4.88832e-106
2.27001e-104
1.04373e-102
4.75227e-101
2.14303e-99
9.57276e-98
4.23648e-96
1.85785e-94
8.0749e-93
3.47918e-91
1.48636e-89
6.29769e-88
2.647e-86
1.10396e-84
4.56975e-83
1.87799e-81
7.66441e-80
3.10723e-78
1.25171e-76
5.01186e-75
1.99521e-73
7.89956e-72
3.11148e-70
1.21957e-68
4.75825e-67
1.84844e-65
7.15146e-64
2.75631e-62
1.05854e-60
4.05168e-59
1.54598e-57
5.88168e-56
2.23156e-54
8.44507e-53
3.18827e-51
1.20096e-49
4.51426e-48
1.69348e-46
6.34106e-45
2.37016e-43
8.84439e-42
3.29514e-40
1.22583e-38
4.55377e-37
1.68938e-35
6.25928e-34
2.31627e-32
8.56137e-31
3.16089e-29
1.16576e-27
4.29501e-26
1.5809e-24
5.8138e-23
2.13625e-21
7.84321e-20
2.87731e-18
1.05467e-16
3.86251e-15
1.41326e-13
5.1664e-12
1.88795e-10
6.90299e-09
2.51744e-07
9.09039e-06
0.000336139
0.0134366
0.128835
0.330718
0.552016
0.745063
0.882829
0.960369
0.989791
0.997436
0.999364
0.999845
0.999963
0.999991
0.999998
1
1
1
1
1
1
1
1
1
1
1
1
1
1
1
1
1
1
1
1
1
1
1
1
1
1
1
1
1
1
1
1
1
1
1
1
1
1
1
1
1
1
1
1
