1
1
1
1
1
1
1
1
1
1
1
1
1
1
1
1
1
1
1
1
1
1
1
1
1
1
1
1
1
1
1
1
1
1
1
1
1
1
1
1
1
1
1
1
1
1
1
1
1
1
1
1
1
1
1
1
1
1
1
1
1
1
1
1
1
1
1
1
1
1
1
1
1
1
1
1
1
1
1
1
1
1
1
1
1
1
1
1
1
1
1
1
1
1
1
1
1
1
1
1
1
1
1
1
1
1
1
1
1
1
1
1
1
1
1
1
1
1
1
1
1
1
1
1
1
1
1
1
1
1
1
1
1
1
1
1
1
1
1
1
1
1
1
1
1
1
1
1
1
1
1
0.999994
0.999766
0.990601
0.883367
0.67791
0.448084
0.247833
0.10795
0.0334219
0.00836247
0.0020603
0.000498347
0.000117849
2.7128e-05
6.05094e-06
1.30179e-06
2.68885e-07
5.30793e-08
9.96907e-09
1.77338e-09
2.97434e-10
4.68154e-11
6.88117e-12
9.39553e-13
1.18484e-13
1.37109e-14
1.44523e-15
1.3757e-16
1.17043e-17
8.78874e-19
5.73273e-20
3.18163e-21
1.46058e-22
5.32404e-24
1.44464e-25
2.59373e-27
2.31104e-29
4.96608e-283
1.39589e-281
3.83967e-280
1.03378e-278
2.72483e-277
7.03255e-276
1.77757e-274
4.40107e-273
1.06754e-271
2.53736e-270
5.91044e-269
1.34949e-267
3.02068e-266
6.62962e-265
1.42689e-263
3.01211e-262
6.23733e-261
1.26716e-259
2.526e-258
4.94149e-257
9.48777e-256
1.78816e-254
3.30854e-253
6.01042e-252
1.07216e-250
1.87823e-249
3.23156e-248
5.46128e-247
9.06639e-246
1.47866e-244
2.36936e-243
3.73039e-242
5.77126e-241
8.77421e-240
1.31097e-238
1.9251e-237
2.77849e-236
3.94172e-235
5.49674e-234
7.53509e-233
1.01544e-231
1.34533e-230
1.75237e-229
2.24423e-228
2.82603e-227
3.49923e-226
4.26068e-225
5.10172e-224
6.00772e-223
6.95796e-222
7.92609e-221
8.88106e-220
9.78873e-219
1.06137e-217
1.13219e-216
1.18823e-215
1.22697e-214
1.24667e-213
1.24642e-212
1.22631e-211
1.18731e-210
1.13129e-209
1.0608e-208
9.78925e-208
8.89032e-207
7.94567e-206
6.98838e-205
6.04834e-204
5.15093e-203
4.31613e-202
3.55818e-201
2.88566e-200
2.30197e-199
1.80611e-198
1.39355e-197
1.05725e-196
7.88591e-196
5.78207e-195
4.16687e-194
2.95101e-193
2.05355e-192
1.40396e-191
9.42902e-191
6.21998e-190
4.02975e-189
2.56386e-188
1.6018e-187
9.82633e-187
5.91871e-186
3.50027e-185
2.03238e-184
1.15858e-183
6.48422e-183
3.56269e-182
1.92157e-181
1.0173e-180
5.28548e-180
2.69445e-179
1.34736e-178
6.60646e-178
3.17504e-177
1.49493e-176
6.89222e-176
3.10986e-175
1.37259e-174
5.9232e-174
2.49812e-173
1.02939e-172
4.14354e-172
1.6291e-171
6.256e-171
2.34652e-170
8.59621e-170
3.0752e-169
1.07391e-168
3.6589e-168
1.21527e-167
3.93062e-167
1.23591e-166
3.76811e-166
1.1099e-165
3.14454e-165
8.51717e-165
2.20471e-164
6.04744e-164
2.63251e-163
1.80545e-161
1.37806e-159
1.03915e-157
7.7379e-156
5.68983e-154
4.13144e-152
2.96227e-150
2.09733e-148
1.4663e-146
1.01225e-144
6.90019e-143
4.64448e-141
3.08684e-139
2.02576e-137
1.31268e-135
8.39895e-134
5.3062e-132
3.31006e-130
2.03883e-128
1.24e-126
7.4466e-125
4.41566e-123
2.58546e-121
1.49483e-119
8.5342e-118
4.81129e-116
2.67854e-114
1.4726e-112
7.99535e-111
4.2872e-109
2.27046e-107
1.18763e-105
6.13619e-104
3.13185e-102
1.57913e-100
7.86666e-99
3.87221e-97
1.88352e-95
9.05478e-94
4.30268e-92
2.02123e-90
9.38815e-89
4.31229e-87
1.95921e-85
8.80625e-84
3.91683e-82
1.72432e-80
7.5154e-79
3.24382e-77
1.38695e-75
5.87618e-74
2.46775e-72
1.0276e-70
4.24443e-69
1.73955e-67
7.07683e-66
2.85879e-64
1.14718e-62
4.57454e-61
1.81337e-59
7.14839e-58
2.80325e-56
1.09395e-54
4.24965e-53
1.64386e-51
6.33372e-50
2.43139e-48
9.30176e-47
3.54726e-45
1.34876e-43
5.11422e-42
1.93423e-40
7.29785e-39
2.74731e-37
1.03207e-35
3.86953e-34
1.44811e-32
5.4099e-31
2.01771e-29
7.51361e-28
2.79377e-26
1.03734e-24
3.84652e-23
1.42454e-21
5.26955e-20
1.94711e-18
7.18683e-17
2.64973e-15
9.75776e-14
3.58869e-12
1.31841e-10
4.84508e-09
1.78118e-07
6.47403e-06
0.000233871
0.00939925
0.116633
0.32209
0.551916
0.752167
0.89205
0.966578
0.991638
0.99794
0.999502
0.999882
0.999973
0.999994
0.999999
1
1
1
1
1
1
1
1
1
1
1
1
1
1
1
1
1
1
1
1
1
1
1
1
1
1
1
1
1
1
1
1
1
1
1
1
1
1
1
1
1
1
1
1
1
1
1
1
1
1
1
1
1
1
1
1
1
1
1
1
1
1
1
1
1
1
1
1
1
1
1
1
1
1
1
1
1
1
1
1
1
1
1
1
1
1
1
1
1
