1
1
1
1
0.999991
0.99964
0.983525
0.780659
0.413021
0.115833
0.017873
0.00186242
9.64456e-05
0
0
0
0
0
0
0
0
0
0
0
0
0
0
0
0
0
0
0
3.78321e-88
1.69223e-84
3.71481e-81
5.33389e-78
5.63264e-75
4.66344e-72
3.15104e-69
1.78586e-66
8.65893e-64
3.64526e-61
1.3477e-58
4.41531e-56
1.29108e-53
3.38928e-51
8.02638e-49
1.72163e-46
3.3562e-44
5.96368e-42
9.68368e-40
1.44008e-37
1.96518e-35
2.46507e-33
2.84663e-31
3.03041e-29
2.97779e-27
2.70419e-25
2.27226e-23
1.76891e-21
1.2776e-19
8.57523e-18
5.36002e-16
3.12785e-14
1.70917e-12
8.78346e-11
4.27531e-09
1.98293e-07
8.66827e-06
0.000360227
0.016475
0.219341
0.586979
0.884167
0.982127
0.998138
0.999904
1
1
1
1
1
1
1
1
1
1
1
1
1
1
1
1
1
1
1
1
1
1
1
1
1
1
1
1
1
1
1
1
1
1
1
1
1
1
1
1
1
1
1
1
1
1
1
1
1
1
1
