0.942262
0.985427
0.996669
0.999241
0.999828
0.999961
0.999991
0.999998
1
1
1
1
1
1
1
1
1
1
1
1
1
1
1
1
1
1
1
1
1
1
1
1
1
1
1
1
1
1
1
1
1
1
1
1
1
1
1
1
1
1
1
1
1
1
1
1
1
1
1
1
1
1
1
1
1
1
1
1
1
1
1
1
1
1
1
1
1
1
1
1
1
1
1
1
1
1
1
1
1
1
1
1
1
1
1
1
1
1
1
1
1
1
1
1
1
1
1
1
1
1
1
1
1
1
1
1
1
1
0.999999
0.999989
0.999862
0.998267
0.977682
0.87211
0.695094
0.49177
0.301525
0.152676
0.0577381
0.0145729
0.0033311
0.000758889
0.000172036
3.87784e-05
8.68689e-06
1.93227e-06
4.26299e-07
9.31621e-08
2.0139e-08
4.30015e-09
9.05568e-10
1.87796e-10
3.82918e-11
7.66497e-12
1.50399e-12
2.88848e-13
5.4221e-14
9.93449e-15
1.77432e-15
3.08518e-16
5.21623e-17
8.56544e-18
1.36445e-18
2.10614e-19
3.14669e-20
4.54541e-21
6.34098e-22
8.53314e-23
1.10643e-23
1.38066e-24
1.65596e-25
1.90657e-26
2.10428e-27
2.22316e-28
2.24486e-29
2.16293e-30
1.98501e-31
1.73188e-32
1.43352e-33
1.12312e-34
8.30818e-36
5.78675e-37
3.78334e-38
2.31382e-39
1.31857e-40
6.97066e-42
3.40117e-43
1.52265e-44
6.21122e-46
2.28964e-47
7.55123e-49
2.20065e-50
5.57878e-52
1.20516e-53
2.157e-55
3.07073e-57
3.25991e-59
2.29408e-61
8.02648e-64
1.76977e-72
3.77459e-71
6.88789e-70
1.2406e-68
2.20329e-67
3.85892e-66
6.66618e-65
1.13598e-63
1.90995e-62
3.16886e-61
5.18917e-60
8.38868e-59
1.33902e-57
2.11094e-56
3.28756e-55
5.05933e-54
7.69591e-53
1.15746e-51
1.72176e-50
2.534e-49
3.69117e-48
5.32367e-47
7.60534e-46
1.07662e-44
1.51088e-43
2.10284e-42
2.9039e-41
3.98062e-40
5.41883e-39
7.3289e-38
9.85235e-37
1.31703e-35
1.75138e-34
2.31779e-33
3.05376e-32
4.00698e-31
5.23795e-30
6.82333e-29
8.86012e-28
1.14708e-26
1.48102e-25
1.90735e-24
2.4507e-23
3.14217e-22
4.02103e-21
5.1368e-20
6.55185e-19
8.34448e-18
1.06125e-16
1.34777e-15
1.70903e-14
2.16365e-13
2.73464e-12
3.45084e-11
4.34887e-10
5.47598e-09
6.89338e-08
8.67873e-07
1.09355e-05
0.000137613
0.00173254
0.022318
0.12789
0.304906
0.50823
0.698475
0.847324
