7.75613e-138
3.33012e-136
1.42054e-134
6.0211e-133
2.53616e-131
1.06172e-129
4.41809e-128
1.8277e-126
7.5177e-125
3.07494e-123
1.25091e-121
5.06199e-120
2.03793e-118
8.164e-117
3.25487e-115
1.29168e-113
5.10317e-112
2.00754e-110
7.86508e-109
3.06923e-107
1.19322e-105
4.62215e-104
1.78434e-102
6.86577e-101
2.6336e-99
1.00722e-97
3.84132e-96
1.4611e-94
5.54346e-93
2.09818e-91
7.92353e-90
2.98581e-88
1.12285e-86
4.21445e-85
1.57894e-83
5.90526e-82
2.20493e-80
8.21999e-79
3.05986e-77
1.13741e-75
4.22228e-74
1.56538e-72
5.79641e-71
2.14384e-69
7.92024e-68
2.92295e-66
1.07761e-64
3.96896e-63
1.46044e-61
5.3691e-60
1.97217e-58
7.23811e-57
2.65436e-55
9.72658e-54
3.56154e-52
1.30317e-50
4.76503e-49
1.74115e-47
6.35808e-46
2.32029e-44
8.46242e-43
3.08457e-41
1.1237e-39
4.09135e-38
1.48886e-36
5.4152e-35
1.96858e-33
7.15269e-32
2.59759e-30
9.42892e-29
3.42103e-27
1.24071e-25
4.49806e-24
1.63017e-22
5.90612e-21
2.13909e-19
7.74445e-18
2.80256e-16
1.01362e-14
3.66368e-13
1.32359e-11
4.77994e-10
1.7232e-08
6.20326e-07
2.26499e-05
0.000843098
0.0282784
0.15971
0.351325
0.552574
0.72868
0.860007
0.942134
0.982527
0.995469
0.998831
0.9997
0.999924
0.999981
0.999995
0.999999
1
1
1
1
1
1
1
1
1
1
1
1
1
1
1
1
1
1
1
1
1
1
1
1
1
1
1
1
1
1
1
1
1
1
1
1
1
1
1
1
1
1
1
1
1
1
1
1
1
1
1
1
1
1
1
1
1
1
1
1
1
1
1
1
1
1
1
1
1
1
1
1
1
1
1
1
1
1
1
1
1
1
1
1
1
1
1
1
1
1
1
1
1
1
1
1
1
1
1
1
1
1
1
1
1
1
1
1
1
1
1
1
1
1
1
1
1
1
1
1
1
1
1
1
1
1
1
1
1
1
1
1
1
1
1
1
1
1
1
1
1
1
1
1
1
1
1
1
1
1
1
1
1
1
1
1
1
1
1
1
1
1
1
1
1
1
1
1
1
1
1
1
1
1
1
1
1
1
1
1
1
1
1
1
1
1
1
1
1
1
1
1
1
1
1
1
1
1
1
1
1
1
1
1
1
1
1
1
1
1
1
1
1
1
1
1
1
1
1
1
1
1
1
1
1
1
1
1
1
1
1
1
1
1
1
1
1
1
0.999999
0.999977
0.999157
0.971722
0.84029
0.648675
0.447426
0.27132
0.139993
0.0578664
0.0174734
0.00453084
0.00116872
0.000299628
7.62591e-05
1.92419e-05
4.80616e-06
1.18635e-06
2.8887e-07
6.92538e-08
1.6315e-08
3.76935e-09
8.52365e-10
1.88285e-10
4.05511e-11
8.49924e-12
1.73045e-12
3.41646e-13
6.52945e-14
1.20594e-14
2.14875e-15
3.68747e-16
6.08432e-17
9.63563e-18
1.46202e-18
2.12139e-19
2.93785e-20
3.87503e-21
4.85725e-22
5.7721e-23
6.4859e-24
6.87158e-25
6.84257e-26
6.38158e-27
5.5522e-28
4.48623e-29
3.34923e-30
2.29654e-31
1.43627e-32
8.12504e-34
4.11606e-35
1.84422e-36
7.19419e-38
2.39356e-39
6.60344e-41
1.45025e-42
2.37706e-44
2.58477e-46
1.3985e-48
1.27028e-217
7.8577e-217
4.81488e-216
2.92254e-215
1.75716e-214
1.04648e-213
6.17315e-213
3.60688e-212
2.08735e-211
1.19643e-210
6.79197e-210
3.81866e-209
2.12628e-208
1.1725e-207
6.40284e-207
3.46248e-206
1.85413e-205
9.83142e-205
5.16177e-204
2.68331e-203
1.38106e-202
7.03724e-202
3.54996e-201
1.77277e-200
8.76326e-200
4.28788e-199
2.07662e-198
9.95374e-198
4.72176e-197
2.21659e-196
1.02968e-195
4.73293e-195
2.15249e-194
9.68521e-194
4.31129e-193
1.89848e-192
8.26957e-192
3.56293e-191
1.51828e-190
6.39869e-190
2.66684e-189
1.09912e-188
4.47921e-188
1.80486e-187
7.1902e-187
2.83181e-186
1.10251e-185
4.24296e-185
1.61393e-184
6.06732e-184
2.25408e-183
8.27493e-183
3.0015e-182
1.07559e-181
3.80753e-181
1.33131e-180
4.59722e-180
1.56761e-179
5.27775e-179
1.75413e-178
5.75452e-178
1.86305e-177
5.95159e-177
1.8757e-176
5.83096e-176
1.78767e-175
5.40417e-175
1.61061e-174
4.73143e-174
1.36983e-173
3.90782e-173
1.09832e-172
3.04073e-172
8.29106e-172
2.22614e-171
5.88478e-171
1.5313e-170
3.92151e-170
9.88113e-170
2.44908e-169
5.96916e-169
1.43017e-168
3.36716e-168
7.78699e-168
1.76817e-167
3.94047e-167
8.61512e-167
1.84709e-166
3.88201e-166
7.99446e-166
1.61247e-165
3.18382e-165
6.15042e-165
1.16175e-164
2.14498e-164
3.87272e-164
6.84973e-164
1.1769e-163
1.8418e-163
1.17934e-162
5.15671e-161
2.44687e-159
1.15199e-157
5.38316e-156
2.49692e-154
1.14966e-152
5.25483e-151
2.38449e-149
1.07426e-147
4.80544e-146
2.13449e-144
9.41517e-143
4.1245e-141
1.79458e-139
