0.00357094
0.0415517
0.170989
0.357842
0.559486
0.739747
0.87478
0.956306
0.989494
0.997598
0.999452
0.999876
0.999972
0.999994
0.999999
1
1
1
1
1
1
1
1
1
1
1
1
1
1
1
1
1
1
1
1
1
1
1
1
1
1
1
1
1
1
1
1
1
1
1
1
1
1
1
1
1
1
1
1
1
1
1
1
1
1
1
1
1
1
1
1
1
1
1
1
1
1
1
1
1
1
1
1
1
1
1
1
1
1
1
1
1
1
1
1
1
1
1
1
1
1
1
1
1
1
1
1
1
1
1
1
1
1
1
1
1
1
1
1
1
1
1
1
1
1
0.999998
0.999978
0.999718
0.996429
0.958448
0.829011
0.642158
0.440514
0.260253
0.12522
0.0436942
0.0105056
0.00240242
0.000547724
0.000124364
2.80915e-05
6.30735e-06
1.40662e-06
3.11283e-07
6.8277e-08
1.48244e-08
3.18179e-09
6.74127e-10
1.40786e-10
2.89395e-11
5.84659e-12
1.15923e-12
2.25259e-13
4.28401e-14
7.96356e-15
1.44512e-15
2.55692e-16
4.40594e-17
7.38549e-18
1.203e-18
1.9021e-19
2.91625e-20
4.331e-21
6.22404e-22
8.64615e-23
1.15979e-23
1.5006e-24
1.87068e-25
2.24428e-26
2.58806e-27
2.86507e-28
3.04075e-29
3.08951e-30
3.00057e-31
2.78107e-32
2.45557e-33
2.06156e-34
1.64226e-35
1.23853e-36
8.82066e-38
5.91598e-39
3.72518e-40
2.19464e-41
1.20499e-42
6.13879e-44
2.88703e-45
1.24601e-46
4.90099e-48
1.74237e-49
5.543e-51
1.55853e-52
3.81261e-54
7.94933e-56
1.37347e-57
1.88788e-59
1.93545e-61
1.31555e-63
4.44727e-66
2.56294e-69
5.17336e-68
8.86899e-67
1.50262e-65
2.51289e-64
4.14885e-63
6.76375e-62
1.08902e-60
1.73208e-59
2.7219e-58
4.22721e-57
6.4897e-56
9.85143e-55
1.47912e-53
2.19719e-52
3.23022e-51
4.70159e-50
6.77734e-49
9.67914e-48
1.37007e-46
1.92288e-45
2.67696e-44
3.69819e-43
5.072e-42
6.90867e-41
9.35014e-40
1.25785e-38
1.68271e-37
2.23936e-36
2.96583e-35
3.91047e-34
5.1348e-33
6.71688e-32
8.75563e-31
1.13763e-29
1.47372e-28
1.90382e-27
2.45319e-26
3.15369e-25
4.04553e-24
5.17944e-23
6.61937e-22
8.44578e-21
1.07596e-19
1.36871e-18
1.73854e-17
2.20497e-16
2.79222e-15
3.53042e-14
4.45737e-13
5.62092e-12
7.08214e-11
8.91918e-10
1.12314e-08
1.41428e-07
1.78103e-06
2.24038e-05
0.000281691
