1.90515e-36
8.70214e-35
3.88866e-33
1.70173e-31
7.30095e-30
3.07453e-28
1.27242e-26
5.18204e-25
2.07949e-23
8.23324e-22
3.22029e-20
1.24582e-18
4.7725e-17
1.8122e-15
6.82711e-14
2.55368e-12
9.48777e-11
3.50439e-09
1.29142e-07
4.74793e-06
0.000168301
0.00595921
0.116895
0.369507
0.648749
0.861385
0.965098
0.992427
0.998474
0.99972
0.999954
0.999993
0.999999
1
1
1
1
1
1
1
1
1
1
1
1
1
1
1
1
1
1
1
1
1
1
1
1
1
1
1
1
1
1
1
1
1
1
1
1
1
1
1
1
1
1
1
1
1
1
1
1
1
1
0.999995
0.999832
0.994041
0.883105
0.630493
0.351251
0.138615
0.0349019
0.00757299
0.00152604
0.000280409
4.60722e-05
6.6256e-06
8.13406e-07
8.26159e-08
6.64899e-09
3.96856e-10
1.55971e-11
3.02501e-13
1.19256e-83
1.20087e-81
1.07843e-79
9.41387e-78
7.98758e-76
6.58792e-74
5.28182e-72
4.1166e-70
3.1191e-68
2.2976e-66
1.64549e-64
1.14581e-62
7.7581e-61
5.10807e-59
3.27081e-57
2.03704e-55
1.23409e-53
7.2739e-52
4.17201e-50
2.32907e-48
1.2659e-46
6.7011e-45
3.45613e-43
1.73754e-41
8.51958e-40
4.07673e-38
