1
1
1
1
1
1
1
1
1
1
1
1
1
1
1
1
1
1
1
1
1
1
1
1
1
1
1
1
1
1
1
1
1
1
1
1
1
1
1
1
1
1
1
1
1
1
1
1
1
1
1
1
1
1
1
1
1
1
1
1
1
1
1
1
1
1
1
1
1
1
1
1
1
1
1
1
1
1
1
1
1
1
1
1
1
1
1
1
1
1
1
1
1
1
1
1
1
1
1
1
1
1
1
1
1
1
1
1
1
1
1
1
1
1
1
1
1
1
1
1
1
1
1
1
1
1
1
1
0.999999
0.999967
0.998758
0.959912
0.794321
0.56481
0.339394
0.164365
0.0585074
0.015098
0.00370687
0.000892035
0.000209373
4.76947e-05
1.04893e-05
2.2154e-06
4.46975e-07
8.56955e-08
1.55312e-08
2.64684e-09
4.21863e-10
6.25263e-11
8.5653e-12
1.07717e-12
1.23418e-13
1.27703e-14
1.18091e-15
9.63599e-17
6.82812e-18
4.11531e-19
2.05075e-20
8.11086e-22
2.38681e-23
4.64517e-25
4.48417e-27
2.10315e-299
9.98225e-298
4.58668e-296
2.04173e-294
8.81107e-293
3.68868e-291
1.49895e-289
5.91603e-288
2.26898e-286
8.46067e-285
3.06873e-283
1.08314e-281
3.72189e-280
1.24555e-278
4.06105e-277
1.29046e-275
3.99776e-274
1.20779e-272
3.55957e-271
1.02365e-269
2.87319e-268
7.87324e-267
2.10679e-265
5.5064e-264
1.40603e-262
3.50829e-261
8.55588e-260
2.03983e-258
4.75521e-257
1.08413e-255
2.41776e-254
5.27532e-253
1.12634e-251
2.35372e-250
4.81485e-249
9.64334e-248
1.89132e-246
3.63297e-245
6.8358e-244
1.26012e-242
2.27611e-241
4.02893e-240
6.9897e-239
1.18865e-237
1.98163e-236
3.23902e-235
5.19119e-234
8.15875e-233
1.25753e-231
1.90103e-230
2.81879e-229
4.09987e-228
5.84977e-227
8.18828e-226
1.1245e-224
1.51516e-223
2.00316e-222
2.59869e-221
3.30827e-220
4.13312e-219
5.06772e-218
6.09864e-217
7.20391e-216
8.35313e-215
9.50842e-214
1.06262e-212
1.166e-211
1.25632e-210
1.32929e-209
1.38132e-208
1.40979e-207
1.4133e-206
1.39175e-205
1.34634e-204
1.27949e-203
1.19458e-202
1.09572e-201
9.87364e-201
8.74062e-200
7.60099e-199
6.49278e-198
5.44732e-197
4.48827e-196
3.63128e-195
2.88443e-194
2.24909e-193
1.72117e-192
1.29248e-191
9.5218e-191
6.88053e-190
4.87576e-189
3.3876e-188
2.3072e-187
1.54009e-186
1.0074e-185
6.45642e-185
4.05389e-184
2.49349e-183
1.50238e-182
8.86705e-182
5.12641e-181
2.90329e-180
1.61073e-179
8.754e-179
4.66036e-178
2.42999e-177
1.24067e-176
6.20034e-176
3.03151e-175
1.44911e-174
6.76709e-174
3.08448e-173
1.37104e-172
5.93781e-172
2.50378e-171
1.02739e-170
4.10169e-170
1.59343e-169
6.0261e-169
2.21975e-168
7.96706e-168
2.78575e-167
9.47926e-167
3.13245e-166
1.00223e-165
3.09536e-165
9.32659e-165
2.7826e-164
7.25863e-164
1.28226e-162
1.07542e-160
8.95482e-159
7.35558e-157
5.96057e-155
4.76504e-153
3.75792e-151
2.92366e-149
2.24389e-147
1.6989e-145
1.26887e-143
9.3487e-142
6.79457e-140
4.87132e-138
3.44509e-136
2.40338e-134
1.65388e-132
1.12266e-130
7.51708e-129
4.96483e-127
3.23455e-125
2.07862e-123
1.31762e-121
8.23871e-120
5.08139e-118
3.09147e-116
1.85528e-114
1.0983e-112
6.41371e-111
3.69472e-109
2.09966e-107
1.17714e-105
6.51073e-104
3.55284e-102
1.91288e-100
1.01622e-98
5.32733e-97
2.75602e-95
1.40716e-93
7.0915e-92
3.52785e-90
1.73266e-88
8.40252e-87
4.02403e-85
1.90346e-83
8.89475e-82
4.10699e-80
1.87416e-78
8.45453e-77
3.77125e-75
1.66385e-73
7.26293e-72
3.13772e-70
1.34206e-68
5.68511e-67
2.38605e-65
9.92578e-64
4.09419e-62
1.67521e-60
6.80221e-59
2.74216e-57
1.09795e-55
4.36811e-54
1.72746e-52
6.79354e-51
2.65781e-49
1.03478e-47
4.01066e-46
1.54801e-44
5.95181e-43
2.28017e-41
8.70645e-40
3.31418e-38
1.25796e-36
4.76213e-35
1.79829e-33
6.77507e-32
2.547e-30
9.5558e-29
3.57834e-27
1.3376e-25
4.99163e-24
1.85982e-22
6.91894e-21
2.57022e-19
9.53417e-18
3.53191e-16
1.30677e-14
4.82987e-13
1.78386e-11
6.58201e-10
2.42201e-08
8.90923e-07
3.32662e-05
0.0012422
0.0400877
0.205679
0.43519
0.660606
0.835635
0.941493
0.984902
0.996293
0.999108
0.999791
0.999952
0.99999
0.999998
1
1
1
1
1
1
1
1
1
1
1
1
1
1
1
1
1
1
1
1
1
1
1
1
1
1
1
1
1
1
1
1
1
1
1
1
1
1
1
1
1
1
1
1
1
1
1
1
1
1
1
1
1
1
1
1
1
1
1
1
1
1
1
1
1
1
1
1
1
1
1
1
1
1
1
1
1
1
1
1
1
1
1
1
1
1
1
1
1
1
1
1
1
1
1
1
1
1
1
1
1
1
1
1
1
1
1
1
1
1
1
1
