9.9411e-28
4.16665e-26
1.71615e-24
6.95588e-23
2.77835e-21
1.09512e-19
4.26542e-18
1.64373e-16
6.2743e-15
2.37459e-13
8.91803e-12
3.32757e-10
1.23465e-08
4.53637e-07
1.64929e-05
0.00062065
0.0242151
0.197913
0.476053
0.742182
0.916061
0.981099
0.99607
0.999252
0.999872
0.999981
0.999998
1
1
1
1
1
1
1
1
1
1
1
1
1
1
1
1
1
1
1
1
1
1
1
1
1
1
1
1
1
1
1
1
1
1
1
1
1
1
1
1
1
1
1
1
1
1
1
1
1
1
1
0.999984
0.999379
0.975785
0.802087
0.523947
0.257818
0.0839385
0.0189012
0.00393019
0.00074835
0.000127811
1.91478e-05
2.45225e-06
2.60034e-07
2.1857e-08
1.36259e-09
5.59252e-11
1.1324e-12
1.26646e-85
1.38062e-83
1.34957e-81
1.28049e-79
1.17927e-77
1.05423e-75
9.14872e-74
7.7075e-72
6.30397e-70
5.00591e-68
3.85957e-66
2.88938e-64
2.10041e-62
1.48273e-60
1.0165e-58
6.76834e-57
4.37749e-55
2.75036e-53
1.67896e-51
9.95983e-50
5.74274e-48
3.21924e-46
1.75505e-44
9.30869e-43
4.80553e-41
2.41586e-39
1.18343e-37
5.6528e-36
2.63499e-34
1.19974e-32
5.34114e-31
2.32758e-29
