6.81823e-23
8.65773e-22
1.09775e-20
1.38992e-19
1.75756e-18
2.21985e-17
2.80095e-16
3.53135e-15
4.44948e-14
5.60348e-13
7.05332e-12
8.87299e-11
1.11532e-09
1.40042e-08
1.75591e-07
2.19871e-06
2.74447e-05
0.000342869
0.00430738
0.0480084
0.180676
0.365268
0.562396
0.738405
0.871159
0.952981
0.988355
0.997322
0.999386
0.99986
0.999968
0.999993
0.999998
1
1
1
1
1
1
1
1
1
1
1
1
1
1
1
1
1
1
1
1
1
1
1
1
1
1
1
1
1
1
1
1
1
1
1
1
1
1
1
1
1
1
1
1
1
1
1
1
1
1
1
1
1
1
1
1
1
1
1
1
1
1
1
1
1
1
1
1
1
1
1
1
1
1
1
1
1
1
1
1
1
1
1
1
1
1
1
1
1
1
1
1
1
1
1
1
1
1
1
1
1
1
1
1
1
1
1
1
1
1
0.999998
0.999973
0.999657
0.995693
0.951992
0.819324
0.634732
0.437604
0.261595
0.128841
0.0470191
0.0116448
0.00267818
0.00061374
0.000140153
3.18838e-05
7.22145e-06
1.62712e-06
3.64398e-07
8.10404e-08
1.78805e-08
3.90978e-09
8.46299e-10
1.81121e-10
3.82773e-11
7.97796e-12
1.63783e-12
3.30768e-13
6.5633e-14
1.27804e-14
2.43939e-15
4.55881e-16
8.33274e-17
1.48813e-17
2.59406e-18
4.40947e-19
7.30229e-20
1.17708e-20
1.84517e-21
2.81044e-22
4.15569e-23
5.96023e-24
8.2843e-25
1.1149e-25
1.45147e-26
1.82629e-27
2.21872e-28
2.60001e-29
2.93583e-30
3.19077e-31
3.33403e-32
3.34517e-33
3.21868e-34
2.96582e-35
2.61318e-36
2.19814e-37
1.76216e-38
1.34375e-39
9.72713e-41
6.66895e-42
4.31973e-43
2.63624e-44
1.51115e-45
8.10825e-47
4.05652e-48
1.88393e-49
8.08065e-51
3.18225e-52
1.14265e-53
3.71016e-55
1.07849e-56
2.77208e-58
6.20201e-60
1.18316e-61
1.8741e-63
4.38558e-65
5.84849e-65
9.82389e-64
1.54168e-62
2.36052e-61
3.57762e-60
5.36707e-59
7.97148e-58
1.17251e-56
1.70842e-55
2.46662e-54
3.53001e-53
5.00904e-52
7.04996e-51
9.84515e-50
1.36463e-48
1.87813e-47
2.56749e-46
3.48761e-45
4.70913e-44
6.32278e-43
8.44471e-42
1.12233e-40
1.4848e-39
1.95596e-38
2.56646e-37
3.35516e-36
4.37137e-35
5.67747e-34
7.35238e-33
9.49583e-32
1.22338e-30
1.57251e-29
2.01704e-28
2.58218e-27
3.29972e-26
4.2095e-25
5.36151e-24
