1
1
1
1
1
1
1
1
1
1
1
1
1
1
1
1
1
1
1
1
1
1
1
1
1
1
1
1
1
1
1
1
1
1
1
1
1
1
1
1
1
1
1
1
1
1
1
1
1
1
1
1
1
1
1
1
1
1
1
1
1
1
1
1
1
1
1
1
1
1
1
1
1
1
1
1
1
1
1
1
1
1
1
1
1
1
1
1
1
1
1
1
1
1
1
1
1
1
1
1
1
1
1
1
1
1
1
1
1
1
1
1
1
1
1
1
1
1
1
1
1
1
1
1
1
1
1
1
1
1
1
1
1
1
1
1
1
1
1
1
1
1
1
1
1
1
1
1
1
1
1
1
1
1
1
1
1
1
1
1
1
1
1
1
1
1
1
1
1
1
1
1
1
1
1
1
1
1
1
1
1
1
1
1
1
1
1
1
1
1
1
1
1
1
1
1
1
1
1
1
1
1
1
1
1
1
1
1
1
1
1
1
1
1
1
1
1
1
1
1
1
1
1
1
1
1
1
1
1
1
1
1
1
1
1
1
0.999998
0.999926
0.997547
0.937079
0.767336
0.554112
0.348703
0.185236
0.0781667
0.0237801
0.00606965
0.00153613
0.00038463
9.50758e-05
2.31425e-05
5.53199e-06
1.29489e-06
2.95919e-07
6.58279e-08
1.4212e-08
2.96921e-09
5.98592e-10
1.16121e-10
2.16163e-11
3.85087e-12
6.54716e-13
1.05938e-13
1.62667e-14
2.36318e-15
3.23781e-16
4.16935e-17
5.02714e-18
5.65206e-19
5.89807e-20
5.68255e-21
5.02435e-22
4.04811e-23
2.94731e-24
1.91963e-25
1.10462e-26
5.52803e-28
2.35682e-29
8.32243e-31
2.33677e-32
4.89105e-34
6.78371e-36
4.67611e-38
2.31597e-244
2.51427e-243
2.69753e-242
2.86028e-241
2.9974e-240
3.10446e-239
3.1779e-238
3.21525e-237
3.21526e-236
3.17797e-235
3.10473e-234
2.99805e-233
2.86155e-232
2.69968e-231
2.51752e-230
2.3205e-229
2.11415e-228
1.90387e-227
1.69464e-226
1.49091e-225
1.29644e-224
1.11423e-223
9.46463e-223
7.94567e-222
6.59238e-221
5.40536e-220
4.37989e-219
3.50705e-218
2.77487e-217
2.16944e-216
1.67586e-215
1.27906e-214
9.64479e-214
7.18484e-213
5.28743e-212
3.84373e-211
2.76008e-210
1.95762e-209
1.37137e-208
9.48801e-208
6.48295e-207
4.37449e-206
2.91486e-205
1.91791e-204
1.24606e-203
7.99347e-203
5.06289e-202
3.16603e-201
1.95465e-200
1.19137e-199
7.16854e-199
4.25805e-198
2.49673e-197
1.44509e-196
8.25598e-196
4.65556e-195
2.59111e-194
1.42327e-193
7.71529e-193
4.12716e-192
2.17848e-191
1.13455e-190
5.82933e-190
2.9546e-189
1.47711e-188
7.28304e-188
3.54112e-187
1.69761e-186
8.02319e-186
3.73768e-185
1.7161e-184
7.7643e-184
3.46114e-183
1.51996e-182
6.57472e-182
2.80091e-181
1.17501e-180
4.85341e-180
1.97364e-179
7.90048e-179
3.1128e-178
1.20701e-177
4.60548e-177
1.72897e-176
6.38531e-176
2.31943e-175
8.28505e-175
2.90952e-174
1.00425e-173
3.40576e-173
1.13444e-172
3.70995e-172
1.19062e-171
3.74788e-171
1.15659e-170
3.49724e-170
1.0356e-169
3.00161e-169
8.5115e-169
2.3603e-168
6.39874e-168
1.69544e-167
4.3902e-167
1.11095e-166
2.74754e-166
6.64155e-166
1.56899e-165
3.61952e-165
8.13431e-165
1.77236e-164
3.7044e-164
7.25371e-164
1.40962e-163
3.23308e-162
1.87822e-160
1.09444e-158
6.31528e-157
3.60813e-155
2.04112e-153
1.14328e-151
6.34078e-150
3.48208e-148
1.89342e-146
1.01947e-144
5.43538e-143
2.86959e-141
1.50023e-139
7.76695e-138
3.98213e-136
2.02192e-134
1.01675e-132
5.06391e-131
2.49803e-129
1.2206e-127
5.90794e-126
2.83279e-124
1.34568e-122
6.33352e-121
2.95369e-119
1.36502e-117
6.25192e-116
2.83812e-114
1.27715e-112
5.69771e-111
2.52038e-109
1.1056e-107
4.81024e-106
2.07605e-104
8.88975e-103
3.77745e-101
1.59312e-99
6.67003e-98
2.77285e-96
1.14482e-94
4.69529e-93
1.91337e-91
7.74911e-90
3.1198e-88
1.24891e-86
4.97247e-85
1.96952e-83
7.76247e-82
3.0451e-80
1.18924e-78
4.62497e-77
1.79151e-75
6.91354e-74
2.65855e-72
1.01893e-70
3.89302e-69
1.48303e-67
5.63397e-66
2.13478e-64
8.0692e-63
3.04308e-61
1.14514e-59
4.30054e-58
1.61196e-56
6.03118e-55
2.25272e-53
8.40059e-52
3.12786e-50
1.16292e-48
4.31774e-47
1.60099e-45
5.92893e-44
2.19303e-42
8.1025e-41
2.99035e-39
1.10249e-37
4.06067e-36
1.49421e-34
5.49332e-33
2.0178e-31
7.40554e-30
2.7157e-28
9.95097e-27
3.64356e-25
1.33316e-23
4.87475e-22
1.78138e-20
6.50575e-19
2.37447e-17
8.66033e-16
3.15628e-14
1.14944e-12
4.18219e-11
1.51995e-09
5.52877e-08
2.02393e-06
7.36045e-05
0.00245253
0.0629207
0.232664
0.445888
0.651297
0.814764
0.921833
0.97622
0.99393
0.998464
0.999615
0.999905
0.999977
0.999994
0.999999
1
1
1
