1.87438e-66
6.9741e-65
2.59124e-63
9.61495e-62
3.56314e-60
1.31884e-58
4.87581e-57
1.80062e-55
6.6426e-54
2.44802e-52
9.01307e-51
3.31534e-49
1.21842e-47
4.474e-46
1.6415e-44
6.01786e-43
2.20452e-41
8.06993e-40
2.95201e-38
1.07911e-36
3.94205e-35
1.43911e-33
5.25037e-32
1.91434e-30
6.97583e-29
2.54059e-27
9.24811e-26
3.36482e-24
1.22368e-22
4.44801e-21
1.61599e-19
5.86762e-18
2.12922e-16
7.72168e-15
2.79874e-13
1.01414e-11
3.67556e-10
1.33092e-08
4.80236e-07
1.74713e-05
0.000657177
0.0234588
0.151107
0.345745
0.552378
0.73303
0.866248
0.947473
0.985051
0.996151
0.999016
0.99975
0.999937
0.999984
0.999996
0.999999
1
1
1
1
1
1
1
1
1
1
1
1
1
1
1
1
1
1
1
1
1
1
1
1
1
1
1
1
1
1
1
1
1
1
1
1
1
1
1
1
1
1
1
1
1
1
1
1
1
1
1
1
1
1
1
1
1
1
1
1
1
1
1
1
1
1
1
1
1
1
1
1
1
1
1
1
1
1
1
1
1
1
1
1
1
1
1
1
1
1
1
1
1
1
1
1
1
1
1
1
1
1
1
1
1
1
1
1
1
1
1
1
1
1
1
1
1
1
1
1
1
1
1
1
1
1
1
1
1
1
1
1
1
1
1
1
1
1
1
1
1
1
1
1
1
1
1
1
1
1
1
1
1
1
1
1
1
1
1
1
1
1
1
1
1
1
1
1
1
1
1
1
1
1
1
1
1
1
1
1
1
1
1
1
1
1
1
1
1
1
1
1
1
1
1
1
1
1
1
1
1
1
1
1
1
1
1
1
1
1
1
1
1
1
1
1
1
1
1
1
1
1
1
1
1
1
1
1
1
1
1
1
1
1
1
1
1
1
1
0.999983
0.999343
0.976541
0.848893
0.654255
0.447622
0.26697
0.133752
0.0525267
0.0149494
0.00384889
0.000984296
0.000249725
6.27552e-05
1.55921e-05
3.82259e-06
9.22738e-07
2.1882e-07
5.08599e-08
1.15592e-08
2.56289e-09
5.53081e-10
1.15913e-10
2.35402e-11
4.62271e-12
8.75965e-13
1.5984e-13
2.80283e-14
4.71334e-15
7.58521e-16
1.16567e-16
1.70676e-17
2.37536e-18
3.13441e-19
3.91083e-20
4.60037e-21
5.08534e-22
5.26379e-23
5.08144e-24
4.55429e-25
3.7701e-26
2.86542e-27
1.98559e-28
1.24407e-29
6.97718e-31
3.45942e-32
1.49272e-33
5.49099e-35
1.67415e-36
4.06153e-38
7.35048e-40
8.82128e-42
5.26515e-44
1.16807e-227
8.92887e-227
6.75666e-226
5.06129e-225
3.75295e-224
2.75457e-223
2.0012e-222
1.43904e-221
1.0242e-220
7.21461e-220
5.02977e-219
3.47038e-218
2.36965e-217
1.60126e-216
1.07077e-215
7.08551e-215
4.6396e-214
3.00616e-213
1.92732e-212
1.22262e-211
7.67399e-211
4.7657e-210
2.92819e-209
1.78003e-208
1.07054e-207
6.36959e-207
3.74924e-206
2.18316e-205
1.25756e-204
7.16565e-204
4.03883e-203
2.25171e-202
1.24169e-201
6.77228e-201
3.65312e-200
1.94885e-199
1.02815e-198
5.36383e-198
2.76701e-197
1.41135e-196
7.11742e-196
3.54847e-195
1.74888e-194
8.52016e-194
4.1027e-193
1.9525e-192
9.18283e-192
4.26765e-191
1.95971e-190
8.89096e-190
3.98493e-189
1.7643e-188
7.71551e-188
3.33243e-187
1.42144e-186
5.98722e-186
2.49011e-185
1.02252e-184
4.14528e-184
1.65891e-183
6.55303e-183
2.55491e-182
9.83068e-182
3.7327e-181
1.39846e-180
5.16908e-180
1.88479e-179
6.77858e-179
2.40425e-178
8.40847e-178
2.89917e-177
9.85305e-177
3.30003e-176
1.08898e-175
3.53982e-175
1.13316e-174
3.57146e-174
1.10797e-173
3.38243e-173
1.01585e-172
3.00068e-172
8.71549e-172
2.48852e-171
6.98342e-171
1.92567e-170
5.21671e-170
1.38813e-169
3.62738e-169
9.30665e-169
2.34378e-168
5.79179e-168
1.40374e-167
3.33493e-167
7.76065e-167
1.76751e-166
3.93647e-166
8.56682e-166
1.82098e-165
3.78012e-165
7.66263e-165
1.51552e-164
2.92051e-164
5.48516e-164
9.94368e-164
1.70689e-163
2.27857e-162
1.15608e-160
5.92703e-159
3.01371e-157
1.51939e-155
7.59555e-154
3.76515e-152
1.85077e-150
9.02167e-149
4.36115e-147
2.09081e-145
9.94137e-144
4.68835e-142
2.19311e-140
1.01764e-138
4.68433e-137
2.13921e-135
9.69273e-134
4.35772e-132
1.94417e-130
8.60815e-129
3.78296e-127
1.65024e-125
7.1467e-124
3.07299e-122
1.31211e-120
5.56406e-119
2.34363e-117
9.80681e-116
4.07733e-114
1.68464e-112
6.9182e-111
2.82431e-109
1.14642e-107
4.62776e-106
1.85812e-104
7.42229e-103
2.95019e-101
1.16707e-99
4.59582e-98
1.80193e-96
7.03571e-95
2.73625e-93
1.06015e-91
4.09286e-90
1.57475e-88
6.03945e-87
2.30921e-85
8.80399e-84
3.34746e-82
1.26951e-80
4.8029e-79
1.81291e-77
6.82826e-76
2.56659e-74
9.62859e-73
3.60558e-71
1.34784e-69
5.0302e-68
