1
1
1
1
1
1
1
1
1
1
1
1
1
1
1
1
1
1
1
1
1
1
1
1
1
1
1
1
1
1
1
1
1
1
1
1
1
1
1
1
1
1
1
1
1
0.999999
0.999978
0.99913
0.966651
0.760486
0.452094
0.183685
0.0442978
0.00863909
0.00146999
0.000209806
2.39111e-05
2.02768e-06
1.13251e-07
3.11631e-09
6.63835e-101
1.54333e-98
3.29588e-96
6.70655e-94
1.30132e-91
2.4096e-89
4.2606e-87
7.19833e-85
1.16271e-82
1.79644e-80
2.65624e-78
3.76028e-76
5.09853e-74
6.62368e-72
8.24759e-70
9.84598e-68
1.12723e-65
1.23795e-63
1.30442e-61
1.31903e-59
1.28025e-57
1.19292e-55
1.06727e-53
9.16975e-52
7.56699e-50
5.99847e-48
4.56857e-46
3.34365e-44
2.35206e-42
1.59063e-40
1.03443e-38
6.4713e-37
3.89602e-35
2.25844e-33
1.2613e-31
6.79162e-30
3.52913e-28
1.77162e-26
8.60274e-25
4.0469e-23
1.84747e-21
8.20054e-20
3.54688e-18
1.49821e-16
6.1949e-15
2.51311e-13
1.00257e-11
3.94329e-10
1.53096e-08
5.85069e-07
2.21986e-05
0.000869704
0.0333488
0.239514
0.547906
0.816315
0.955702
0.991361
0.99853
0.99979
0.999976
0.999998
1
1
1
1
1
1
