1
1
1
1
1
1
1
1
1
1
1
1
1
1
1
1
1
1
1
1
1
1
1
1
1
1
1
1
1
1
1
1
1
1
1
1
1
1
0.999999
0.999965
0.998627
0.951526
0.717895
0.399764
0.144269
0.0312583
0.00569985
0.000877734
0.000108384
9.98014e-06
6.05766e-07
1.81136e-08
1.07012e-105
3.39685e-103
9.88048e-101
2.70699e-98
6.99678e-96
1.70862e-93
3.94725e-91
8.63707e-89
1.79196e-86
3.52866e-84
6.60082e-82
1.17395e-79
1.98648e-77
3.20038e-75
4.91212e-73
7.18675e-71
1.0028e-68
1.33512e-66
1.6968e-64
2.05928e-62
2.3874e-60
2.64484e-58
2.80068e-56
2.83551e-54
2.74541e-52
2.54266e-50
2.25304e-48
1.91046e-46
1.55054e-44
1.20476e-42
8.96367e-41
6.38786e-39
4.36152e-37
2.85422e-35
1.79099e-33
1.07815e-31
6.23051e-30
3.45916e-28
1.84687e-26
9.49342e-25
4.70476e-23
2.25163e-21
1.04265e-19
4.68187e-18
2.04361e-16
8.69356e-15
3.61398e-13
1.47236e-11
5.89426e-10
2.31969e-08
8.98516e-07
3.48849e-05
0.00137274
0.0484742
0.282105
0.600236
0.855731
0.968742
0.9943
0.999122
0.999892
0.99999
0.999999
1
1
1
1
1
1
1
1
1
1
1
1
1
