1
1
1
1
1
1
1
1
1
1
1
1
1
1
1
1
1
1
1
1
1
1
1
1
1
1
1
1
1
1
1
1
1
1
1
0.999993
0.999742
0.989622
0.838566
0.533462
0.233378
0.0587749
0.0110985
0.00177764
0.000228948
2.20221e-05
1.39715e-06
4.36705e-08
1.86885e-108
7.28048e-106
2.58501e-103
8.56393e-101
2.65378e-98
7.70885e-96
2.10329e-93
5.39948e-91
1.30627e-88
2.98236e-86
6.43409e-84
1.31316e-81
2.53811e-79
4.65024e-77
8.08336e-75
1.33414e-72
2.09225e-70
3.11969e-68
4.42539e-66
5.9754e-64
7.68366e-62
9.41339e-60
1.09919e-57
1.2238e-55
1.29955e-53
1.31661e-51
1.27297e-49
1.17488e-47
1.03534e-45
8.71354e-44
7.00537e-42
5.3815e-40
3.95122e-38
2.77365e-36
1.86219e-34
1.1963e-32
7.35761e-31
4.33507e-29
2.4489e-27
1.32767e-25
6.91641e-24
3.46714e-22
1.67539e-20
7.81994e-19
3.53384e-17
1.55022e-15
6.62027e-14
2.75999e-12
1.12631e-10
4.51588e-09
1.78708e-07
6.92771e-06
0.000257942
0.0103782
0.161434
0.466538
0.766622
0.941225
0.988902
0.998222
0.999771
0.999978
0.999999
1
1
1
1
1
1
1
1
1
1
1
1
1
1
1
1
1
