1
1
1
1
1
1
1
1
1
1
1
1
1
1
1
1
1
1
1
1
1
1
1
1
1
1
1
1
1
1
1
1
1
1
0.999998
0.999922
0.997257
0.925284
0.710627
0.447872
0.219953
0.0754883
0.0182895
0.00417319
0.000907283
0.000185883
3.548e-05
6.23613e-06
9.97143e-07
1.43152e-07
1.81797e-08
2.00669e-09
1.88327e-10
1.45949e-11
8.95943e-13
4.0822e-14
1.22668e-15
1.82287e-17
0
0
0
0
0
0
0
0
0
0
0
0
0
0
0
0
0
0
0
0
0
0
0
0
0
0
0
0
0
0
0
0
0
0
0
0
0
0
0
0
0
0
0
0
0
0
0
0
0
0
0
0
0
0
0
0
0
0
0
0
0
0
0
0
0
0
0
0
0
0
1e-268
1.00936e-265
5.03724e-263
1.66939e-260
4.15282e-258
8.29014e-256
1.38365e-253
1.9833e-251
2.48681e-249
2.76407e-247
2.751e-245
2.47168e-243
2.01853e-241
1.50741e-239
1.03495e-237
6.565e-236
3.86483e-234
2.1203e-232
1.0881e-230
5.24118e-229
2.37694e-227
1.01772e-225
4.12383e-224
1.58471e-222
5.78563e-221
2.00981e-219
6.65131e-218
2.09923e-216
6.32397e-215
1.81976e-213
5.00509e-212
1.31655e-210
3.31392e-209
7.98679e-208
1.84413e-206
4.08204e-205
8.66808e-204
1.767e-202
3.46047e-201
6.51522e-200
1.1801e-198
2.05765e-197
3.45562e-196
5.59195e-195
8.72194e-194
1.31145e-192
1.90108e-191
2.65674e-190
3.57899e-189
4.64721e-188
5.81591e-187
7.01526e-186
8.15699e-185
9.14549e-184
9.89221e-183
1.03301e-181
1.04246e-180
1.01773e-179
9.62315e-179
8.8206e-178
7.84054e-177
6.75667e-176
5.63937e-175
4.55223e-174
3.54869e-173
2.66805e-172
1.93211e-171
1.34513e-170
8.97632e-170
5.71904e-169
3.4649e-168
1.99202e-167
1.08904e-166
5.63733e-166
2.73684e-165
1.47272e-164
1.44481e-163
2.15309e-161
3.28787e-159
4.91291e-157
7.18378e-155
1.028e-152
1.43977e-150
1.9737e-148
2.64842e-146
3.47886e-144
4.47359e-142
5.63205e-140
6.94211e-138
8.37816e-136
9.9005e-134
1.1456e-131
1.29804e-129
1.44026e-127
1.56495e-125
1.66525e-123
1.73533e-121
1.771e-119
1.7701e-117
1.7327e-115
1.66111e-113
1.55965e-111
1.43421e-109
1.29168e-107
1.13935e-105
9.84276e-104
8.32792e-102
6.90103e-100
5.60079e-98
4.45185e-96
3.46568e-94
2.64235e-92
1.9731e-90
1.443e-88
1.03358e-86
7.25073e-85
4.98184e-83
3.35256e-81
2.20979e-79
1.42668e-77
9.02243e-76
5.58937e-74
3.39213e-72
2.01691e-70
1.17502e-68
6.70803e-67
3.75315e-65
2.05833e-63
1.1067e-61
5.83491e-60
3.01739e-58
1.53089e-56
7.62275e-55
3.72642e-53
1.78921e-51
8.44153e-50
3.91555e-48
1.78657e-46
8.02368e-45
3.54929e-43
1.54751e-41
6.65546e-40
2.82566e-38
1.18525e-36
4.91596e-35
2.01779e-33
8.2029e-32
3.30544e-30
1.32128e-28
5.24299e-27
2.06669e-25
8.09758e-24
3.15547e-22
1.22354e-20
4.72289e-19
1.81545e-17
6.95159e-16
2.65246e-14
1.00893e-12
3.82673e-11
1.44686e-09
5.461e-08
2.07099e-06
7.83414e-05
0.00274307
0.0747155
0.289373
0.552128
0.780047
0.924512
0.981711
0.995827
0.999093
0.999814
0.999965
0.999994
0.999999
1
1
1
1
1
1
1
1
1
1
1
1
1
1
1
1
1
1
1
1
1
1
1
1
1
1
1
1
1
1
1
1
1
1
1
1
1
1
1
1
1
1
1
1
1
1
1
1
1
1
1
1
1
1
1
1
1
1
1
1
1
1
1
1
1
1
1
1
1
1
1
1
1
1
1
1
1
1
1
1
1
1
1
1
1
1
1
1
1
1
1
1
1
1
1
1
1
1
1
1
1
1
1
1
1
1
1
1
1
1
1
1
1
1
1
1
1
1
1
1
1
1
1
1
1
1
1
1
1
1
1
1
1
1
1
1
1
1
1
1
1
1
1
1
1
1
1
1
1
1
1
1
1
1
1
1
1
1
1
1
1
1
1
1
1
1
1
1
1
1
1
1
1
1
1
1
1
1
1
1
1
1
1
1
1
1
1
1
1
1
1
1
1
1
1
1
1
1
1
1
1
1
1
1
1
1
1
