1
1
1
1
1
1
1
1
1
1
1
1
1
1
1
1
1
1
1
1
1
1
1
1
1
1
1
1
1
1
1
1
1
1
1
1
1
1
1
1
1
1
1
1
1
1
1
1
1
1
1
1
1
1
1
1
1
1
1
1
1
1
1
1
1
1
1
1
1
1
1
1
1
1
1
1
1
1
1
1
0.999999
0.999987
0.99984
0.997968
0.973801
0.856046
0.663692
0.448316
0.254925
0.113622
0.0344923
0.00781836
0.00175861
0.00039245
8.68274e-05
1.90218e-05
4.1193e-06
8.80044e-07
1.85082e-07
3.82343e-08
7.7412e-09
1.53272e-09
2.96116e-10
5.57017e-11
1.01808e-11
1.80437e-12
3.09501e-13
5.12838e-14
8.19386e-15
1.26012e-15
1.86202e-16
2.63901e-17
3.581e-18
4.6439e-19
5.74453e-20
6.76491e-21
7.56834e-22
8.02606e-23
8.04875e-24
7.61287e-25
6.77214e-26
5.64801e-27
4.40083e-28
3.19106e-29
2.14366e-30
1.32733e-31
7.53061e-33
3.88768e-34
1.8112e-35
7.53887e-37
2.76905e-38
8.83522e-40
2.399e-41
5.38957e-43
9.61794e-45
1.27822e-46
1.12461e-48
4.913e-51
1.39818e-93
4.69608e-92
1.41375e-90
4.1699e-89
1.20488e-87
3.41095e-86
9.46194e-85
2.57222e-83
6.85347e-82
1.78994e-80
4.58292e-79
1.15046e-77
2.83186e-76
6.83592e-75
1.61842e-73
3.75845e-72
8.56239e-71
1.91382e-69
4.19738e-68
9.03398e-67
1.90835e-65
3.95703e-64
8.05514e-63
1.61001e-61
3.16012e-60
6.09202e-59
1.15365e-57
2.14646e-56
3.9245e-55
7.05259e-54
1.24598e-52
2.16456e-51
3.69859e-50
6.21771e-49
1.02868e-47
1.67541e-46
2.68724e-45
4.24615e-44
6.61245e-43
1.0153e-41
1.53775e-40
2.29856e-39
3.39253e-38
4.94685e-37
7.13046e-36
1.0166e-34
1.43446e-33
2.0045e-32
2.77574e-31
3.81135e-30
5.1925e-29
7.02318e-28
9.43638e-27
1.26018e-25
1.67357e-24
2.21134e-23
2.90856e-22
3.80981e-21
4.97177e-20
6.46639e-19
8.38474e-18
1.08416e-16
1.3981e-15
1.79827e-14
2.30713e-13
2.95283e-12
3.77109e-11
4.80773e-10
6.12205e-09
7.79036e-08
9.90846e-07
1.26034e-05
0.000159764
0.00203184
0.0261994
0.143954
0.336308
0.551684
0.745075
0.886378
0.965508
0.992182
0.998241
0.999608
0.999913
0.999981
0.999996
0.999999
1
1
1
1
1
1
1
1
1
1
1
1
1
1
1
1
1
1
1
1
1
1
1
1
1
1
1
1
1
1
