0
0
0
0
0
0
0
0
0
0
0
0
0
0
0
0
0
0
0
0
0
0
0
0
0
0
0
0
0
0
0
0
0
0
0
0
0
0
0
0
0
0
0
0
0
0
0
0
0
0
0
0
0
0
0
0
0
0
0
0
0
0
0
0
8.17061e-70
8.78113e-67
4.62772e-64
1.59482e-61
4.04351e-59
8.04496e-57
1.30828e-54
1.78842e-52
2.0976e-50
2.14396e-48
1.93315e-46
1.55289e-44
1.12033e-42
7.3081e-41
4.33497e-39
2.34963e-37
1.16859e-35
5.3526e-34
2.26514e-32
8.88161e-31
3.2349e-29
1.097e-27
3.47102e-26
1.02677e-24
2.84498e-23
7.39743e-22
1.80834e-20
4.16388e-19
9.04919e-18
1.8602e-16
3.62573e-15
6.7187e-14
1.18722e-12
2.00705e-11
3.25783e-10
5.0976e-09
7.72299e-08
1.1383e-06
1.64178e-05
0.000231399
0.00324201
0.0449476
0.238539
0.527828
0.792625
0.947187
0.989832
0.998176
0.9997
0.999955
0.999994
0.999999
1
1
1
1
1
1
1
1
1
1
1
1
1
1
1
1
1
1
1
1
1
1
1
1
1
1
1
1
1
1
1
1
1
1
1
1
1
1
1
1
1
1
1
1
1
1
1
1
1
1
1
1
1
1
1
1
1
1
1
1
1
1
1
1
1
1
1
1
1
1
1
1
1
1
1
1
1
1
1
1
1
1
1
1
1
1
1
1
1
1
1
1
1
1
1
1
1
1
1
1
1
1
1
1
1
1
1
1
1
1
1
1
1
0.999999
0.999984
0.999769
0.996758
0.955052
0.761461
0.472172
0.207375
0.0528127
0.0101683
0.00182376
0.000300056
4.45076e-05
5.83893e-06
6.63668e-07
6.38116e-08
5.03305e-09
3.12106e-10
1.42527e-11
4.25814e-13
6.24186e-15
0
0
0
0
0
0
