1
1
1
1
1
1
1
1
1
1
1
1
1
1
1
1
1
1
1
1
1
1
1
1
1
0.999998
0.99993
0.997489
0.929283
0.71418
0.447798
0.216864
0.072341
0.0172191
0.00387171
0.000824791
0.000164418
3.0286e-05
5.08826e-06
7.68933e-07
1.02917e-07
1.19814e-08
1.18641e-09
9.70206e-11
6.2842e-12
3.02046e-13
9.57149e-15
1.49936e-16
0
0
0
0
0
0
0
0
0
0
0
0
0
0
0
0
0
0
0
0
0
0
0
0
0
0
0
0
0
0
0
0
0
0
0
0
0
0
0
0
0
0
0
0
0
0
0
0
0
0
0
0
0
0
0
0
0
0
0
0
0
0
0
0
0
0
0
0
0
0
0
0
0
0
0
0
0
0
0
0
1e-258
9.1936e-256
4.17337e-253
1.25941e-250
2.85905e-248
5.22015e-246
7.98016e-244
1.048e-241
1.20294e-239
1.22199e-237
1.10925e-235
9.0702e-234
6.72767e-232
4.55521e-230
2.83168e-228
1.62467e-226
8.64495e-225
4.28493e-223
1.9862e-221
8.64007e-220
3.53796e-218
1.36729e-216
4.99795e-215
1.7311e-213
5.68951e-212
1.77644e-210
5.27399e-209
1.48994e-207
4.00785e-206
1.02714e-204
2.5095e-203
5.84878e-202
1.3013e-200
2.76613e-199
5.62243e-198
1.09379e-196
2.03843e-195
3.64246e-194
6.24559e-193
1.02827e-191
1.62626e-190
2.47133e-189
3.60868e-188
5.06284e-187
6.82294e-186
8.83033e-185
1.0973e-183
1.30917e-182
1.49983e-181
1.6506e-180
1.74628e-179
1.77807e-178
1.74515e-177
1.65417e-176
1.51702e-175
1.34761e-174
1.15928e-173
9.63876e-173
7.72134e-172
5.9423e-171
4.38891e-170
3.11319e-169
2.11804e-168
1.37279e-167
8.38956e-167
4.7493e-166
2.48107e-165
1.49759e-164
1.72344e-163
2.86796e-161
4.79001e-159
7.81583e-157
1.24598e-154
1.94087e-152
2.95441e-150
4.39523e-148
6.39099e-146
9.08382e-144
1.26217e-141
1.71456e-139
2.2772e-137
2.95728e-135
3.75539e-133
4.66351e-131
5.66356e-129
6.72675e-127
7.8141e-125
8.87828e-123
9.86664e-121
1.07254e-118
1.14045e-116
1.18623e-114
1.20696e-112
1.20134e-110
1.16974e-108
1.11421e-106
1.03827e-104
9.46483e-103
8.44079e-101
7.36413e-99
6.28534e-97
5.24814e-95
4.28699e-93
3.42586e-91
2.67829e-89
2.04842e-87
1.53268e-85
1.12193e-83
8.03447e-82
5.62909e-80
3.85848e-78
2.58763e-76
1.6979e-74
1.09009e-72
6.84829e-71
4.21015e-69
2.53306e-67
1.49166e-65
8.59854e-64
4.85256e-62
2.68153e-60
1.45127e-58
7.69426e-57
3.9972e-55
2.03541e-53
1.01626e-51
4.97735e-50
2.39235e-48
1.12905e-46
5.23487e-45
2.38607e-43
1.0699e-41
4.72295e-40
2.05417e-38
8.81013e-37
3.7293e-35
1.55941e-33
6.44727e-32
2.63791e-30
1.06904e-28
4.29479e-27
1.71181e-25
6.77418e-24
2.66347e-22
1.04113e-20
4.04828e-19
1.56662e-17
6.03622e-16
2.31641e-14
8.85618e-13
3.37379e-11
1.2803e-09
4.84607e-08
1.84299e-06
7.02736e-05
0.0025108
0.0707167
0.28582
0.552202
0.783136
0.927659
0.982781
0.996128
0.999175
0.999836
0.99997
0.999995
0.999999
1
1
1
1
1
1
1
1
1
1
1
1
1
1
1
1
1
1
1
1
1
1
1
1
1
1
1
1
1
1
1
1
1
1
1
1
1
1
1
1
1
1
1
1
1
1
1
1
1
1
1
1
1
1
1
1
1
1
1
1
1
1
1
1
1
1
1
1
1
1
1
1
1
1
1
1
1
1
1
1
1
1
1
1
1
1
1
1
1
1
1
1
1
1
1
1
1
1
1
1
1
1
1
1
1
1
1
1
1
1
1
1
1
1
1
1
1
1
1
1
1
1
1
1
1
1
1
1
1
1
1
1
1
1
1
1
1
1
1
1
1
1
1
1
1
1
1
1
1
1
1
1
1
1
1
1
1
1
1
1
1
1
1
1
1
1
1
1
1
1
1
1
1
1
1
1
1
1
1
1
1
1
1
1
1
1
1
1
1
1
1
1
1
1
1
1
1
1
1
1
1
1
1
1
1
1
1
1
1
1
1
1
1
1
1
1
