1.99213e-23
8.05482e-22
3.20972e-20
1.26233e-18
4.90635e-17
1.88705e-15
7.19056e-14
2.71713e-12
1.01877e-10
3.79429e-09
1.40858e-07
5.20238e-06
0.000184086
0.00665569
0.124359
0.384371
0.666986
0.875751
0.970266
0.993722
0.998783
0.999788
0.999968
0.999996
1
1
1
1
1
1
1
1
1
1
1
1
1
1
1
1
1
1
1
1
1
1
1
1
1
1
1
1
1
1
1
1
1
1
1
1
1
1
1
1
1
1
1
1
1
1
1
1
1
1
1
0.999995
0.999816
0.993344
0.875641
0.615629
0.333014
0.124249
0.0297338
0.00627838
0.00121692
0.000211948
3.24219e-05
4.24327e-06
4.60035e-07
3.9544e-08
2.5212e-09
1.05822e-10
2.19098e-12
1.17947e-86
1.3421e-84
1.37303e-82
1.36234e-80
1.31102e-78
1.22372e-76
1.10797e-74
9.73154e-73
8.29202e-71
6.8547e-69
5.49779e-67
4.2784e-65
3.23067e-63
2.36726e-61
1.68333e-59
1.16171e-57
7.78153e-56
5.05965e-54
3.19387e-52
1.95759e-50
1.16524e-48
6.73747e-47
3.78514e-45
2.06687e-43
1.09739e-41
5.6679e-40
2.84931e-38
1.39505e-36
6.65725e-35
3.09903e-33
1.40864e-31
6.25879e-30
2.72152e-28
1.15964e-26
4.8486e-25
