1.80186e-152
8.12078e-151
3.63434e-149
1.61523e-147
7.12952e-146
3.12561e-144
1.36112e-142
5.88822e-141
2.53069e-139
1.0807e-137
4.58594e-136
1.93401e-134
8.10673e-133
3.37788e-131
1.3993e-129
5.76371e-128
2.36091e-126
9.61847e-125
3.89803e-123
1.57168e-121
6.30568e-120
2.51777e-118
1.00067e-116
3.95933e-115
1.55986e-113
6.12004e-112
2.39166e-110
9.31097e-109
3.6117e-107
1.39611e-105
5.37886e-104
2.06581e-102
7.91021e-101
3.02027e-99
1.15008e-97
4.3681e-96
1.655e-94
6.25605e-93
2.35966e-91
8.88172e-90
3.33648e-88
1.25103e-86
4.68251e-85
1.74968e-83
6.52744e-82
2.43146e-80
9.04408e-79
3.35941e-77
1.24621e-75
4.61721e-74
1.70863e-72
6.31568e-71
2.33196e-69
8.60138e-68
3.16944e-66
1.16676e-64
4.29125e-63
1.57689e-61
5.78968e-60
2.124e-58
7.78596e-57
2.85196e-55
1.04389e-53
3.81824e-52
1.39564e-50
5.09797e-49
1.86099e-47
6.7893e-46
2.47541e-44
9.02027e-43
3.28512e-41
1.19577e-39
4.35026e-38
1.58182e-36
5.74884e-35
2.08827e-33
7.582e-32
2.75158e-30
9.98145e-29
3.61938e-27
1.31195e-25
4.75388e-24
1.72198e-22
6.23511e-21
2.2567e-19
8.16372e-18
2.95166e-16
1.0666e-14
3.85238e-13
1.39121e-11
5.02396e-10
1.81167e-08
6.52823e-07
2.38686e-05
0.000885163
0.0292699
0.161318
0.352368
0.55262
0.727871
0.858834
0.94112
0.981988
0.995324
0.998792
0.99969
0.999921
0.99998
0.999995
0.999999
1
1
1
1
1
1
1
1
1
1
1
1
1
1
1
1
1
1
1
1
1
1
1
1
1
1
1
1
1
1
1
1
1
1
1
1
1
1
1
1
1
1
1
1
1
1
1
1
1
1
1
1
1
1
1
1
1
1
1
1
1
1
1
1
1
1
1
1
1
1
1
1
1
1
1
1
1
1
1
1
1
1
1
1
1
1
1
1
1
1
1
1
1
1
1
1
1
1
1
1
1
1
1
1
1
1
1
1
1
1
1
1
1
1
1
1
1
1
1
1
1
1
1
1
1
1
1
1
1
1
1
1
1
1
1
1
1
1
1
1
1
1
1
1
1
1
1
1
1
1
1
1
1
1
1
1
1
1
1
1
1
1
1
1
1
1
1
1
1
1
1
1
1
1
1
1
1
1
1
1
1
1
1
1
1
1
1
1
1
1
1
1
1
1
1
1
1
1
1
1
1
1
1
1
1
1
1
1
1
1
1
1
1
1
1
1
1
1
1
1
1
1
1
1
1
1
1
1
1
1
1
1
1
1
1
1
1
1
0.999999
0.999976
0.999115
0.97073
0.838682
0.647632
0.44738
0.272129
0.141166
0.0588796
0.0180122
0.00467551
0.00120785
0.000310207
7.91197e-05
2.00153e-05
5.01482e-06
1.24244e-06
3.03858e-07
7.3223e-08
1.73535e-08
4.03694e-09
9.20047e-10
2.05038e-10
4.45977e-11
9.45054e-12
1.94759e-12
3.89662e-13
7.55609e-14
1.41778e-14
2.56991e-15
4.49278e-16
7.56302e-17
1.22387e-17
1.90065e-18
2.82766e-19
4.02268e-20
5.46167e-21
7.06255e-22
8.67893e-23
1.01112e-23
1.11389e-24
1.15703e-25
1.12965e-26
1.03303e-27
8.81326e-29
6.98338e-30
5.11295e-31
3.43853e-32
2.1093e-33
1.17049e-34
5.81696e-36
2.55702e-37
9.78689e-39
3.19509e-40
8.6501e-42
1.8644e-43
2.9993e-45
3.20125e-47
1.70025e-49
7.73066e-216
4.60475e-215
2.71735e-214
1.58865e-213
9.20111e-213
5.27929e-212
3.0007e-211
1.68955e-210
9.42347e-210
5.20628e-209
2.84911e-208
1.54434e-207
8.29116e-207
4.4087e-206
2.32173e-205
1.21089e-204
6.2542e-204
3.19884e-203
1.62013e-202
8.12498e-202
4.0345e-201
1.9835e-200
9.65437e-200
4.65206e-199
2.21907e-198
1.0478e-197
4.89714e-197
2.26537e-196
1.03715e-195
4.69922e-195
2.10701e-194
9.34842e-194
4.10407e-193
1.78267e-192
7.6609e-192
3.257e-191
1.3698e-190
5.69869e-190
2.345e-189
9.54406e-189
3.84169e-188
1.52926e-187
6.01981e-187
2.34314e-186
9.0177e-186
3.4312e-185
1.29067e-184
4.79918e-184
1.76387e-183
6.40731e-183
2.30012e-182
8.1592e-182
2.85969e-181
9.90185e-181
3.38677e-180
1.14412e-179
3.81692e-179
1.25734e-178
4.08905e-178
1.31268e-177
4.15904e-177
1.30034e-176
4.01125e-176
1.22064e-175
3.66366e-175
1.0844e-174
3.16473e-174
9.10527e-174
2.58219e-173
7.21696e-173
1.98758e-172
5.39301e-172
1.44146e-171
3.79459e-171
9.8364e-171
2.51032e-170
6.30582e-170
1.55871e-169
3.7903e-169
9.0642e-169
2.131e-168
4.92357e-168
1.11751e-167
2.49078e-167
5.44957e-167
1.16996e-166
2.46373e-166
5.08698e-166
1.02942e-165
2.04075e-165
3.96145e-165
7.52655e-165
1.3991e-164
2.54316e-164
4.51575e-164
7.82086e-164
1.30416e-163
2.03051e-163
1.93302e-162
8.70653e-161
4.06616e-159
1.88596e-157
8.6839e-156
3.96981e-154
