1
1
1
1
1
1
1
1
1
1
1
1
1
1
1
1
1
1
1
1
1
1
1
1
1
1
1
1
1
1
1
1
1
1
1
1
1
1
1
1
1
1
1
1
1
1
1
0.999996
0.999949
0.999342
0.991827
0.917491
0.73848
0.51188
0.29513
0.131375
0.0389999
0.0086687
0.00190484
0.000413336
8.83786e-05
1.85649e-05
3.81847e-06
7.6643e-07
1.49621e-07
2.83145e-08
5.17721e-09
9.1172e-10
1.54157e-10
2.49518e-11
3.85478e-12
5.66752e-13
7.90707e-14
1.0437e-14
1.29938e-15
1.52085e-16
1.66772e-17
1.70691e-18
1.62385e-19
1.42929e-20
1.15786e-21
8.58082e-23
5.77685e-24
3.50366e-25
1.89519e-26
9.03e-28
3.73079e-29
1.30934e-30
3.79512e-32
8.72204e-34
1.49015e-35
1.68243e-37
9.41535e-40
8.48883e-121
6.77432e-119
5.00611e-117
3.55558e-115
2.42935e-113
1.59814e-111
1.01306e-109
6.19272e-108
3.65312e-106
2.08102e-104
1.14549e-102
6.09638e-101
3.13878e-99
1.56419e-97
7.54884e-96
3.52971e-94
1.59979e-92
7.03141e-91
2.99814e-89
1.24068e-87
4.9846e-86
1.94498e-84
7.37326e-83
2.71646e-81
9.72927e-80
3.38858e-78
1.14798e-76
3.78403e-75
1.2139e-73
3.79081e-72
1.15267e-70
3.41351e-69
9.84737e-68
2.76794e-66
7.58231e-65
2.02464e-63
5.27086e-62
1.33812e-60
3.31338e-59
8.00387e-58
1.88655e-56
4.33978e-55
9.74511e-54
2.13658e-52
4.57468e-51
9.5678e-50
1.95514e-48
3.90456e-47
7.62273e-46
1.45519e-44
2.7173e-43
4.96489e-42
8.87962e-41
1.55513e-39
2.66815e-38
4.48678e-37
7.39878e-36
1.1971e-34
1.90154e-33
2.96739e-32
4.55241e-31
6.87125e-30
1.02118e-28
1.4956e-27
2.16046e-26
3.08103e-25
4.34171e-24
6.05128e-23
8.34949e-22
1.14155e-20
1.54791e-19
2.08339e-18
2.78553e-17
3.70208e-16
4.89357e-15
6.43643e-14
8.42719e-13
1.09883e-11
1.42768e-10
1.84958e-09
2.39081e-08
3.08531e-07
3.97423e-06
5.10913e-05
0.000658111
0.0081734
0.0825089
0.26152
0.48812
0.70487
0.868625
0.961
0.991331
0.998095
0.999587
0.999912
0.999981
0.999996
0.999999
1
1
1
1
1
1
1
1
1
1
1
1
1
1
1
1
1
1
1
1
1
1
1
1
1
1
1
1
1
1
1
1
1
1
1
1
1
1
1
1
1
1
1
1
1
1
1
1
1
1
1
1
1
1
1
1
1
1
1
1
1
1
1
1
